*Period fertility rates for SWE in 1825 
* Mon Dec 20 14:21:54 2010
birth 1 F married 0
1 0 0
2 0 0
3 0 0
4 0 0
5 0 0
6 0 0
7 0 0
8 0 0
9 0 0
10 0 0
11 0 0
12 0 0
13 0 0
14 0 0.00000165
15 0 0.00003795
16 0 0.000175725
17 0 0.000530475
18 0 0.001297725
19 0 0.002805825
20 0 0.00503745
21 0 0.00685245
22 0 0.0090189
23 0 0.010635075
24 0 0.01289805
25 0 0.014586
26 0 0.01571295
27 0 0.016629525
28 0 0.0169422
29 0 0.0176154
30 0 0.01852455
31 0 0.0176385
32 0 0.017622
33 0 0.017314275
34 0 0.016390275
35 0 0.0167409
36 0 0.0161766
37 0 0.0159192
38 0 0.014058825
39 0 0.0138039
40 0 0.0126489
41 0 0.010506375
42 0 0.00869715
43 0 0.0070026
44 0 0.0047487
45 0 0.00297165
46 0 0.00172425
47 0 0.000802725
48 0 0.000462825
49 0 0.0001518
50 0 0
51 0 0
52 0 0
53 0 0
54 0 0
55 0 0
56 0 0
57 0 0
58 0 0
59 0 0
60 0 0
61 0 0
62 0 0
63 0 0
64 0 0
65 0 0
66 0 0
67 0 0
68 0 0
69 0 0
70 0 0
71 0 0
72 0 0
73 0 0
74 0 0
75 0 0
76 0 0
77 0 0
78 0 0
79 0 0
80 0 0
81 0 0
82 0 0
83 0 0
84 0 0
85 0 0
86 0 0
87 0 0
88 0 0
89 0 0
90 0 0
91 0 0
92 0 0
93 0 0
94 0 0
95 0 0
96 0 0
97 0 0
98 0 0
99 0 0
100 0 0

birth 1 F single 0
1 0 0
2 0 0
3 0 0
4 0 0
5 0 0
6 0 0
7 0 0
8 0 0
9 0 0
10 0 0
11 0 0
12 0 0
13 0 0
14 0 0.00000165
15 0 0.00003795
16 0 0.000175725
17 0 0.000530475
18 0 0.001297725
19 0 0.002805825
20 0 0.00503745
21 0 0.00685245
22 0 0.0090189
23 0 0.010635075
24 0 0.01289805
25 0 0.014586
26 0 0.01571295
27 0 0.016629525
28 0 0.0169422
29 0 0.0176154
30 0 0.01852455
31 0 0.0176385
32 0 0.017622
33 0 0.017314275
34 0 0.016390275
35 0 0.0167409
36 0 0.0161766
37 0 0.0159192
38 0 0.014058825
39 0 0.0138039
40 0 0.0126489
41 0 0.010506375
42 0 0.00869715
43 0 0.0070026
44 0 0.0047487
45 0 0.00297165
46 0 0.00172425
47 0 0.000802725
48 0 0.000462825
49 0 0.0001518
50 0 0
51 0 0
52 0 0
53 0 0
54 0 0
55 0 0
56 0 0
57 0 0
58 0 0
59 0 0
60 0 0
61 0 0
62 0 0
63 0 0
64 0 0
65 0 0
66 0 0
67 0 0
68 0 0
69 0 0
70 0 0
71 0 0
72 0 0
73 0 0
74 0 0
75 0 0
76 0 0
77 0 0
78 0 0
79 0 0
80 0 0
81 0 0
82 0 0
83 0 0
84 0 0
85 0 0
86 0 0
87 0 0
88 0 0
89 0 0
90 0 0
91 0 0
92 0 0
93 0 0
94 0 0
95 0 0
96 0 0
97 0 0
98 0 0
99 0 0
100 0 0
