*Period fertility rates for SWE in 2095 
* Mon Dec 20 14:21:54 2010
birth 1 F married 0
1 0 0
2 0 0
3 0 0
4 0 0
5 0 0
6 0 0
7 0 0
8 0 0
9 0 0
10 0 0
11 0 0
12 0 0
13 0 0
14 0 0
15 0 0.00000907066666666667
16 0 0.00006158225
17 0 0.000199716166666667
18 0 0.000392486083333333
19 0 0.000794040583333333
20 0 0.00145311283333333
21 0 0.00236614941666667
22 0 0.00306350875
23 0 0.00389726316666667
24 0 0.00484875191666667
25 0 0.00595133508333333
26 0 0.00716564758333333
27 0 0.00845269275
28 0 0.00980706966666667
29 0 0.01088458525
30 0 0.01192347
31 0 0.01202106825
32 0 0.01184479675
33 0 0.0109850953333333
34 0 0.00992321183333333
35 0 0.00872757983333333
36 0 0.00712729683333333
37 0 0.005800394
38 0 0.00459901341666667
39 0 0.00346455758333333
40 0 0.00249809216666667
41 0 0.001624549
42 0 0.00106760266666667
43 0 0.000605820333333333
44 0 0.000296266666666667
45 0 0.000125742
46 0 0.0000654835
47 0 0.000025
48 0 0.0000101285
49 0 0.00000653333333333333
50 0 0
51 0 0
52 0 0
53 0 0
54 0 0
55 0 0
56 0 0
57 0 0
58 0 0
59 0 0
60 0 0
61 0 0
62 0 0
63 0 0
64 0 0
65 0 0
66 0 0
67 0 0
68 0 0
69 0 0
70 0 0
71 0 0
72 0 0
73 0 0
74 0 0
75 0 0
76 0 0
77 0 0
78 0 0
79 0 0
80 0 0
81 0 0
82 0 0
83 0 0
84 0 0
85 0 0
86 0 0
87 0 0
88 0 0
89 0 0
90 0 0
91 0 0
92 0 0
93 0 0
94 0 0
95 0 0
96 0 0
97 0 0
98 0 0
99 0 0
100 0 0

birth 1 F single 0
1 0 0
2 0 0
3 0 0
4 0 0
5 0 0
6 0 0
7 0 0
8 0 0
9 0 0
10 0 0
11 0 0
12 0 0
13 0 0
14 0 0
15 0 0.00000907066666666667
16 0 0.00006158225
17 0 0.000199716166666667
18 0 0.000392486083333333
19 0 0.000794040583333333
20 0 0.00145311283333333
21 0 0.00236614941666667
22 0 0.00306350875
23 0 0.00389726316666667
24 0 0.00484875191666667
25 0 0.00595133508333333
26 0 0.00716564758333333
27 0 0.00845269275
28 0 0.00980706966666667
29 0 0.01088458525
30 0 0.01192347
31 0 0.01202106825
32 0 0.01184479675
33 0 0.0109850953333333
34 0 0.00992321183333333
35 0 0.00872757983333333
36 0 0.00712729683333333
37 0 0.005800394
38 0 0.00459901341666667
39 0 0.00346455758333333
40 0 0.00249809216666667
41 0 0.001624549
42 0 0.00106760266666667
43 0 0.000605820333333333
44 0 0.000296266666666667
45 0 0.000125742
46 0 0.0000654835
47 0 0.000025
48 0 0.0000101285
49 0 0.00000653333333333333
50 0 0
51 0 0
52 0 0
53 0 0
54 0 0
55 0 0
56 0 0
57 0 0
58 0 0
59 0 0
60 0 0
61 0 0
62 0 0
63 0 0
64 0 0
65 0 0
66 0 0
67 0 0
68 0 0
69 0 0
70 0 0
71 0 0
72 0 0
73 0 0
74 0 0
75 0 0
76 0 0
77 0 0
78 0 0
79 0 0
80 0 0
81 0 0
82 0 0
83 0 0
84 0 0
85 0 0
86 0 0
87 0 0
88 0 0
89 0 0
90 0 0
91 0 0
92 0 0
93 0 0
94 0 0
95 0 0
96 0 0
97 0 0
98 0 0
99 0 0
100 0 0
