*Period fertility rates for SWE in 1754 
* Mon Dec 20 14:21:53 2010
birth 1 F married 0
1 0 0
2 0 0
3 0 0
4 0 0
5 0 0
6 0 0
7 0 0
8 0 0
9 0 0
10 0 0
11 0 0
12 0 0
13 0 0
14 0 0.000003425
15 0 0.000078775
16 0 0.0003647625
17 0 0.0011011375
18 0 0.0026937625
19 0 0.0058242125
20 0 0.010456525
21 0 0.014224025
22 0 0.01872105
23 0 0.0220758375
24 0 0.026773225
25 0 0.030277
26 0 0.032616275
27 0 0.0345188625
28 0 0.0351679
29 0 0.0365653
30 0 0.038452475
31 0 0.03661325
32 0 0.036579
33 0 0.0359402375
34 0 0.0340222375
35 0 0.03475005
36 0 0.0335787
37 0 0.0330444
38 0 0.0291827125
39 0 0.02865355
40 0 0.02625605
41 0 0.0218086875
42 0 0.018053175
43 0 0.0145357
44 0 0.00985715
45 0 0.006168425
46 0 0.003579125
47 0 0.0016662625
48 0 0.0009607125
49 0 0.0003151
50 0 0
51 0 0
52 0 0
53 0 0
54 0 0
55 0 0
56 0 0
57 0 0
58 0 0
59 0 0
60 0 0
61 0 0
62 0 0
63 0 0
64 0 0
65 0 0
66 0 0
67 0 0
68 0 0
69 0 0
70 0 0
71 0 0
72 0 0
73 0 0
74 0 0
75 0 0
76 0 0
77 0 0
78 0 0
79 0 0
80 0 0
81 0 0
82 0 0
83 0 0
84 0 0
85 0 0
86 0 0
87 0 0
88 0 0
89 0 0
90 0 0
91 0 0
92 0 0
93 0 0
94 0 0
95 0 0
96 0 0
97 0 0
98 0 0
99 0 0
100 0 0

birth 1 F single 0
1 0 0
2 0 0
3 0 0
4 0 0
5 0 0
6 0 0
7 0 0
8 0 0
9 0 0
10 0 0
11 0 0
12 0 0
13 0 0
14 0 0.000003425
15 0 0.000078775
16 0 0.0003647625
17 0 0.0011011375
18 0 0.0026937625
19 0 0.0058242125
20 0 0.010456525
21 0 0.014224025
22 0 0.01872105
23 0 0.0220758375
24 0 0.026773225
25 0 0.030277
26 0 0.032616275
27 0 0.0345188625
28 0 0.0351679
29 0 0.0365653
30 0 0.038452475
31 0 0.03661325
32 0 0.036579
33 0 0.0359402375
34 0 0.0340222375
35 0 0.03475005
36 0 0.0335787
37 0 0.0330444
38 0 0.0291827125
39 0 0.02865355
40 0 0.02625605
41 0 0.0218086875
42 0 0.018053175
43 0 0.0145357
44 0 0.00985715
45 0 0.006168425
46 0 0.003579125
47 0 0.0016662625
48 0 0.0009607125
49 0 0.0003151
50 0 0
51 0 0
52 0 0
53 0 0
54 0 0
55 0 0
56 0 0
57 0 0
58 0 0
59 0 0
60 0 0
61 0 0
62 0 0
63 0 0
64 0 0
65 0 0
66 0 0
67 0 0
68 0 0
69 0 0
70 0 0
71 0 0
72 0 0
73 0 0
74 0 0
75 0 0
76 0 0
77 0 0
78 0 0
79 0 0
80 0 0
81 0 0
82 0 0
83 0 0
84 0 0
85 0 0
86 0 0
87 0 0
88 0 0
89 0 0
90 0 0
91 0 0
92 0 0
93 0 0
94 0 0
95 0 0
96 0 0
97 0 0
98 0 0
99 0 0
100 0 0
