*Period fertility rates for SWE in 1918 
* Mon Dec 20 14:21:53 2010
birth 1 F married 0
1 0 0
2 0 0
3 0 0
4 0 0
5 0 0
6 0 0
7 0 0
8 0 0
9 0 0
10 0 0
11 0 0
12 0 0
13 0 0
14 0 0.00000416666666666667
15 0 0.00005
16 0 0.000260833333333333
17 0 0.00076
18 0 0.00191416666666667
19 0 0.003515
20 0 0.00545916666666667
21 0 0.00702916666666667
22 0 0.00839166666666667
23 0 0.0098425
24 0 0.0105341666666667
25 0 0.0110675
26 0 0.0118483333333333
27 0 0.0118508333333333
28 0 0.0118333333333333
29 0 0.0119933333333333
30 0 0.0118266666666667
31 0 0.0116183333333333
32 0 0.01105
33 0 0.0111125
34 0 0.0103108333333333
35 0 0.00998666666666667
36 0 0.009785
37 0 0.00891166666666667
38 0 0.00848
39 0 0.0078375
40 0 0.00671333333333333
41 0 0.00604916666666667
42 0 0.00498416666666667
43 0 0.0039075
44 0 0.00232833333333333
45 0 0.00159416666666667
46 0 0.0008725
47 0 0.000375833333333333
48 0 0.000125833333333333
49 0 0.0000316666666666667
50 0 0
51 0 0
52 0 0
53 0 0
54 0 0
55 0 0
56 0 0
57 0 0
58 0 0
59 0 0
60 0 0
61 0 0
62 0 0
63 0 0
64 0 0
65 0 0
66 0 0
67 0 0
68 0 0
69 0 0
70 0 0
71 0 0
72 0 0
73 0 0
74 0 0
75 0 0
76 0 0
77 0 0
78 0 0
79 0 0
80 0 0
81 0 0
82 0 0
83 0 0
84 0 0
85 0 0
86 0 0
87 0 0
88 0 0
89 0 0
90 0 0
91 0 0
92 0 0
93 0 0
94 0 0
95 0 0
96 0 0
97 0 0
98 0 0
99 0 0
100 0 0

birth 1 F single 0
1 0 0
2 0 0
3 0 0
4 0 0
5 0 0
6 0 0
7 0 0
8 0 0
9 0 0
10 0 0
11 0 0
12 0 0
13 0 0
14 0 0.00000416666666666667
15 0 0.00005
16 0 0.000260833333333333
17 0 0.00076
18 0 0.00191416666666667
19 0 0.003515
20 0 0.00545916666666667
21 0 0.00702916666666667
22 0 0.00839166666666667
23 0 0.0098425
24 0 0.0105341666666667
25 0 0.0110675
26 0 0.0118483333333333
27 0 0.0118508333333333
28 0 0.0118333333333333
29 0 0.0119933333333333
30 0 0.0118266666666667
31 0 0.0116183333333333
32 0 0.01105
33 0 0.0111125
34 0 0.0103108333333333
35 0 0.00998666666666667
36 0 0.009785
37 0 0.00891166666666667
38 0 0.00848
39 0 0.0078375
40 0 0.00671333333333333
41 0 0.00604916666666667
42 0 0.00498416666666667
43 0 0.0039075
44 0 0.00232833333333333
45 0 0.00159416666666667
46 0 0.0008725
47 0 0.000375833333333333
48 0 0.000125833333333333
49 0 0.0000316666666666667
50 0 0
51 0 0
52 0 0
53 0 0
54 0 0
55 0 0
56 0 0
57 0 0
58 0 0
59 0 0
60 0 0
61 0 0
62 0 0
63 0 0
64 0 0
65 0 0
66 0 0
67 0 0
68 0 0
69 0 0
70 0 0
71 0 0
72 0 0
73 0 0
74 0 0
75 0 0
76 0 0
77 0 0
78 0 0
79 0 0
80 0 0
81 0 0
82 0 0
83 0 0
84 0 0
85 0 0
86 0 0
87 0 0
88 0 0
89 0 0
90 0 0
91 0 0
92 0 0
93 0 0
94 0 0
95 0 0
96 0 0
97 0 0
98 0 0
99 0 0
100 0 0
