*Period fertility rates for SWE in 2058 
* Mon Dec 20 14:21:54 2010
birth 1 F married 0
1 0 0
2 0 0
3 0 0
4 0 0
5 0 0
6 0 0
7 0 0
8 0 0
9 0 0
10 0 0
11 0 0
12 0 0
13 0 0
14 0 0
15 0 0.00000907558333333333
16 0 0.0000616190833333333
17 0 0.000199845333333333
18 0 0.000392856416666667
19 0 0.00079539725
20 0 0.00145523466666667
21 0 0.00236989475
22 0 0.00306946275
23 0 0.00390491658333333
24 0 0.00485806266666667
25 0 0.00596162216666667
26 0 0.00717558808333333
27 0 0.00845971741666667
28 0 0.00981191325
29 0 0.01088675325
30 0 0.0119234624166667
31 0 0.0120210314166667
32 0 0.011845204
33 0 0.0109856546666667
34 0 0.00992410291666667
35 0 0.00872896425
36 0 0.00712587458333333
37 0 0.00579747341666667
38 0 0.00459760633333333
39 0 0.00346291891666667
40 0 0.00249750391666667
41 0 0.00162408475
42 0 0.00106760833333333
43 0 0.000606110333333333
44 0 0.00029633
45 0 0.0001258985
46 0 0.0000656290833333333
47 0 0.000025
48 0 0.0000101934166666667
49 0 0.000006425
50 0 0
51 0 0
52 0 0
53 0 0
54 0 0
55 0 0
56 0 0
57 0 0
58 0 0
59 0 0
60 0 0
61 0 0
62 0 0
63 0 0
64 0 0
65 0 0
66 0 0
67 0 0
68 0 0
69 0 0
70 0 0
71 0 0
72 0 0
73 0 0
74 0 0
75 0 0
76 0 0
77 0 0
78 0 0
79 0 0
80 0 0
81 0 0
82 0 0
83 0 0
84 0 0
85 0 0
86 0 0
87 0 0
88 0 0
89 0 0
90 0 0
91 0 0
92 0 0
93 0 0
94 0 0
95 0 0
96 0 0
97 0 0
98 0 0
99 0 0
100 0 0

birth 1 F single 0
1 0 0
2 0 0
3 0 0
4 0 0
5 0 0
6 0 0
7 0 0
8 0 0
9 0 0
10 0 0
11 0 0
12 0 0
13 0 0
14 0 0
15 0 0.00000907558333333333
16 0 0.0000616190833333333
17 0 0.000199845333333333
18 0 0.000392856416666667
19 0 0.00079539725
20 0 0.00145523466666667
21 0 0.00236989475
22 0 0.00306946275
23 0 0.00390491658333333
24 0 0.00485806266666667
25 0 0.00596162216666667
26 0 0.00717558808333333
27 0 0.00845971741666667
28 0 0.00981191325
29 0 0.01088675325
30 0 0.0119234624166667
31 0 0.0120210314166667
32 0 0.011845204
33 0 0.0109856546666667
34 0 0.00992410291666667
35 0 0.00872896425
36 0 0.00712587458333333
37 0 0.00579747341666667
38 0 0.00459760633333333
39 0 0.00346291891666667
40 0 0.00249750391666667
41 0 0.00162408475
42 0 0.00106760833333333
43 0 0.000606110333333333
44 0 0.00029633
45 0 0.0001258985
46 0 0.0000656290833333333
47 0 0.000025
48 0 0.0000101934166666667
49 0 0.000006425
50 0 0
51 0 0
52 0 0
53 0 0
54 0 0
55 0 0
56 0 0
57 0 0
58 0 0
59 0 0
60 0 0
61 0 0
62 0 0
63 0 0
64 0 0
65 0 0
66 0 0
67 0 0
68 0 0
69 0 0
70 0 0
71 0 0
72 0 0
73 0 0
74 0 0
75 0 0
76 0 0
77 0 0
78 0 0
79 0 0
80 0 0
81 0 0
82 0 0
83 0 0
84 0 0
85 0 0
86 0 0
87 0 0
88 0 0
89 0 0
90 0 0
91 0 0
92 0 0
93 0 0
94 0 0
95 0 0
96 0 0
97 0 0
98 0 0
99 0 0
100 0 0
