*Period fertility rates for SWE in 2028 
* Mon Dec 20 14:21:54 2010
birth 1 F married 0
1 0 0
2 0 0
3 0 0
4 0 0
5 0 0
6 0 0
7 0 0
8 0 0
9 0 0
10 0 0
11 0 0
12 0 0
13 0 0
14 0 0
15 0 0.00000942816666666667
16 0 0.0000626085
17 0 0.000201675166666667
18 0 0.000396526833333333
19 0 0.000812805333333333
20 0 0.00148353425
21 0 0.00242132358333333
22 0 0.00314307108333333
23 0 0.00401009133333333
24 0 0.00498166483333333
25 0 0.00608898075
26 0 0.00731223833333333
27 0 0.00858208041666667
28 0 0.009909928
29 0 0.0109513846666667
30 0 0.0119420456666667
31 0 0.0120297966666667
32 0 0.0118360101666667
33 0 0.01099056075
34 0 0.0099333095
35 0 0.00874253375
36 0 0.00714724583333333
37 0 0.005824738
38 0 0.00462201391666667
39 0 0.00349897658333333
40 0 0.00252997908333333
41 0 0.00166337275
42 0 0.00110615683333333
43 0 0.000628869916666667
44 0 0.000304347333333333
45 0 0.000134304166666667
46 0 0.0000714565
47 0 0.0000260418333333333
48 0 0.0000117530833333333
49 0 0.000007
50 0 0
51 0 0
52 0 0
53 0 0
54 0 0
55 0 0
56 0 0
57 0 0
58 0 0
59 0 0
60 0 0
61 0 0
62 0 0
63 0 0
64 0 0
65 0 0
66 0 0
67 0 0
68 0 0
69 0 0
70 0 0
71 0 0
72 0 0
73 0 0
74 0 0
75 0 0
76 0 0
77 0 0
78 0 0
79 0 0
80 0 0
81 0 0
82 0 0
83 0 0
84 0 0
85 0 0
86 0 0
87 0 0
88 0 0
89 0 0
90 0 0
91 0 0
92 0 0
93 0 0
94 0 0
95 0 0
96 0 0
97 0 0
98 0 0
99 0 0
100 0 0

birth 1 F single 0
1 0 0
2 0 0
3 0 0
4 0 0
5 0 0
6 0 0
7 0 0
8 0 0
9 0 0
10 0 0
11 0 0
12 0 0
13 0 0
14 0 0
15 0 0.00000942816666666667
16 0 0.0000626085
17 0 0.000201675166666667
18 0 0.000396526833333333
19 0 0.000812805333333333
20 0 0.00148353425
21 0 0.00242132358333333
22 0 0.00314307108333333
23 0 0.00401009133333333
24 0 0.00498166483333333
25 0 0.00608898075
26 0 0.00731223833333333
27 0 0.00858208041666667
28 0 0.009909928
29 0 0.0109513846666667
30 0 0.0119420456666667
31 0 0.0120297966666667
32 0 0.0118360101666667
33 0 0.01099056075
34 0 0.0099333095
35 0 0.00874253375
36 0 0.00714724583333333
37 0 0.005824738
38 0 0.00462201391666667
39 0 0.00349897658333333
40 0 0.00252997908333333
41 0 0.00166337275
42 0 0.00110615683333333
43 0 0.000628869916666667
44 0 0.000304347333333333
45 0 0.000134304166666667
46 0 0.0000714565
47 0 0.0000260418333333333
48 0 0.0000117530833333333
49 0 0.000007
50 0 0
51 0 0
52 0 0
53 0 0
54 0 0
55 0 0
56 0 0
57 0 0
58 0 0
59 0 0
60 0 0
61 0 0
62 0 0
63 0 0
64 0 0
65 0 0
66 0 0
67 0 0
68 0 0
69 0 0
70 0 0
71 0 0
72 0 0
73 0 0
74 0 0
75 0 0
76 0 0
77 0 0
78 0 0
79 0 0
80 0 0
81 0 0
82 0 0
83 0 0
84 0 0
85 0 0
86 0 0
87 0 0
88 0 0
89 0 0
90 0 0
91 0 0
92 0 0
93 0 0
94 0 0
95 0 0
96 0 0
97 0 0
98 0 0
99 0 0
100 0 0
