*Period fertility rates for SWE in 1808 
* Mon Dec 20 14:21:53 2010
birth 1 F married 0
1 0 0
2 0 0
3 0 0
4 0 0
5 0 0
6 0 0
7 0 0
8 0 0
9 0 0
10 0 0
11 0 0
12 0 0
13 0 0
14 0 0.000002075
15 0 0.000047725
16 0 0.0002209875
17 0 0.0006671125
18 0 0.0016319875
19 0 0.0035285375
20 0 0.006334975
21 0 0.008617475
22 0 0.01134195
23 0 0.0133744125
24 0 0.016220275
25 0 0.018343
26 0 0.019760225
27 0 0.0209128875
28 0 0.0213061
29 0 0.0221527
30 0 0.023296025
31 0 0.02218175
32 0 0.022161
33 0 0.0217740125
34 0 0.0206120125
35 0 0.02105295
36 0 0.0203433
37 0 0.0200196
38 0 0.0176800375
39 0 0.01735945
40 0 0.01590695
41 0 0.0132125625
42 0 0.010937325
43 0 0.0088063
44 0 0.00597185
45 0 0.003737075
46 0 0.002168375
47 0 0.0010094875
48 0 0.0005820375
49 0 0.0001909
50 0 0
51 0 0
52 0 0
53 0 0
54 0 0
55 0 0
56 0 0
57 0 0
58 0 0
59 0 0
60 0 0
61 0 0
62 0 0
63 0 0
64 0 0
65 0 0
66 0 0
67 0 0
68 0 0
69 0 0
70 0 0
71 0 0
72 0 0
73 0 0
74 0 0
75 0 0
76 0 0
77 0 0
78 0 0
79 0 0
80 0 0
81 0 0
82 0 0
83 0 0
84 0 0
85 0 0
86 0 0
87 0 0
88 0 0
89 0 0
90 0 0
91 0 0
92 0 0
93 0 0
94 0 0
95 0 0
96 0 0
97 0 0
98 0 0
99 0 0
100 0 0

birth 1 F single 0
1 0 0
2 0 0
3 0 0
4 0 0
5 0 0
6 0 0
7 0 0
8 0 0
9 0 0
10 0 0
11 0 0
12 0 0
13 0 0
14 0 0.000002075
15 0 0.000047725
16 0 0.0002209875
17 0 0.0006671125
18 0 0.0016319875
19 0 0.0035285375
20 0 0.006334975
21 0 0.008617475
22 0 0.01134195
23 0 0.0133744125
24 0 0.016220275
25 0 0.018343
26 0 0.019760225
27 0 0.0209128875
28 0 0.0213061
29 0 0.0221527
30 0 0.023296025
31 0 0.02218175
32 0 0.022161
33 0 0.0217740125
34 0 0.0206120125
35 0 0.02105295
36 0 0.0203433
37 0 0.0200196
38 0 0.0176800375
39 0 0.01735945
40 0 0.01590695
41 0 0.0132125625
42 0 0.010937325
43 0 0.0088063
44 0 0.00597185
45 0 0.003737075
46 0 0.002168375
47 0 0.0010094875
48 0 0.0005820375
49 0 0.0001909
50 0 0
51 0 0
52 0 0
53 0 0
54 0 0
55 0 0
56 0 0
57 0 0
58 0 0
59 0 0
60 0 0
61 0 0
62 0 0
63 0 0
64 0 0
65 0 0
66 0 0
67 0 0
68 0 0
69 0 0
70 0 0
71 0 0
72 0 0
73 0 0
74 0 0
75 0 0
76 0 0
77 0 0
78 0 0
79 0 0
80 0 0
81 0 0
82 0 0
83 0 0
84 0 0
85 0 0
86 0 0
87 0 0
88 0 0
89 0 0
90 0 0
91 0 0
92 0 0
93 0 0
94 0 0
95 0 0
96 0 0
97 0 0
98 0 0
99 0 0
100 0 0
