*Period fertility rates for SWE in 2105 
* Mon Dec 20 14:21:54 2010
birth 1 F married 0
1 0 0
2 0 0
3 0 0
4 0 0
5 0 0
6 0 0
7 0 0
8 0 0
9 0 0
10 0 0
11 0 0
12 0 0
13 0 0
14 0 0
15 0 0.00000907891666666667
16 0 0.00006161325
17 0 0.000199776
18 0 0.00039257125
19 0 0.000794151083333333
20 0 0.00145306208333333
21 0 0.00236571091666667
22 0 0.00306241791666667
23 0 0.00389534466666667
24 0 0.00484586908333333
25 0 0.0059475065
26 0 0.00716123341666667
27 0 0.00844897325
28 0 0.00980389058333333
29 0 0.01088264025
30 0 0.01192351275
31 0 0.0120212703333333
32 0 0.0118457568333333
33 0 0.0109855795833333
34 0 0.00992358375
35 0 0.008727811
36 0 0.00712729341666667
37 0 0.00580087575
38 0 0.00459952766666667
39 0 0.00346561883333333
40 0 0.00249875075
41 0 0.00162566833333333
42 0 0.00106868125
43 0 0.00060632075
44 0 0.00029636775
45 0 0.000125932083333333
46 0 0.0000656191666666667
47 0 0.000025
48 0 0.000010152
49 0 0.00000651666666666667
50 0 0
51 0 0
52 0 0
53 0 0
54 0 0
55 0 0
56 0 0
57 0 0
58 0 0
59 0 0
60 0 0
61 0 0
62 0 0
63 0 0
64 0 0
65 0 0
66 0 0
67 0 0
68 0 0
69 0 0
70 0 0
71 0 0
72 0 0
73 0 0
74 0 0
75 0 0
76 0 0
77 0 0
78 0 0
79 0 0
80 0 0
81 0 0
82 0 0
83 0 0
84 0 0
85 0 0
86 0 0
87 0 0
88 0 0
89 0 0
90 0 0
91 0 0
92 0 0
93 0 0
94 0 0
95 0 0
96 0 0
97 0 0
98 0 0
99 0 0
100 0 0

birth 1 F single 0
1 0 0
2 0 0
3 0 0
4 0 0
5 0 0
6 0 0
7 0 0
8 0 0
9 0 0
10 0 0
11 0 0
12 0 0
13 0 0
14 0 0
15 0 0.00000907891666666667
16 0 0.00006161325
17 0 0.000199776
18 0 0.00039257125
19 0 0.000794151083333333
20 0 0.00145306208333333
21 0 0.00236571091666667
22 0 0.00306241791666667
23 0 0.00389534466666667
24 0 0.00484586908333333
25 0 0.0059475065
26 0 0.00716123341666667
27 0 0.00844897325
28 0 0.00980389058333333
29 0 0.01088264025
30 0 0.01192351275
31 0 0.0120212703333333
32 0 0.0118457568333333
33 0 0.0109855795833333
34 0 0.00992358375
35 0 0.008727811
36 0 0.00712729341666667
37 0 0.00580087575
38 0 0.00459952766666667
39 0 0.00346561883333333
40 0 0.00249875075
41 0 0.00162566833333333
42 0 0.00106868125
43 0 0.00060632075
44 0 0.00029636775
45 0 0.000125932083333333
46 0 0.0000656191666666667
47 0 0.000025
48 0 0.000010152
49 0 0.00000651666666666667
50 0 0
51 0 0
52 0 0
53 0 0
54 0 0
55 0 0
56 0 0
57 0 0
58 0 0
59 0 0
60 0 0
61 0 0
62 0 0
63 0 0
64 0 0
65 0 0
66 0 0
67 0 0
68 0 0
69 0 0
70 0 0
71 0 0
72 0 0
73 0 0
74 0 0
75 0 0
76 0 0
77 0 0
78 0 0
79 0 0
80 0 0
81 0 0
82 0 0
83 0 0
84 0 0
85 0 0
86 0 0
87 0 0
88 0 0
89 0 0
90 0 0
91 0 0
92 0 0
93 0 0
94 0 0
95 0 0
96 0 0
97 0 0
98 0 0
99 0 0
100 0 0
