*Period fertility rates for SWE in 2059 
* Mon Dec 20 14:21:54 2010
birth 1 F married 0
1 0 0
2 0 0
3 0 0
4 0 0
5 0 0
6 0 0
7 0 0
8 0 0
9 0 0
10 0 0
11 0 0
12 0 0
13 0 0
14 0 0
15 0 0.000009073
16 0 0.000061605
17 0 0.000199803333333333
18 0 0.000392750583333333
19 0 0.0007950495
20 0 0.00145474925
21 0 0.00236913666666667
22 0 0.00306842833333333
23 0 0.00390383641666667
24 0 0.00485701891666667
25 0 0.00596082783333333
26 0 0.00717525616666667
27 0 0.0084598715
28 0 0.00981239366666667
29 0 0.01088734225
30 0 0.0119234509166667
31 0 0.0120209240833333
32 0 0.0118446159166667
33 0 0.01098529525
34 0 0.009923757
35 0 0.008728604
36 0 0.00712612725
37 0 0.00579773866666667
38 0 0.00459763325
39 0 0.00346281016666667
40 0 0.00249739633333333
41 0 0.00162384391666667
42 0 0.00106730116666667
43 0 0.000605875666666667
44 0 0.000296314166666667
45 0 0.000125873416666667
46 0 0.0000656048333333333
47 0 0.000025
48 0 0.0000101715
49 0 0.000006475
50 0 0
51 0 0
52 0 0
53 0 0
54 0 0
55 0 0
56 0 0
57 0 0
58 0 0
59 0 0
60 0 0
61 0 0
62 0 0
63 0 0
64 0 0
65 0 0
66 0 0
67 0 0
68 0 0
69 0 0
70 0 0
71 0 0
72 0 0
73 0 0
74 0 0
75 0 0
76 0 0
77 0 0
78 0 0
79 0 0
80 0 0
81 0 0
82 0 0
83 0 0
84 0 0
85 0 0
86 0 0
87 0 0
88 0 0
89 0 0
90 0 0
91 0 0
92 0 0
93 0 0
94 0 0
95 0 0
96 0 0
97 0 0
98 0 0
99 0 0
100 0 0

birth 1 F single 0
1 0 0
2 0 0
3 0 0
4 0 0
5 0 0
6 0 0
7 0 0
8 0 0
9 0 0
10 0 0
11 0 0
12 0 0
13 0 0
14 0 0
15 0 0.000009073
16 0 0.000061605
17 0 0.000199803333333333
18 0 0.000392750583333333
19 0 0.0007950495
20 0 0.00145474925
21 0 0.00236913666666667
22 0 0.00306842833333333
23 0 0.00390383641666667
24 0 0.00485701891666667
25 0 0.00596082783333333
26 0 0.00717525616666667
27 0 0.0084598715
28 0 0.00981239366666667
29 0 0.01088734225
30 0 0.0119234509166667
31 0 0.0120209240833333
32 0 0.0118446159166667
33 0 0.01098529525
34 0 0.009923757
35 0 0.008728604
36 0 0.00712612725
37 0 0.00579773866666667
38 0 0.00459763325
39 0 0.00346281016666667
40 0 0.00249739633333333
41 0 0.00162384391666667
42 0 0.00106730116666667
43 0 0.000605875666666667
44 0 0.000296314166666667
45 0 0.000125873416666667
46 0 0.0000656048333333333
47 0 0.000025
48 0 0.0000101715
49 0 0.000006475
50 0 0
51 0 0
52 0 0
53 0 0
54 0 0
55 0 0
56 0 0
57 0 0
58 0 0
59 0 0
60 0 0
61 0 0
62 0 0
63 0 0
64 0 0
65 0 0
66 0 0
67 0 0
68 0 0
69 0 0
70 0 0
71 0 0
72 0 0
73 0 0
74 0 0
75 0 0
76 0 0
77 0 0
78 0 0
79 0 0
80 0 0
81 0 0
82 0 0
83 0 0
84 0 0
85 0 0
86 0 0
87 0 0
88 0 0
89 0 0
90 0 0
91 0 0
92 0 0
93 0 0
94 0 0
95 0 0
96 0 0
97 0 0
98 0 0
99 0 0
100 0 0
