*Period fertility rates for SWE in 2050 
* Mon Dec 20 14:21:54 2010
birth 1 F married 0
1 0 0
2 0 0
3 0 0
4 0 0
5 0 0
6 0 0
7 0 0
8 0 0
9 0 0
10 0 0
11 0 0
12 0 0
13 0 0
14 0 0
15 0 0.00000911375
16 0 0.0000617898333333333
17 0 0.000200254916666667
18 0 0.000393662916666667
19 0 0.000797388416666667
20 0 0.00145711058333333
21 0 0.00237121433333333
22 0 0.00306889425
23 0 0.00390126991666667
24 0 0.00485039983333333
25 0 0.00594992025
26 0 0.00716123108333333
27 0 0.0084473355
28 0 0.00980163966666667
29 0 0.0108808815833333
30 0 0.01192351375
31 0 0.0120215140833333
32 0 0.0118469078333333
33 0 0.0109862306666667
34 0 0.00992421091666667
35 0 0.00872842716666667
36 0 0.00712753066666667
37 0 0.00580194908333333
38 0 0.00460137116666667
39 0 0.00346829441666667
40 0 0.00250155175
41 0 0.00163041983333333
42 0 0.00107469716666667
43 0 0.000610330166666667
44 0 0.0002968785
45 0 0.000127302083333333
46 0 0.000066747
47 0 0.000025
48 0 0.0000105220833333333
49 0 0.000006075
50 0 0
51 0 0
52 0 0
53 0 0
54 0 0
55 0 0
56 0 0
57 0 0
58 0 0
59 0 0
60 0 0
61 0 0
62 0 0
63 0 0
64 0 0
65 0 0
66 0 0
67 0 0
68 0 0
69 0 0
70 0 0
71 0 0
72 0 0
73 0 0
74 0 0
75 0 0
76 0 0
77 0 0
78 0 0
79 0 0
80 0 0
81 0 0
82 0 0
83 0 0
84 0 0
85 0 0
86 0 0
87 0 0
88 0 0
89 0 0
90 0 0
91 0 0
92 0 0
93 0 0
94 0 0
95 0 0
96 0 0
97 0 0
98 0 0
99 0 0
100 0 0

birth 1 F single 0
1 0 0
2 0 0
3 0 0
4 0 0
5 0 0
6 0 0
7 0 0
8 0 0
9 0 0
10 0 0
11 0 0
12 0 0
13 0 0
14 0 0
15 0 0.00000911375
16 0 0.0000617898333333333
17 0 0.000200254916666667
18 0 0.000393662916666667
19 0 0.000797388416666667
20 0 0.00145711058333333
21 0 0.00237121433333333
22 0 0.00306889425
23 0 0.00390126991666667
24 0 0.00485039983333333
25 0 0.00594992025
26 0 0.00716123108333333
27 0 0.0084473355
28 0 0.00980163966666667
29 0 0.0108808815833333
30 0 0.01192351375
31 0 0.0120215140833333
32 0 0.0118469078333333
33 0 0.0109862306666667
34 0 0.00992421091666667
35 0 0.00872842716666667
36 0 0.00712753066666667
37 0 0.00580194908333333
38 0 0.00460137116666667
39 0 0.00346829441666667
40 0 0.00250155175
41 0 0.00163041983333333
42 0 0.00107469716666667
43 0 0.000610330166666667
44 0 0.0002968785
45 0 0.000127302083333333
46 0 0.000066747
47 0 0.000025
48 0 0.0000105220833333333
49 0 0.000006075
50 0 0
51 0 0
52 0 0
53 0 0
54 0 0
55 0 0
56 0 0
57 0 0
58 0 0
59 0 0
60 0 0
61 0 0
62 0 0
63 0 0
64 0 0
65 0 0
66 0 0
67 0 0
68 0 0
69 0 0
70 0 0
71 0 0
72 0 0
73 0 0
74 0 0
75 0 0
76 0 0
77 0 0
78 0 0
79 0 0
80 0 0
81 0 0
82 0 0
83 0 0
84 0 0
85 0 0
86 0 0
87 0 0
88 0 0
89 0 0
90 0 0
91 0 0
92 0 0
93 0 0
94 0 0
95 0 0
96 0 0
97 0 0
98 0 0
99 0 0
100 0 0
