*Period fertility rates for SWE in 1868 
* Mon Dec 20 14:21:54 2010
birth 1 F married 0
1 0 0
2 0 0
3 0 0
4 0 0
5 0 0
6 0 0
7 0 0
8 0 0
9 0 0
10 0 0
11 0 0
12 0 0
13 0 0
14 0 0.000000575
15 0 0.000013225
16 0 0.0000612375
17 0 0.0001848625
18 0 0.0004522375
19 0 0.0009777875
20 0 0.001755475
21 0 0.002387975
22 0 0.00314295
23 0 0.0037061625
24 0 0.004494775
25 0 0.005083
26 0 0.005475725
27 0 0.0057951375
28 0 0.0059041
29 0 0.0061387
30 0 0.006455525
31 0 0.00614675
32 0 0.006141
33 0 0.0060337625
34 0 0.0057117625
35 0 0.00583395
36 0 0.0056373
37 0 0.0055476
38 0 0.0048992875
39 0 0.00481045
40 0 0.00440795
41 0 0.0036613125
42 0 0.003030825
43 0 0.0024403
44 0 0.00165485
45 0 0.001035575
46 0 0.000600875
47 0 0.0002797375
48 0 0.0001612875
49 0 0.0000529
50 0 0
51 0 0
52 0 0
53 0 0
54 0 0
55 0 0
56 0 0
57 0 0
58 0 0
59 0 0
60 0 0
61 0 0
62 0 0
63 0 0
64 0 0
65 0 0
66 0 0
67 0 0
68 0 0
69 0 0
70 0 0
71 0 0
72 0 0
73 0 0
74 0 0
75 0 0
76 0 0
77 0 0
78 0 0
79 0 0
80 0 0
81 0 0
82 0 0
83 0 0
84 0 0
85 0 0
86 0 0
87 0 0
88 0 0
89 0 0
90 0 0
91 0 0
92 0 0
93 0 0
94 0 0
95 0 0
96 0 0
97 0 0
98 0 0
99 0 0
100 0 0

birth 1 F single 0
1 0 0
2 0 0
3 0 0
4 0 0
5 0 0
6 0 0
7 0 0
8 0 0
9 0 0
10 0 0
11 0 0
12 0 0
13 0 0
14 0 0.000000575
15 0 0.000013225
16 0 0.0000612375
17 0 0.0001848625
18 0 0.0004522375
19 0 0.0009777875
20 0 0.001755475
21 0 0.002387975
22 0 0.00314295
23 0 0.0037061625
24 0 0.004494775
25 0 0.005083
26 0 0.005475725
27 0 0.0057951375
28 0 0.0059041
29 0 0.0061387
30 0 0.006455525
31 0 0.00614675
32 0 0.006141
33 0 0.0060337625
34 0 0.0057117625
35 0 0.00583395
36 0 0.0056373
37 0 0.0055476
38 0 0.0048992875
39 0 0.00481045
40 0 0.00440795
41 0 0.0036613125
42 0 0.003030825
43 0 0.0024403
44 0 0.00165485
45 0 0.001035575
46 0 0.000600875
47 0 0.0002797375
48 0 0.0001612875
49 0 0.0000529
50 0 0
51 0 0
52 0 0
53 0 0
54 0 0
55 0 0
56 0 0
57 0 0
58 0 0
59 0 0
60 0 0
61 0 0
62 0 0
63 0 0
64 0 0
65 0 0
66 0 0
67 0 0
68 0 0
69 0 0
70 0 0
71 0 0
72 0 0
73 0 0
74 0 0
75 0 0
76 0 0
77 0 0
78 0 0
79 0 0
80 0 0
81 0 0
82 0 0
83 0 0
84 0 0
85 0 0
86 0 0
87 0 0
88 0 0
89 0 0
90 0 0
91 0 0
92 0 0
93 0 0
94 0 0
95 0 0
96 0 0
97 0 0
98 0 0
99 0 0
100 0 0
