*Period fertility rates for SWE in 2049 
* Mon Dec 20 14:21:54 2010
birth 1 F married 0
1 0 0
2 0 0
3 0 0
4 0 0
5 0 0
6 0 0
7 0 0
8 0 0
9 0 0
10 0 0
11 0 0
12 0 0
13 0 0
14 0 0
15 0 0.00000911775
16 0 0.0000618023333333333
17 0 0.000200268583333333
18 0 0.00039364975
19 0 0.00079720825
20 0 0.00145663183333333
21 0 0.00237024908333333
22 0 0.00306730916666667
23 0 0.00389925625
24 0 0.00484812325
25 0 0.00594768625
26 0 0.00715941791666667
27 0 0.00844635483333333
28 0 0.00980120441666667
29 0 0.0108808349166667
30 0 0.0119235248333333
31 0 0.012021479
32 0 0.01184665175
33 0 0.0109860910833333
34 0 0.00992405516666667
35 0 0.00872848141666667
36 0 0.00712805408333333
37 0 0.00580318575
38 0 0.00460247583333333
39 0 0.00347019416666667
40 0 0.00250321116666667
41 0 0.00163238491666667
42 0 0.00107663291666667
43 0 0.000611184666666667
44 0 0.00029704775
45 0 0.00012739475
46 0 0.0000668578333333333
47 0 0.000025
48 0 0.0000105940833333333
49 0 0.00000605833333333333
50 0 0
51 0 0
52 0 0
53 0 0
54 0 0
55 0 0
56 0 0
57 0 0
58 0 0
59 0 0
60 0 0
61 0 0
62 0 0
63 0 0
64 0 0
65 0 0
66 0 0
67 0 0
68 0 0
69 0 0
70 0 0
71 0 0
72 0 0
73 0 0
74 0 0
75 0 0
76 0 0
77 0 0
78 0 0
79 0 0
80 0 0
81 0 0
82 0 0
83 0 0
84 0 0
85 0 0
86 0 0
87 0 0
88 0 0
89 0 0
90 0 0
91 0 0
92 0 0
93 0 0
94 0 0
95 0 0
96 0 0
97 0 0
98 0 0
99 0 0
100 0 0

birth 1 F single 0
1 0 0
2 0 0
3 0 0
4 0 0
5 0 0
6 0 0
7 0 0
8 0 0
9 0 0
10 0 0
11 0 0
12 0 0
13 0 0
14 0 0
15 0 0.00000911775
16 0 0.0000618023333333333
17 0 0.000200268583333333
18 0 0.00039364975
19 0 0.00079720825
20 0 0.00145663183333333
21 0 0.00237024908333333
22 0 0.00306730916666667
23 0 0.00389925625
24 0 0.00484812325
25 0 0.00594768625
26 0 0.00715941791666667
27 0 0.00844635483333333
28 0 0.00980120441666667
29 0 0.0108808349166667
30 0 0.0119235248333333
31 0 0.012021479
32 0 0.01184665175
33 0 0.0109860910833333
34 0 0.00992405516666667
35 0 0.00872848141666667
36 0 0.00712805408333333
37 0 0.00580318575
38 0 0.00460247583333333
39 0 0.00347019416666667
40 0 0.00250321116666667
41 0 0.00163238491666667
42 0 0.00107663291666667
43 0 0.000611184666666667
44 0 0.00029704775
45 0 0.00012739475
46 0 0.0000668578333333333
47 0 0.000025
48 0 0.0000105940833333333
49 0 0.00000605833333333333
50 0 0
51 0 0
52 0 0
53 0 0
54 0 0
55 0 0
56 0 0
57 0 0
58 0 0
59 0 0
60 0 0
61 0 0
62 0 0
63 0 0
64 0 0
65 0 0
66 0 0
67 0 0
68 0 0
69 0 0
70 0 0
71 0 0
72 0 0
73 0 0
74 0 0
75 0 0
76 0 0
77 0 0
78 0 0
79 0 0
80 0 0
81 0 0
82 0 0
83 0 0
84 0 0
85 0 0
86 0 0
87 0 0
88 0 0
89 0 0
90 0 0
91 0 0
92 0 0
93 0 0
94 0 0
95 0 0
96 0 0
97 0 0
98 0 0
99 0 0
100 0 0
