*Period fertility rates for SWE in 1954 
* Mon Dec 20 14:21:53 2010
birth 1 F married 0
1 0 0
2 0 0
3 0 0
4 0 0
5 0 0
6 0 0
7 0 0
8 0 0
9 0 0
10 0 0
11 0 0
12 0 0
13 0 0
14 0 0.0000075
15 0 0.0001225
16 0 0.000859166666666667
17 0 0.00260833333333333
18 0 0.00480666666666667
19 0 0.00738583333333333
20 0 0.009135
21 0 0.0100666666666667
22 0 0.0111391666666667
23 0 0.0116875
24 0 0.0115466666666667
25 0 0.0114483333333333
26 0 0.0112316666666667
27 0 0.0109408333333333
28 0 0.00996666666666667
29 0 0.00922666666666667
30 0 0.00871083333333333
31 0 0.00786583333333333
32 0 0.00720333333333333
33 0 0.0062925
34 0 0.00582833333333333
35 0 0.0049275
36 0 0.00443416666666667
37 0 0.00385166666666667
38 0 0.00316583333333333
39 0 0.002755
40 0 0.00212333333333333
41 0 0.00166833333333333
42 0 0.00116916666666667
43 0 0.000770833333333333
44 0 0.0004925
45 0 0.000275833333333333
46 0 0.0001225
47 0 0.0000625
48 0 0.0000133333333333333
49 0 0.00000666666666666667
50 0 0
51 0 0
52 0 0
53 0 0
54 0 0
55 0 0
56 0 0
57 0 0
58 0 0
59 0 0
60 0 0
61 0 0
62 0 0
63 0 0
64 0 0
65 0 0
66 0 0
67 0 0
68 0 0
69 0 0
70 0 0
71 0 0
72 0 0
73 0 0
74 0 0
75 0 0
76 0 0
77 0 0
78 0 0
79 0 0
80 0 0
81 0 0
82 0 0
83 0 0
84 0 0
85 0 0
86 0 0
87 0 0
88 0 0
89 0 0
90 0 0
91 0 0
92 0 0
93 0 0
94 0 0
95 0 0
96 0 0
97 0 0
98 0 0
99 0 0
100 0 0

birth 1 F single 0
1 0 0
2 0 0
3 0 0
4 0 0
5 0 0
6 0 0
7 0 0
8 0 0
9 0 0
10 0 0
11 0 0
12 0 0
13 0 0
14 0 0.0000075
15 0 0.0001225
16 0 0.000859166666666667
17 0 0.00260833333333333
18 0 0.00480666666666667
19 0 0.00738583333333333
20 0 0.009135
21 0 0.0100666666666667
22 0 0.0111391666666667
23 0 0.0116875
24 0 0.0115466666666667
25 0 0.0114483333333333
26 0 0.0112316666666667
27 0 0.0109408333333333
28 0 0.00996666666666667
29 0 0.00922666666666667
30 0 0.00871083333333333
31 0 0.00786583333333333
32 0 0.00720333333333333
33 0 0.0062925
34 0 0.00582833333333333
35 0 0.0049275
36 0 0.00443416666666667
37 0 0.00385166666666667
38 0 0.00316583333333333
39 0 0.002755
40 0 0.00212333333333333
41 0 0.00166833333333333
42 0 0.00116916666666667
43 0 0.000770833333333333
44 0 0.0004925
45 0 0.000275833333333333
46 0 0.0001225
47 0 0.0000625
48 0 0.0000133333333333333
49 0 0.00000666666666666667
50 0 0
51 0 0
52 0 0
53 0 0
54 0 0
55 0 0
56 0 0
57 0 0
58 0 0
59 0 0
60 0 0
61 0 0
62 0 0
63 0 0
64 0 0
65 0 0
66 0 0
67 0 0
68 0 0
69 0 0
70 0 0
71 0 0
72 0 0
73 0 0
74 0 0
75 0 0
76 0 0
77 0 0
78 0 0
79 0 0
80 0 0
81 0 0
82 0 0
83 0 0
84 0 0
85 0 0
86 0 0
87 0 0
88 0 0
89 0 0
90 0 0
91 0 0
92 0 0
93 0 0
94 0 0
95 0 0
96 0 0
97 0 0
98 0 0
99 0 0
100 0 0
