*Period fertility rates for SWE in 1904 
* Mon Dec 20 14:21:53 2010
birth 1 F married 0
1 0 0
2 0 0
3 0 0
4 0 0
5 0 0
6 0 0
7 0 0
8 0 0
9 0 0
10 0 0
11 0 0
12 0 0
13 0 0
14 0 0.00000666666666666667
15 0 0.0000516666666666667
16 0 0.000239166666666667
17 0 0.000801666666666667
18 0 0.00197833333333333
19 0 0.0037075
20 0 0.00571083333333333
21 0 0.007745
22 0 0.0101183333333333
23 0 0.0115975
24 0 0.0131975
25 0 0.0143841666666667
26 0 0.0152316666666667
27 0 0.0159641666666667
28 0 0.0163175
29 0 0.0162766666666667
30 0 0.016285
31 0 0.0164041666666667
32 0 0.0161675
33 0 0.0155608333333333
34 0 0.01531
35 0 0.0138075
36 0 0.0139366666666667
37 0 0.0131283333333333
38 0 0.0124691666666667
39 0 0.0110741666666667
40 0 0.01056
41 0 0.00883166666666667
42 0 0.00712333333333333
43 0 0.00541333333333333
44 0 0.00376583333333333
45 0 0.00213583333333333
46 0 0.00118416666666667
47 0 0.000546666666666667
48 0 0.000230833333333333
49 0 0.0000666666666666667
50 0 0
51 0 0
52 0 0
53 0 0
54 0 0
55 0 0
56 0 0
57 0 0
58 0 0
59 0 0
60 0 0
61 0 0
62 0 0
63 0 0
64 0 0
65 0 0
66 0 0
67 0 0
68 0 0
69 0 0
70 0 0
71 0 0
72 0 0
73 0 0
74 0 0
75 0 0
76 0 0
77 0 0
78 0 0
79 0 0
80 0 0
81 0 0
82 0 0
83 0 0
84 0 0
85 0 0
86 0 0
87 0 0
88 0 0
89 0 0
90 0 0
91 0 0
92 0 0
93 0 0
94 0 0
95 0 0
96 0 0
97 0 0
98 0 0
99 0 0
100 0 0

birth 1 F single 0
1 0 0
2 0 0
3 0 0
4 0 0
5 0 0
6 0 0
7 0 0
8 0 0
9 0 0
10 0 0
11 0 0
12 0 0
13 0 0
14 0 0.00000666666666666667
15 0 0.0000516666666666667
16 0 0.000239166666666667
17 0 0.000801666666666667
18 0 0.00197833333333333
19 0 0.0037075
20 0 0.00571083333333333
21 0 0.007745
22 0 0.0101183333333333
23 0 0.0115975
24 0 0.0131975
25 0 0.0143841666666667
26 0 0.0152316666666667
27 0 0.0159641666666667
28 0 0.0163175
29 0 0.0162766666666667
30 0 0.016285
31 0 0.0164041666666667
32 0 0.0161675
33 0 0.0155608333333333
34 0 0.01531
35 0 0.0138075
36 0 0.0139366666666667
37 0 0.0131283333333333
38 0 0.0124691666666667
39 0 0.0110741666666667
40 0 0.01056
41 0 0.00883166666666667
42 0 0.00712333333333333
43 0 0.00541333333333333
44 0 0.00376583333333333
45 0 0.00213583333333333
46 0 0.00118416666666667
47 0 0.000546666666666667
48 0 0.000230833333333333
49 0 0.0000666666666666667
50 0 0
51 0 0
52 0 0
53 0 0
54 0 0
55 0 0
56 0 0
57 0 0
58 0 0
59 0 0
60 0 0
61 0 0
62 0 0
63 0 0
64 0 0
65 0 0
66 0 0
67 0 0
68 0 0
69 0 0
70 0 0
71 0 0
72 0 0
73 0 0
74 0 0
75 0 0
76 0 0
77 0 0
78 0 0
79 0 0
80 0 0
81 0 0
82 0 0
83 0 0
84 0 0
85 0 0
86 0 0
87 0 0
88 0 0
89 0 0
90 0 0
91 0 0
92 0 0
93 0 0
94 0 0
95 0 0
96 0 0
97 0 0
98 0 0
99 0 0
100 0 0
