*Period fertility rates for SWE in 1850 
* Mon Dec 20 14:21:54 2010
birth 1 F married 0
1 0 0
2 0 0
3 0 0
4 0 0
5 0 0
6 0 0
7 0 0
8 0 0
9 0 0
10 0 0
11 0 0
12 0 0
13 0 0
14 0 0.000001025
15 0 0.000023575
16 0 0.0001091625
17 0 0.0003295375
18 0 0.0008061625
19 0 0.0017430125
20 0 0.003129325
21 0 0.004256825
22 0 0.00560265
23 0 0.0066066375
24 0 0.008012425
25 0 0.009061
26 0 0.009761075
27 0 0.0103304625
28 0 0.0105247
29 0 0.0109429
30 0 0.011507675
31 0 0.01095725
32 0 0.010947
33 0 0.0107558375
34 0 0.0101818375
35 0 0.01039965
36 0 0.0100491
37 0 0.0098892
38 0 0.0087335125
39 0 0.00857515
40 0 0.00785765
41 0 0.0065266875
42 0 0.005402775
43 0 0.0043501
44 0 0.00294995
45 0 0.001846025
46 0 0.001071125
47 0 0.0004986625
48 0 0.0002875125
49 0 0.0000943
50 0 0
51 0 0
52 0 0
53 0 0
54 0 0
55 0 0
56 0 0
57 0 0
58 0 0
59 0 0
60 0 0
61 0 0
62 0 0
63 0 0
64 0 0
65 0 0
66 0 0
67 0 0
68 0 0
69 0 0
70 0 0
71 0 0
72 0 0
73 0 0
74 0 0
75 0 0
76 0 0
77 0 0
78 0 0
79 0 0
80 0 0
81 0 0
82 0 0
83 0 0
84 0 0
85 0 0
86 0 0
87 0 0
88 0 0
89 0 0
90 0 0
91 0 0
92 0 0
93 0 0
94 0 0
95 0 0
96 0 0
97 0 0
98 0 0
99 0 0
100 0 0

birth 1 F single 0
1 0 0
2 0 0
3 0 0
4 0 0
5 0 0
6 0 0
7 0 0
8 0 0
9 0 0
10 0 0
11 0 0
12 0 0
13 0 0
14 0 0.000001025
15 0 0.000023575
16 0 0.0001091625
17 0 0.0003295375
18 0 0.0008061625
19 0 0.0017430125
20 0 0.003129325
21 0 0.004256825
22 0 0.00560265
23 0 0.0066066375
24 0 0.008012425
25 0 0.009061
26 0 0.009761075
27 0 0.0103304625
28 0 0.0105247
29 0 0.0109429
30 0 0.011507675
31 0 0.01095725
32 0 0.010947
33 0 0.0107558375
34 0 0.0101818375
35 0 0.01039965
36 0 0.0100491
37 0 0.0098892
38 0 0.0087335125
39 0 0.00857515
40 0 0.00785765
41 0 0.0065266875
42 0 0.005402775
43 0 0.0043501
44 0 0.00294995
45 0 0.001846025
46 0 0.001071125
47 0 0.0004986625
48 0 0.0002875125
49 0 0.0000943
50 0 0
51 0 0
52 0 0
53 0 0
54 0 0
55 0 0
56 0 0
57 0 0
58 0 0
59 0 0
60 0 0
61 0 0
62 0 0
63 0 0
64 0 0
65 0 0
66 0 0
67 0 0
68 0 0
69 0 0
70 0 0
71 0 0
72 0 0
73 0 0
74 0 0
75 0 0
76 0 0
77 0 0
78 0 0
79 0 0
80 0 0
81 0 0
82 0 0
83 0 0
84 0 0
85 0 0
86 0 0
87 0 0
88 0 0
89 0 0
90 0 0
91 0 0
92 0 0
93 0 0
94 0 0
95 0 0
96 0 0
97 0 0
98 0 0
99 0 0
100 0 0
