*Period fertility rates for SWE in 2075 
* Mon Dec 20 14:21:54 2010
birth 1 F married 0
1 0 0
2 0 0
3 0 0
4 0 0
5 0 0
6 0 0
7 0 0
8 0 0
9 0 0
10 0 0
11 0 0
12 0 0
13 0 0
14 0 0
15 0 0.00000908866666666667
16 0 0.00006165175
17 0 0.000199856333333333
18 0 0.0003927105
19 0 0.000794440666666667
20 0 0.0014532795
21 0 0.00236585066666667
22 0 0.00306232258333333
23 0 0.00389497358333333
24 0 0.00484520783333333
25 0 0.0059464635
26 0 0.00716007666666667
27 0 0.00844789208333333
28 0 0.009803005
29 0 0.0108821143333333
30 0 0.01192351925
31 0 0.0120213455833333
32 0 0.011845987
33 0 0.0109856663333333
34 0 0.00992358991666667
35 0 0.00872768491666667
36 0 0.00712758141666667
37 0 0.00580182041666667
38 0 0.00460025433333333
39 0 0.00346696075
40 0 0.00249955908333333
41 0 0.00162705841666667
42 0 0.00107005466666667
43 0 0.000606973083333333
44 0 0.000296504
45 0 0.000126193166666667
46 0 0.0000658025
47 0 0.000025
48 0 0.0000101798333333333
49 0 0.0000065
50 0 0
51 0 0
52 0 0
53 0 0
54 0 0
55 0 0
56 0 0
57 0 0
58 0 0
59 0 0
60 0 0
61 0 0
62 0 0
63 0 0
64 0 0
65 0 0
66 0 0
67 0 0
68 0 0
69 0 0
70 0 0
71 0 0
72 0 0
73 0 0
74 0 0
75 0 0
76 0 0
77 0 0
78 0 0
79 0 0
80 0 0
81 0 0
82 0 0
83 0 0
84 0 0
85 0 0
86 0 0
87 0 0
88 0 0
89 0 0
90 0 0
91 0 0
92 0 0
93 0 0
94 0 0
95 0 0
96 0 0
97 0 0
98 0 0
99 0 0
100 0 0

birth 1 F single 0
1 0 0
2 0 0
3 0 0
4 0 0
5 0 0
6 0 0
7 0 0
8 0 0
9 0 0
10 0 0
11 0 0
12 0 0
13 0 0
14 0 0
15 0 0.00000908866666666667
16 0 0.00006165175
17 0 0.000199856333333333
18 0 0.0003927105
19 0 0.000794440666666667
20 0 0.0014532795
21 0 0.00236585066666667
22 0 0.00306232258333333
23 0 0.00389497358333333
24 0 0.00484520783333333
25 0 0.0059464635
26 0 0.00716007666666667
27 0 0.00844789208333333
28 0 0.009803005
29 0 0.0108821143333333
30 0 0.01192351925
31 0 0.0120213455833333
32 0 0.011845987
33 0 0.0109856663333333
34 0 0.00992358991666667
35 0 0.00872768491666667
36 0 0.00712758141666667
37 0 0.00580182041666667
38 0 0.00460025433333333
39 0 0.00346696075
40 0 0.00249955908333333
41 0 0.00162705841666667
42 0 0.00107005466666667
43 0 0.000606973083333333
44 0 0.000296504
45 0 0.000126193166666667
46 0 0.0000658025
47 0 0.000025
48 0 0.0000101798333333333
49 0 0.0000065
50 0 0
51 0 0
52 0 0
53 0 0
54 0 0
55 0 0
56 0 0
57 0 0
58 0 0
59 0 0
60 0 0
61 0 0
62 0 0
63 0 0
64 0 0
65 0 0
66 0 0
67 0 0
68 0 0
69 0 0
70 0 0
71 0 0
72 0 0
73 0 0
74 0 0
75 0 0
76 0 0
77 0 0
78 0 0
79 0 0
80 0 0
81 0 0
82 0 0
83 0 0
84 0 0
85 0 0
86 0 0
87 0 0
88 0 0
89 0 0
90 0 0
91 0 0
92 0 0
93 0 0
94 0 0
95 0 0
96 0 0
97 0 0
98 0 0
99 0 0
100 0 0
