*Period fertility rates for SWE in 1858 
* Mon Dec 20 14:21:54 2010
birth 1 F married 0
1 0 0
2 0 0
3 0 0
4 0 0
5 0 0
6 0 0
7 0 0
8 0 0
9 0 0
10 0 0
11 0 0
12 0 0
13 0 0
14 0 0.000000825
15 0 0.000018975
16 0 0.0000878625
17 0 0.0002652375
18 0 0.0006488625
19 0 0.0014029125
20 0 0.002518725
21 0 0.003426225
22 0 0.00450945
23 0 0.0053175375
24 0 0.006449025
25 0 0.007293
26 0 0.007856475
27 0 0.0083147625
28 0 0.0084711
29 0 0.0088077
30 0 0.009262275
31 0 0.00881925
32 0 0.008811
33 0 0.0086571375
34 0 0.0081951375
35 0 0.00837045
36 0 0.0080883
37 0 0.0079596
38 0 0.0070294125
39 0 0.00690195
40 0 0.00632445
41 0 0.0052531875
42 0 0.004348575
43 0 0.0035013
44 0 0.00237435
45 0 0.001485825
46 0 0.000862125
47 0 0.0004013625
48 0 0.0002314125
49 0 0.0000759
50 0 0
51 0 0
52 0 0
53 0 0
54 0 0
55 0 0
56 0 0
57 0 0
58 0 0
59 0 0
60 0 0
61 0 0
62 0 0
63 0 0
64 0 0
65 0 0
66 0 0
67 0 0
68 0 0
69 0 0
70 0 0
71 0 0
72 0 0
73 0 0
74 0 0
75 0 0
76 0 0
77 0 0
78 0 0
79 0 0
80 0 0
81 0 0
82 0 0
83 0 0
84 0 0
85 0 0
86 0 0
87 0 0
88 0 0
89 0 0
90 0 0
91 0 0
92 0 0
93 0 0
94 0 0
95 0 0
96 0 0
97 0 0
98 0 0
99 0 0
100 0 0

birth 1 F single 0
1 0 0
2 0 0
3 0 0
4 0 0
5 0 0
6 0 0
7 0 0
8 0 0
9 0 0
10 0 0
11 0 0
12 0 0
13 0 0
14 0 0.000000825
15 0 0.000018975
16 0 0.0000878625
17 0 0.0002652375
18 0 0.0006488625
19 0 0.0014029125
20 0 0.002518725
21 0 0.003426225
22 0 0.00450945
23 0 0.0053175375
24 0 0.006449025
25 0 0.007293
26 0 0.007856475
27 0 0.0083147625
28 0 0.0084711
29 0 0.0088077
30 0 0.009262275
31 0 0.00881925
32 0 0.008811
33 0 0.0086571375
34 0 0.0081951375
35 0 0.00837045
36 0 0.0080883
37 0 0.0079596
38 0 0.0070294125
39 0 0.00690195
40 0 0.00632445
41 0 0.0052531875
42 0 0.004348575
43 0 0.0035013
44 0 0.00237435
45 0 0.001485825
46 0 0.000862125
47 0 0.0004013625
48 0 0.0002314125
49 0 0.0000759
50 0 0
51 0 0
52 0 0
53 0 0
54 0 0
55 0 0
56 0 0
57 0 0
58 0 0
59 0 0
60 0 0
61 0 0
62 0 0
63 0 0
64 0 0
65 0 0
66 0 0
67 0 0
68 0 0
69 0 0
70 0 0
71 0 0
72 0 0
73 0 0
74 0 0
75 0 0
76 0 0
77 0 0
78 0 0
79 0 0
80 0 0
81 0 0
82 0 0
83 0 0
84 0 0
85 0 0
86 0 0
87 0 0
88 0 0
89 0 0
90 0 0
91 0 0
92 0 0
93 0 0
94 0 0
95 0 0
96 0 0
97 0 0
98 0 0
99 0 0
100 0 0
