*Period fertility rates for SWE in 1755 
* Mon Dec 20 14:21:53 2010
birth 1 F married 0
1 0 0
2 0 0
3 0 0
4 0 0
5 0 0
6 0 0
7 0 0
8 0 0
9 0 0
10 0 0
11 0 0
12 0 0
13 0 0
14 0 0.0000034
15 0 0.0000782
16 0 0.0003621
17 0 0.0010931
18 0 0.0026741
19 0 0.0057817
20 0 0.0103802
21 0 0.0141202
22 0 0.0185844
23 0 0.0219147
24 0 0.0265778
25 0 0.030056
26 0 0.0323782
27 0 0.0342669
28 0 0.0349112
29 0 0.0362984
30 0 0.0381718
31 0 0.036346
32 0 0.036312
33 0 0.0356779
34 0 0.0337739
35 0 0.0344964
36 0 0.0333336
37 0 0.0328032
38 0 0.0289697
39 0 0.0284444
40 0 0.0260644
41 0 0.0216495
42 0 0.0179214
43 0 0.0144296
44 0 0.0097852
45 0 0.0061234
46 0 0.003553
47 0 0.0016541
48 0 0.0009537
49 0 0.0003128
50 0 0
51 0 0
52 0 0
53 0 0
54 0 0
55 0 0
56 0 0
57 0 0
58 0 0
59 0 0
60 0 0
61 0 0
62 0 0
63 0 0
64 0 0
65 0 0
66 0 0
67 0 0
68 0 0
69 0 0
70 0 0
71 0 0
72 0 0
73 0 0
74 0 0
75 0 0
76 0 0
77 0 0
78 0 0
79 0 0
80 0 0
81 0 0
82 0 0
83 0 0
84 0 0
85 0 0
86 0 0
87 0 0
88 0 0
89 0 0
90 0 0
91 0 0
92 0 0
93 0 0
94 0 0
95 0 0
96 0 0
97 0 0
98 0 0
99 0 0
100 0 0

birth 1 F single 0
1 0 0
2 0 0
3 0 0
4 0 0
5 0 0
6 0 0
7 0 0
8 0 0
9 0 0
10 0 0
11 0 0
12 0 0
13 0 0
14 0 0.0000034
15 0 0.0000782
16 0 0.0003621
17 0 0.0010931
18 0 0.0026741
19 0 0.0057817
20 0 0.0103802
21 0 0.0141202
22 0 0.0185844
23 0 0.0219147
24 0 0.0265778
25 0 0.030056
26 0 0.0323782
27 0 0.0342669
28 0 0.0349112
29 0 0.0362984
30 0 0.0381718
31 0 0.036346
32 0 0.036312
33 0 0.0356779
34 0 0.0337739
35 0 0.0344964
36 0 0.0333336
37 0 0.0328032
38 0 0.0289697
39 0 0.0284444
40 0 0.0260644
41 0 0.0216495
42 0 0.0179214
43 0 0.0144296
44 0 0.0097852
45 0 0.0061234
46 0 0.003553
47 0 0.0016541
48 0 0.0009537
49 0 0.0003128
50 0 0
51 0 0
52 0 0
53 0 0
54 0 0
55 0 0
56 0 0
57 0 0
58 0 0
59 0 0
60 0 0
61 0 0
62 0 0
63 0 0
64 0 0
65 0 0
66 0 0
67 0 0
68 0 0
69 0 0
70 0 0
71 0 0
72 0 0
73 0 0
74 0 0
75 0 0
76 0 0
77 0 0
78 0 0
79 0 0
80 0 0
81 0 0
82 0 0
83 0 0
84 0 0
85 0 0
86 0 0
87 0 0
88 0 0
89 0 0
90 0 0
91 0 0
92 0 0
93 0 0
94 0 0
95 0 0
96 0 0
97 0 0
98 0 0
99 0 0
100 0 0
