*Period fertility rates for SWE in 2039 
* Mon Dec 20 14:21:54 2010
birth 1 F married 0
1 0 0
2 0 0
3 0 0
4 0 0
5 0 0
6 0 0
7 0 0
8 0 0
9 0 0
10 0 0
11 0 0
12 0 0
13 0 0
14 0 0
15 0 0.000009073
16 0 0.0000615659166666667
17 0 0.000199626583333333
18 0 0.000392221583333333
19 0 0.00079314625
20 0 0.00145192458333333
21 0 0.00236443158333333
22 0 0.00306154558333333
23 0 0.00389586533333333
24 0 0.00484955066666667
25 0 0.00595404816666667
26 0 0.00717108475
27 0 0.00846067125
28 0 0.00981668466666667
29 0 0.010893529
30 0 0.0119274496666667
31 0 0.01202313575
32 0 0.0118403591666667
33 0 0.0109867725833333
34 0 0.00992456583333333
35 0 0.00872572333333333
36 0 0.007144408
37 0 0.00583831075
38 0 0.00462595083333333
39 0 0.00349710516666667
40 0 0.0025169795
41 0 0.00164773658333333
42 0 0.00108880691666667
43 0 0.000614543833333333
44 0 0.000297142916666667
45 0 0.0001268255
46 0 0.0000661278333333333
47 0 0.000025
48 0 0.000010312
49 0 0.00000635
50 0 0
51 0 0
52 0 0
53 0 0
54 0 0
55 0 0
56 0 0
57 0 0
58 0 0
59 0 0
60 0 0
61 0 0
62 0 0
63 0 0
64 0 0
65 0 0
66 0 0
67 0 0
68 0 0
69 0 0
70 0 0
71 0 0
72 0 0
73 0 0
74 0 0
75 0 0
76 0 0
77 0 0
78 0 0
79 0 0
80 0 0
81 0 0
82 0 0
83 0 0
84 0 0
85 0 0
86 0 0
87 0 0
88 0 0
89 0 0
90 0 0
91 0 0
92 0 0
93 0 0
94 0 0
95 0 0
96 0 0
97 0 0
98 0 0
99 0 0
100 0 0

birth 1 F single 0
1 0 0
2 0 0
3 0 0
4 0 0
5 0 0
6 0 0
7 0 0
8 0 0
9 0 0
10 0 0
11 0 0
12 0 0
13 0 0
14 0 0
15 0 0.000009073
16 0 0.0000615659166666667
17 0 0.000199626583333333
18 0 0.000392221583333333
19 0 0.00079314625
20 0 0.00145192458333333
21 0 0.00236443158333333
22 0 0.00306154558333333
23 0 0.00389586533333333
24 0 0.00484955066666667
25 0 0.00595404816666667
26 0 0.00717108475
27 0 0.00846067125
28 0 0.00981668466666667
29 0 0.010893529
30 0 0.0119274496666667
31 0 0.01202313575
32 0 0.0118403591666667
33 0 0.0109867725833333
34 0 0.00992456583333333
35 0 0.00872572333333333
36 0 0.007144408
37 0 0.00583831075
38 0 0.00462595083333333
39 0 0.00349710516666667
40 0 0.0025169795
41 0 0.00164773658333333
42 0 0.00108880691666667
43 0 0.000614543833333333
44 0 0.000297142916666667
45 0 0.0001268255
46 0 0.0000661278333333333
47 0 0.000025
48 0 0.000010312
49 0 0.00000635
50 0 0
51 0 0
52 0 0
53 0 0
54 0 0
55 0 0
56 0 0
57 0 0
58 0 0
59 0 0
60 0 0
61 0 0
62 0 0
63 0 0
64 0 0
65 0 0
66 0 0
67 0 0
68 0 0
69 0 0
70 0 0
71 0 0
72 0 0
73 0 0
74 0 0
75 0 0
76 0 0
77 0 0
78 0 0
79 0 0
80 0 0
81 0 0
82 0 0
83 0 0
84 0 0
85 0 0
86 0 0
87 0 0
88 0 0
89 0 0
90 0 0
91 0 0
92 0 0
93 0 0
94 0 0
95 0 0
96 0 0
97 0 0
98 0 0
99 0 0
100 0 0
