*Period fertility rates for SWE in 2110 
* Mon Dec 20 14:21:54 2010
birth 1 F married 0
1 0 0
2 0 0
3 0 0
4 0 0
5 0 0
6 0 0
7 0 0
8 0 0
9 0 0
10 0 0
11 0 0
12 0 0
13 0 0
14 0 0
15 0 0.00000908158333333333
16 0 0.0000616289166666667
17 0 0.000199822333333333
18 0 0.000392683916666667
19 0 0.00079451325
20 0 0.001453553
21 0 0.00236645341666667
22 0 0.00306341175
23 0 0.00389641316666667
24 0 0.0048469225
25 0 0.00594840875
26 0 0.007161838
27 0 0.00844917183333333
28 0 0.00980381391666667
29 0 0.0108824425
30 0 0.011923518
31 0 0.0120213299166667
32 0 0.0118461640833333
33 0 0.0109858850833333
34 0 0.00992394916666667
35 0 0.00872834816666667
36 0 0.00712677483333333
37 0 0.00579976583333333
38 0 0.00459895908333333
39 0 0.00346485925
40 0 0.00249842483333333
41 0 0.00162530216666667
42 0 0.00106846741666667
43 0 0.000606281583333333
44 0 0.000296371666666667
45 0 0.0001259645
46 0 0.0000656636666666667
47 0 0.000025
48 0 0.00001017075
49 0 0.0000065
50 0 0
51 0 0
52 0 0
53 0 0
54 0 0
55 0 0
56 0 0
57 0 0
58 0 0
59 0 0
60 0 0
61 0 0
62 0 0
63 0 0
64 0 0
65 0 0
66 0 0
67 0 0
68 0 0
69 0 0
70 0 0
71 0 0
72 0 0
73 0 0
74 0 0
75 0 0
76 0 0
77 0 0
78 0 0
79 0 0
80 0 0
81 0 0
82 0 0
83 0 0
84 0 0
85 0 0
86 0 0
87 0 0
88 0 0
89 0 0
90 0 0
91 0 0
92 0 0
93 0 0
94 0 0
95 0 0
96 0 0
97 0 0
98 0 0
99 0 0
100 0 0

birth 1 F single 0
1 0 0
2 0 0
3 0 0
4 0 0
5 0 0
6 0 0
7 0 0
8 0 0
9 0 0
10 0 0
11 0 0
12 0 0
13 0 0
14 0 0
15 0 0.00000908158333333333
16 0 0.0000616289166666667
17 0 0.000199822333333333
18 0 0.000392683916666667
19 0 0.00079451325
20 0 0.001453553
21 0 0.00236645341666667
22 0 0.00306341175
23 0 0.00389641316666667
24 0 0.0048469225
25 0 0.00594840875
26 0 0.007161838
27 0 0.00844917183333333
28 0 0.00980381391666667
29 0 0.0108824425
30 0 0.011923518
31 0 0.0120213299166667
32 0 0.0118461640833333
33 0 0.0109858850833333
34 0 0.00992394916666667
35 0 0.00872834816666667
36 0 0.00712677483333333
37 0 0.00579976583333333
38 0 0.00459895908333333
39 0 0.00346485925
40 0 0.00249842483333333
41 0 0.00162530216666667
42 0 0.00106846741666667
43 0 0.000606281583333333
44 0 0.000296371666666667
45 0 0.0001259645
46 0 0.0000656636666666667
47 0 0.000025
48 0 0.00001017075
49 0 0.0000065
50 0 0
51 0 0
52 0 0
53 0 0
54 0 0
55 0 0
56 0 0
57 0 0
58 0 0
59 0 0
60 0 0
61 0 0
62 0 0
63 0 0
64 0 0
65 0 0
66 0 0
67 0 0
68 0 0
69 0 0
70 0 0
71 0 0
72 0 0
73 0 0
74 0 0
75 0 0
76 0 0
77 0 0
78 0 0
79 0 0
80 0 0
81 0 0
82 0 0
83 0 0
84 0 0
85 0 0
86 0 0
87 0 0
88 0 0
89 0 0
90 0 0
91 0 0
92 0 0
93 0 0
94 0 0
95 0 0
96 0 0
97 0 0
98 0 0
99 0 0
100 0 0
