*Period fertility rates for SWE in 1847 
* Mon Dec 20 14:21:54 2010
birth 1 F married 0
1 0 0
2 0 0
3 0 0
4 0 0
5 0 0
6 0 0
7 0 0
8 0 0
9 0 0
10 0 0
11 0 0
12 0 0
13 0 0
14 0 0.0000011
15 0 0.0000253
16 0 0.00011715
17 0 0.00035365
18 0 0.00086515
19 0 0.00187055
20 0 0.0033583
21 0 0.0045683
22 0 0.0060126
23 0 0.00709005
24 0 0.0085987
25 0 0.009724
26 0 0.0104753
27 0 0.01108635
28 0 0.0112948
29 0 0.0117436
30 0 0.0123497
31 0 0.011759
32 0 0.011748
33 0 0.01154285
34 0 0.01092685
35 0 0.0111606
36 0 0.0107844
37 0 0.0106128
38 0 0.00937255
39 0 0.0092026
40 0 0.0084326
41 0 0.00700425
42 0 0.0057981
43 0 0.0046684
44 0 0.0031658
45 0 0.0019811
46 0 0.0011495
47 0 0.00053515
48 0 0.00030855
49 0 0.0001012
50 0 0
51 0 0
52 0 0
53 0 0
54 0 0
55 0 0
56 0 0
57 0 0
58 0 0
59 0 0
60 0 0
61 0 0
62 0 0
63 0 0
64 0 0
65 0 0
66 0 0
67 0 0
68 0 0
69 0 0
70 0 0
71 0 0
72 0 0
73 0 0
74 0 0
75 0 0
76 0 0
77 0 0
78 0 0
79 0 0
80 0 0
81 0 0
82 0 0
83 0 0
84 0 0
85 0 0
86 0 0
87 0 0
88 0 0
89 0 0
90 0 0
91 0 0
92 0 0
93 0 0
94 0 0
95 0 0
96 0 0
97 0 0
98 0 0
99 0 0
100 0 0

birth 1 F single 0
1 0 0
2 0 0
3 0 0
4 0 0
5 0 0
6 0 0
7 0 0
8 0 0
9 0 0
10 0 0
11 0 0
12 0 0
13 0 0
14 0 0.0000011
15 0 0.0000253
16 0 0.00011715
17 0 0.00035365
18 0 0.00086515
19 0 0.00187055
20 0 0.0033583
21 0 0.0045683
22 0 0.0060126
23 0 0.00709005
24 0 0.0085987
25 0 0.009724
26 0 0.0104753
27 0 0.01108635
28 0 0.0112948
29 0 0.0117436
30 0 0.0123497
31 0 0.011759
32 0 0.011748
33 0 0.01154285
34 0 0.01092685
35 0 0.0111606
36 0 0.0107844
37 0 0.0106128
38 0 0.00937255
39 0 0.0092026
40 0 0.0084326
41 0 0.00700425
42 0 0.0057981
43 0 0.0046684
44 0 0.0031658
45 0 0.0019811
46 0 0.0011495
47 0 0.00053515
48 0 0.00030855
49 0 0.0001012
50 0 0
51 0 0
52 0 0
53 0 0
54 0 0
55 0 0
56 0 0
57 0 0
58 0 0
59 0 0
60 0 0
61 0 0
62 0 0
63 0 0
64 0 0
65 0 0
66 0 0
67 0 0
68 0 0
69 0 0
70 0 0
71 0 0
72 0 0
73 0 0
74 0 0
75 0 0
76 0 0
77 0 0
78 0 0
79 0 0
80 0 0
81 0 0
82 0 0
83 0 0
84 0 0
85 0 0
86 0 0
87 0 0
88 0 0
89 0 0
90 0 0
91 0 0
92 0 0
93 0 0
94 0 0
95 0 0
96 0 0
97 0 0
98 0 0
99 0 0
100 0 0
