*Period fertility rates for SWE in 1997 
* Mon Dec 20 14:21:53 2010
birth 1 F married 0
1 0 0
2 0 0
3 0 0
4 0 0
5 0 0
6 0 0
7 0 0
8 0 0
9 0 0
10 0 0
11 0 0
12 0 0
13 0 0
14 0 0.00000333333333333333
15 0 0.0000483333333333333
16 0 0.000175
17 0 0.00043
18 0 0.000735833333333333
19 0 0.001585
20 0 0.00230333333333333
21 0 0.00329666666666667
22 0 0.00449833333333333
23 0 0.00534083333333333
24 0 0.00673166666666667
25 0 0.00763166666666667
26 0 0.0086275
27 0 0.00942666666666667
28 0 0.00993416666666667
29 0 0.0095275
30 0 0.0092525
31 0 0.00836083333333333
32 0 0.00759083333333333
33 0 0.006445
34 0 0.00581583333333333
35 0 0.0046125
36 0 0.00389083333333333
37 0 0.00314
38 0 0.00233083333333333
39 0 0.00167916666666667
40 0 0.00122333333333333
41 0 0.000805
42 0 0.000501666666666667
43 0 0.000270833333333333
44 0 0.0001375
45 0 0.0000591666666666667
46 0 0.0000308333333333333
47 0 0.0000133333333333333
48 0 0.0000025
49 0 0.00000166666666666667
50 0 0
51 0 0
52 0 0
53 0 0
54 0 0
55 0 0
56 0 0
57 0 0
58 0 0
59 0 0
60 0 0
61 0 0
62 0 0
63 0 0
64 0 0
65 0 0
66 0 0
67 0 0
68 0 0
69 0 0
70 0 0
71 0 0
72 0 0
73 0 0
74 0 0
75 0 0
76 0 0
77 0 0
78 0 0
79 0 0
80 0 0
81 0 0
82 0 0
83 0 0
84 0 0
85 0 0
86 0 0
87 0 0
88 0 0
89 0 0
90 0 0
91 0 0
92 0 0
93 0 0
94 0 0
95 0 0
96 0 0
97 0 0
98 0 0
99 0 0
100 0 0

birth 1 F single 0
1 0 0
2 0 0
3 0 0
4 0 0
5 0 0
6 0 0
7 0 0
8 0 0
9 0 0
10 0 0
11 0 0
12 0 0
13 0 0
14 0 0.00000333333333333333
15 0 0.0000483333333333333
16 0 0.000175
17 0 0.00043
18 0 0.000735833333333333
19 0 0.001585
20 0 0.00230333333333333
21 0 0.00329666666666667
22 0 0.00449833333333333
23 0 0.00534083333333333
24 0 0.00673166666666667
25 0 0.00763166666666667
26 0 0.0086275
27 0 0.00942666666666667
28 0 0.00993416666666667
29 0 0.0095275
30 0 0.0092525
31 0 0.00836083333333333
32 0 0.00759083333333333
33 0 0.006445
34 0 0.00581583333333333
35 0 0.0046125
36 0 0.00389083333333333
37 0 0.00314
38 0 0.00233083333333333
39 0 0.00167916666666667
40 0 0.00122333333333333
41 0 0.000805
42 0 0.000501666666666667
43 0 0.000270833333333333
44 0 0.0001375
45 0 0.0000591666666666667
46 0 0.0000308333333333333
47 0 0.0000133333333333333
48 0 0.0000025
49 0 0.00000166666666666667
50 0 0
51 0 0
52 0 0
53 0 0
54 0 0
55 0 0
56 0 0
57 0 0
58 0 0
59 0 0
60 0 0
61 0 0
62 0 0
63 0 0
64 0 0
65 0 0
66 0 0
67 0 0
68 0 0
69 0 0
70 0 0
71 0 0
72 0 0
73 0 0
74 0 0
75 0 0
76 0 0
77 0 0
78 0 0
79 0 0
80 0 0
81 0 0
82 0 0
83 0 0
84 0 0
85 0 0
86 0 0
87 0 0
88 0 0
89 0 0
90 0 0
91 0 0
92 0 0
93 0 0
94 0 0
95 0 0
96 0 0
97 0 0
98 0 0
99 0 0
100 0 0
