*Period fertility rates for SWE in 2088 
* Mon Dec 20 14:21:54 2010
birth 1 F married 0
1 0 0
2 0 0
3 0 0
4 0 0
5 0 0
6 0 0
7 0 0
8 0 0
9 0 0
10 0 0
11 0 0
12 0 0
13 0 0
14 0 0
15 0 0.00000907766666666667
16 0 0.00006162125
17 0 0.000199831166666667
18 0 0.0003927685
19 0 0.000794951583333333
20 0 0.00145436816666667
21 0 0.002368076
22 0 0.00306613683333333
23 0 0.00390014208333333
24 0 0.00485162083333333
25 0 0.00595375466666667
26 0 0.00716726008333333
27 0 0.00845318091666667
28 0 0.00980681391666667
29 0 0.010884027
30 0 0.0119234840833333
31 0 0.0120212308333333
32 0 0.0118457405833333
33 0 0.0109857590833333
34 0 0.00992397583333333
35 0 0.00872856891666667
36 0 0.00712640433333333
37 0 0.00579867533333333
38 0 0.00459821791666667
39 0 0.00346362041666667
40 0 0.00249774291666667
41 0 0.00162423158333333
42 0 0.00106747575
43 0 0.00060584225
44 0 0.000296285583333333
45 0 0.00012581075
46 0 0.00006556275
47 0 0.000025
48 0 0.0000101623333333333
49 0 0.00000649166666666667
50 0 0
51 0 0
52 0 0
53 0 0
54 0 0
55 0 0
56 0 0
57 0 0
58 0 0
59 0 0
60 0 0
61 0 0
62 0 0
63 0 0
64 0 0
65 0 0
66 0 0
67 0 0
68 0 0
69 0 0
70 0 0
71 0 0
72 0 0
73 0 0
74 0 0
75 0 0
76 0 0
77 0 0
78 0 0
79 0 0
80 0 0
81 0 0
82 0 0
83 0 0
84 0 0
85 0 0
86 0 0
87 0 0
88 0 0
89 0 0
90 0 0
91 0 0
92 0 0
93 0 0
94 0 0
95 0 0
96 0 0
97 0 0
98 0 0
99 0 0
100 0 0

birth 1 F single 0
1 0 0
2 0 0
3 0 0
4 0 0
5 0 0
6 0 0
7 0 0
8 0 0
9 0 0
10 0 0
11 0 0
12 0 0
13 0 0
14 0 0
15 0 0.00000907766666666667
16 0 0.00006162125
17 0 0.000199831166666667
18 0 0.0003927685
19 0 0.000794951583333333
20 0 0.00145436816666667
21 0 0.002368076
22 0 0.00306613683333333
23 0 0.00390014208333333
24 0 0.00485162083333333
25 0 0.00595375466666667
26 0 0.00716726008333333
27 0 0.00845318091666667
28 0 0.00980681391666667
29 0 0.010884027
30 0 0.0119234840833333
31 0 0.0120212308333333
32 0 0.0118457405833333
33 0 0.0109857590833333
34 0 0.00992397583333333
35 0 0.00872856891666667
36 0 0.00712640433333333
37 0 0.00579867533333333
38 0 0.00459821791666667
39 0 0.00346362041666667
40 0 0.00249774291666667
41 0 0.00162423158333333
42 0 0.00106747575
43 0 0.00060584225
44 0 0.000296285583333333
45 0 0.00012581075
46 0 0.00006556275
47 0 0.000025
48 0 0.0000101623333333333
49 0 0.00000649166666666667
50 0 0
51 0 0
52 0 0
53 0 0
54 0 0
55 0 0
56 0 0
57 0 0
58 0 0
59 0 0
60 0 0
61 0 0
62 0 0
63 0 0
64 0 0
65 0 0
66 0 0
67 0 0
68 0 0
69 0 0
70 0 0
71 0 0
72 0 0
73 0 0
74 0 0
75 0 0
76 0 0
77 0 0
78 0 0
79 0 0
80 0 0
81 0 0
82 0 0
83 0 0
84 0 0
85 0 0
86 0 0
87 0 0
88 0 0
89 0 0
90 0 0
91 0 0
92 0 0
93 0 0
94 0 0
95 0 0
96 0 0
97 0 0
98 0 0
99 0 0
100 0 0
