*Period fertility rates for SWE in 1859 
* Mon Dec 20 14:21:54 2010
birth 1 F married 0
1 0 0
2 0 0
3 0 0
4 0 0
5 0 0
6 0 0
7 0 0
8 0 0
9 0 0
10 0 0
11 0 0
12 0 0
13 0 0
14 0 0.0000008
15 0 0.0000184
16 0 0.0000852
17 0 0.0002572
18 0 0.0006292
19 0 0.0013604
20 0 0.0024424
21 0 0.0033224
22 0 0.0043728
23 0 0.0051564
24 0 0.0062536
25 0 0.007072
26 0 0.0076184
27 0 0.0080628
28 0 0.0082144
29 0 0.0085408
30 0 0.0089816
31 0 0.008552
32 0 0.008544
33 0 0.0083948
34 0 0.0079468
35 0 0.0081168
36 0 0.0078432
37 0 0.0077184
38 0 0.0068164
39 0 0.0066928
40 0 0.0061328
41 0 0.005094
42 0 0.0042168
43 0 0.0033952
44 0 0.0023024
45 0 0.0014408
46 0 0.000836
47 0 0.0003892
48 0 0.0002244
49 0 0.0000736
50 0 0
51 0 0
52 0 0
53 0 0
54 0 0
55 0 0
56 0 0
57 0 0
58 0 0
59 0 0
60 0 0
61 0 0
62 0 0
63 0 0
64 0 0
65 0 0
66 0 0
67 0 0
68 0 0
69 0 0
70 0 0
71 0 0
72 0 0
73 0 0
74 0 0
75 0 0
76 0 0
77 0 0
78 0 0
79 0 0
80 0 0
81 0 0
82 0 0
83 0 0
84 0 0
85 0 0
86 0 0
87 0 0
88 0 0
89 0 0
90 0 0
91 0 0
92 0 0
93 0 0
94 0 0
95 0 0
96 0 0
97 0 0
98 0 0
99 0 0
100 0 0

birth 1 F single 0
1 0 0
2 0 0
3 0 0
4 0 0
5 0 0
6 0 0
7 0 0
8 0 0
9 0 0
10 0 0
11 0 0
12 0 0
13 0 0
14 0 0.0000008
15 0 0.0000184
16 0 0.0000852
17 0 0.0002572
18 0 0.0006292
19 0 0.0013604
20 0 0.0024424
21 0 0.0033224
22 0 0.0043728
23 0 0.0051564
24 0 0.0062536
25 0 0.007072
26 0 0.0076184
27 0 0.0080628
28 0 0.0082144
29 0 0.0085408
30 0 0.0089816
31 0 0.008552
32 0 0.008544
33 0 0.0083948
34 0 0.0079468
35 0 0.0081168
36 0 0.0078432
37 0 0.0077184
38 0 0.0068164
39 0 0.0066928
40 0 0.0061328
41 0 0.005094
42 0 0.0042168
43 0 0.0033952
44 0 0.0023024
45 0 0.0014408
46 0 0.000836
47 0 0.0003892
48 0 0.0002244
49 0 0.0000736
50 0 0
51 0 0
52 0 0
53 0 0
54 0 0
55 0 0
56 0 0
57 0 0
58 0 0
59 0 0
60 0 0
61 0 0
62 0 0
63 0 0
64 0 0
65 0 0
66 0 0
67 0 0
68 0 0
69 0 0
70 0 0
71 0 0
72 0 0
73 0 0
74 0 0
75 0 0
76 0 0
77 0 0
78 0 0
79 0 0
80 0 0
81 0 0
82 0 0
83 0 0
84 0 0
85 0 0
86 0 0
87 0 0
88 0 0
89 0 0
90 0 0
91 0 0
92 0 0
93 0 0
94 0 0
95 0 0
96 0 0
97 0 0
98 0 0
99 0 0
100 0 0
