*Period fertility rates for SWE in 1889 
* Mon Dec 20 14:21:54 2010
birth 1 F married 0
1 0 0
2 0 0
3 0 0
4 0 0
5 0 0
6 0 0
7 0 0
8 0 0
9 0 0
10 0 0
11 0 0
12 0 0
13 0 0
14 0 0.00000005
15 0 0.00000115
16 0 0.000005325
17 0 0.000016075
18 0 0.000039325
19 0 0.000085025
20 0 0.00015265
21 0 0.00020765
22 0 0.0002733
23 0 0.000322275
24 0 0.00039085
25 0 0.000442
26 0 0.00047615
27 0 0.000503925
28 0 0.0005134
29 0 0.0005338
30 0 0.00056135
31 0 0.0005345
32 0 0.000534
33 0 0.000524675
34 0 0.000496675
35 0 0.0005073
36 0 0.0004902
37 0 0.0004824
38 0 0.000426025
39 0 0.0004183
40 0 0.0003833
41 0 0.000318375
42 0 0.00026355
43 0 0.0002122
44 0 0.0001439
45 0 0.00009005
46 0 0.00005225
47 0 0.000024325
48 0 0.000014025
49 0 0.0000046
50 0 0
51 0 0
52 0 0
53 0 0
54 0 0
55 0 0
56 0 0
57 0 0
58 0 0
59 0 0
60 0 0
61 0 0
62 0 0
63 0 0
64 0 0
65 0 0
66 0 0
67 0 0
68 0 0
69 0 0
70 0 0
71 0 0
72 0 0
73 0 0
74 0 0
75 0 0
76 0 0
77 0 0
78 0 0
79 0 0
80 0 0
81 0 0
82 0 0
83 0 0
84 0 0
85 0 0
86 0 0
87 0 0
88 0 0
89 0 0
90 0 0
91 0 0
92 0 0
93 0 0
94 0 0
95 0 0
96 0 0
97 0 0
98 0 0
99 0 0
100 0 0

birth 1 F single 0
1 0 0
2 0 0
3 0 0
4 0 0
5 0 0
6 0 0
7 0 0
8 0 0
9 0 0
10 0 0
11 0 0
12 0 0
13 0 0
14 0 0.00000005
15 0 0.00000115
16 0 0.000005325
17 0 0.000016075
18 0 0.000039325
19 0 0.000085025
20 0 0.00015265
21 0 0.00020765
22 0 0.0002733
23 0 0.000322275
24 0 0.00039085
25 0 0.000442
26 0 0.00047615
27 0 0.000503925
28 0 0.0005134
29 0 0.0005338
30 0 0.00056135
31 0 0.0005345
32 0 0.000534
33 0 0.000524675
34 0 0.000496675
35 0 0.0005073
36 0 0.0004902
37 0 0.0004824
38 0 0.000426025
39 0 0.0004183
40 0 0.0003833
41 0 0.000318375
42 0 0.00026355
43 0 0.0002122
44 0 0.0001439
45 0 0.00009005
46 0 0.00005225
47 0 0.000024325
48 0 0.000014025
49 0 0.0000046
50 0 0
51 0 0
52 0 0
53 0 0
54 0 0
55 0 0
56 0 0
57 0 0
58 0 0
59 0 0
60 0 0
61 0 0
62 0 0
63 0 0
64 0 0
65 0 0
66 0 0
67 0 0
68 0 0
69 0 0
70 0 0
71 0 0
72 0 0
73 0 0
74 0 0
75 0 0
76 0 0
77 0 0
78 0 0
79 0 0
80 0 0
81 0 0
82 0 0
83 0 0
84 0 0
85 0 0
86 0 0
87 0 0
88 0 0
89 0 0
90 0 0
91 0 0
92 0 0
93 0 0
94 0 0
95 0 0
96 0 0
97 0 0
98 0 0
99 0 0
100 0 0
