*Period fertility rates for SWE in 2103 
* Mon Dec 20 14:21:54 2010
birth 1 F married 0
1 0 0
2 0 0
3 0 0
4 0 0
5 0 0
6 0 0
7 0 0
8 0 0
9 0 0
10 0 0
11 0 0
12 0 0
13 0 0
14 0 0
15 0 0.00000907675
16 0 0.0000616035833333333
17 0 0.000199751916666667
18 0 0.000392521333333333
19 0 0.00079401325
20 0 0.00145288866666667
21 0 0.00236551616666667
22 0 0.00306221708333333
23 0 0.00389521341666667
24 0 0.00484585483333333
25 0 0.00594764908333333
26 0 0.00716154341666667
27 0 0.0084493455
28 0 0.0098042955
29 0 0.0108829455
30 0 0.0119235074166667
31 0 0.01202122225
32 0 0.0118454865833333
33 0 0.0109854056666667
34 0 0.00992339516666667
35 0 0.00872759791666667
36 0 0.00712749391666667
37 0 0.00580121758333333
38 0 0.004599661
39 0 0.00346572891666667
40 0 0.00249876283333333
41 0 0.00162561625
42 0 0.0010685775
43 0 0.000606251333333333
44 0 0.000296349166666667
45 0 0.000125889416666667
46 0 0.0000655824166666667
47 0 0.000025
48 0 0.0000101424166666667
49 0 0.000006525
50 0 0
51 0 0
52 0 0
53 0 0
54 0 0
55 0 0
56 0 0
57 0 0
58 0 0
59 0 0
60 0 0
61 0 0
62 0 0
63 0 0
64 0 0
65 0 0
66 0 0
67 0 0
68 0 0
69 0 0
70 0 0
71 0 0
72 0 0
73 0 0
74 0 0
75 0 0
76 0 0
77 0 0
78 0 0
79 0 0
80 0 0
81 0 0
82 0 0
83 0 0
84 0 0
85 0 0
86 0 0
87 0 0
88 0 0
89 0 0
90 0 0
91 0 0
92 0 0
93 0 0
94 0 0
95 0 0
96 0 0
97 0 0
98 0 0
99 0 0
100 0 0

birth 1 F single 0
1 0 0
2 0 0
3 0 0
4 0 0
5 0 0
6 0 0
7 0 0
8 0 0
9 0 0
10 0 0
11 0 0
12 0 0
13 0 0
14 0 0
15 0 0.00000907675
16 0 0.0000616035833333333
17 0 0.000199751916666667
18 0 0.000392521333333333
19 0 0.00079401325
20 0 0.00145288866666667
21 0 0.00236551616666667
22 0 0.00306221708333333
23 0 0.00389521341666667
24 0 0.00484585483333333
25 0 0.00594764908333333
26 0 0.00716154341666667
27 0 0.0084493455
28 0 0.0098042955
29 0 0.0108829455
30 0 0.0119235074166667
31 0 0.01202122225
32 0 0.0118454865833333
33 0 0.0109854056666667
34 0 0.00992339516666667
35 0 0.00872759791666667
36 0 0.00712749391666667
37 0 0.00580121758333333
38 0 0.004599661
39 0 0.00346572891666667
40 0 0.00249876283333333
41 0 0.00162561625
42 0 0.0010685775
43 0 0.000606251333333333
44 0 0.000296349166666667
45 0 0.000125889416666667
46 0 0.0000655824166666667
47 0 0.000025
48 0 0.0000101424166666667
49 0 0.000006525
50 0 0
51 0 0
52 0 0
53 0 0
54 0 0
55 0 0
56 0 0
57 0 0
58 0 0
59 0 0
60 0 0
61 0 0
62 0 0
63 0 0
64 0 0
65 0 0
66 0 0
67 0 0
68 0 0
69 0 0
70 0 0
71 0 0
72 0 0
73 0 0
74 0 0
75 0 0
76 0 0
77 0 0
78 0 0
79 0 0
80 0 0
81 0 0
82 0 0
83 0 0
84 0 0
85 0 0
86 0 0
87 0 0
88 0 0
89 0 0
90 0 0
91 0 0
92 0 0
93 0 0
94 0 0
95 0 0
96 0 0
97 0 0
98 0 0
99 0 0
100 0 0
