*Period fertility rates for SWE in 2101 
* Mon Dec 20 14:21:54 2010
birth 1 F married 0
1 0 0
2 0 0
3 0 0
4 0 0
5 0 0
6 0 0
7 0 0
8 0 0
9 0 0
10 0 0
11 0 0
12 0 0
13 0 0
14 0 0
15 0 0.00000907458333333333
16 0 0.0000615941666666667
17 0 0.000199730416666667
18 0 0.000392481083333333
19 0 0.000793917416666667
20 0 0.00145279925
21 0 0.00236544133333333
22 0 0.0030621905
23 0 0.00389533241666667
24 0 0.00484614758333333
25 0 0.00594814175
26 0 0.00716221016666667
27 0 0.00844998291666667
28 0 0.00980489891666667
29 0 0.01088335375
30 0 0.0119234866666667
31 0 0.0120211773333333
32 0 0.0118452056666667
33 0 0.0109852389166667
34 0 0.00992323158333333
35 0 0.00872742241666667
36 0 0.00712761616666667
37 0 0.00580136466666667
38 0 0.0045996655
39 0 0.00346565591666667
40 0 0.00249867483333333
41 0 0.00162543591666667
42 0 0.00106837216666667
43 0 0.000606144833333333
44 0 0.000296325166666667
45 0 0.000125840333333333
46 0 0.0000655439166666667
47 0 0.000025
48 0 0.0000101345
49 0 0.00000653333333333333
50 0 0
51 0 0
52 0 0
53 0 0
54 0 0
55 0 0
56 0 0
57 0 0
58 0 0
59 0 0
60 0 0
61 0 0
62 0 0
63 0 0
64 0 0
65 0 0
66 0 0
67 0 0
68 0 0
69 0 0
70 0 0
71 0 0
72 0 0
73 0 0
74 0 0
75 0 0
76 0 0
77 0 0
78 0 0
79 0 0
80 0 0
81 0 0
82 0 0
83 0 0
84 0 0
85 0 0
86 0 0
87 0 0
88 0 0
89 0 0
90 0 0
91 0 0
92 0 0
93 0 0
94 0 0
95 0 0
96 0 0
97 0 0
98 0 0
99 0 0
100 0 0

birth 1 F single 0
1 0 0
2 0 0
3 0 0
4 0 0
5 0 0
6 0 0
7 0 0
8 0 0
9 0 0
10 0 0
11 0 0
12 0 0
13 0 0
14 0 0
15 0 0.00000907458333333333
16 0 0.0000615941666666667
17 0 0.000199730416666667
18 0 0.000392481083333333
19 0 0.000793917416666667
20 0 0.00145279925
21 0 0.00236544133333333
22 0 0.0030621905
23 0 0.00389533241666667
24 0 0.00484614758333333
25 0 0.00594814175
26 0 0.00716221016666667
27 0 0.00844998291666667
28 0 0.00980489891666667
29 0 0.01088335375
30 0 0.0119234866666667
31 0 0.0120211773333333
32 0 0.0118452056666667
33 0 0.0109852389166667
34 0 0.00992323158333333
35 0 0.00872742241666667
36 0 0.00712761616666667
37 0 0.00580136466666667
38 0 0.0045996655
39 0 0.00346565591666667
40 0 0.00249867483333333
41 0 0.00162543591666667
42 0 0.00106837216666667
43 0 0.000606144833333333
44 0 0.000296325166666667
45 0 0.000125840333333333
46 0 0.0000655439166666667
47 0 0.000025
48 0 0.0000101345
49 0 0.00000653333333333333
50 0 0
51 0 0
52 0 0
53 0 0
54 0 0
55 0 0
56 0 0
57 0 0
58 0 0
59 0 0
60 0 0
61 0 0
62 0 0
63 0 0
64 0 0
65 0 0
66 0 0
67 0 0
68 0 0
69 0 0
70 0 0
71 0 0
72 0 0
73 0 0
74 0 0
75 0 0
76 0 0
77 0 0
78 0 0
79 0 0
80 0 0
81 0 0
82 0 0
83 0 0
84 0 0
85 0 0
86 0 0
87 0 0
88 0 0
89 0 0
90 0 0
91 0 0
92 0 0
93 0 0
94 0 0
95 0 0
96 0 0
97 0 0
98 0 0
99 0 0
100 0 0
