*Period fertility rates for SWE in 2034 
* Mon Dec 20 14:21:54 2010
birth 1 F married 0
1 0 0
2 0 0
3 0 0
4 0 0
5 0 0
6 0 0
7 0 0
8 0 0
9 0 0
10 0 0
11 0 0
12 0 0
13 0 0
14 0 0
15 0 0.000009061
16 0 0.0000615525833333333
17 0 0.00019968275
18 0 0.00039252025
19 0 0.000795015083333333
20 0 0.0014552945
21 0 0.00237137625
22 0 0.00307254691666667
23 0 0.003912226
24 0 0.00487336458333333
25 0 0.00598771008333333
26 0 0.00721390683333333
27 0 0.00850353066666667
28 0 0.00985519725
29 0 0.01092039925
30 0 0.0119322604166667
31 0 0.0120239515833333
32 0 0.0118333986666667
33 0 0.0109853356666667
34 0 0.00992301525
35 0 0.00872169808333333
36 0 0.00715067991666667
37 0 0.005846799
38 0 0.0046242585
39 0 0.00349063491666667
40 0 0.00250981291666667
41 0 0.001636335
42 0 0.00107683683333333
43 0 0.000610545833333333
44 0 0.000296827833333333
45 0 0.000127418833333333
46 0 0.00006709925
47 0 0.000025
48 0 0.0000107074166666667
49 0 0.00000588333333333333
50 0 0
51 0 0
52 0 0
53 0 0
54 0 0
55 0 0
56 0 0
57 0 0
58 0 0
59 0 0
60 0 0
61 0 0
62 0 0
63 0 0
64 0 0
65 0 0
66 0 0
67 0 0
68 0 0
69 0 0
70 0 0
71 0 0
72 0 0
73 0 0
74 0 0
75 0 0
76 0 0
77 0 0
78 0 0
79 0 0
80 0 0
81 0 0
82 0 0
83 0 0
84 0 0
85 0 0
86 0 0
87 0 0
88 0 0
89 0 0
90 0 0
91 0 0
92 0 0
93 0 0
94 0 0
95 0 0
96 0 0
97 0 0
98 0 0
99 0 0
100 0 0

birth 1 F single 0
1 0 0
2 0 0
3 0 0
4 0 0
5 0 0
6 0 0
7 0 0
8 0 0
9 0 0
10 0 0
11 0 0
12 0 0
13 0 0
14 0 0
15 0 0.000009061
16 0 0.0000615525833333333
17 0 0.00019968275
18 0 0.00039252025
19 0 0.000795015083333333
20 0 0.0014552945
21 0 0.00237137625
22 0 0.00307254691666667
23 0 0.003912226
24 0 0.00487336458333333
25 0 0.00598771008333333
26 0 0.00721390683333333
27 0 0.00850353066666667
28 0 0.00985519725
29 0 0.01092039925
30 0 0.0119322604166667
31 0 0.0120239515833333
32 0 0.0118333986666667
33 0 0.0109853356666667
34 0 0.00992301525
35 0 0.00872169808333333
36 0 0.00715067991666667
37 0 0.005846799
38 0 0.0046242585
39 0 0.00349063491666667
40 0 0.00250981291666667
41 0 0.001636335
42 0 0.00107683683333333
43 0 0.000610545833333333
44 0 0.000296827833333333
45 0 0.000127418833333333
46 0 0.00006709925
47 0 0.000025
48 0 0.0000107074166666667
49 0 0.00000588333333333333
50 0 0
51 0 0
52 0 0
53 0 0
54 0 0
55 0 0
56 0 0
57 0 0
58 0 0
59 0 0
60 0 0
61 0 0
62 0 0
63 0 0
64 0 0
65 0 0
66 0 0
67 0 0
68 0 0
69 0 0
70 0 0
71 0 0
72 0 0
73 0 0
74 0 0
75 0 0
76 0 0
77 0 0
78 0 0
79 0 0
80 0 0
81 0 0
82 0 0
83 0 0
84 0 0
85 0 0
86 0 0
87 0 0
88 0 0
89 0 0
90 0 0
91 0 0
92 0 0
93 0 0
94 0 0
95 0 0
96 0 0
97 0 0
98 0 0
99 0 0
100 0 0
