*Period fertility rates for SWE in 1863 
* Mon Dec 20 14:21:54 2010
birth 1 F married 0
1 0 0
2 0 0
3 0 0
4 0 0
5 0 0
6 0 0
7 0 0
8 0 0
9 0 0
10 0 0
11 0 0
12 0 0
13 0 0
14 0 0.0000007
15 0 0.0000161
16 0 0.00007455
17 0 0.00022505
18 0 0.00055055
19 0 0.00119035
20 0 0.0021371
21 0 0.0029071
22 0 0.0038262
23 0 0.00451185
24 0 0.0054719
25 0 0.006188
26 0 0.0066661
27 0 0.00705495
28 0 0.0071876
29 0 0.0074732
30 0 0.0078589
31 0 0.007483
32 0 0.007476
33 0 0.00734545
34 0 0.00695345
35 0 0.0071022
36 0 0.0068628
37 0 0.0067536
38 0 0.00596435
39 0 0.0058562
40 0 0.0053662
41 0 0.00445725
42 0 0.0036897
43 0 0.0029708
44 0 0.0020146
45 0 0.0012607
46 0 0.0007315
47 0 0.00034055
48 0 0.00019635
49 0 0.0000644
50 0 0
51 0 0
52 0 0
53 0 0
54 0 0
55 0 0
56 0 0
57 0 0
58 0 0
59 0 0
60 0 0
61 0 0
62 0 0
63 0 0
64 0 0
65 0 0
66 0 0
67 0 0
68 0 0
69 0 0
70 0 0
71 0 0
72 0 0
73 0 0
74 0 0
75 0 0
76 0 0
77 0 0
78 0 0
79 0 0
80 0 0
81 0 0
82 0 0
83 0 0
84 0 0
85 0 0
86 0 0
87 0 0
88 0 0
89 0 0
90 0 0
91 0 0
92 0 0
93 0 0
94 0 0
95 0 0
96 0 0
97 0 0
98 0 0
99 0 0
100 0 0

birth 1 F single 0
1 0 0
2 0 0
3 0 0
4 0 0
5 0 0
6 0 0
7 0 0
8 0 0
9 0 0
10 0 0
11 0 0
12 0 0
13 0 0
14 0 0.0000007
15 0 0.0000161
16 0 0.00007455
17 0 0.00022505
18 0 0.00055055
19 0 0.00119035
20 0 0.0021371
21 0 0.0029071
22 0 0.0038262
23 0 0.00451185
24 0 0.0054719
25 0 0.006188
26 0 0.0066661
27 0 0.00705495
28 0 0.0071876
29 0 0.0074732
30 0 0.0078589
31 0 0.007483
32 0 0.007476
33 0 0.00734545
34 0 0.00695345
35 0 0.0071022
36 0 0.0068628
37 0 0.0067536
38 0 0.00596435
39 0 0.0058562
40 0 0.0053662
41 0 0.00445725
42 0 0.0036897
43 0 0.0029708
44 0 0.0020146
45 0 0.0012607
46 0 0.0007315
47 0 0.00034055
48 0 0.00019635
49 0 0.0000644
50 0 0
51 0 0
52 0 0
53 0 0
54 0 0
55 0 0
56 0 0
57 0 0
58 0 0
59 0 0
60 0 0
61 0 0
62 0 0
63 0 0
64 0 0
65 0 0
66 0 0
67 0 0
68 0 0
69 0 0
70 0 0
71 0 0
72 0 0
73 0 0
74 0 0
75 0 0
76 0 0
77 0 0
78 0 0
79 0 0
80 0 0
81 0 0
82 0 0
83 0 0
84 0 0
85 0 0
86 0 0
87 0 0
88 0 0
89 0 0
90 0 0
91 0 0
92 0 0
93 0 0
94 0 0
95 0 0
96 0 0
97 0 0
98 0 0
99 0 0
100 0 0
