*Period fertility rates for SWE in 2070 
* Mon Dec 20 14:21:54 2010
birth 1 F married 0
1 0 0
2 0 0
3 0 0
4 0 0
5 0 0
6 0 0
7 0 0
8 0 0
9 0 0
10 0 0
11 0 0
12 0 0
13 0 0
14 0 0
15 0 0.000009076
16 0 0.0000615956666666667
17 0 0.000199723416666667
18 0 0.00039244875
19 0 0.000793765916666667
20 0 0.00145255983333333
21 0 0.00236503333333333
22 0 0.00306159133333333
23 0 0.00389461841666667
24 0 0.0048453575
25 0 0.00594733475
26 0 0.00716159566666667
27 0 0.00844965525
28 0 0.00980489333333333
29 0 0.0108835618333333
30 0 0.011923493
31 0 0.0120210976666667
32 0 0.01184453375
33 0 0.0109846720833333
34 0 0.00992245933333333
35 0 0.00872622266666667
36 0 0.007128905
37 0 0.00580426033333333
38 0 0.00460129316666667
39 0 0.00346793033333333
40 0 0.00249974058333333
41 0 0.00162678225
42 0 0.00106930675
43 0 0.000606426416666667
44 0 0.000296356
45 0 0.00012584625
46 0 0.0000655124166666667
47 0 0.000025
48 0 0.0000101153333333333
49 0 0.00000655
50 0 0
51 0 0
52 0 0
53 0 0
54 0 0
55 0 0
56 0 0
57 0 0
58 0 0
59 0 0
60 0 0
61 0 0
62 0 0
63 0 0
64 0 0
65 0 0
66 0 0
67 0 0
68 0 0
69 0 0
70 0 0
71 0 0
72 0 0
73 0 0
74 0 0
75 0 0
76 0 0
77 0 0
78 0 0
79 0 0
80 0 0
81 0 0
82 0 0
83 0 0
84 0 0
85 0 0
86 0 0
87 0 0
88 0 0
89 0 0
90 0 0
91 0 0
92 0 0
93 0 0
94 0 0
95 0 0
96 0 0
97 0 0
98 0 0
99 0 0
100 0 0

birth 1 F single 0
1 0 0
2 0 0
3 0 0
4 0 0
5 0 0
6 0 0
7 0 0
8 0 0
9 0 0
10 0 0
11 0 0
12 0 0
13 0 0
14 0 0
15 0 0.000009076
16 0 0.0000615956666666667
17 0 0.000199723416666667
18 0 0.00039244875
19 0 0.000793765916666667
20 0 0.00145255983333333
21 0 0.00236503333333333
22 0 0.00306159133333333
23 0 0.00389461841666667
24 0 0.0048453575
25 0 0.00594733475
26 0 0.00716159566666667
27 0 0.00844965525
28 0 0.00980489333333333
29 0 0.0108835618333333
30 0 0.011923493
31 0 0.0120210976666667
32 0 0.01184453375
33 0 0.0109846720833333
34 0 0.00992245933333333
35 0 0.00872622266666667
36 0 0.007128905
37 0 0.00580426033333333
38 0 0.00460129316666667
39 0 0.00346793033333333
40 0 0.00249974058333333
41 0 0.00162678225
42 0 0.00106930675
43 0 0.000606426416666667
44 0 0.000296356
45 0 0.00012584625
46 0 0.0000655124166666667
47 0 0.000025
48 0 0.0000101153333333333
49 0 0.00000655
50 0 0
51 0 0
52 0 0
53 0 0
54 0 0
55 0 0
56 0 0
57 0 0
58 0 0
59 0 0
60 0 0
61 0 0
62 0 0
63 0 0
64 0 0
65 0 0
66 0 0
67 0 0
68 0 0
69 0 0
70 0 0
71 0 0
72 0 0
73 0 0
74 0 0
75 0 0
76 0 0
77 0 0
78 0 0
79 0 0
80 0 0
81 0 0
82 0 0
83 0 0
84 0 0
85 0 0
86 0 0
87 0 0
88 0 0
89 0 0
90 0 0
91 0 0
92 0 0
93 0 0
94 0 0
95 0 0
96 0 0
97 0 0
98 0 0
99 0 0
100 0 0
