*Period fertility rates for SWE in 1800 
* Mon Dec 20 14:21:53 2010
birth 1 F married 0
1 0 0
2 0 0
3 0 0
4 0 0
5 0 0
6 0 0
7 0 0
8 0 0
9 0 0
10 0 0
11 0 0
12 0 0
13 0 0
14 0 0.000002275
15 0 0.000052325
16 0 0.0002422875
17 0 0.0007314125
18 0 0.0017892875
19 0 0.0038686375
20 0 0.006945575
21 0 0.009448075
22 0 0.01243515
23 0 0.0146635125
24 0 0.017783675
25 0 0.020111
26 0 0.021664825
27 0 0.0229285875
28 0 0.0233597
29 0 0.0242879
30 0 0.025541425
31 0 0.02431975
32 0 0.024297
33 0 0.0238727125
34 0 0.0225987125
35 0 0.02308215
36 0 0.0223041
37 0 0.0219492
38 0 0.0193841375
39 0 0.01903265
40 0 0.01744015
41 0 0.0144860625
42 0 0.011991525
43 0 0.0096551
44 0 0.00654745
45 0 0.004097275
46 0 0.002377375
47 0 0.0011067875
48 0 0.0006381375
49 0 0.0002093
50 0 0
51 0 0
52 0 0
53 0 0
54 0 0
55 0 0
56 0 0
57 0 0
58 0 0
59 0 0
60 0 0
61 0 0
62 0 0
63 0 0
64 0 0
65 0 0
66 0 0
67 0 0
68 0 0
69 0 0
70 0 0
71 0 0
72 0 0
73 0 0
74 0 0
75 0 0
76 0 0
77 0 0
78 0 0
79 0 0
80 0 0
81 0 0
82 0 0
83 0 0
84 0 0
85 0 0
86 0 0
87 0 0
88 0 0
89 0 0
90 0 0
91 0 0
92 0 0
93 0 0
94 0 0
95 0 0
96 0 0
97 0 0
98 0 0
99 0 0
100 0 0

birth 1 F single 0
1 0 0
2 0 0
3 0 0
4 0 0
5 0 0
6 0 0
7 0 0
8 0 0
9 0 0
10 0 0
11 0 0
12 0 0
13 0 0
14 0 0.000002275
15 0 0.000052325
16 0 0.0002422875
17 0 0.0007314125
18 0 0.0017892875
19 0 0.0038686375
20 0 0.006945575
21 0 0.009448075
22 0 0.01243515
23 0 0.0146635125
24 0 0.017783675
25 0 0.020111
26 0 0.021664825
27 0 0.0229285875
28 0 0.0233597
29 0 0.0242879
30 0 0.025541425
31 0 0.02431975
32 0 0.024297
33 0 0.0238727125
34 0 0.0225987125
35 0 0.02308215
36 0 0.0223041
37 0 0.0219492
38 0 0.0193841375
39 0 0.01903265
40 0 0.01744015
41 0 0.0144860625
42 0 0.011991525
43 0 0.0096551
44 0 0.00654745
45 0 0.004097275
46 0 0.002377375
47 0 0.0011067875
48 0 0.0006381375
49 0 0.0002093
50 0 0
51 0 0
52 0 0
53 0 0
54 0 0
55 0 0
56 0 0
57 0 0
58 0 0
59 0 0
60 0 0
61 0 0
62 0 0
63 0 0
64 0 0
65 0 0
66 0 0
67 0 0
68 0 0
69 0 0
70 0 0
71 0 0
72 0 0
73 0 0
74 0 0
75 0 0
76 0 0
77 0 0
78 0 0
79 0 0
80 0 0
81 0 0
82 0 0
83 0 0
84 0 0
85 0 0
86 0 0
87 0 0
88 0 0
89 0 0
90 0 0
91 0 0
92 0 0
93 0 0
94 0 0
95 0 0
96 0 0
97 0 0
98 0 0
99 0 0
100 0 0
