*Period fertility rates for SWE in 1823 
* Mon Dec 20 14:21:54 2010
birth 1 F married 0
1 0 0
2 0 0
3 0 0
4 0 0
5 0 0
6 0 0
7 0 0
8 0 0
9 0 0
10 0 0
11 0 0
12 0 0
13 0 0
14 0 0.0000017
15 0 0.0000391
16 0 0.00018105
17 0 0.00054655
18 0 0.00133705
19 0 0.00289085
20 0 0.0051901
21 0 0.0070601
22 0 0.0092922
23 0 0.01095735
24 0 0.0132889
25 0 0.015028
26 0 0.0161891
27 0 0.01713345
28 0 0.0174556
29 0 0.0181492
30 0 0.0190859
31 0 0.018173
32 0 0.018156
33 0 0.01783895
34 0 0.01688695
35 0 0.0172482
36 0 0.0166668
37 0 0.0164016
38 0 0.01448485
39 0 0.0142222
40 0 0.0130322
41 0 0.01082475
42 0 0.0089607
43 0 0.0072148
44 0 0.0048926
45 0 0.0030617
46 0 0.0017765
47 0 0.00082705
48 0 0.00047685
49 0 0.0001564
50 0 0
51 0 0
52 0 0
53 0 0
54 0 0
55 0 0
56 0 0
57 0 0
58 0 0
59 0 0
60 0 0
61 0 0
62 0 0
63 0 0
64 0 0
65 0 0
66 0 0
67 0 0
68 0 0
69 0 0
70 0 0
71 0 0
72 0 0
73 0 0
74 0 0
75 0 0
76 0 0
77 0 0
78 0 0
79 0 0
80 0 0
81 0 0
82 0 0
83 0 0
84 0 0
85 0 0
86 0 0
87 0 0
88 0 0
89 0 0
90 0 0
91 0 0
92 0 0
93 0 0
94 0 0
95 0 0
96 0 0
97 0 0
98 0 0
99 0 0
100 0 0

birth 1 F single 0
1 0 0
2 0 0
3 0 0
4 0 0
5 0 0
6 0 0
7 0 0
8 0 0
9 0 0
10 0 0
11 0 0
12 0 0
13 0 0
14 0 0.0000017
15 0 0.0000391
16 0 0.00018105
17 0 0.00054655
18 0 0.00133705
19 0 0.00289085
20 0 0.0051901
21 0 0.0070601
22 0 0.0092922
23 0 0.01095735
24 0 0.0132889
25 0 0.015028
26 0 0.0161891
27 0 0.01713345
28 0 0.0174556
29 0 0.0181492
30 0 0.0190859
31 0 0.018173
32 0 0.018156
33 0 0.01783895
34 0 0.01688695
35 0 0.0172482
36 0 0.0166668
37 0 0.0164016
38 0 0.01448485
39 0 0.0142222
40 0 0.0130322
41 0 0.01082475
42 0 0.0089607
43 0 0.0072148
44 0 0.0048926
45 0 0.0030617
46 0 0.0017765
47 0 0.00082705
48 0 0.00047685
49 0 0.0001564
50 0 0
51 0 0
52 0 0
53 0 0
54 0 0
55 0 0
56 0 0
57 0 0
58 0 0
59 0 0
60 0 0
61 0 0
62 0 0
63 0 0
64 0 0
65 0 0
66 0 0
67 0 0
68 0 0
69 0 0
70 0 0
71 0 0
72 0 0
73 0 0
74 0 0
75 0 0
76 0 0
77 0 0
78 0 0
79 0 0
80 0 0
81 0 0
82 0 0
83 0 0
84 0 0
85 0 0
86 0 0
87 0 0
88 0 0
89 0 0
90 0 0
91 0 0
92 0 0
93 0 0
94 0 0
95 0 0
96 0 0
97 0 0
98 0 0
99 0 0
100 0 0
