*Period fertility rates for SWE in 1939 
* Mon Dec 20 14:21:53 2010
birth 1 F married 0
1 0 0
2 0 0
3 0 0
4 0 0
5 0 0
6 0 0
7 0 0
8 0 0
9 0 0
10 0 0
11 0 0
12 0 0
13 0 0
14 0 0.00001
15 0 0.0000783333333333333
16 0 0.000379166666666667
17 0 0.00132833333333333
18 0 0.00268166666666667
19 0 0.00449583333333333
20 0 0.0056375
21 0 0.00669916666666667
22 0 0.00731333333333333
23 0 0.00793083333333333
24 0 0.00849
25 0 0.0087725
26 0 0.00884666666666667
27 0 0.0089
28 0 0.00856416666666667
29 0 0.00866666666666667
30 0 0.00796833333333333
31 0 0.00759416666666667
32 0 0.00738
33 0 0.00668166666666667
34 0 0.006235
35 0 0.00583833333333333
36 0 0.00520166666666667
37 0 0.00442666666666667
38 0 0.00386083333333333
39 0 0.0034025
40 0 0.0029525
41 0 0.00231583333333333
42 0 0.00169833333333333
43 0 0.00126333333333333
44 0 0.00075
45 0 0.0005025
46 0 0.0002775
47 0 0.000120833333333333
48 0 0.0000458333333333333
49 0 0.00000833333333333333
50 0 0
51 0 0
52 0 0
53 0 0
54 0 0
55 0 0
56 0 0
57 0 0
58 0 0
59 0 0
60 0 0
61 0 0
62 0 0
63 0 0
64 0 0
65 0 0
66 0 0
67 0 0
68 0 0
69 0 0
70 0 0
71 0 0
72 0 0
73 0 0
74 0 0
75 0 0
76 0 0
77 0 0
78 0 0
79 0 0
80 0 0
81 0 0
82 0 0
83 0 0
84 0 0
85 0 0
86 0 0
87 0 0
88 0 0
89 0 0
90 0 0
91 0 0
92 0 0
93 0 0
94 0 0
95 0 0
96 0 0
97 0 0
98 0 0
99 0 0
100 0 0

birth 1 F single 0
1 0 0
2 0 0
3 0 0
4 0 0
5 0 0
6 0 0
7 0 0
8 0 0
9 0 0
10 0 0
11 0 0
12 0 0
13 0 0
14 0 0.00001
15 0 0.0000783333333333333
16 0 0.000379166666666667
17 0 0.00132833333333333
18 0 0.00268166666666667
19 0 0.00449583333333333
20 0 0.0056375
21 0 0.00669916666666667
22 0 0.00731333333333333
23 0 0.00793083333333333
24 0 0.00849
25 0 0.0087725
26 0 0.00884666666666667
27 0 0.0089
28 0 0.00856416666666667
29 0 0.00866666666666667
30 0 0.00796833333333333
31 0 0.00759416666666667
32 0 0.00738
33 0 0.00668166666666667
34 0 0.006235
35 0 0.00583833333333333
36 0 0.00520166666666667
37 0 0.00442666666666667
38 0 0.00386083333333333
39 0 0.0034025
40 0 0.0029525
41 0 0.00231583333333333
42 0 0.00169833333333333
43 0 0.00126333333333333
44 0 0.00075
45 0 0.0005025
46 0 0.0002775
47 0 0.000120833333333333
48 0 0.0000458333333333333
49 0 0.00000833333333333333
50 0 0
51 0 0
52 0 0
53 0 0
54 0 0
55 0 0
56 0 0
57 0 0
58 0 0
59 0 0
60 0 0
61 0 0
62 0 0
63 0 0
64 0 0
65 0 0
66 0 0
67 0 0
68 0 0
69 0 0
70 0 0
71 0 0
72 0 0
73 0 0
74 0 0
75 0 0
76 0 0
77 0 0
78 0 0
79 0 0
80 0 0
81 0 0
82 0 0
83 0 0
84 0 0
85 0 0
86 0 0
87 0 0
88 0 0
89 0 0
90 0 0
91 0 0
92 0 0
93 0 0
94 0 0
95 0 0
96 0 0
97 0 0
98 0 0
99 0 0
100 0 0
