*Period fertility rates for SWE in 1969 
* Mon Dec 20 14:21:53 2010
birth 1 F married 0
1 0 0
2 0 0
3 0 0
4 0 0
5 0 0
6 0 0
7 0 0
8 0 0
9 0 0
10 0 0
11 0 0
12 0 0
13 0 0
14 0 0.0000191666666666667
15 0 0.00018
16 0 0.000896666666666667
17 0 0.00247166666666667
18 0 0.00437916666666667
19 0 0.0060875
20 0 0.00749583333333333
21 0 0.0088175
22 0 0.0100666666666667
23 0 0.0108475
24 0 0.01136
25 0 0.0119075
26 0 0.0112533333333333
27 0 0.0109383333333333
28 0 0.009945
29 0 0.0091075
30 0 0.0077375
31 0 0.00681916666666667
32 0 0.00586166666666667
33 0 0.00487083333333333
34 0 0.00424833333333333
35 0 0.003345
36 0 0.00281166666666667
37 0 0.00242333333333333
38 0 0.00184916666666667
39 0 0.00140666666666667
40 0 0.00111333333333333
41 0 0.000821666666666667
42 0 0.000456666666666667
43 0 0.000323333333333333
44 0 0.000214166666666667
45 0 0.0000933333333333333
46 0 0.0000475
47 0 0.00002
48 0 0.00001
49 0 0.00000333333333333333
50 0 0
51 0 0
52 0 0
53 0 0
54 0 0
55 0 0
56 0 0
57 0 0
58 0 0
59 0 0
60 0 0
61 0 0
62 0 0
63 0 0
64 0 0
65 0 0
66 0 0
67 0 0
68 0 0
69 0 0
70 0 0
71 0 0
72 0 0
73 0 0
74 0 0
75 0 0
76 0 0
77 0 0
78 0 0
79 0 0
80 0 0
81 0 0
82 0 0
83 0 0
84 0 0
85 0 0
86 0 0
87 0 0
88 0 0
89 0 0
90 0 0
91 0 0
92 0 0
93 0 0
94 0 0
95 0 0
96 0 0
97 0 0
98 0 0
99 0 0
100 0 0

birth 1 F single 0
1 0 0
2 0 0
3 0 0
4 0 0
5 0 0
6 0 0
7 0 0
8 0 0
9 0 0
10 0 0
11 0 0
12 0 0
13 0 0
14 0 0.0000191666666666667
15 0 0.00018
16 0 0.000896666666666667
17 0 0.00247166666666667
18 0 0.00437916666666667
19 0 0.0060875
20 0 0.00749583333333333
21 0 0.0088175
22 0 0.0100666666666667
23 0 0.0108475
24 0 0.01136
25 0 0.0119075
26 0 0.0112533333333333
27 0 0.0109383333333333
28 0 0.009945
29 0 0.0091075
30 0 0.0077375
31 0 0.00681916666666667
32 0 0.00586166666666667
33 0 0.00487083333333333
34 0 0.00424833333333333
35 0 0.003345
36 0 0.00281166666666667
37 0 0.00242333333333333
38 0 0.00184916666666667
39 0 0.00140666666666667
40 0 0.00111333333333333
41 0 0.000821666666666667
42 0 0.000456666666666667
43 0 0.000323333333333333
44 0 0.000214166666666667
45 0 0.0000933333333333333
46 0 0.0000475
47 0 0.00002
48 0 0.00001
49 0 0.00000333333333333333
50 0 0
51 0 0
52 0 0
53 0 0
54 0 0
55 0 0
56 0 0
57 0 0
58 0 0
59 0 0
60 0 0
61 0 0
62 0 0
63 0 0
64 0 0
65 0 0
66 0 0
67 0 0
68 0 0
69 0 0
70 0 0
71 0 0
72 0 0
73 0 0
74 0 0
75 0 0
76 0 0
77 0 0
78 0 0
79 0 0
80 0 0
81 0 0
82 0 0
83 0 0
84 0 0
85 0 0
86 0 0
87 0 0
88 0 0
89 0 0
90 0 0
91 0 0
92 0 0
93 0 0
94 0 0
95 0 0
96 0 0
97 0 0
98 0 0
99 0 0
100 0 0
