*Period fertility rates for SWE in 2042 
* Mon Dec 20 14:21:54 2010
birth 1 F married 0
1 0 0
2 0 0
3 0 0
4 0 0
5 0 0
6 0 0
7 0 0
8 0 0
9 0 0
10 0 0
11 0 0
12 0 0
13 0 0
14 0 0
15 0 0.000009098
16 0 0.0000616648333333333
17 0 0.00019982225
18 0 0.0003925195
19 0 0.000793635083333333
20 0 0.00145205833333333
21 0 0.00236395475
22 0 0.00305993716666667
23 0 0.00389280075
24 0 0.0048436705
25 0 0.00594623975
26 0 0.00716163266666667
27 0 0.00845172533333333
28 0 0.00980783066666667
29 0 0.0108862495
30 0 0.01192511025
31 0 0.0120223463333333
32 0 0.0118444725
33 0 0.01098697875
34 0 0.00992521191666667
35 0 0.008727435
36 0 0.00713919225
37 0 0.00582974525
38 0 0.00461981575
39 0 0.00349015708333333
40 0 0.00251432258333333
41 0 0.00164617641666667
42 0 0.00108722925
43 0 0.000615784083333333
44 0 0.000297623166666667
45 0 0.00012840225
46 0 0.000067169
47 0 0.000025
48 0 0.0000103274166666667
49 0 0.00000638333333333333
50 0 0
51 0 0
52 0 0
53 0 0
54 0 0
55 0 0
56 0 0
57 0 0
58 0 0
59 0 0
60 0 0
61 0 0
62 0 0
63 0 0
64 0 0
65 0 0
66 0 0
67 0 0
68 0 0
69 0 0
70 0 0
71 0 0
72 0 0
73 0 0
74 0 0
75 0 0
76 0 0
77 0 0
78 0 0
79 0 0
80 0 0
81 0 0
82 0 0
83 0 0
84 0 0
85 0 0
86 0 0
87 0 0
88 0 0
89 0 0
90 0 0
91 0 0
92 0 0
93 0 0
94 0 0
95 0 0
96 0 0
97 0 0
98 0 0
99 0 0
100 0 0

birth 1 F single 0
1 0 0
2 0 0
3 0 0
4 0 0
5 0 0
6 0 0
7 0 0
8 0 0
9 0 0
10 0 0
11 0 0
12 0 0
13 0 0
14 0 0
15 0 0.000009098
16 0 0.0000616648333333333
17 0 0.00019982225
18 0 0.0003925195
19 0 0.000793635083333333
20 0 0.00145205833333333
21 0 0.00236395475
22 0 0.00305993716666667
23 0 0.00389280075
24 0 0.0048436705
25 0 0.00594623975
26 0 0.00716163266666667
27 0 0.00845172533333333
28 0 0.00980783066666667
29 0 0.0108862495
30 0 0.01192511025
31 0 0.0120223463333333
32 0 0.0118444725
33 0 0.01098697875
34 0 0.00992521191666667
35 0 0.008727435
36 0 0.00713919225
37 0 0.00582974525
38 0 0.00461981575
39 0 0.00349015708333333
40 0 0.00251432258333333
41 0 0.00164617641666667
42 0 0.00108722925
43 0 0.000615784083333333
44 0 0.000297623166666667
45 0 0.00012840225
46 0 0.000067169
47 0 0.000025
48 0 0.0000103274166666667
49 0 0.00000638333333333333
50 0 0
51 0 0
52 0 0
53 0 0
54 0 0
55 0 0
56 0 0
57 0 0
58 0 0
59 0 0
60 0 0
61 0 0
62 0 0
63 0 0
64 0 0
65 0 0
66 0 0
67 0 0
68 0 0
69 0 0
70 0 0
71 0 0
72 0 0
73 0 0
74 0 0
75 0 0
76 0 0
77 0 0
78 0 0
79 0 0
80 0 0
81 0 0
82 0 0
83 0 0
84 0 0
85 0 0
86 0 0
87 0 0
88 0 0
89 0 0
90 0 0
91 0 0
92 0 0
93 0 0
94 0 0
95 0 0
96 0 0
97 0 0
98 0 0
99 0 0
100 0 0
