*Period fertility rates for SWE in 2065 
* Mon Dec 20 14:21:54 2010
birth 1 F married 0
1 0 0
2 0 0
3 0 0
4 0 0
5 0 0
6 0 0
7 0 0
8 0 0
9 0 0
10 0 0
11 0 0
12 0 0
13 0 0
14 0 0
15 0 0.00000906791666666667
16 0 0.0000615698333333333
17 0 0.00019968375
18 0 0.000392415916666667
19 0 0.000793821916666667
20 0 0.00145283866666667
21 0 0.002365779
22 0 0.00306311475
23 0 0.00389703375
24 0 0.00484890716666667
25 0 0.00595210133333333
26 0 0.00716719533333333
27 0 0.00845463616666667
28 0 0.00980929866666667
29 0 0.0108863586666667
30 0 0.011923451
31 0 0.0120207771666667
32 0 0.0118430631666667
33 0 0.0109839274166667
34 0 0.009921929
35 0 0.00872597216666667
36 0 0.00712864083333333
37 0 0.00580265025
38 0 0.00459987475
39 0 0.00346528733333333
40 0 0.00249820333333333
41 0 0.00162440975
42 0 0.0010672685
43 0 0.000605612666666667
44 0 0.000296218833333333
45 0 0.00012565125
46 0 0.0000654246666666667
47 0 0.000025
48 0 0.0000101246666666667
49 0 0.00000653333333333333
50 0 0
51 0 0
52 0 0
53 0 0
54 0 0
55 0 0
56 0 0
57 0 0
58 0 0
59 0 0
60 0 0
61 0 0
62 0 0
63 0 0
64 0 0
65 0 0
66 0 0
67 0 0
68 0 0
69 0 0
70 0 0
71 0 0
72 0 0
73 0 0
74 0 0
75 0 0
76 0 0
77 0 0
78 0 0
79 0 0
80 0 0
81 0 0
82 0 0
83 0 0
84 0 0
85 0 0
86 0 0
87 0 0
88 0 0
89 0 0
90 0 0
91 0 0
92 0 0
93 0 0
94 0 0
95 0 0
96 0 0
97 0 0
98 0 0
99 0 0
100 0 0

birth 1 F single 0
1 0 0
2 0 0
3 0 0
4 0 0
5 0 0
6 0 0
7 0 0
8 0 0
9 0 0
10 0 0
11 0 0
12 0 0
13 0 0
14 0 0
15 0 0.00000906791666666667
16 0 0.0000615698333333333
17 0 0.00019968375
18 0 0.000392415916666667
19 0 0.000793821916666667
20 0 0.00145283866666667
21 0 0.002365779
22 0 0.00306311475
23 0 0.00389703375
24 0 0.00484890716666667
25 0 0.00595210133333333
26 0 0.00716719533333333
27 0 0.00845463616666667
28 0 0.00980929866666667
29 0 0.0108863586666667
30 0 0.011923451
31 0 0.0120207771666667
32 0 0.0118430631666667
33 0 0.0109839274166667
34 0 0.009921929
35 0 0.00872597216666667
36 0 0.00712864083333333
37 0 0.00580265025
38 0 0.00459987475
39 0 0.00346528733333333
40 0 0.00249820333333333
41 0 0.00162440975
42 0 0.0010672685
43 0 0.000605612666666667
44 0 0.000296218833333333
45 0 0.00012565125
46 0 0.0000654246666666667
47 0 0.000025
48 0 0.0000101246666666667
49 0 0.00000653333333333333
50 0 0
51 0 0
52 0 0
53 0 0
54 0 0
55 0 0
56 0 0
57 0 0
58 0 0
59 0 0
60 0 0
61 0 0
62 0 0
63 0 0
64 0 0
65 0 0
66 0 0
67 0 0
68 0 0
69 0 0
70 0 0
71 0 0
72 0 0
73 0 0
74 0 0
75 0 0
76 0 0
77 0 0
78 0 0
79 0 0
80 0 0
81 0 0
82 0 0
83 0 0
84 0 0
85 0 0
86 0 0
87 0 0
88 0 0
89 0 0
90 0 0
91 0 0
92 0 0
93 0 0
94 0 0
95 0 0
96 0 0
97 0 0
98 0 0
99 0 0
100 0 0
