*Period fertility rates for SWE in 2064 
* Mon Dec 20 14:21:54 2010
birth 1 F married 0
1 0 0
2 0 0
3 0 0
4 0 0
5 0 0
6 0 0
7 0 0
8 0 0
9 0 0
10 0 0
11 0 0
12 0 0
13 0 0
14 0 0
15 0 0.00000906758333333333
16 0 0.0000615705833333333
17 0 0.000199690333333333
18 0 0.0003924405
19 0 0.000793927916666667
20 0 0.00145302391666667
21 0 0.00236612166666667
22 0 0.00306373891666667
23 0 0.00389792708333333
24 0 0.00485010325
25 0 0.00595356908333333
26 0 0.00716875983333333
27 0 0.00845588
28 0 0.00981025975
29 0 0.01088688375
30 0 0.01192344475
31 0 0.0120207425
32 0 0.01184298975
33 0 0.0109839554166667
34 0 0.00992205091666667
35 0 0.00872627858333333
36 0 0.007128262
37 0 0.00580173716666667
38 0 0.00459936025
39 0 0.0034645755
40 0 0.00249789175
41 0 0.001624042
42 0 0.00106702808333333
43 0 0.000605558666666667
44 0 0.00029621675
45 0 0.0001256635
46 0 0.0000654435833333333
47 0 0.000025
48 0 0.0000101341666666667
49 0 0.00000651666666666667
50 0 0
51 0 0
52 0 0
53 0 0
54 0 0
55 0 0
56 0 0
57 0 0
58 0 0
59 0 0
60 0 0
61 0 0
62 0 0
63 0 0
64 0 0
65 0 0
66 0 0
67 0 0
68 0 0
69 0 0
70 0 0
71 0 0
72 0 0
73 0 0
74 0 0
75 0 0
76 0 0
77 0 0
78 0 0
79 0 0
80 0 0
81 0 0
82 0 0
83 0 0
84 0 0
85 0 0
86 0 0
87 0 0
88 0 0
89 0 0
90 0 0
91 0 0
92 0 0
93 0 0
94 0 0
95 0 0
96 0 0
97 0 0
98 0 0
99 0 0
100 0 0

birth 1 F single 0
1 0 0
2 0 0
3 0 0
4 0 0
5 0 0
6 0 0
7 0 0
8 0 0
9 0 0
10 0 0
11 0 0
12 0 0
13 0 0
14 0 0
15 0 0.00000906758333333333
16 0 0.0000615705833333333
17 0 0.000199690333333333
18 0 0.0003924405
19 0 0.000793927916666667
20 0 0.00145302391666667
21 0 0.00236612166666667
22 0 0.00306373891666667
23 0 0.00389792708333333
24 0 0.00485010325
25 0 0.00595356908333333
26 0 0.00716875983333333
27 0 0.00845588
28 0 0.00981025975
29 0 0.01088688375
30 0 0.01192344475
31 0 0.0120207425
32 0 0.01184298975
33 0 0.0109839554166667
34 0 0.00992205091666667
35 0 0.00872627858333333
36 0 0.007128262
37 0 0.00580173716666667
38 0 0.00459936025
39 0 0.0034645755
40 0 0.00249789175
41 0 0.001624042
42 0 0.00106702808333333
43 0 0.000605558666666667
44 0 0.00029621675
45 0 0.0001256635
46 0 0.0000654435833333333
47 0 0.000025
48 0 0.0000101341666666667
49 0 0.00000651666666666667
50 0 0
51 0 0
52 0 0
53 0 0
54 0 0
55 0 0
56 0 0
57 0 0
58 0 0
59 0 0
60 0 0
61 0 0
62 0 0
63 0 0
64 0 0
65 0 0
66 0 0
67 0 0
68 0 0
69 0 0
70 0 0
71 0 0
72 0 0
73 0 0
74 0 0
75 0 0
76 0 0
77 0 0
78 0 0
79 0 0
80 0 0
81 0 0
82 0 0
83 0 0
84 0 0
85 0 0
86 0 0
87 0 0
88 0 0
89 0 0
90 0 0
91 0 0
92 0 0
93 0 0
94 0 0
95 0 0
96 0 0
97 0 0
98 0 0
99 0 0
100 0 0
