*Period fertility rates for SWE in 1968 
* Mon Dec 20 14:21:53 2010
birth 1 F married 0
1 0 0
2 0 0
3 0 0
4 0 0
5 0 0
6 0 0
7 0 0
8 0 0
9 0 0
10 0 0
11 0 0
12 0 0
13 0 0
14 0 0.0000308333333333333
15 0 0.000204166666666667
16 0 0.00113333333333333
17 0 0.00309
18 0 0.00505416666666667
19 0 0.00698916666666667
20 0 0.00819583333333333
21 0 0.00951833333333333
22 0 0.0107383333333333
23 0 0.0113858333333333
24 0 0.0120083333333333
25 0 0.0123941666666667
26 0 0.0122833333333333
27 0 0.0112641666666667
28 0 0.0106758333333333
29 0 0.00938333333333333
30 0 0.0082725
31 0 0.0072275
32 0 0.00607916666666667
33 0 0.005395
34 0 0.00452666666666667
35 0 0.00380333333333333
36 0 0.00321166666666667
37 0 0.0026625
38 0 0.00208916666666667
39 0 0.0016075
40 0 0.00114916666666667
41 0 0.000850833333333333
42 0 0.000538333333333333
43 0 0.000291666666666667
44 0 0.000216666666666667
45 0 0.0000758333333333333
46 0 0.0000366666666666667
47 0 0.0000141666666666667
48 0 0.0000075
49 0 0.00000666666666666667
50 0 0
51 0 0
52 0 0
53 0 0
54 0 0
55 0 0
56 0 0
57 0 0
58 0 0
59 0 0
60 0 0
61 0 0
62 0 0
63 0 0
64 0 0
65 0 0
66 0 0
67 0 0
68 0 0
69 0 0
70 0 0
71 0 0
72 0 0
73 0 0
74 0 0
75 0 0
76 0 0
77 0 0
78 0 0
79 0 0
80 0 0
81 0 0
82 0 0
83 0 0
84 0 0
85 0 0
86 0 0
87 0 0
88 0 0
89 0 0
90 0 0
91 0 0
92 0 0
93 0 0
94 0 0
95 0 0
96 0 0
97 0 0
98 0 0
99 0 0
100 0 0

birth 1 F single 0
1 0 0
2 0 0
3 0 0
4 0 0
5 0 0
6 0 0
7 0 0
8 0 0
9 0 0
10 0 0
11 0 0
12 0 0
13 0 0
14 0 0.0000308333333333333
15 0 0.000204166666666667
16 0 0.00113333333333333
17 0 0.00309
18 0 0.00505416666666667
19 0 0.00698916666666667
20 0 0.00819583333333333
21 0 0.00951833333333333
22 0 0.0107383333333333
23 0 0.0113858333333333
24 0 0.0120083333333333
25 0 0.0123941666666667
26 0 0.0122833333333333
27 0 0.0112641666666667
28 0 0.0106758333333333
29 0 0.00938333333333333
30 0 0.0082725
31 0 0.0072275
32 0 0.00607916666666667
33 0 0.005395
34 0 0.00452666666666667
35 0 0.00380333333333333
36 0 0.00321166666666667
37 0 0.0026625
38 0 0.00208916666666667
39 0 0.0016075
40 0 0.00114916666666667
41 0 0.000850833333333333
42 0 0.000538333333333333
43 0 0.000291666666666667
44 0 0.000216666666666667
45 0 0.0000758333333333333
46 0 0.0000366666666666667
47 0 0.0000141666666666667
48 0 0.0000075
49 0 0.00000666666666666667
50 0 0
51 0 0
52 0 0
53 0 0
54 0 0
55 0 0
56 0 0
57 0 0
58 0 0
59 0 0
60 0 0
61 0 0
62 0 0
63 0 0
64 0 0
65 0 0
66 0 0
67 0 0
68 0 0
69 0 0
70 0 0
71 0 0
72 0 0
73 0 0
74 0 0
75 0 0
76 0 0
77 0 0
78 0 0
79 0 0
80 0 0
81 0 0
82 0 0
83 0 0
84 0 0
85 0 0
86 0 0
87 0 0
88 0 0
89 0 0
90 0 0
91 0 0
92 0 0
93 0 0
94 0 0
95 0 0
96 0 0
97 0 0
98 0 0
99 0 0
100 0 0
