*Period fertility rates for SWE in 1833 
* Mon Dec 20 14:21:54 2010
birth 1 F married 0
1 0 0
2 0 0
3 0 0
4 0 0
5 0 0
6 0 0
7 0 0
8 0 0
9 0 0
10 0 0
11 0 0
12 0 0
13 0 0
14 0 0.00000145
15 0 0.00003335
16 0 0.000154425
17 0 0.000466175
18 0 0.001140425
19 0 0.002465725
20 0 0.00442685
21 0 0.00602185
22 0 0.0079257
23 0 0.009345975
24 0 0.01133465
25 0 0.012818
26 0 0.01380835
27 0 0.014613825
28 0 0.0148886
29 0 0.0154802
30 0 0.01627915
31 0 0.0155005
32 0 0.015486
33 0 0.015215575
34 0 0.014403575
35 0 0.0147117
36 0 0.0142158
37 0 0.0139896
38 0 0.012354725
39 0 0.0121307
40 0 0.0111157
41 0 0.009232875
42 0 0.00764295
43 0 0.0061538
44 0 0.0041731
45 0 0.00261145
46 0 0.00151525
47 0 0.000705425
48 0 0.000406725
49 0 0.0001334
50 0 0
51 0 0
52 0 0
53 0 0
54 0 0
55 0 0
56 0 0
57 0 0
58 0 0
59 0 0
60 0 0
61 0 0
62 0 0
63 0 0
64 0 0
65 0 0
66 0 0
67 0 0
68 0 0
69 0 0
70 0 0
71 0 0
72 0 0
73 0 0
74 0 0
75 0 0
76 0 0
77 0 0
78 0 0
79 0 0
80 0 0
81 0 0
82 0 0
83 0 0
84 0 0
85 0 0
86 0 0
87 0 0
88 0 0
89 0 0
90 0 0
91 0 0
92 0 0
93 0 0
94 0 0
95 0 0
96 0 0
97 0 0
98 0 0
99 0 0
100 0 0

birth 1 F single 0
1 0 0
2 0 0
3 0 0
4 0 0
5 0 0
6 0 0
7 0 0
8 0 0
9 0 0
10 0 0
11 0 0
12 0 0
13 0 0
14 0 0.00000145
15 0 0.00003335
16 0 0.000154425
17 0 0.000466175
18 0 0.001140425
19 0 0.002465725
20 0 0.00442685
21 0 0.00602185
22 0 0.0079257
23 0 0.009345975
24 0 0.01133465
25 0 0.012818
26 0 0.01380835
27 0 0.014613825
28 0 0.0148886
29 0 0.0154802
30 0 0.01627915
31 0 0.0155005
32 0 0.015486
33 0 0.015215575
34 0 0.014403575
35 0 0.0147117
36 0 0.0142158
37 0 0.0139896
38 0 0.012354725
39 0 0.0121307
40 0 0.0111157
41 0 0.009232875
42 0 0.00764295
43 0 0.0061538
44 0 0.0041731
45 0 0.00261145
46 0 0.00151525
47 0 0.000705425
48 0 0.000406725
49 0 0.0001334
50 0 0
51 0 0
52 0 0
53 0 0
54 0 0
55 0 0
56 0 0
57 0 0
58 0 0
59 0 0
60 0 0
61 0 0
62 0 0
63 0 0
64 0 0
65 0 0
66 0 0
67 0 0
68 0 0
69 0 0
70 0 0
71 0 0
72 0 0
73 0 0
74 0 0
75 0 0
76 0 0
77 0 0
78 0 0
79 0 0
80 0 0
81 0 0
82 0 0
83 0 0
84 0 0
85 0 0
86 0 0
87 0 0
88 0 0
89 0 0
90 0 0
91 0 0
92 0 0
93 0 0
94 0 0
95 0 0
96 0 0
97 0 0
98 0 0
99 0 0
100 0 0
