*Period fertility rates for SWE in 1793 
* Mon Dec 20 14:21:53 2010
birth 1 F married 0
1 0 0
2 0 0
3 0 0
4 0 0
5 0 0
6 0 0
7 0 0
8 0 0
9 0 0
10 0 0
11 0 0
12 0 0
13 0 0
14 0 0.00000245
15 0 0.00005635
16 0 0.000260925
17 0 0.000787675
18 0 0.001926925
19 0 0.004166225
20 0 0.00747985
21 0 0.01017485
22 0 0.0133917
23 0 0.015791475
24 0 0.01915165
25 0 0.021658
26 0 0.02333135
27 0 0.024692325
28 0 0.0251566
29 0 0.0261562
30 0 0.02750615
31 0 0.0261905
32 0 0.026166
33 0 0.025709075
34 0 0.024337075
35 0 0.0248577
36 0 0.0240198
37 0 0.0236376
38 0 0.020875225
39 0 0.0204967
40 0 0.0187817
41 0 0.015600375
42 0 0.01291395
43 0 0.0103978
44 0 0.0070511
45 0 0.00441245
46 0 0.00256025
47 0 0.001191925
48 0 0.000687225
49 0 0.0002254
50 0 0
51 0 0
52 0 0
53 0 0
54 0 0
55 0 0
56 0 0
57 0 0
58 0 0
59 0 0
60 0 0
61 0 0
62 0 0
63 0 0
64 0 0
65 0 0
66 0 0
67 0 0
68 0 0
69 0 0
70 0 0
71 0 0
72 0 0
73 0 0
74 0 0
75 0 0
76 0 0
77 0 0
78 0 0
79 0 0
80 0 0
81 0 0
82 0 0
83 0 0
84 0 0
85 0 0
86 0 0
87 0 0
88 0 0
89 0 0
90 0 0
91 0 0
92 0 0
93 0 0
94 0 0
95 0 0
96 0 0
97 0 0
98 0 0
99 0 0
100 0 0

birth 1 F single 0
1 0 0
2 0 0
3 0 0
4 0 0
5 0 0
6 0 0
7 0 0
8 0 0
9 0 0
10 0 0
11 0 0
12 0 0
13 0 0
14 0 0.00000245
15 0 0.00005635
16 0 0.000260925
17 0 0.000787675
18 0 0.001926925
19 0 0.004166225
20 0 0.00747985
21 0 0.01017485
22 0 0.0133917
23 0 0.015791475
24 0 0.01915165
25 0 0.021658
26 0 0.02333135
27 0 0.024692325
28 0 0.0251566
29 0 0.0261562
30 0 0.02750615
31 0 0.0261905
32 0 0.026166
33 0 0.025709075
34 0 0.024337075
35 0 0.0248577
36 0 0.0240198
37 0 0.0236376
38 0 0.020875225
39 0 0.0204967
40 0 0.0187817
41 0 0.015600375
42 0 0.01291395
43 0 0.0103978
44 0 0.0070511
45 0 0.00441245
46 0 0.00256025
47 0 0.001191925
48 0 0.000687225
49 0 0.0002254
50 0 0
51 0 0
52 0 0
53 0 0
54 0 0
55 0 0
56 0 0
57 0 0
58 0 0
59 0 0
60 0 0
61 0 0
62 0 0
63 0 0
64 0 0
65 0 0
66 0 0
67 0 0
68 0 0
69 0 0
70 0 0
71 0 0
72 0 0
73 0 0
74 0 0
75 0 0
76 0 0
77 0 0
78 0 0
79 0 0
80 0 0
81 0 0
82 0 0
83 0 0
84 0 0
85 0 0
86 0 0
87 0 0
88 0 0
89 0 0
90 0 0
91 0 0
92 0 0
93 0 0
94 0 0
95 0 0
96 0 0
97 0 0
98 0 0
99 0 0
100 0 0
