*Period fertility rates for SWE in 2024 
* Mon Dec 20 14:21:54 2010
birth 1 F married 0
1 0 0
2 0 0
3 0 0
4 0 0
5 0 0
6 0 0
7 0 0
8 0 0
9 0 0
10 0 0
11 0 0
12 0 0
13 0 0
14 0 0
15 0 0.0000110295
16 0 0.0000654685
17 0 0.000207173416666667
18 0 0.00040830175
19 0 0.0008512715
20 0 0.00153343816666667
21 0 0.00248997825
22 0 0.00323450325
23 0 0.00412056166666667
24 0 0.00509933441666667
25 0 0.00620294391666667
26 0 0.0073980405
27 0 0.00864916808333333
28 0 0.00994131125
29 0 0.0109630535
30 0 0.0119513710833333
31 0 0.01203699275
32 0 0.0118496480833333
33 0 0.0109932453333333
34 0 0.00993512416666667
35 0 0.00875200358333333
36 0 0.00717176558333333
37 0 0.00585600558333333
38 0 0.004657378
39 0 0.00354575408333333
40 0 0.00257870925
41 0 0.00171022433333333
42 0 0.0011373695
43 0 0.000645135666666667
44 0 0.000315473666666667
45 0 0.00013999875
46 0 0.00007797525
47 0 0.0000269271666666667
48 0 0.0000124443333333333
49 0 0.00000710833333333333
50 0 0
51 0 0
52 0 0
53 0 0
54 0 0
55 0 0
56 0 0
57 0 0
58 0 0
59 0 0
60 0 0
61 0 0
62 0 0
63 0 0
64 0 0
65 0 0
66 0 0
67 0 0
68 0 0
69 0 0
70 0 0
71 0 0
72 0 0
73 0 0
74 0 0
75 0 0
76 0 0
77 0 0
78 0 0
79 0 0
80 0 0
81 0 0
82 0 0
83 0 0
84 0 0
85 0 0
86 0 0
87 0 0
88 0 0
89 0 0
90 0 0
91 0 0
92 0 0
93 0 0
94 0 0
95 0 0
96 0 0
97 0 0
98 0 0
99 0 0
100 0 0

birth 1 F single 0
1 0 0
2 0 0
3 0 0
4 0 0
5 0 0
6 0 0
7 0 0
8 0 0
9 0 0
10 0 0
11 0 0
12 0 0
13 0 0
14 0 0
15 0 0.0000110295
16 0 0.0000654685
17 0 0.000207173416666667
18 0 0.00040830175
19 0 0.0008512715
20 0 0.00153343816666667
21 0 0.00248997825
22 0 0.00323450325
23 0 0.00412056166666667
24 0 0.00509933441666667
25 0 0.00620294391666667
26 0 0.0073980405
27 0 0.00864916808333333
28 0 0.00994131125
29 0 0.0109630535
30 0 0.0119513710833333
31 0 0.01203699275
32 0 0.0118496480833333
33 0 0.0109932453333333
34 0 0.00993512416666667
35 0 0.00875200358333333
36 0 0.00717176558333333
37 0 0.00585600558333333
38 0 0.004657378
39 0 0.00354575408333333
40 0 0.00257870925
41 0 0.00171022433333333
42 0 0.0011373695
43 0 0.000645135666666667
44 0 0.000315473666666667
45 0 0.00013999875
46 0 0.00007797525
47 0 0.0000269271666666667
48 0 0.0000124443333333333
49 0 0.00000710833333333333
50 0 0
51 0 0
52 0 0
53 0 0
54 0 0
55 0 0
56 0 0
57 0 0
58 0 0
59 0 0
60 0 0
61 0 0
62 0 0
63 0 0
64 0 0
65 0 0
66 0 0
67 0 0
68 0 0
69 0 0
70 0 0
71 0 0
72 0 0
73 0 0
74 0 0
75 0 0
76 0 0
77 0 0
78 0 0
79 0 0
80 0 0
81 0 0
82 0 0
83 0 0
84 0 0
85 0 0
86 0 0
87 0 0
88 0 0
89 0 0
90 0 0
91 0 0
92 0 0
93 0 0
94 0 0
95 0 0
96 0 0
97 0 0
98 0 0
99 0 0
100 0 0
