*Period fertility rates for SWE in 1812 
* Mon Dec 20 14:21:53 2010
birth 1 F married 0
1 0 0
2 0 0
3 0 0
4 0 0
5 0 0
6 0 0
7 0 0
8 0 0
9 0 0
10 0 0
11 0 0
12 0 0
13 0 0
14 0 0.000001975
15 0 0.000045425
16 0 0.0002103375
17 0 0.0006349625
18 0 0.0015533375
19 0 0.0033584875
20 0 0.006029675
21 0 0.008202175
22 0 0.01079535
23 0 0.0127298625
24 0 0.015438575
25 0 0.017459
26 0 0.018807925
27 0 0.0199050375
28 0 0.0202793
29 0 0.0210851
30 0 0.022173325
31 0 0.02111275
32 0 0.021093
33 0 0.0207246625
34 0 0.0196186625
35 0 0.02003835
36 0 0.0193629
37 0 0.0190548
38 0 0.0168279875
39 0 0.01652285
40 0 0.01514035
41 0 0.0125758125
42 0 0.010410225
43 0 0.0083819
44 0 0.00568405
45 0 0.003556975
46 0 0.002063875
47 0 0.0009608375
48 0 0.0005539875
49 0 0.0001817
50 0 0
51 0 0
52 0 0
53 0 0
54 0 0
55 0 0
56 0 0
57 0 0
58 0 0
59 0 0
60 0 0
61 0 0
62 0 0
63 0 0
64 0 0
65 0 0
66 0 0
67 0 0
68 0 0
69 0 0
70 0 0
71 0 0
72 0 0
73 0 0
74 0 0
75 0 0
76 0 0
77 0 0
78 0 0
79 0 0
80 0 0
81 0 0
82 0 0
83 0 0
84 0 0
85 0 0
86 0 0
87 0 0
88 0 0
89 0 0
90 0 0
91 0 0
92 0 0
93 0 0
94 0 0
95 0 0
96 0 0
97 0 0
98 0 0
99 0 0
100 0 0

birth 1 F single 0
1 0 0
2 0 0
3 0 0
4 0 0
5 0 0
6 0 0
7 0 0
8 0 0
9 0 0
10 0 0
11 0 0
12 0 0
13 0 0
14 0 0.000001975
15 0 0.000045425
16 0 0.0002103375
17 0 0.0006349625
18 0 0.0015533375
19 0 0.0033584875
20 0 0.006029675
21 0 0.008202175
22 0 0.01079535
23 0 0.0127298625
24 0 0.015438575
25 0 0.017459
26 0 0.018807925
27 0 0.0199050375
28 0 0.0202793
29 0 0.0210851
30 0 0.022173325
31 0 0.02111275
32 0 0.021093
33 0 0.0207246625
34 0 0.0196186625
35 0 0.02003835
36 0 0.0193629
37 0 0.0190548
38 0 0.0168279875
39 0 0.01652285
40 0 0.01514035
41 0 0.0125758125
42 0 0.010410225
43 0 0.0083819
44 0 0.00568405
45 0 0.003556975
46 0 0.002063875
47 0 0.0009608375
48 0 0.0005539875
49 0 0.0001817
50 0 0
51 0 0
52 0 0
53 0 0
54 0 0
55 0 0
56 0 0
57 0 0
58 0 0
59 0 0
60 0 0
61 0 0
62 0 0
63 0 0
64 0 0
65 0 0
66 0 0
67 0 0
68 0 0
69 0 0
70 0 0
71 0 0
72 0 0
73 0 0
74 0 0
75 0 0
76 0 0
77 0 0
78 0 0
79 0 0
80 0 0
81 0 0
82 0 0
83 0 0
84 0 0
85 0 0
86 0 0
87 0 0
88 0 0
89 0 0
90 0 0
91 0 0
92 0 0
93 0 0
94 0 0
95 0 0
96 0 0
97 0 0
98 0 0
99 0 0
100 0 0
