*Period fertility rates for SWE in 1898 
* Mon Dec 20 14:21:53 2010
birth 1 F married 0
1 0 0
2 0 0
3 0 0
4 0 0
5 0 0
6 0 0
7 0 0
8 0 0
9 0 0
10 0 0
11 0 0
12 0 0
13 0 0
14 0 0.0000116666666666667
15 0 0.00006
16 0 0.0002025
17 0 0.000800833333333333
18 0 0.0018675
19 0 0.00358166666666667
20 0 0.00564166666666667
21 0 0.007845
22 0 0.00996583333333333
23 0 0.0117291666666667
24 0 0.01333
25 0 0.0146825
26 0 0.0155233333333333
27 0 0.0164375
28 0 0.0168333333333333
29 0 0.0167233333333333
30 0 0.0167316666666667
31 0 0.0168558333333333
32 0 0.0174425
33 0 0.0166841666666667
34 0 0.0164541666666667
35 0 0.0160458333333333
36 0 0.0152266666666667
37 0 0.0145766666666667
38 0 0.013735
39 0 0.0123908333333333
40 0 0.0115191666666667
41 0 0.009695
42 0 0.00800666666666667
43 0 0.0062625
44 0 0.00435666666666667
45 0 0.00242416666666667
46 0 0.00148083333333333
47 0 0.000713333333333333
48 0 0.0002675
49 0 0.000101666666666667
50 0 0
51 0 0
52 0 0
53 0 0
54 0 0
55 0 0
56 0 0
57 0 0
58 0 0
59 0 0
60 0 0
61 0 0
62 0 0
63 0 0
64 0 0
65 0 0
66 0 0
67 0 0
68 0 0
69 0 0
70 0 0
71 0 0
72 0 0
73 0 0
74 0 0
75 0 0
76 0 0
77 0 0
78 0 0
79 0 0
80 0 0
81 0 0
82 0 0
83 0 0
84 0 0
85 0 0
86 0 0
87 0 0
88 0 0
89 0 0
90 0 0
91 0 0
92 0 0
93 0 0
94 0 0
95 0 0
96 0 0
97 0 0
98 0 0
99 0 0
100 0 0

birth 1 F single 0
1 0 0
2 0 0
3 0 0
4 0 0
5 0 0
6 0 0
7 0 0
8 0 0
9 0 0
10 0 0
11 0 0
12 0 0
13 0 0
14 0 0.0000116666666666667
15 0 0.00006
16 0 0.0002025
17 0 0.000800833333333333
18 0 0.0018675
19 0 0.00358166666666667
20 0 0.00564166666666667
21 0 0.007845
22 0 0.00996583333333333
23 0 0.0117291666666667
24 0 0.01333
25 0 0.0146825
26 0 0.0155233333333333
27 0 0.0164375
28 0 0.0168333333333333
29 0 0.0167233333333333
30 0 0.0167316666666667
31 0 0.0168558333333333
32 0 0.0174425
33 0 0.0166841666666667
34 0 0.0164541666666667
35 0 0.0160458333333333
36 0 0.0152266666666667
37 0 0.0145766666666667
38 0 0.013735
39 0 0.0123908333333333
40 0 0.0115191666666667
41 0 0.009695
42 0 0.00800666666666667
43 0 0.0062625
44 0 0.00435666666666667
45 0 0.00242416666666667
46 0 0.00148083333333333
47 0 0.000713333333333333
48 0 0.0002675
49 0 0.000101666666666667
50 0 0
51 0 0
52 0 0
53 0 0
54 0 0
55 0 0
56 0 0
57 0 0
58 0 0
59 0 0
60 0 0
61 0 0
62 0 0
63 0 0
64 0 0
65 0 0
66 0 0
67 0 0
68 0 0
69 0 0
70 0 0
71 0 0
72 0 0
73 0 0
74 0 0
75 0 0
76 0 0
77 0 0
78 0 0
79 0 0
80 0 0
81 0 0
82 0 0
83 0 0
84 0 0
85 0 0
86 0 0
87 0 0
88 0 0
89 0 0
90 0 0
91 0 0
92 0 0
93 0 0
94 0 0
95 0 0
96 0 0
97 0 0
98 0 0
99 0 0
100 0 0
