*Period fertility rates for SWE in 2003 
* Mon Dec 20 14:21:53 2010
birth 1 F married 0
1 0 0
2 0 0
3 0 0
4 0 0
5 0 0
6 0 0
7 0 0
8 0 0
9 0 0
10 0 0
11 0 0
12 0 0
13 0 0
14 0 0.0000075
15 0 0.0000358333333333333
16 0 0.000141666666666667
17 0 0.000425
18 0 0.000720833333333333
19 0 0.00127583333333333
20 0 0.0022375
21 0 0.0031275
22 0 0.00392416666666667
23 0 0.00454333333333333
24 0 0.0057125
25 0 0.0069775
26 0 0.00802083333333333
27 0 0.0093775
28 0 0.0104633333333333
29 0 0.0112233333333333
30 0 0.0115283333333333
31 0 0.0109708333333333
32 0 0.0103983333333333
33 0 0.00873833333333333
34 0 0.00766333333333333
35 0 0.00638916666666667
36 0 0.00515166666666667
37 0 0.00423666666666667
38 0 0.00315083333333333
39 0 0.00241666666666667
40 0 0.00164416666666667
41 0 0.0011125
42 0 0.00063
43 0 0.000378333333333333
44 0 0.000183333333333333
45 0 0.0000891666666666667
46 0 0.0000525
47 0 0.00000833333333333333
48 0 0.00000833333333333333
49 0 0.0000025
50 0 0
51 0 0
52 0 0
53 0 0
54 0 0
55 0 0
56 0 0
57 0 0
58 0 0
59 0 0
60 0 0
61 0 0
62 0 0
63 0 0
64 0 0
65 0 0
66 0 0
67 0 0
68 0 0
69 0 0
70 0 0
71 0 0
72 0 0
73 0 0
74 0 0
75 0 0
76 0 0
77 0 0
78 0 0
79 0 0
80 0 0
81 0 0
82 0 0
83 0 0
84 0 0
85 0 0
86 0 0
87 0 0
88 0 0
89 0 0
90 0 0
91 0 0
92 0 0
93 0 0
94 0 0
95 0 0
96 0 0
97 0 0
98 0 0
99 0 0
100 0 0

birth 1 F single 0
1 0 0
2 0 0
3 0 0
4 0 0
5 0 0
6 0 0
7 0 0
8 0 0
9 0 0
10 0 0
11 0 0
12 0 0
13 0 0
14 0 0.0000075
15 0 0.0000358333333333333
16 0 0.000141666666666667
17 0 0.000425
18 0 0.000720833333333333
19 0 0.00127583333333333
20 0 0.0022375
21 0 0.0031275
22 0 0.00392416666666667
23 0 0.00454333333333333
24 0 0.0057125
25 0 0.0069775
26 0 0.00802083333333333
27 0 0.0093775
28 0 0.0104633333333333
29 0 0.0112233333333333
30 0 0.0115283333333333
31 0 0.0109708333333333
32 0 0.0103983333333333
33 0 0.00873833333333333
34 0 0.00766333333333333
35 0 0.00638916666666667
36 0 0.00515166666666667
37 0 0.00423666666666667
38 0 0.00315083333333333
39 0 0.00241666666666667
40 0 0.00164416666666667
41 0 0.0011125
42 0 0.00063
43 0 0.000378333333333333
44 0 0.000183333333333333
45 0 0.0000891666666666667
46 0 0.0000525
47 0 0.00000833333333333333
48 0 0.00000833333333333333
49 0 0.0000025
50 0 0
51 0 0
52 0 0
53 0 0
54 0 0
55 0 0
56 0 0
57 0 0
58 0 0
59 0 0
60 0 0
61 0 0
62 0 0
63 0 0
64 0 0
65 0 0
66 0 0
67 0 0
68 0 0
69 0 0
70 0 0
71 0 0
72 0 0
73 0 0
74 0 0
75 0 0
76 0 0
77 0 0
78 0 0
79 0 0
80 0 0
81 0 0
82 0 0
83 0 0
84 0 0
85 0 0
86 0 0
87 0 0
88 0 0
89 0 0
90 0 0
91 0 0
92 0 0
93 0 0
94 0 0
95 0 0
96 0 0
97 0 0
98 0 0
99 0 0
100 0 0
