*Period fertility rates for SWE in 2043 
* Mon Dec 20 14:21:54 2010
birth 1 F married 0
1 0 0
2 0 0
3 0 0
4 0 0
5 0 0
6 0 0
7 0 0
8 0 0
9 0 0
10 0 0
11 0 0
12 0 0
13 0 0
14 0 0
15 0 0.00000910625
16 0 0.0000617033333333333
17 0 0.00019991475
18 0 0.000392706
19 0 0.0007940715
20 0 0.00145244683333333
21 0 0.00236427275
22 0 0.003060021
23 0 0.00389249808333333
24 0 0.00484292308333333
25 0 0.00594503516666667
26 0 0.00715982633333333
27 0 0.00844910633333333
28 0 0.00980596758333333
29 0 0.0108848673333333
30 0 0.0119245005833333
31 0 0.0120220136666667
32 0 0.0118451784166667
33 0 0.0109872384166667
34 0 0.00992535933333333
35 0 0.00872768383333333
36 0 0.00713729225
37 0 0.00582368866666667
38 0 0.00461837941666667
39 0 0.0034886385
40 0 0.00251257041666667
41 0 0.00164386183333333
42 0 0.0010869695
43 0 0.000615283
44 0 0.000297619666666667
45 0 0.0001284125
46 0 0.0000675336666666667
47 0 0.000025
48 0 0.0000104513333333333
49 0 0.00000634166666666667
50 0 0
51 0 0
52 0 0
53 0 0
54 0 0
55 0 0
56 0 0
57 0 0
58 0 0
59 0 0
60 0 0
61 0 0
62 0 0
63 0 0
64 0 0
65 0 0
66 0 0
67 0 0
68 0 0
69 0 0
70 0 0
71 0 0
72 0 0
73 0 0
74 0 0
75 0 0
76 0 0
77 0 0
78 0 0
79 0 0
80 0 0
81 0 0
82 0 0
83 0 0
84 0 0
85 0 0
86 0 0
87 0 0
88 0 0
89 0 0
90 0 0
91 0 0
92 0 0
93 0 0
94 0 0
95 0 0
96 0 0
97 0 0
98 0 0
99 0 0
100 0 0

birth 1 F single 0
1 0 0
2 0 0
3 0 0
4 0 0
5 0 0
6 0 0
7 0 0
8 0 0
9 0 0
10 0 0
11 0 0
12 0 0
13 0 0
14 0 0
15 0 0.00000910625
16 0 0.0000617033333333333
17 0 0.00019991475
18 0 0.000392706
19 0 0.0007940715
20 0 0.00145244683333333
21 0 0.00236427275
22 0 0.003060021
23 0 0.00389249808333333
24 0 0.00484292308333333
25 0 0.00594503516666667
26 0 0.00715982633333333
27 0 0.00844910633333333
28 0 0.00980596758333333
29 0 0.0108848673333333
30 0 0.0119245005833333
31 0 0.0120220136666667
32 0 0.0118451784166667
33 0 0.0109872384166667
34 0 0.00992535933333333
35 0 0.00872768383333333
36 0 0.00713729225
37 0 0.00582368866666667
38 0 0.00461837941666667
39 0 0.0034886385
40 0 0.00251257041666667
41 0 0.00164386183333333
42 0 0.0010869695
43 0 0.000615283
44 0 0.000297619666666667
45 0 0.0001284125
46 0 0.0000675336666666667
47 0 0.000025
48 0 0.0000104513333333333
49 0 0.00000634166666666667
50 0 0
51 0 0
52 0 0
53 0 0
54 0 0
55 0 0
56 0 0
57 0 0
58 0 0
59 0 0
60 0 0
61 0 0
62 0 0
63 0 0
64 0 0
65 0 0
66 0 0
67 0 0
68 0 0
69 0 0
70 0 0
71 0 0
72 0 0
73 0 0
74 0 0
75 0 0
76 0 0
77 0 0
78 0 0
79 0 0
80 0 0
81 0 0
82 0 0
83 0 0
84 0 0
85 0 0
86 0 0
87 0 0
88 0 0
89 0 0
90 0 0
91 0 0
92 0 0
93 0 0
94 0 0
95 0 0
96 0 0
97 0 0
98 0 0
99 0 0
100 0 0
