*Period fertility rates for SWE in 2014 
* Mon Dec 20 14:21:54 2010
birth 1 F married 0
1 0 0
2 0 0
3 0 0
4 0 0
5 0 0
6 0 0
7 0 0
8 0 0
9 0 0
10 0 0
11 0 0
12 0 0
13 0 0
14 0 0
15 0 0.0000161715
16 0 0.0000749269166666667
17 0 0.000221227916666667
18 0 0.0004400785
19 0 0.00091028225
20 0 0.00160699508333333
21 0 0.00259517741666667
22 0 0.00337023566666667
23 0 0.00431526108333333
24 0 0.0053414275
25 0 0.00649396966666667
26 0 0.00771506116666667
27 0 0.00896121733333333
28 0 0.0102249813333333
29 0 0.0111766569166667
30 0 0.012060984
31 0 0.0120953175833333
32 0 0.0118510659166667
33 0 0.0109899175
34 0 0.00993972141666667
35 0 0.00879808766666667
36 0 0.00723229766666667
37 0 0.0058748645
38 0 0.0046886905
39 0 0.00357647066666667
40 0 0.00261522933333333
41 0 0.00172986508333333
42 0 0.00115103316666667
43 0 0.00065699375
44 0 0.000329562333333333
45 0 0.00014970725
46 0 0.000089136
47 0 0.0000292421666666667
48 0 0.00001286025
49 0 0.00000845625
50 0 0
51 0 0
52 0 0
53 0 0
54 0 0
55 0 0
56 0 0
57 0 0
58 0 0
59 0 0
60 0 0
61 0 0
62 0 0
63 0 0
64 0 0
65 0 0
66 0 0
67 0 0
68 0 0
69 0 0
70 0 0
71 0 0
72 0 0
73 0 0
74 0 0
75 0 0
76 0 0
77 0 0
78 0 0
79 0 0
80 0 0
81 0 0
82 0 0
83 0 0
84 0 0
85 0 0
86 0 0
87 0 0
88 0 0
89 0 0
90 0 0
91 0 0
92 0 0
93 0 0
94 0 0
95 0 0
96 0 0
97 0 0
98 0 0
99 0 0
100 0 0

birth 1 F single 0
1 0 0
2 0 0
3 0 0
4 0 0
5 0 0
6 0 0
7 0 0
8 0 0
9 0 0
10 0 0
11 0 0
12 0 0
13 0 0
14 0 0
15 0 0.0000161715
16 0 0.0000749269166666667
17 0 0.000221227916666667
18 0 0.0004400785
19 0 0.00091028225
20 0 0.00160699508333333
21 0 0.00259517741666667
22 0 0.00337023566666667
23 0 0.00431526108333333
24 0 0.0053414275
25 0 0.00649396966666667
26 0 0.00771506116666667
27 0 0.00896121733333333
28 0 0.0102249813333333
29 0 0.0111766569166667
30 0 0.012060984
31 0 0.0120953175833333
32 0 0.0118510659166667
33 0 0.0109899175
34 0 0.00993972141666667
35 0 0.00879808766666667
36 0 0.00723229766666667
37 0 0.0058748645
38 0 0.0046886905
39 0 0.00357647066666667
40 0 0.00261522933333333
41 0 0.00172986508333333
42 0 0.00115103316666667
43 0 0.00065699375
44 0 0.000329562333333333
45 0 0.00014970725
46 0 0.000089136
47 0 0.0000292421666666667
48 0 0.00001286025
49 0 0.00000845625
50 0 0
51 0 0
52 0 0
53 0 0
54 0 0
55 0 0
56 0 0
57 0 0
58 0 0
59 0 0
60 0 0
61 0 0
62 0 0
63 0 0
64 0 0
65 0 0
66 0 0
67 0 0
68 0 0
69 0 0
70 0 0
71 0 0
72 0 0
73 0 0
74 0 0
75 0 0
76 0 0
77 0 0
78 0 0
79 0 0
80 0 0
81 0 0
82 0 0
83 0 0
84 0 0
85 0 0
86 0 0
87 0 0
88 0 0
89 0 0
90 0 0
91 0 0
92 0 0
93 0 0
94 0 0
95 0 0
96 0 0
97 0 0
98 0 0
99 0 0
100 0 0
