*Period fertility rates for SWE in 1840 
* Mon Dec 20 14:21:54 2010
birth 1 F married 0
1 0 0
2 0 0
3 0 0
4 0 0
5 0 0
6 0 0
7 0 0
8 0 0
9 0 0
10 0 0
11 0 0
12 0 0
13 0 0
14 0 0.000001275
15 0 0.000029325
16 0 0.0001357875
17 0 0.0004099125
18 0 0.0010027875
19 0 0.0021681375
20 0 0.003892575
21 0 0.005295075
22 0 0.00696915
23 0 0.0082180125
24 0 0.009966675
25 0 0.011271
26 0 0.012141825
27 0 0.0128500875
28 0 0.0130917
29 0 0.0136119
30 0 0.014314425
31 0 0.01362975
32 0 0.013617
33 0 0.0133792125
34 0 0.0126652125
35 0 0.01293615
36 0 0.0125001
37 0 0.0123012
38 0 0.0108636375
39 0 0.01066665
40 0 0.00977415
41 0 0.0081185625
42 0 0.006720525
43 0 0.0054111
44 0 0.00366945
45 0 0.002296275
46 0 0.001332375
47 0 0.0006202875
48 0 0.0003576375
49 0 0.0001173
50 0 0
51 0 0
52 0 0
53 0 0
54 0 0
55 0 0
56 0 0
57 0 0
58 0 0
59 0 0
60 0 0
61 0 0
62 0 0
63 0 0
64 0 0
65 0 0
66 0 0
67 0 0
68 0 0
69 0 0
70 0 0
71 0 0
72 0 0
73 0 0
74 0 0
75 0 0
76 0 0
77 0 0
78 0 0
79 0 0
80 0 0
81 0 0
82 0 0
83 0 0
84 0 0
85 0 0
86 0 0
87 0 0
88 0 0
89 0 0
90 0 0
91 0 0
92 0 0
93 0 0
94 0 0
95 0 0
96 0 0
97 0 0
98 0 0
99 0 0
100 0 0

birth 1 F single 0
1 0 0
2 0 0
3 0 0
4 0 0
5 0 0
6 0 0
7 0 0
8 0 0
9 0 0
10 0 0
11 0 0
12 0 0
13 0 0
14 0 0.000001275
15 0 0.000029325
16 0 0.0001357875
17 0 0.0004099125
18 0 0.0010027875
19 0 0.0021681375
20 0 0.003892575
21 0 0.005295075
22 0 0.00696915
23 0 0.0082180125
24 0 0.009966675
25 0 0.011271
26 0 0.012141825
27 0 0.0128500875
28 0 0.0130917
29 0 0.0136119
30 0 0.014314425
31 0 0.01362975
32 0 0.013617
33 0 0.0133792125
34 0 0.0126652125
35 0 0.01293615
36 0 0.0125001
37 0 0.0123012
38 0 0.0108636375
39 0 0.01066665
40 0 0.00977415
41 0 0.0081185625
42 0 0.006720525
43 0 0.0054111
44 0 0.00366945
45 0 0.002296275
46 0 0.001332375
47 0 0.0006202875
48 0 0.0003576375
49 0 0.0001173
50 0 0
51 0 0
52 0 0
53 0 0
54 0 0
55 0 0
56 0 0
57 0 0
58 0 0
59 0 0
60 0 0
61 0 0
62 0 0
63 0 0
64 0 0
65 0 0
66 0 0
67 0 0
68 0 0
69 0 0
70 0 0
71 0 0
72 0 0
73 0 0
74 0 0
75 0 0
76 0 0
77 0 0
78 0 0
79 0 0
80 0 0
81 0 0
82 0 0
83 0 0
84 0 0
85 0 0
86 0 0
87 0 0
88 0 0
89 0 0
90 0 0
91 0 0
92 0 0
93 0 0
94 0 0
95 0 0
96 0 0
97 0 0
98 0 0
99 0 0
100 0 0
