*Period fertility rates for SWE in 1879 
* Mon Dec 20 14:21:54 2010
birth 1 F married 0
1 0 0
2 0 0
3 0 0
4 0 0
5 0 0
6 0 0
7 0 0
8 0 0
9 0 0
10 0 0
11 0 0
12 0 0
13 0 0
14 0 0.0000003
15 0 0.0000069
16 0 0.00003195
17 0 0.00009645
18 0 0.00023595
19 0 0.00051015
20 0 0.0009159
21 0 0.0012459
22 0 0.0016398
23 0 0.00193365
24 0 0.0023451
25 0 0.002652
26 0 0.0028569
27 0 0.00302355
28 0 0.0030804
29 0 0.0032028
30 0 0.0033681
31 0 0.003207
32 0 0.003204
33 0 0.00314805
34 0 0.00298005
35 0 0.0030438
36 0 0.0029412
37 0 0.0028944
38 0 0.00255615
39 0 0.0025098
40 0 0.0022998
41 0 0.00191025
42 0 0.0015813
43 0 0.0012732
44 0 0.0008634
45 0 0.0005403
46 0 0.0003135
47 0 0.00014595
48 0 0.00008415
49 0 0.0000276
50 0 0
51 0 0
52 0 0
53 0 0
54 0 0
55 0 0
56 0 0
57 0 0
58 0 0
59 0 0
60 0 0
61 0 0
62 0 0
63 0 0
64 0 0
65 0 0
66 0 0
67 0 0
68 0 0
69 0 0
70 0 0
71 0 0
72 0 0
73 0 0
74 0 0
75 0 0
76 0 0
77 0 0
78 0 0
79 0 0
80 0 0
81 0 0
82 0 0
83 0 0
84 0 0
85 0 0
86 0 0
87 0 0
88 0 0
89 0 0
90 0 0
91 0 0
92 0 0
93 0 0
94 0 0
95 0 0
96 0 0
97 0 0
98 0 0
99 0 0
100 0 0

birth 1 F single 0
1 0 0
2 0 0
3 0 0
4 0 0
5 0 0
6 0 0
7 0 0
8 0 0
9 0 0
10 0 0
11 0 0
12 0 0
13 0 0
14 0 0.0000003
15 0 0.0000069
16 0 0.00003195
17 0 0.00009645
18 0 0.00023595
19 0 0.00051015
20 0 0.0009159
21 0 0.0012459
22 0 0.0016398
23 0 0.00193365
24 0 0.0023451
25 0 0.002652
26 0 0.0028569
27 0 0.00302355
28 0 0.0030804
29 0 0.0032028
30 0 0.0033681
31 0 0.003207
32 0 0.003204
33 0 0.00314805
34 0 0.00298005
35 0 0.0030438
36 0 0.0029412
37 0 0.0028944
38 0 0.00255615
39 0 0.0025098
40 0 0.0022998
41 0 0.00191025
42 0 0.0015813
43 0 0.0012732
44 0 0.0008634
45 0 0.0005403
46 0 0.0003135
47 0 0.00014595
48 0 0.00008415
49 0 0.0000276
50 0 0
51 0 0
52 0 0
53 0 0
54 0 0
55 0 0
56 0 0
57 0 0
58 0 0
59 0 0
60 0 0
61 0 0
62 0 0
63 0 0
64 0 0
65 0 0
66 0 0
67 0 0
68 0 0
69 0 0
70 0 0
71 0 0
72 0 0
73 0 0
74 0 0
75 0 0
76 0 0
77 0 0
78 0 0
79 0 0
80 0 0
81 0 0
82 0 0
83 0 0
84 0 0
85 0 0
86 0 0
87 0 0
88 0 0
89 0 0
90 0 0
91 0 0
92 0 0
93 0 0
94 0 0
95 0 0
96 0 0
97 0 0
98 0 0
99 0 0
100 0 0
