*Period fertility rates for SWE in 1930 
* Mon Dec 20 14:21:53 2010
birth 1 F married 0
1 0 0
2 0 0
3 0 0
4 0 0
5 0 0
6 0 0
7 0 0
8 0 0
9 0 0
10 0 0
11 0 0
12 0 0
13 0 0
14 0 0.00000833333333333333
15 0 0.0000683333333333333
16 0 0.000384166666666667
17 0 0.00113583333333333
18 0 0.00235583333333333
19 0 0.0036675
20 0 0.00537916666666667
21 0 0.0061425
22 0 0.00719833333333333
23 0 0.00783666666666667
24 0 0.00815666666666667
25 0 0.00835333333333333
26 0 0.00867
27 0 0.00837083333333333
28 0 0.0084625
29 0 0.0082075
30 0 0.008175
31 0 0.0076
32 0 0.00748583333333333
33 0 0.00695
34 0 0.00663583333333333
35 0 0.00642916666666667
36 0 0.00601083333333333
37 0 0.00532583333333333
38 0 0.00484666666666667
39 0 0.00452916666666667
40 0 0.00388166666666667
41 0 0.0032025
42 0 0.00249333333333333
43 0 0.0018975
44 0 0.0013825
45 0 0.000809166666666667
46 0 0.000421666666666667
47 0 0.000174166666666667
48 0 0.000065
49 0 0.0000316666666666667
50 0 0
51 0 0
52 0 0
53 0 0
54 0 0
55 0 0
56 0 0
57 0 0
58 0 0
59 0 0
60 0 0
61 0 0
62 0 0
63 0 0
64 0 0
65 0 0
66 0 0
67 0 0
68 0 0
69 0 0
70 0 0
71 0 0
72 0 0
73 0 0
74 0 0
75 0 0
76 0 0
77 0 0
78 0 0
79 0 0
80 0 0
81 0 0
82 0 0
83 0 0
84 0 0
85 0 0
86 0 0
87 0 0
88 0 0
89 0 0
90 0 0
91 0 0
92 0 0
93 0 0
94 0 0
95 0 0
96 0 0
97 0 0
98 0 0
99 0 0
100 0 0

birth 1 F single 0
1 0 0
2 0 0
3 0 0
4 0 0
5 0 0
6 0 0
7 0 0
8 0 0
9 0 0
10 0 0
11 0 0
12 0 0
13 0 0
14 0 0.00000833333333333333
15 0 0.0000683333333333333
16 0 0.000384166666666667
17 0 0.00113583333333333
18 0 0.00235583333333333
19 0 0.0036675
20 0 0.00537916666666667
21 0 0.0061425
22 0 0.00719833333333333
23 0 0.00783666666666667
24 0 0.00815666666666667
25 0 0.00835333333333333
26 0 0.00867
27 0 0.00837083333333333
28 0 0.0084625
29 0 0.0082075
30 0 0.008175
31 0 0.0076
32 0 0.00748583333333333
33 0 0.00695
34 0 0.00663583333333333
35 0 0.00642916666666667
36 0 0.00601083333333333
37 0 0.00532583333333333
38 0 0.00484666666666667
39 0 0.00452916666666667
40 0 0.00388166666666667
41 0 0.0032025
42 0 0.00249333333333333
43 0 0.0018975
44 0 0.0013825
45 0 0.000809166666666667
46 0 0.000421666666666667
47 0 0.000174166666666667
48 0 0.000065
49 0 0.0000316666666666667
50 0 0
51 0 0
52 0 0
53 0 0
54 0 0
55 0 0
56 0 0
57 0 0
58 0 0
59 0 0
60 0 0
61 0 0
62 0 0
63 0 0
64 0 0
65 0 0
66 0 0
67 0 0
68 0 0
69 0 0
70 0 0
71 0 0
72 0 0
73 0 0
74 0 0
75 0 0
76 0 0
77 0 0
78 0 0
79 0 0
80 0 0
81 0 0
82 0 0
83 0 0
84 0 0
85 0 0
86 0 0
87 0 0
88 0 0
89 0 0
90 0 0
91 0 0
92 0 0
93 0 0
94 0 0
95 0 0
96 0 0
97 0 0
98 0 0
99 0 0
100 0 0
