*Period fertility rates for SWE in 1770 
* Mon Dec 20 14:21:53 2010
birth 1 F married 0
1 0 0
2 0 0
3 0 0
4 0 0
5 0 0
6 0 0
7 0 0
8 0 0
9 0 0
10 0 0
11 0 0
12 0 0
13 0 0
14 0 0.000003025
15 0 0.000069575
16 0 0.0003221625
17 0 0.0009725375
18 0 0.0023791625
19 0 0.0051440125
20 0 0.009235325
21 0 0.012562825
22 0 0.01653465
23 0 0.0194976375
24 0 0.023646425
25 0 0.026741
26 0 0.028807075
27 0 0.0304874625
28 0 0.0310607
29 0 0.0322949
30 0 0.033961675
31 0 0.03233725
32 0 0.032307
33 0 0.0317428375
34 0 0.0300488375
35 0 0.03069165
36 0 0.0296571
37 0 0.0291852
38 0 0.0257745125
39 0 0.02530715
40 0 0.02318965
41 0 0.0192616875
42 0 0.015944775
43 0 0.0128381
44 0 0.00870595
45 0 0.005448025
46 0 0.003161125
47 0 0.0014716625
48 0 0.0008485125
49 0 0.0002783
50 0 0
51 0 0
52 0 0
53 0 0
54 0 0
55 0 0
56 0 0
57 0 0
58 0 0
59 0 0
60 0 0
61 0 0
62 0 0
63 0 0
64 0 0
65 0 0
66 0 0
67 0 0
68 0 0
69 0 0
70 0 0
71 0 0
72 0 0
73 0 0
74 0 0
75 0 0
76 0 0
77 0 0
78 0 0
79 0 0
80 0 0
81 0 0
82 0 0
83 0 0
84 0 0
85 0 0
86 0 0
87 0 0
88 0 0
89 0 0
90 0 0
91 0 0
92 0 0
93 0 0
94 0 0
95 0 0
96 0 0
97 0 0
98 0 0
99 0 0
100 0 0

birth 1 F single 0
1 0 0
2 0 0
3 0 0
4 0 0
5 0 0
6 0 0
7 0 0
8 0 0
9 0 0
10 0 0
11 0 0
12 0 0
13 0 0
14 0 0.000003025
15 0 0.000069575
16 0 0.0003221625
17 0 0.0009725375
18 0 0.0023791625
19 0 0.0051440125
20 0 0.009235325
21 0 0.012562825
22 0 0.01653465
23 0 0.0194976375
24 0 0.023646425
25 0 0.026741
26 0 0.028807075
27 0 0.0304874625
28 0 0.0310607
29 0 0.0322949
30 0 0.033961675
31 0 0.03233725
32 0 0.032307
33 0 0.0317428375
34 0 0.0300488375
35 0 0.03069165
36 0 0.0296571
37 0 0.0291852
38 0 0.0257745125
39 0 0.02530715
40 0 0.02318965
41 0 0.0192616875
42 0 0.015944775
43 0 0.0128381
44 0 0.00870595
45 0 0.005448025
46 0 0.003161125
47 0 0.0014716625
48 0 0.0008485125
49 0 0.0002783
50 0 0
51 0 0
52 0 0
53 0 0
54 0 0
55 0 0
56 0 0
57 0 0
58 0 0
59 0 0
60 0 0
61 0 0
62 0 0
63 0 0
64 0 0
65 0 0
66 0 0
67 0 0
68 0 0
69 0 0
70 0 0
71 0 0
72 0 0
73 0 0
74 0 0
75 0 0
76 0 0
77 0 0
78 0 0
79 0 0
80 0 0
81 0 0
82 0 0
83 0 0
84 0 0
85 0 0
86 0 0
87 0 0
88 0 0
89 0 0
90 0 0
91 0 0
92 0 0
93 0 0
94 0 0
95 0 0
96 0 0
97 0 0
98 0 0
99 0 0
100 0 0
