*Period fertility rates for SWE in 1986 
* Mon Dec 20 14:21:53 2010
birth 1 F married 0
1 0 0
2 0 0
3 0 0
4 0 0
5 0 0
6 0 0
7 0 0
8 0 0
9 0 0
10 0 0
11 0 0
12 0 0
13 0 0
14 0 0.0000116666666666667
15 0 0.0000483333333333333
16 0 0.000173333333333333
17 0 0.00051
18 0 0.00123916666666667
19 0 0.00250083333333333
20 0 0.00402166666666667
21 0 0.00561083333333333
22 0 0.0070975
23 0 0.00835
24 0 0.00994666666666667
25 0 0.0110508333333333
26 0 0.01172
27 0 0.0117316666666667
28 0 0.0115575
29 0 0.0106566666666667
30 0 0.00985083333333333
31 0 0.0086325
32 0 0.00735083333333333
33 0 0.00638416666666667
34 0 0.00520333333333333
35 0 0.00437583333333333
36 0 0.00337916666666667
37 0 0.00259
38 0 0.00181333333333333
39 0 0.0013675
40 0 0.0009325
41 0 0.0005775
42 0 0.000391666666666667
43 0 0.000243333333333333
44 0 0.000119166666666667
45 0 0.0000575
46 0 0.0000191666666666667
47 0 0.000005
48 0 0
49 0 0.00000166666666666667
50 0 0
51 0 0
52 0 0
53 0 0
54 0 0
55 0 0
56 0 0
57 0 0
58 0 0
59 0 0
60 0 0
61 0 0
62 0 0
63 0 0
64 0 0
65 0 0
66 0 0
67 0 0
68 0 0
69 0 0
70 0 0
71 0 0
72 0 0
73 0 0
74 0 0
75 0 0
76 0 0
77 0 0
78 0 0
79 0 0
80 0 0
81 0 0
82 0 0
83 0 0
84 0 0
85 0 0
86 0 0
87 0 0
88 0 0
89 0 0
90 0 0
91 0 0
92 0 0
93 0 0
94 0 0
95 0 0
96 0 0
97 0 0
98 0 0
99 0 0
100 0 0

birth 1 F single 0
1 0 0
2 0 0
3 0 0
4 0 0
5 0 0
6 0 0
7 0 0
8 0 0
9 0 0
10 0 0
11 0 0
12 0 0
13 0 0
14 0 0.0000116666666666667
15 0 0.0000483333333333333
16 0 0.000173333333333333
17 0 0.00051
18 0 0.00123916666666667
19 0 0.00250083333333333
20 0 0.00402166666666667
21 0 0.00561083333333333
22 0 0.0070975
23 0 0.00835
24 0 0.00994666666666667
25 0 0.0110508333333333
26 0 0.01172
27 0 0.0117316666666667
28 0 0.0115575
29 0 0.0106566666666667
30 0 0.00985083333333333
31 0 0.0086325
32 0 0.00735083333333333
33 0 0.00638416666666667
34 0 0.00520333333333333
35 0 0.00437583333333333
36 0 0.00337916666666667
37 0 0.00259
38 0 0.00181333333333333
39 0 0.0013675
40 0 0.0009325
41 0 0.0005775
42 0 0.000391666666666667
43 0 0.000243333333333333
44 0 0.000119166666666667
45 0 0.0000575
46 0 0.0000191666666666667
47 0 0.000005
48 0 0
49 0 0.00000166666666666667
50 0 0
51 0 0
52 0 0
53 0 0
54 0 0
55 0 0
56 0 0
57 0 0
58 0 0
59 0 0
60 0 0
61 0 0
62 0 0
63 0 0
64 0 0
65 0 0
66 0 0
67 0 0
68 0 0
69 0 0
70 0 0
71 0 0
72 0 0
73 0 0
74 0 0
75 0 0
76 0 0
77 0 0
78 0 0
79 0 0
80 0 0
81 0 0
82 0 0
83 0 0
84 0 0
85 0 0
86 0 0
87 0 0
88 0 0
89 0 0
90 0 0
91 0 0
92 0 0
93 0 0
94 0 0
95 0 0
96 0 0
97 0 0
98 0 0
99 0 0
100 0 0
