*Period fertility rates for SWE in 1777 
* Mon Dec 20 14:21:53 2010
birth 1 F married 0
1 0 0
2 0 0
3 0 0
4 0 0
5 0 0
6 0 0
7 0 0
8 0 0
9 0 0
10 0 0
11 0 0
12 0 0
13 0 0
14 0 0.00000285
15 0 0.00006555
16 0 0.000303525
17 0 0.000916275
18 0 0.002241525
19 0 0.004846425
20 0 0.00870105
21 0 0.01183605
22 0 0.0155781
23 0 0.018369675
24 0 0.02227845
25 0 0.025194
26 0 0.02714055
27 0 0.028723725
28 0 0.0292638
29 0 0.0304266
30 0 0.03199695
31 0 0.0304665
32 0 0.030438
33 0 0.029906475
34 0 0.028310475
35 0 0.0289161
36 0 0.0279414
37 0 0.0274968
38 0 0.024283425
39 0 0.0238431
40 0 0.0218481
41 0 0.018147375
42 0 0.01502235
43 0 0.0120954
44 0 0.0082023
45 0 0.00513285
46 0 0.00297825
47 0 0.001386525
48 0 0.000799425
49 0 0.0002622
50 0 0
51 0 0
52 0 0
53 0 0
54 0 0
55 0 0
56 0 0
57 0 0
58 0 0
59 0 0
60 0 0
61 0 0
62 0 0
63 0 0
64 0 0
65 0 0
66 0 0
67 0 0
68 0 0
69 0 0
70 0 0
71 0 0
72 0 0
73 0 0
74 0 0
75 0 0
76 0 0
77 0 0
78 0 0
79 0 0
80 0 0
81 0 0
82 0 0
83 0 0
84 0 0
85 0 0
86 0 0
87 0 0
88 0 0
89 0 0
90 0 0
91 0 0
92 0 0
93 0 0
94 0 0
95 0 0
96 0 0
97 0 0
98 0 0
99 0 0
100 0 0

birth 1 F single 0
1 0 0
2 0 0
3 0 0
4 0 0
5 0 0
6 0 0
7 0 0
8 0 0
9 0 0
10 0 0
11 0 0
12 0 0
13 0 0
14 0 0.00000285
15 0 0.00006555
16 0 0.000303525
17 0 0.000916275
18 0 0.002241525
19 0 0.004846425
20 0 0.00870105
21 0 0.01183605
22 0 0.0155781
23 0 0.018369675
24 0 0.02227845
25 0 0.025194
26 0 0.02714055
27 0 0.028723725
28 0 0.0292638
29 0 0.0304266
30 0 0.03199695
31 0 0.0304665
32 0 0.030438
33 0 0.029906475
34 0 0.028310475
35 0 0.0289161
36 0 0.0279414
37 0 0.0274968
38 0 0.024283425
39 0 0.0238431
40 0 0.0218481
41 0 0.018147375
42 0 0.01502235
43 0 0.0120954
44 0 0.0082023
45 0 0.00513285
46 0 0.00297825
47 0 0.001386525
48 0 0.000799425
49 0 0.0002622
50 0 0
51 0 0
52 0 0
53 0 0
54 0 0
55 0 0
56 0 0
57 0 0
58 0 0
59 0 0
60 0 0
61 0 0
62 0 0
63 0 0
64 0 0
65 0 0
66 0 0
67 0 0
68 0 0
69 0 0
70 0 0
71 0 0
72 0 0
73 0 0
74 0 0
75 0 0
76 0 0
77 0 0
78 0 0
79 0 0
80 0 0
81 0 0
82 0 0
83 0 0
84 0 0
85 0 0
86 0 0
87 0 0
88 0 0
89 0 0
90 0 0
91 0 0
92 0 0
93 0 0
94 0 0
95 0 0
96 0 0
97 0 0
98 0 0
99 0 0
100 0 0
