*Period fertility rates for SWE in 1909 
* Mon Dec 20 14:21:53 2010
birth 1 F married 0
1 0 0
2 0 0
3 0 0
4 0 0
5 0 0
6 0 0
7 0 0
8 0 0
9 0 0
10 0 0
11 0 0
12 0 0
13 0 0
14 0 0.0000175
15 0 0.0000633333333333333
16 0 0.000315
17 0 0.00109083333333333
18 0 0.0026475
19 0 0.004425
20 0 0.00665416666666667
21 0 0.00876833333333333
22 0 0.0104975
23 0 0.0122416666666667
24 0 0.0132441666666667
25 0 0.0144391666666667
26 0 0.0149858333333333
27 0 0.0157908333333333
28 0 0.0158858333333333
29 0 0.0157708333333333
30 0 0.0156783333333333
31 0 0.0154133333333333
32 0 0.0152666666666667
33 0 0.0150266666666667
34 0 0.0144216666666667
35 0 0.0138025
36 0 0.0130425
37 0 0.01262
38 0 0.0118175
39 0 0.0104833333333333
40 0 0.00922666666666667
41 0 0.00782666666666667
42 0 0.00686833333333333
43 0 0.00497416666666667
44 0 0.00320666666666667
45 0 0.00220666666666667
46 0 0.00106166666666667
47 0 0.00055
48 0 0.000184166666666667
49 0 0.0000741666666666667
50 0 0
51 0 0
52 0 0
53 0 0
54 0 0
55 0 0
56 0 0
57 0 0
58 0 0
59 0 0
60 0 0
61 0 0
62 0 0
63 0 0
64 0 0
65 0 0
66 0 0
67 0 0
68 0 0
69 0 0
70 0 0
71 0 0
72 0 0
73 0 0
74 0 0
75 0 0
76 0 0
77 0 0
78 0 0
79 0 0
80 0 0
81 0 0
82 0 0
83 0 0
84 0 0
85 0 0
86 0 0
87 0 0
88 0 0
89 0 0
90 0 0
91 0 0
92 0 0
93 0 0
94 0 0
95 0 0
96 0 0
97 0 0
98 0 0
99 0 0
100 0 0

birth 1 F single 0
1 0 0
2 0 0
3 0 0
4 0 0
5 0 0
6 0 0
7 0 0
8 0 0
9 0 0
10 0 0
11 0 0
12 0 0
13 0 0
14 0 0.0000175
15 0 0.0000633333333333333
16 0 0.000315
17 0 0.00109083333333333
18 0 0.0026475
19 0 0.004425
20 0 0.00665416666666667
21 0 0.00876833333333333
22 0 0.0104975
23 0 0.0122416666666667
24 0 0.0132441666666667
25 0 0.0144391666666667
26 0 0.0149858333333333
27 0 0.0157908333333333
28 0 0.0158858333333333
29 0 0.0157708333333333
30 0 0.0156783333333333
31 0 0.0154133333333333
32 0 0.0152666666666667
33 0 0.0150266666666667
34 0 0.0144216666666667
35 0 0.0138025
36 0 0.0130425
37 0 0.01262
38 0 0.0118175
39 0 0.0104833333333333
40 0 0.00922666666666667
41 0 0.00782666666666667
42 0 0.00686833333333333
43 0 0.00497416666666667
44 0 0.00320666666666667
45 0 0.00220666666666667
46 0 0.00106166666666667
47 0 0.00055
48 0 0.000184166666666667
49 0 0.0000741666666666667
50 0 0
51 0 0
52 0 0
53 0 0
54 0 0
55 0 0
56 0 0
57 0 0
58 0 0
59 0 0
60 0 0
61 0 0
62 0 0
63 0 0
64 0 0
65 0 0
66 0 0
67 0 0
68 0 0
69 0 0
70 0 0
71 0 0
72 0 0
73 0 0
74 0 0
75 0 0
76 0 0
77 0 0
78 0 0
79 0 0
80 0 0
81 0 0
82 0 0
83 0 0
84 0 0
85 0 0
86 0 0
87 0 0
88 0 0
89 0 0
90 0 0
91 0 0
92 0 0
93 0 0
94 0 0
95 0 0
96 0 0
97 0 0
98 0 0
99 0 0
100 0 0
