*Period fertility rates for SWE in 1894 
* Mon Dec 20 14:21:53 2010
birth 1 F married 0
1 0 0
2 0 0
3 0 0
4 0 0
5 0 0
6 0 0
7 0 0
8 0 0
9 0 0
10 0 0
11 0 0
12 0 0
13 0 0
14 0 0
15 0 0.0000175
16 0 0.000123333333333333
17 0 0.0005175
18 0 0.00142166666666667
19 0 0.00286
20 0 0.00456666666666667
21 0 0.00669583333333333
22 0 0.008915
23 0 0.0111475
24 0 0.0127858333333333
25 0 0.0134916666666667
26 0 0.0146458333333333
27 0 0.0153708333333333
28 0 0.0162208333333333
29 0 0.0168258333333333
30 0 0.0174616666666667
31 0 0.0168041666666667
32 0 0.01713
33 0 0.0170933333333333
34 0 0.0164816666666667
35 0 0.0156858333333333
36 0 0.015425
37 0 0.0146908333333333
38 0 0.0141741666666667
39 0 0.0131391666666667
40 0 0.0125483333333333
41 0 0.0100108333333333
42 0 0.00857083333333333
43 0 0.0065325
44 0 0.00479166666666667
45 0 0.00309666666666667
46 0 0.00151083333333333
47 0 0.000825833333333333
48 0 0.000348333333333333
49 0 0.000169166666666667
50 0 0
51 0 0
52 0 0
53 0 0
54 0 0
55 0 0
56 0 0
57 0 0
58 0 0
59 0 0
60 0 0
61 0 0
62 0 0
63 0 0
64 0 0
65 0 0
66 0 0
67 0 0
68 0 0
69 0 0
70 0 0
71 0 0
72 0 0
73 0 0
74 0 0
75 0 0
76 0 0
77 0 0
78 0 0
79 0 0
80 0 0
81 0 0
82 0 0
83 0 0
84 0 0
85 0 0
86 0 0
87 0 0
88 0 0
89 0 0
90 0 0
91 0 0
92 0 0
93 0 0
94 0 0
95 0 0
96 0 0
97 0 0
98 0 0
99 0 0
100 0 0

birth 1 F single 0
1 0 0
2 0 0
3 0 0
4 0 0
5 0 0
6 0 0
7 0 0
8 0 0
9 0 0
10 0 0
11 0 0
12 0 0
13 0 0
14 0 0
15 0 0.0000175
16 0 0.000123333333333333
17 0 0.0005175
18 0 0.00142166666666667
19 0 0.00286
20 0 0.00456666666666667
21 0 0.00669583333333333
22 0 0.008915
23 0 0.0111475
24 0 0.0127858333333333
25 0 0.0134916666666667
26 0 0.0146458333333333
27 0 0.0153708333333333
28 0 0.0162208333333333
29 0 0.0168258333333333
30 0 0.0174616666666667
31 0 0.0168041666666667
32 0 0.01713
33 0 0.0170933333333333
34 0 0.0164816666666667
35 0 0.0156858333333333
36 0 0.015425
37 0 0.0146908333333333
38 0 0.0141741666666667
39 0 0.0131391666666667
40 0 0.0125483333333333
41 0 0.0100108333333333
42 0 0.00857083333333333
43 0 0.0065325
44 0 0.00479166666666667
45 0 0.00309666666666667
46 0 0.00151083333333333
47 0 0.000825833333333333
48 0 0.000348333333333333
49 0 0.000169166666666667
50 0 0
51 0 0
52 0 0
53 0 0
54 0 0
55 0 0
56 0 0
57 0 0
58 0 0
59 0 0
60 0 0
61 0 0
62 0 0
63 0 0
64 0 0
65 0 0
66 0 0
67 0 0
68 0 0
69 0 0
70 0 0
71 0 0
72 0 0
73 0 0
74 0 0
75 0 0
76 0 0
77 0 0
78 0 0
79 0 0
80 0 0
81 0 0
82 0 0
83 0 0
84 0 0
85 0 0
86 0 0
87 0 0
88 0 0
89 0 0
90 0 0
91 0 0
92 0 0
93 0 0
94 0 0
95 0 0
96 0 0
97 0 0
98 0 0
99 0 0
100 0 0
