*Period fertility rates for SWE in 1992 
* Mon Dec 20 14:21:53 2010
birth 1 F married 0
1 0 0
2 0 0
3 0 0
4 0 0
5 0 0
6 0 0
7 0 0
8 0 0
9 0 0
10 0 0
11 0 0
12 0 0
13 0 0
14 0 0.0000125
15 0 0.0000391666666666667
16 0 0.0002
17 0 0.0006025
18 0 0.001155
19 0 0.00243166666666667
20 0 0.004005
21 0 0.00564166666666667
22 0 0.00729
23 0 0.00875416666666667
24 0 0.0106016666666667
25 0 0.01182
26 0 0.012415
27 0 0.0128958333333333
28 0 0.0126841666666667
29 0 0.0124591666666667
30 0 0.0116
31 0 0.01051
32 0 0.00942666666666667
33 0 0.0082025
34 0 0.00681
35 0 0.005645
36 0 0.00452083333333333
37 0 0.0035225
38 0 0.00272333333333333
39 0 0.0019025
40 0 0.00128333333333333
41 0 0.000869166666666667
42 0 0.000531666666666667
43 0 0.000281666666666667
44 0 0.000165833333333333
45 0 0.0000666666666666667
46 0 0.00003
47 0 0.00002
48 0 0.0000025
49 0 0.00000166666666666667
50 0 0
51 0 0
52 0 0
53 0 0
54 0 0
55 0 0
56 0 0
57 0 0
58 0 0
59 0 0
60 0 0
61 0 0
62 0 0
63 0 0
64 0 0
65 0 0
66 0 0
67 0 0
68 0 0
69 0 0
70 0 0
71 0 0
72 0 0
73 0 0
74 0 0
75 0 0
76 0 0
77 0 0
78 0 0
79 0 0
80 0 0
81 0 0
82 0 0
83 0 0
84 0 0
85 0 0
86 0 0
87 0 0
88 0 0
89 0 0
90 0 0
91 0 0
92 0 0
93 0 0
94 0 0
95 0 0
96 0 0
97 0 0
98 0 0
99 0 0
100 0 0

birth 1 F single 0
1 0 0
2 0 0
3 0 0
4 0 0
5 0 0
6 0 0
7 0 0
8 0 0
9 0 0
10 0 0
11 0 0
12 0 0
13 0 0
14 0 0.0000125
15 0 0.0000391666666666667
16 0 0.0002
17 0 0.0006025
18 0 0.001155
19 0 0.00243166666666667
20 0 0.004005
21 0 0.00564166666666667
22 0 0.00729
23 0 0.00875416666666667
24 0 0.0106016666666667
25 0 0.01182
26 0 0.012415
27 0 0.0128958333333333
28 0 0.0126841666666667
29 0 0.0124591666666667
30 0 0.0116
31 0 0.01051
32 0 0.00942666666666667
33 0 0.0082025
34 0 0.00681
35 0 0.005645
36 0 0.00452083333333333
37 0 0.0035225
38 0 0.00272333333333333
39 0 0.0019025
40 0 0.00128333333333333
41 0 0.000869166666666667
42 0 0.000531666666666667
43 0 0.000281666666666667
44 0 0.000165833333333333
45 0 0.0000666666666666667
46 0 0.00003
47 0 0.00002
48 0 0.0000025
49 0 0.00000166666666666667
50 0 0
51 0 0
52 0 0
53 0 0
54 0 0
55 0 0
56 0 0
57 0 0
58 0 0
59 0 0
60 0 0
61 0 0
62 0 0
63 0 0
64 0 0
65 0 0
66 0 0
67 0 0
68 0 0
69 0 0
70 0 0
71 0 0
72 0 0
73 0 0
74 0 0
75 0 0
76 0 0
77 0 0
78 0 0
79 0 0
80 0 0
81 0 0
82 0 0
83 0 0
84 0 0
85 0 0
86 0 0
87 0 0
88 0 0
89 0 0
90 0 0
91 0 0
92 0 0
93 0 0
94 0 0
95 0 0
96 0 0
97 0 0
98 0 0
99 0 0
100 0 0
