*Period fertility rates for SWE in 2090 
* Mon Dec 20 14:21:54 2010
birth 1 F married 0
1 0 0
2 0 0
3 0 0
4 0 0
5 0 0
6 0 0
7 0 0
8 0 0
9 0 0
10 0 0
11 0 0
12 0 0
13 0 0
14 0 0
15 0 0.00000907425
16 0 0.0000616045
17 0 0.000199786083333333
18 0 0.000392667333333333
19 0 0.000794651916666667
20 0 0.00145399275
21 0 0.00236756058333333
22 0 0.00306552775
23 0 0.003899604
24 0 0.004851261
25 0 0.00595367975
26 0 0.00716753016666667
27 0 0.008453655
28 0 0.00980739083333333
29 0 0.0108844783333333
30 0 0.0119234761666667
31 0 0.012021151
32 0 0.0118453780833333
33 0 0.0109855371666667
34 0 0.009923752
35 0 0.008728313
36 0 0.00712660533333333
37 0 0.00579900058333333
38 0 0.0045983465
39 0 0.00346372258333333
40 0 0.00249775875
41 0 0.0016241875
42 0 0.00106739133333333
43 0 0.00060578375
44 0 0.000296269583333333
45 0 0.000125768333333333
46 0 0.0000655213333333333
47 0 0.000025
48 0 0.0000101473333333333
49 0 0.00000650833333333333
50 0 0
51 0 0
52 0 0
53 0 0
54 0 0
55 0 0
56 0 0
57 0 0
58 0 0
59 0 0
60 0 0
61 0 0
62 0 0
63 0 0
64 0 0
65 0 0
66 0 0
67 0 0
68 0 0
69 0 0
70 0 0
71 0 0
72 0 0
73 0 0
74 0 0
75 0 0
76 0 0
77 0 0
78 0 0
79 0 0
80 0 0
81 0 0
82 0 0
83 0 0
84 0 0
85 0 0
86 0 0
87 0 0
88 0 0
89 0 0
90 0 0
91 0 0
92 0 0
93 0 0
94 0 0
95 0 0
96 0 0
97 0 0
98 0 0
99 0 0
100 0 0

birth 1 F single 0
1 0 0
2 0 0
3 0 0
4 0 0
5 0 0
6 0 0
7 0 0
8 0 0
9 0 0
10 0 0
11 0 0
12 0 0
13 0 0
14 0 0
15 0 0.00000907425
16 0 0.0000616045
17 0 0.000199786083333333
18 0 0.000392667333333333
19 0 0.000794651916666667
20 0 0.00145399275
21 0 0.00236756058333333
22 0 0.00306552775
23 0 0.003899604
24 0 0.004851261
25 0 0.00595367975
26 0 0.00716753016666667
27 0 0.008453655
28 0 0.00980739083333333
29 0 0.0108844783333333
30 0 0.0119234761666667
31 0 0.012021151
32 0 0.0118453780833333
33 0 0.0109855371666667
34 0 0.009923752
35 0 0.008728313
36 0 0.00712660533333333
37 0 0.00579900058333333
38 0 0.0045983465
39 0 0.00346372258333333
40 0 0.00249775875
41 0 0.0016241875
42 0 0.00106739133333333
43 0 0.00060578375
44 0 0.000296269583333333
45 0 0.000125768333333333
46 0 0.0000655213333333333
47 0 0.000025
48 0 0.0000101473333333333
49 0 0.00000650833333333333
50 0 0
51 0 0
52 0 0
53 0 0
54 0 0
55 0 0
56 0 0
57 0 0
58 0 0
59 0 0
60 0 0
61 0 0
62 0 0
63 0 0
64 0 0
65 0 0
66 0 0
67 0 0
68 0 0
69 0 0
70 0 0
71 0 0
72 0 0
73 0 0
74 0 0
75 0 0
76 0 0
77 0 0
78 0 0
79 0 0
80 0 0
81 0 0
82 0 0
83 0 0
84 0 0
85 0 0
86 0 0
87 0 0
88 0 0
89 0 0
90 0 0
91 0 0
92 0 0
93 0 0
94 0 0
95 0 0
96 0 0
97 0 0
98 0 0
99 0 0
100 0 0
