*Period fertility rates for SWE in 2057 
* Mon Dec 20 14:21:54 2010
birth 1 F married 0
1 0 0
2 0 0
3 0 0
4 0 0
5 0 0
6 0 0
7 0 0
8 0 0
9 0 0
10 0 0
11 0 0
12 0 0
13 0 0
14 0 0
15 0 0.00000907883333333333
16 0 0.0000616360833333333
17 0 0.0001998945
18 0 0.000392974416666667
19 0 0.00079577025
20 0 0.00145573691666667
21 0 0.00237063191666667
22 0 0.0030704035
23 0 0.00390582516666667
24 0 0.00485879175
25 0 0.00596195908333333
26 0 0.00717539508333333
27 0 0.00845910308333333
28 0 0.00981093891666667
29 0 0.01088597375
30 0 0.0119234758333333
31 0 0.0120211459166667
32 0 0.0118457793333333
33 0 0.0109859750833333
34 0 0.00992438516666667
35 0 0.00872921575
36 0 0.00712574633333333
37 0 0.00579742083333333
38 0 0.00459768633333333
39 0 0.00346313966666667
40 0 0.00249767575
41 0 0.001624433
42 0 0.00106811158333333
43 0 0.0006062975
44 0 0.000296343
45 0 0.000125933583333333
46 0 0.00006566275
47 0 0.000025
48 0 0.00001023875
49 0 0.00000638333333333333
50 0 0
51 0 0
52 0 0
53 0 0
54 0 0
55 0 0
56 0 0
57 0 0
58 0 0
59 0 0
60 0 0
61 0 0
62 0 0
63 0 0
64 0 0
65 0 0
66 0 0
67 0 0
68 0 0
69 0 0
70 0 0
71 0 0
72 0 0
73 0 0
74 0 0
75 0 0
76 0 0
77 0 0
78 0 0
79 0 0
80 0 0
81 0 0
82 0 0
83 0 0
84 0 0
85 0 0
86 0 0
87 0 0
88 0 0
89 0 0
90 0 0
91 0 0
92 0 0
93 0 0
94 0 0
95 0 0
96 0 0
97 0 0
98 0 0
99 0 0
100 0 0

birth 1 F single 0
1 0 0
2 0 0
3 0 0
4 0 0
5 0 0
6 0 0
7 0 0
8 0 0
9 0 0
10 0 0
11 0 0
12 0 0
13 0 0
14 0 0
15 0 0.00000907883333333333
16 0 0.0000616360833333333
17 0 0.0001998945
18 0 0.000392974416666667
19 0 0.00079577025
20 0 0.00145573691666667
21 0 0.00237063191666667
22 0 0.0030704035
23 0 0.00390582516666667
24 0 0.00485879175
25 0 0.00596195908333333
26 0 0.00717539508333333
27 0 0.00845910308333333
28 0 0.00981093891666667
29 0 0.01088597375
30 0 0.0119234758333333
31 0 0.0120211459166667
32 0 0.0118457793333333
33 0 0.0109859750833333
34 0 0.00992438516666667
35 0 0.00872921575
36 0 0.00712574633333333
37 0 0.00579742083333333
38 0 0.00459768633333333
39 0 0.00346313966666667
40 0 0.00249767575
41 0 0.001624433
42 0 0.00106811158333333
43 0 0.0006062975
44 0 0.000296343
45 0 0.000125933583333333
46 0 0.00006566275
47 0 0.000025
48 0 0.00001023875
49 0 0.00000638333333333333
50 0 0
51 0 0
52 0 0
53 0 0
54 0 0
55 0 0
56 0 0
57 0 0
58 0 0
59 0 0
60 0 0
61 0 0
62 0 0
63 0 0
64 0 0
65 0 0
66 0 0
67 0 0
68 0 0
69 0 0
70 0 0
71 0 0
72 0 0
73 0 0
74 0 0
75 0 0
76 0 0
77 0 0
78 0 0
79 0 0
80 0 0
81 0 0
82 0 0
83 0 0
84 0 0
85 0 0
86 0 0
87 0 0
88 0 0
89 0 0
90 0 0
91 0 0
92 0 0
93 0 0
94 0 0
95 0 0
96 0 0
97 0 0
98 0 0
99 0 0
100 0 0
