*Period fertility rates for SWE in 1851 
* Mon Dec 20 14:21:54 2010
birth 1 F married 0
1 0 0
2 0 0
3 0 0
4 0 0
5 0 0
6 0 0
7 0 0
8 0 0
9 0 0
10 0 0
11 0 0
12 0 0
13 0 0
14 0 0.000001
15 0 0.000023
16 0 0.0001065
17 0 0.0003215
18 0 0.0007865
19 0 0.0017005
20 0 0.003053
21 0 0.004153
22 0 0.005466
23 0 0.0064455
24 0 0.007817
25 0 0.00884
26 0 0.009523
27 0 0.0100785
28 0 0.010268
29 0 0.010676
30 0 0.011227
31 0 0.01069
32 0 0.01068
33 0 0.0104935
34 0 0.0099335
35 0 0.010146
36 0 0.009804
37 0 0.009648
38 0 0.0085205
39 0 0.008366
40 0 0.007666
41 0 0.0063675
42 0 0.005271
43 0 0.004244
44 0 0.002878
45 0 0.001801
46 0 0.001045
47 0 0.0004865
48 0 0.0002805
49 0 0.000092
50 0 0
51 0 0
52 0 0
53 0 0
54 0 0
55 0 0
56 0 0
57 0 0
58 0 0
59 0 0
60 0 0
61 0 0
62 0 0
63 0 0
64 0 0
65 0 0
66 0 0
67 0 0
68 0 0
69 0 0
70 0 0
71 0 0
72 0 0
73 0 0
74 0 0
75 0 0
76 0 0
77 0 0
78 0 0
79 0 0
80 0 0
81 0 0
82 0 0
83 0 0
84 0 0
85 0 0
86 0 0
87 0 0
88 0 0
89 0 0
90 0 0
91 0 0
92 0 0
93 0 0
94 0 0
95 0 0
96 0 0
97 0 0
98 0 0
99 0 0
100 0 0

birth 1 F single 0
1 0 0
2 0 0
3 0 0
4 0 0
5 0 0
6 0 0
7 0 0
8 0 0
9 0 0
10 0 0
11 0 0
12 0 0
13 0 0
14 0 0.000001
15 0 0.000023
16 0 0.0001065
17 0 0.0003215
18 0 0.0007865
19 0 0.0017005
20 0 0.003053
21 0 0.004153
22 0 0.005466
23 0 0.0064455
24 0 0.007817
25 0 0.00884
26 0 0.009523
27 0 0.0100785
28 0 0.010268
29 0 0.010676
30 0 0.011227
31 0 0.01069
32 0 0.01068
33 0 0.0104935
34 0 0.0099335
35 0 0.010146
36 0 0.009804
37 0 0.009648
38 0 0.0085205
39 0 0.008366
40 0 0.007666
41 0 0.0063675
42 0 0.005271
43 0 0.004244
44 0 0.002878
45 0 0.001801
46 0 0.001045
47 0 0.0004865
48 0 0.0002805
49 0 0.000092
50 0 0
51 0 0
52 0 0
53 0 0
54 0 0
55 0 0
56 0 0
57 0 0
58 0 0
59 0 0
60 0 0
61 0 0
62 0 0
63 0 0
64 0 0
65 0 0
66 0 0
67 0 0
68 0 0
69 0 0
70 0 0
71 0 0
72 0 0
73 0 0
74 0 0
75 0 0
76 0 0
77 0 0
78 0 0
79 0 0
80 0 0
81 0 0
82 0 0
83 0 0
84 0 0
85 0 0
86 0 0
87 0 0
88 0 0
89 0 0
90 0 0
91 0 0
92 0 0
93 0 0
94 0 0
95 0 0
96 0 0
97 0 0
98 0 0
99 0 0
100 0 0
