*Period fertility rates for SWE in 2013 
* Mon Dec 20 14:21:54 2010
birth 1 F married 0
1 0 0
2 0 0
3 0 0
4 0 0
5 0 0
6 0 0
7 0 0
8 0 0
9 0 0
10 0 0
11 0 0
12 0 0
13 0 0
14 0 0
15 0 0.0000160344166666667
16 0 0.00007520475
17 0 0.00022664225
18 0 0.000444663
19 0 0.000912162333333333
20 0 0.00162883166666667
21 0 0.00262004033333333
22 0 0.003426091
23 0 0.004394245
24 0 0.0054805195
25 0 0.00662488416666667
26 0 0.00786856741666667
27 0 0.00907963808333333
28 0 0.0103961715833333
29 0 0.0112904719166667
30 0 0.0122026978333333
31 0 0.01227248575
32 0 0.0120191945
33 0 0.0110736755833333
34 0 0.0100659780833333
35 0 0.0089161865
36 0 0.00733029458333333
37 0 0.00595002266666667
38 0 0.00476319558333333
39 0 0.00360305358333333
40 0 0.00263695925
41 0 0.00173840725
42 0 0.0011547275
43 0 0.00066646925
44 0 0.000336742166666667
45 0 0.00015530275
46 0 0.00008800775
47 0 0.0000290630833333333
48 0 0.00001952425
49 0 0.00000841333333333333
50 0 0
51 0 0
52 0 0
53 0 0
54 0 0
55 0 0
56 0 0
57 0 0
58 0 0
59 0 0
60 0 0
61 0 0
62 0 0
63 0 0
64 0 0
65 0 0
66 0 0
67 0 0
68 0 0
69 0 0
70 0 0
71 0 0
72 0 0
73 0 0
74 0 0
75 0 0
76 0 0
77 0 0
78 0 0
79 0 0
80 0 0
81 0 0
82 0 0
83 0 0
84 0 0
85 0 0
86 0 0
87 0 0
88 0 0
89 0 0
90 0 0
91 0 0
92 0 0
93 0 0
94 0 0
95 0 0
96 0 0
97 0 0
98 0 0
99 0 0
100 0 0

birth 1 F single 0
1 0 0
2 0 0
3 0 0
4 0 0
5 0 0
6 0 0
7 0 0
8 0 0
9 0 0
10 0 0
11 0 0
12 0 0
13 0 0
14 0 0
15 0 0.0000160344166666667
16 0 0.00007520475
17 0 0.00022664225
18 0 0.000444663
19 0 0.000912162333333333
20 0 0.00162883166666667
21 0 0.00262004033333333
22 0 0.003426091
23 0 0.004394245
24 0 0.0054805195
25 0 0.00662488416666667
26 0 0.00786856741666667
27 0 0.00907963808333333
28 0 0.0103961715833333
29 0 0.0112904719166667
30 0 0.0122026978333333
31 0 0.01227248575
32 0 0.0120191945
33 0 0.0110736755833333
34 0 0.0100659780833333
35 0 0.0089161865
36 0 0.00733029458333333
37 0 0.00595002266666667
38 0 0.00476319558333333
39 0 0.00360305358333333
40 0 0.00263695925
41 0 0.00173840725
42 0 0.0011547275
43 0 0.00066646925
44 0 0.000336742166666667
45 0 0.00015530275
46 0 0.00008800775
47 0 0.0000290630833333333
48 0 0.00001952425
49 0 0.00000841333333333333
50 0 0
51 0 0
52 0 0
53 0 0
54 0 0
55 0 0
56 0 0
57 0 0
58 0 0
59 0 0
60 0 0
61 0 0
62 0 0
63 0 0
64 0 0
65 0 0
66 0 0
67 0 0
68 0 0
69 0 0
70 0 0
71 0 0
72 0 0
73 0 0
74 0 0
75 0 0
76 0 0
77 0 0
78 0 0
79 0 0
80 0 0
81 0 0
82 0 0
83 0 0
84 0 0
85 0 0
86 0 0
87 0 0
88 0 0
89 0 0
90 0 0
91 0 0
92 0 0
93 0 0
94 0 0
95 0 0
96 0 0
97 0 0
98 0 0
99 0 0
100 0 0
