*Period fertility rates for SWE in 2031 
* Mon Dec 20 14:21:54 2010
birth 1 F married 0
1 0 0
2 0 0
3 0 0
4 0 0
5 0 0
6 0 0
7 0 0
8 0 0
9 0 0
10 0 0
11 0 0
12 0 0
13 0 0
14 0 0
15 0 0.000009074
16 0 0.0000616611666666667
17 0 0.000200002833333333
18 0 0.00039298975
19 0 0.000798101166666667
20 0 0.00146047466666667
21 0 0.00238258866666667
22 0 0.00309154041666667
23 0 0.003939927
24 0 0.00491074408333333
25 0 0.006026718
26 0 0.00725982016666667
27 0 0.00853471358333333
28 0 0.00987632358333333
29 0 0.0109318094166667
30 0 0.011935629
31 0 0.01202518525
32 0 0.0118309473333333
33 0 0.0109853545
34 0 0.00992495433333333
35 0 0.00872525675
36 0 0.007145468
37 0 0.00582596008333333
38 0 0.00461641466666667
39 0 0.00348029483333333
40 0 0.00250743883333333
41 0 0.00163637366666667
42 0 0.00108241808333333
43 0 0.000614718666666667
44 0 0.00029765175
45 0 0.000128785583333333
46 0 0.0000681270833333333
47 0 0.000025
48 0 0.0000108855
49 0 0.00000584166666666667
50 0 0
51 0 0
52 0 0
53 0 0
54 0 0
55 0 0
56 0 0
57 0 0
58 0 0
59 0 0
60 0 0
61 0 0
62 0 0
63 0 0
64 0 0
65 0 0
66 0 0
67 0 0
68 0 0
69 0 0
70 0 0
71 0 0
72 0 0
73 0 0
74 0 0
75 0 0
76 0 0
77 0 0
78 0 0
79 0 0
80 0 0
81 0 0
82 0 0
83 0 0
84 0 0
85 0 0
86 0 0
87 0 0
88 0 0
89 0 0
90 0 0
91 0 0
92 0 0
93 0 0
94 0 0
95 0 0
96 0 0
97 0 0
98 0 0
99 0 0
100 0 0

birth 1 F single 0
1 0 0
2 0 0
3 0 0
4 0 0
5 0 0
6 0 0
7 0 0
8 0 0
9 0 0
10 0 0
11 0 0
12 0 0
13 0 0
14 0 0
15 0 0.000009074
16 0 0.0000616611666666667
17 0 0.000200002833333333
18 0 0.00039298975
19 0 0.000798101166666667
20 0 0.00146047466666667
21 0 0.00238258866666667
22 0 0.00309154041666667
23 0 0.003939927
24 0 0.00491074408333333
25 0 0.006026718
26 0 0.00725982016666667
27 0 0.00853471358333333
28 0 0.00987632358333333
29 0 0.0109318094166667
30 0 0.011935629
31 0 0.01202518525
32 0 0.0118309473333333
33 0 0.0109853545
34 0 0.00992495433333333
35 0 0.00872525675
36 0 0.007145468
37 0 0.00582596008333333
38 0 0.00461641466666667
39 0 0.00348029483333333
40 0 0.00250743883333333
41 0 0.00163637366666667
42 0 0.00108241808333333
43 0 0.000614718666666667
44 0 0.00029765175
45 0 0.000128785583333333
46 0 0.0000681270833333333
47 0 0.000025
48 0 0.0000108855
49 0 0.00000584166666666667
50 0 0
51 0 0
52 0 0
53 0 0
54 0 0
55 0 0
56 0 0
57 0 0
58 0 0
59 0 0
60 0 0
61 0 0
62 0 0
63 0 0
64 0 0
65 0 0
66 0 0
67 0 0
68 0 0
69 0 0
70 0 0
71 0 0
72 0 0
73 0 0
74 0 0
75 0 0
76 0 0
77 0 0
78 0 0
79 0 0
80 0 0
81 0 0
82 0 0
83 0 0
84 0 0
85 0 0
86 0 0
87 0 0
88 0 0
89 0 0
90 0 0
91 0 0
92 0 0
93 0 0
94 0 0
95 0 0
96 0 0
97 0 0
98 0 0
99 0 0
100 0 0
