*Period fertility rates for SWE in 1829 
* Mon Dec 20 14:21:54 2010
birth 1 F married 0
1 0 0
2 0 0
3 0 0
4 0 0
5 0 0
6 0 0
7 0 0
8 0 0
9 0 0
10 0 0
11 0 0
12 0 0
13 0 0
14 0 0.00000155
15 0 0.00003565
16 0 0.000165075
17 0 0.000498325
18 0 0.001219075
19 0 0.002635775
20 0 0.00473215
21 0 0.00643715
22 0 0.0084723
23 0 0.009990525
24 0 0.01211635
25 0 0.013702
26 0 0.01476065
27 0 0.015621675
28 0 0.0159154
29 0 0.0165478
30 0 0.01740185
31 0 0.0165695
32 0 0.016554
33 0 0.016264925
34 0 0.015396925
35 0 0.0157263
36 0 0.0151962
37 0 0.0149544
38 0 0.013206775
39 0 0.0129673
40 0 0.0118823
41 0 0.009869625
42 0 0.00817005
43 0 0.0065782
44 0 0.0044609
45 0 0.00279155
46 0 0.00161975
47 0 0.000754075
48 0 0.000434775
49 0 0.0001426
50 0 0
51 0 0
52 0 0
53 0 0
54 0 0
55 0 0
56 0 0
57 0 0
58 0 0
59 0 0
60 0 0
61 0 0
62 0 0
63 0 0
64 0 0
65 0 0
66 0 0
67 0 0
68 0 0
69 0 0
70 0 0
71 0 0
72 0 0
73 0 0
74 0 0
75 0 0
76 0 0
77 0 0
78 0 0
79 0 0
80 0 0
81 0 0
82 0 0
83 0 0
84 0 0
85 0 0
86 0 0
87 0 0
88 0 0
89 0 0
90 0 0
91 0 0
92 0 0
93 0 0
94 0 0
95 0 0
96 0 0
97 0 0
98 0 0
99 0 0
100 0 0

birth 1 F single 0
1 0 0
2 0 0
3 0 0
4 0 0
5 0 0
6 0 0
7 0 0
8 0 0
9 0 0
10 0 0
11 0 0
12 0 0
13 0 0
14 0 0.00000155
15 0 0.00003565
16 0 0.000165075
17 0 0.000498325
18 0 0.001219075
19 0 0.002635775
20 0 0.00473215
21 0 0.00643715
22 0 0.0084723
23 0 0.009990525
24 0 0.01211635
25 0 0.013702
26 0 0.01476065
27 0 0.015621675
28 0 0.0159154
29 0 0.0165478
30 0 0.01740185
31 0 0.0165695
32 0 0.016554
33 0 0.016264925
34 0 0.015396925
35 0 0.0157263
36 0 0.0151962
37 0 0.0149544
38 0 0.013206775
39 0 0.0129673
40 0 0.0118823
41 0 0.009869625
42 0 0.00817005
43 0 0.0065782
44 0 0.0044609
45 0 0.00279155
46 0 0.00161975
47 0 0.000754075
48 0 0.000434775
49 0 0.0001426
50 0 0
51 0 0
52 0 0
53 0 0
54 0 0
55 0 0
56 0 0
57 0 0
58 0 0
59 0 0
60 0 0
61 0 0
62 0 0
63 0 0
64 0 0
65 0 0
66 0 0
67 0 0
68 0 0
69 0 0
70 0 0
71 0 0
72 0 0
73 0 0
74 0 0
75 0 0
76 0 0
77 0 0
78 0 0
79 0 0
80 0 0
81 0 0
82 0 0
83 0 0
84 0 0
85 0 0
86 0 0
87 0 0
88 0 0
89 0 0
90 0 0
91 0 0
92 0 0
93 0 0
94 0 0
95 0 0
96 0 0
97 0 0
98 0 0
99 0 0
100 0 0
