*Period fertility rates for SWE in 1801 
* Mon Dec 20 14:21:53 2010
birth 1 F married 0
1 0 0
2 0 0
3 0 0
4 0 0
5 0 0
6 0 0
7 0 0
8 0 0
9 0 0
10 0 0
11 0 0
12 0 0
13 0 0
14 0 0.00000225
15 0 0.00005175
16 0 0.000239625
17 0 0.000723375
18 0 0.001769625
19 0 0.003826125
20 0 0.00686925
21 0 0.00934425
22 0 0.0122985
23 0 0.014502375
24 0 0.01758825
25 0 0.01989
26 0 0.02142675
27 0 0.022676625
28 0 0.023103
29 0 0.024021
30 0 0.02526075
31 0 0.0240525
32 0 0.02403
33 0 0.023610375
34 0 0.022350375
35 0 0.0228285
36 0 0.022059
37 0 0.021708
38 0 0.019171125
39 0 0.0188235
40 0 0.0172485
41 0 0.014326875
42 0 0.01185975
43 0 0.009549
44 0 0.0064755
45 0 0.00405225
46 0 0.00235125
47 0 0.001094625
48 0 0.000631125
49 0 0.000207
50 0 0
51 0 0
52 0 0
53 0 0
54 0 0
55 0 0
56 0 0
57 0 0
58 0 0
59 0 0
60 0 0
61 0 0
62 0 0
63 0 0
64 0 0
65 0 0
66 0 0
67 0 0
68 0 0
69 0 0
70 0 0
71 0 0
72 0 0
73 0 0
74 0 0
75 0 0
76 0 0
77 0 0
78 0 0
79 0 0
80 0 0
81 0 0
82 0 0
83 0 0
84 0 0
85 0 0
86 0 0
87 0 0
88 0 0
89 0 0
90 0 0
91 0 0
92 0 0
93 0 0
94 0 0
95 0 0
96 0 0
97 0 0
98 0 0
99 0 0
100 0 0

birth 1 F single 0
1 0 0
2 0 0
3 0 0
4 0 0
5 0 0
6 0 0
7 0 0
8 0 0
9 0 0
10 0 0
11 0 0
12 0 0
13 0 0
14 0 0.00000225
15 0 0.00005175
16 0 0.000239625
17 0 0.000723375
18 0 0.001769625
19 0 0.003826125
20 0 0.00686925
21 0 0.00934425
22 0 0.0122985
23 0 0.014502375
24 0 0.01758825
25 0 0.01989
26 0 0.02142675
27 0 0.022676625
28 0 0.023103
29 0 0.024021
30 0 0.02526075
31 0 0.0240525
32 0 0.02403
33 0 0.023610375
34 0 0.022350375
35 0 0.0228285
36 0 0.022059
37 0 0.021708
38 0 0.019171125
39 0 0.0188235
40 0 0.0172485
41 0 0.014326875
42 0 0.01185975
43 0 0.009549
44 0 0.0064755
45 0 0.00405225
46 0 0.00235125
47 0 0.001094625
48 0 0.000631125
49 0 0.000207
50 0 0
51 0 0
52 0 0
53 0 0
54 0 0
55 0 0
56 0 0
57 0 0
58 0 0
59 0 0
60 0 0
61 0 0
62 0 0
63 0 0
64 0 0
65 0 0
66 0 0
67 0 0
68 0 0
69 0 0
70 0 0
71 0 0
72 0 0
73 0 0
74 0 0
75 0 0
76 0 0
77 0 0
78 0 0
79 0 0
80 0 0
81 0 0
82 0 0
83 0 0
84 0 0
85 0 0
86 0 0
87 0 0
88 0 0
89 0 0
90 0 0
91 0 0
92 0 0
93 0 0
94 0 0
95 0 0
96 0 0
97 0 0
98 0 0
99 0 0
100 0 0
