*Period fertility rates for SWE in 1950 
* Mon Dec 20 14:21:53 2010
birth 1 F married 0
1 0 0
2 0 0
3 0 0
4 0 0
5 0 0
6 0 0
7 0 0
8 0 0
9 0 0
10 0 0
11 0 0
12 0 0
13 0 0
14 0 0.0000225
15 0 0.000163333333333333
16 0 0.0008575
17 0 0.0025675
18 0 0.00487416666666667
19 0 0.00720833333333333
20 0 0.00884166666666667
21 0 0.0100491666666667
22 0 0.0106408333333333
23 0 0.0114941666666667
24 0 0.0113183333333333
25 0 0.0113891666666667
26 0 0.0111491666666667
27 0 0.0108408333333333
28 0 0.010695
29 0 0.0095375
30 0 0.0096875
31 0 0.00813833333333333
32 0 0.00760916666666667
33 0 0.00711333333333333
34 0 0.00634416666666667
35 0 0.00590583333333333
36 0 0.00529333333333333
37 0 0.00448833333333333
38 0 0.00389583333333333
39 0 0.00333
40 0 0.00257083333333333
41 0 0.00196916666666667
42 0 0.00138833333333333
43 0 0.00101666666666667
44 0 0.000620833333333333
45 0 0.000320833333333333
46 0 0.000169166666666667
47 0 0.0000916666666666667
48 0 0.0000291666666666667
49 0 0.00000833333333333333
50 0 0
51 0 0
52 0 0
53 0 0
54 0 0
55 0 0
56 0 0
57 0 0
58 0 0
59 0 0
60 0 0
61 0 0
62 0 0
63 0 0
64 0 0
65 0 0
66 0 0
67 0 0
68 0 0
69 0 0
70 0 0
71 0 0
72 0 0
73 0 0
74 0 0
75 0 0
76 0 0
77 0 0
78 0 0
79 0 0
80 0 0
81 0 0
82 0 0
83 0 0
84 0 0
85 0 0
86 0 0
87 0 0
88 0 0
89 0 0
90 0 0
91 0 0
92 0 0
93 0 0
94 0 0
95 0 0
96 0 0
97 0 0
98 0 0
99 0 0
100 0 0

birth 1 F single 0
1 0 0
2 0 0
3 0 0
4 0 0
5 0 0
6 0 0
7 0 0
8 0 0
9 0 0
10 0 0
11 0 0
12 0 0
13 0 0
14 0 0.0000225
15 0 0.000163333333333333
16 0 0.0008575
17 0 0.0025675
18 0 0.00487416666666667
19 0 0.00720833333333333
20 0 0.00884166666666667
21 0 0.0100491666666667
22 0 0.0106408333333333
23 0 0.0114941666666667
24 0 0.0113183333333333
25 0 0.0113891666666667
26 0 0.0111491666666667
27 0 0.0108408333333333
28 0 0.010695
29 0 0.0095375
30 0 0.0096875
31 0 0.00813833333333333
32 0 0.00760916666666667
33 0 0.00711333333333333
34 0 0.00634416666666667
35 0 0.00590583333333333
36 0 0.00529333333333333
37 0 0.00448833333333333
38 0 0.00389583333333333
39 0 0.00333
40 0 0.00257083333333333
41 0 0.00196916666666667
42 0 0.00138833333333333
43 0 0.00101666666666667
44 0 0.000620833333333333
45 0 0.000320833333333333
46 0 0.000169166666666667
47 0 0.0000916666666666667
48 0 0.0000291666666666667
49 0 0.00000833333333333333
50 0 0
51 0 0
52 0 0
53 0 0
54 0 0
55 0 0
56 0 0
57 0 0
58 0 0
59 0 0
60 0 0
61 0 0
62 0 0
63 0 0
64 0 0
65 0 0
66 0 0
67 0 0
68 0 0
69 0 0
70 0 0
71 0 0
72 0 0
73 0 0
74 0 0
75 0 0
76 0 0
77 0 0
78 0 0
79 0 0
80 0 0
81 0 0
82 0 0
83 0 0
84 0 0
85 0 0
86 0 0
87 0 0
88 0 0
89 0 0
90 0 0
91 0 0
92 0 0
93 0 0
94 0 0
95 0 0
96 0 0
97 0 0
98 0 0
99 0 0
100 0 0
