*Period fertility rates for SWE in 2092 
* Mon Dec 20 14:21:54 2010
birth 1 F married 0
1 0 0
2 0 0
3 0 0
4 0 0
5 0 0
6 0 0
7 0 0
8 0 0
9 0 0
10 0 0
11 0 0
12 0 0
13 0 0
14 0 0
15 0 0.00000907191666666667
16 0 0.0000615918333333333
17 0 0.000199749333333333
18 0 0.00039257775
19 0 0.000794366416666667
20 0 0.00145360108333333
21 0 0.0023669675
22 0 0.00306472908333333
23 0 0.00389874233333333
24 0 0.00485042583333333
25 0 0.00595304558333333
26 0 0.00716713791666667
27 0 0.0084536055
28 0 0.00980756175
29 0 0.0108847103333333
30 0 0.0119234709166667
31 0 0.0120210978333333
32 0 0.0118450583333333
33 0 0.0109853193333333
34 0 0.00992350783333333
35 0 0.00872800766666667
36 0 0.00712687266666667
37 0 0.00579949275
38 0 0.00459856475
39 0 0.00346397758333333
40 0 0.00249784008333333
41 0 0.001624259
42 0 0.001067414
43 0 0.00060577025
44 0 0.000296262416666667
45 0 0.000125745083333333
46 0 0.00006549625
47 0 0.000025
48 0 0.0000101369166666667
49 0 0.000006525
50 0 0
51 0 0
52 0 0
53 0 0
54 0 0
55 0 0
56 0 0
57 0 0
58 0 0
59 0 0
60 0 0
61 0 0
62 0 0
63 0 0
64 0 0
65 0 0
66 0 0
67 0 0
68 0 0
69 0 0
70 0 0
71 0 0
72 0 0
73 0 0
74 0 0
75 0 0
76 0 0
77 0 0
78 0 0
79 0 0
80 0 0
81 0 0
82 0 0
83 0 0
84 0 0
85 0 0
86 0 0
87 0 0
88 0 0
89 0 0
90 0 0
91 0 0
92 0 0
93 0 0
94 0 0
95 0 0
96 0 0
97 0 0
98 0 0
99 0 0
100 0 0

birth 1 F single 0
1 0 0
2 0 0
3 0 0
4 0 0
5 0 0
6 0 0
7 0 0
8 0 0
9 0 0
10 0 0
11 0 0
12 0 0
13 0 0
14 0 0
15 0 0.00000907191666666667
16 0 0.0000615918333333333
17 0 0.000199749333333333
18 0 0.00039257775
19 0 0.000794366416666667
20 0 0.00145360108333333
21 0 0.0023669675
22 0 0.00306472908333333
23 0 0.00389874233333333
24 0 0.00485042583333333
25 0 0.00595304558333333
26 0 0.00716713791666667
27 0 0.0084536055
28 0 0.00980756175
29 0 0.0108847103333333
30 0 0.0119234709166667
31 0 0.0120210978333333
32 0 0.0118450583333333
33 0 0.0109853193333333
34 0 0.00992350783333333
35 0 0.00872800766666667
36 0 0.00712687266666667
37 0 0.00579949275
38 0 0.00459856475
39 0 0.00346397758333333
40 0 0.00249784008333333
41 0 0.001624259
42 0 0.001067414
43 0 0.00060577025
44 0 0.000296262416666667
45 0 0.000125745083333333
46 0 0.00006549625
47 0 0.000025
48 0 0.0000101369166666667
49 0 0.000006525
50 0 0
51 0 0
52 0 0
53 0 0
54 0 0
55 0 0
56 0 0
57 0 0
58 0 0
59 0 0
60 0 0
61 0 0
62 0 0
63 0 0
64 0 0
65 0 0
66 0 0
67 0 0
68 0 0
69 0 0
70 0 0
71 0 0
72 0 0
73 0 0
74 0 0
75 0 0
76 0 0
77 0 0
78 0 0
79 0 0
80 0 0
81 0 0
82 0 0
83 0 0
84 0 0
85 0 0
86 0 0
87 0 0
88 0 0
89 0 0
90 0 0
91 0 0
92 0 0
93 0 0
94 0 0
95 0 0
96 0 0
97 0 0
98 0 0
99 0 0
100 0 0
