*Period fertility rates for SWE in 1752 
* Mon Dec 20 14:21:53 2010
birth 1 F married 0
1 0 0
2 0 0
3 0 0
4 0 0
5 0 0
6 0 0
7 0 0
8 0 0
9 0 0
10 0 0
11 0 0
12 0 0
13 0 0
14 0 0.000003475
15 0 0.000079925
16 0 0.0003700875
17 0 0.0011172125
18 0 0.0027330875
19 0 0.0059092375
20 0 0.010609175
21 0 0.014431675
22 0 0.01899435
23 0 0.0223981125
24 0 0.027164075
25 0 0.030719
26 0 0.033092425
27 0 0.0350227875
28 0 0.0356813
29 0 0.0370991
30 0 0.039013825
31 0 0.03714775
32 0 0.037113
33 0 0.0364649125
34 0 0.0345189125
35 0 0.03525735
36 0 0.0340689
37 0 0.0335268
38 0 0.0296087375
39 0 0.02907185
40 0 0.02663935
41 0 0.0221270625
42 0 0.018316725
43 0 0.0147479
44 0 0.01000105
45 0 0.006258475
46 0 0.003631375
47 0 0.0016905875
48 0 0.0009747375
49 0 0.0003197
50 0 0
51 0 0
52 0 0
53 0 0
54 0 0
55 0 0
56 0 0
57 0 0
58 0 0
59 0 0
60 0 0
61 0 0
62 0 0
63 0 0
64 0 0
65 0 0
66 0 0
67 0 0
68 0 0
69 0 0
70 0 0
71 0 0
72 0 0
73 0 0
74 0 0
75 0 0
76 0 0
77 0 0
78 0 0
79 0 0
80 0 0
81 0 0
82 0 0
83 0 0
84 0 0
85 0 0
86 0 0
87 0 0
88 0 0
89 0 0
90 0 0
91 0 0
92 0 0
93 0 0
94 0 0
95 0 0
96 0 0
97 0 0
98 0 0
99 0 0
100 0 0

birth 1 F single 0
1 0 0
2 0 0
3 0 0
4 0 0
5 0 0
6 0 0
7 0 0
8 0 0
9 0 0
10 0 0
11 0 0
12 0 0
13 0 0
14 0 0.000003475
15 0 0.000079925
16 0 0.0003700875
17 0 0.0011172125
18 0 0.0027330875
19 0 0.0059092375
20 0 0.010609175
21 0 0.014431675
22 0 0.01899435
23 0 0.0223981125
24 0 0.027164075
25 0 0.030719
26 0 0.033092425
27 0 0.0350227875
28 0 0.0356813
29 0 0.0370991
30 0 0.039013825
31 0 0.03714775
32 0 0.037113
33 0 0.0364649125
34 0 0.0345189125
35 0 0.03525735
36 0 0.0340689
37 0 0.0335268
38 0 0.0296087375
39 0 0.02907185
40 0 0.02663935
41 0 0.0221270625
42 0 0.018316725
43 0 0.0147479
44 0 0.01000105
45 0 0.006258475
46 0 0.003631375
47 0 0.0016905875
48 0 0.0009747375
49 0 0.0003197
50 0 0
51 0 0
52 0 0
53 0 0
54 0 0
55 0 0
56 0 0
57 0 0
58 0 0
59 0 0
60 0 0
61 0 0
62 0 0
63 0 0
64 0 0
65 0 0
66 0 0
67 0 0
68 0 0
69 0 0
70 0 0
71 0 0
72 0 0
73 0 0
74 0 0
75 0 0
76 0 0
77 0 0
78 0 0
79 0 0
80 0 0
81 0 0
82 0 0
83 0 0
84 0 0
85 0 0
86 0 0
87 0 0
88 0 0
89 0 0
90 0 0
91 0 0
92 0 0
93 0 0
94 0 0
95 0 0
96 0 0
97 0 0
98 0 0
99 0 0
100 0 0
