*Period fertility rates for SWE in 1923 
* Mon Dec 20 14:21:53 2010
birth 1 F married 0
1 0 0
2 0 0
3 0 0
4 0 0
5 0 0
6 0 0
7 0 0
8 0 0
9 0 0
10 0 0
11 0 0
12 0 0
13 0 0
14 0 0.00001
15 0 0.0000716666666666667
16 0 0.000304166666666667
17 0 0.000986666666666667
18 0 0.00217916666666667
19 0 0.0038125
20 0 0.00532666666666667
21 0 0.00689916666666667
22 0 0.00815833333333333
23 0 0.00904833333333333
24 0 0.0100116666666667
25 0 0.0108183333333333
26 0 0.0109383333333333
27 0 0.0108125
28 0 0.0111083333333333
29 0 0.011095
30 0 0.0106541666666667
31 0 0.0101391666666667
32 0 0.0101916666666667
33 0 0.009685
34 0 0.00900166666666667
35 0 0.00873583333333333
36 0 0.00832416666666667
37 0 0.00771583333333333
38 0 0.00726333333333333
39 0 0.00667666666666667
40 0 0.00575333333333333
41 0 0.00510083333333333
42 0 0.00400666666666667
43 0 0.003055
44 0 0.00201166666666667
45 0 0.0012325
46 0 0.0006225
47 0 0.000319166666666667
48 0 0.000166666666666667
49 0 0.0000466666666666667
50 0 0
51 0 0
52 0 0
53 0 0
54 0 0
55 0 0
56 0 0
57 0 0
58 0 0
59 0 0
60 0 0
61 0 0
62 0 0
63 0 0
64 0 0
65 0 0
66 0 0
67 0 0
68 0 0
69 0 0
70 0 0
71 0 0
72 0 0
73 0 0
74 0 0
75 0 0
76 0 0
77 0 0
78 0 0
79 0 0
80 0 0
81 0 0
82 0 0
83 0 0
84 0 0
85 0 0
86 0 0
87 0 0
88 0 0
89 0 0
90 0 0
91 0 0
92 0 0
93 0 0
94 0 0
95 0 0
96 0 0
97 0 0
98 0 0
99 0 0
100 0 0

birth 1 F single 0
1 0 0
2 0 0
3 0 0
4 0 0
5 0 0
6 0 0
7 0 0
8 0 0
9 0 0
10 0 0
11 0 0
12 0 0
13 0 0
14 0 0.00001
15 0 0.0000716666666666667
16 0 0.000304166666666667
17 0 0.000986666666666667
18 0 0.00217916666666667
19 0 0.0038125
20 0 0.00532666666666667
21 0 0.00689916666666667
22 0 0.00815833333333333
23 0 0.00904833333333333
24 0 0.0100116666666667
25 0 0.0108183333333333
26 0 0.0109383333333333
27 0 0.0108125
28 0 0.0111083333333333
29 0 0.011095
30 0 0.0106541666666667
31 0 0.0101391666666667
32 0 0.0101916666666667
33 0 0.009685
34 0 0.00900166666666667
35 0 0.00873583333333333
36 0 0.00832416666666667
37 0 0.00771583333333333
38 0 0.00726333333333333
39 0 0.00667666666666667
40 0 0.00575333333333333
41 0 0.00510083333333333
42 0 0.00400666666666667
43 0 0.003055
44 0 0.00201166666666667
45 0 0.0012325
46 0 0.0006225
47 0 0.000319166666666667
48 0 0.000166666666666667
49 0 0.0000466666666666667
50 0 0
51 0 0
52 0 0
53 0 0
54 0 0
55 0 0
56 0 0
57 0 0
58 0 0
59 0 0
60 0 0
61 0 0
62 0 0
63 0 0
64 0 0
65 0 0
66 0 0
67 0 0
68 0 0
69 0 0
70 0 0
71 0 0
72 0 0
73 0 0
74 0 0
75 0 0
76 0 0
77 0 0
78 0 0
79 0 0
80 0 0
81 0 0
82 0 0
83 0 0
84 0 0
85 0 0
86 0 0
87 0 0
88 0 0
89 0 0
90 0 0
91 0 0
92 0 0
93 0 0
94 0 0
95 0 0
96 0 0
97 0 0
98 0 0
99 0 0
100 0 0
