*Period fertility rates for SWE in 2052 
* Mon Dec 20 14:21:54 2010
birth 1 F married 0
1 0 0
2 0 0
3 0 0
4 0 0
5 0 0
6 0 0
7 0 0
8 0 0
9 0 0
10 0 0
11 0 0
12 0 0
13 0 0
14 0 0
15 0 0.00000910333333333333
16 0 0.0000617504166666667
17 0 0.000200180416666667
18 0 0.00039356725
19 0 0.0007973415
20 0 0.0014573985
21 0 0.00237230108333333
22 0 0.00307127925
23 0 0.00390477158333333
24 0 0.00485490966666667
25 0 0.00595499083333333
26 0 0.00716599583333333
27 0 0.00845048125
28 0 0.00980358658333333
29 0 0.0108816145
30 0 0.0119235091666667
31 0 0.0120215258333333
32 0 0.0118471758333333
33 0 0.010986477
34 0 0.00992453516666667
35 0 0.00872894541666667
36 0 0.00712652841666667
37 0 0.00580012366666667
38 0 0.00459976041666667
39 0 0.00346618891666667
40 0 0.0024997735
41 0 0.00162715508333333
42 0 0.00107114991666667
43 0 0.000608531333333333
44 0 0.000296684166666667
45 0 0.00012675925
46 0 0.0000663986666666667
47 0 0.000025
48 0 0.0000104405833333333
49 0 0.0000062
50 0 0
51 0 0
52 0 0
53 0 0
54 0 0
55 0 0
56 0 0
57 0 0
58 0 0
59 0 0
60 0 0
61 0 0
62 0 0
63 0 0
64 0 0
65 0 0
66 0 0
67 0 0
68 0 0
69 0 0
70 0 0
71 0 0
72 0 0
73 0 0
74 0 0
75 0 0
76 0 0
77 0 0
78 0 0
79 0 0
80 0 0
81 0 0
82 0 0
83 0 0
84 0 0
85 0 0
86 0 0
87 0 0
88 0 0
89 0 0
90 0 0
91 0 0
92 0 0
93 0 0
94 0 0
95 0 0
96 0 0
97 0 0
98 0 0
99 0 0
100 0 0

birth 1 F single 0
1 0 0
2 0 0
3 0 0
4 0 0
5 0 0
6 0 0
7 0 0
8 0 0
9 0 0
10 0 0
11 0 0
12 0 0
13 0 0
14 0 0
15 0 0.00000910333333333333
16 0 0.0000617504166666667
17 0 0.000200180416666667
18 0 0.00039356725
19 0 0.0007973415
20 0 0.0014573985
21 0 0.00237230108333333
22 0 0.00307127925
23 0 0.00390477158333333
24 0 0.00485490966666667
25 0 0.00595499083333333
26 0 0.00716599583333333
27 0 0.00845048125
28 0 0.00980358658333333
29 0 0.0108816145
30 0 0.0119235091666667
31 0 0.0120215258333333
32 0 0.0118471758333333
33 0 0.010986477
34 0 0.00992453516666667
35 0 0.00872894541666667
36 0 0.00712652841666667
37 0 0.00580012366666667
38 0 0.00459976041666667
39 0 0.00346618891666667
40 0 0.0024997735
41 0 0.00162715508333333
42 0 0.00107114991666667
43 0 0.000608531333333333
44 0 0.000296684166666667
45 0 0.00012675925
46 0 0.0000663986666666667
47 0 0.000025
48 0 0.0000104405833333333
49 0 0.0000062
50 0 0
51 0 0
52 0 0
53 0 0
54 0 0
55 0 0
56 0 0
57 0 0
58 0 0
59 0 0
60 0 0
61 0 0
62 0 0
63 0 0
64 0 0
65 0 0
66 0 0
67 0 0
68 0 0
69 0 0
70 0 0
71 0 0
72 0 0
73 0 0
74 0 0
75 0 0
76 0 0
77 0 0
78 0 0
79 0 0
80 0 0
81 0 0
82 0 0
83 0 0
84 0 0
85 0 0
86 0 0
87 0 0
88 0 0
89 0 0
90 0 0
91 0 0
92 0 0
93 0 0
94 0 0
95 0 0
96 0 0
97 0 0
98 0 0
99 0 0
100 0 0
