*Period fertility rates for SWE in 1866 
* Mon Dec 20 14:21:54 2010
birth 1 F married 0
1 0 0
2 0 0
3 0 0
4 0 0
5 0 0
6 0 0
7 0 0
8 0 0
9 0 0
10 0 0
11 0 0
12 0 0
13 0 0
14 0 0.000000625
15 0 0.000014375
16 0 0.0000665625
17 0 0.0002009375
18 0 0.0004915625
19 0 0.0010628125
20 0 0.001908125
21 0 0.002595625
22 0 0.00341625
23 0 0.0040284375
24 0 0.004885625
25 0 0.005525
26 0 0.005951875
27 0 0.0062990625
28 0 0.0064175
29 0 0.0066725
30 0 0.007016875
31 0 0.00668125
32 0 0.006675
33 0 0.0065584375
34 0 0.0062084375
35 0 0.00634125
36 0 0.0061275
37 0 0.00603
38 0 0.0053253125
39 0 0.00522875
40 0 0.00479125
41 0 0.0039796875
42 0 0.003294375
43 0 0.0026525
44 0 0.00179875
45 0 0.001125625
46 0 0.000653125
47 0 0.0003040625
48 0 0.0001753125
49 0 0.0000575
50 0 0
51 0 0
52 0 0
53 0 0
54 0 0
55 0 0
56 0 0
57 0 0
58 0 0
59 0 0
60 0 0
61 0 0
62 0 0
63 0 0
64 0 0
65 0 0
66 0 0
67 0 0
68 0 0
69 0 0
70 0 0
71 0 0
72 0 0
73 0 0
74 0 0
75 0 0
76 0 0
77 0 0
78 0 0
79 0 0
80 0 0
81 0 0
82 0 0
83 0 0
84 0 0
85 0 0
86 0 0
87 0 0
88 0 0
89 0 0
90 0 0
91 0 0
92 0 0
93 0 0
94 0 0
95 0 0
96 0 0
97 0 0
98 0 0
99 0 0
100 0 0

birth 1 F single 0
1 0 0
2 0 0
3 0 0
4 0 0
5 0 0
6 0 0
7 0 0
8 0 0
9 0 0
10 0 0
11 0 0
12 0 0
13 0 0
14 0 0.000000625
15 0 0.000014375
16 0 0.0000665625
17 0 0.0002009375
18 0 0.0004915625
19 0 0.0010628125
20 0 0.001908125
21 0 0.002595625
22 0 0.00341625
23 0 0.0040284375
24 0 0.004885625
25 0 0.005525
26 0 0.005951875
27 0 0.0062990625
28 0 0.0064175
29 0 0.0066725
30 0 0.007016875
31 0 0.00668125
32 0 0.006675
33 0 0.0065584375
34 0 0.0062084375
35 0 0.00634125
36 0 0.0061275
37 0 0.00603
38 0 0.0053253125
39 0 0.00522875
40 0 0.00479125
41 0 0.0039796875
42 0 0.003294375
43 0 0.0026525
44 0 0.00179875
45 0 0.001125625
46 0 0.000653125
47 0 0.0003040625
48 0 0.0001753125
49 0 0.0000575
50 0 0
51 0 0
52 0 0
53 0 0
54 0 0
55 0 0
56 0 0
57 0 0
58 0 0
59 0 0
60 0 0
61 0 0
62 0 0
63 0 0
64 0 0
65 0 0
66 0 0
67 0 0
68 0 0
69 0 0
70 0 0
71 0 0
72 0 0
73 0 0
74 0 0
75 0 0
76 0 0
77 0 0
78 0 0
79 0 0
80 0 0
81 0 0
82 0 0
83 0 0
84 0 0
85 0 0
86 0 0
87 0 0
88 0 0
89 0 0
90 0 0
91 0 0
92 0 0
93 0 0
94 0 0
95 0 0
96 0 0
97 0 0
98 0 0
99 0 0
100 0 0
