*Period fertility rates for SWE in 1971 
* Mon Dec 20 14:21:53 2010
birth 1 F married 0
1 0 0
2 0 0
3 0 0
4 0 0
5 0 0
6 0 0
7 0 0
8 0 0
9 0 0
10 0 0
11 0 0
12 0 0
13 0 0
14 0 0.0000425
15 0 0.00021
16 0 0.0010275
17 0 0.00255416666666667
18 0 0.00422916666666667
19 0 0.00610833333333333
20 0 0.00782666666666667
21 0 0.00949
22 0 0.0107483333333333
23 0 0.0116808333333333
24 0 0.0122391666666667
25 0 0.0127016666666667
26 0 0.0117258333333333
27 0 0.0113366666666667
28 0 0.0100525
29 0 0.00905583333333333
30 0 0.0078275
31 0 0.00669666666666667
32 0 0.00574166666666667
33 0 0.00472916666666667
34 0 0.00395583333333333
35 0 0.00329166666666667
36 0 0.00275833333333333
37 0 0.00201666666666667
38 0 0.00164833333333333
39 0 0.00130666666666667
40 0 0.000936666666666667
41 0 0.000585
42 0 0.0004525
43 0 0.000295
44 0 0.000163333333333333
45 0 0.0000708333333333333
46 0 0.00003
47 0 0.00001
48 0 0.00000833333333333333
49 0 0.00000166666666666667
50 0 0
51 0 0
52 0 0
53 0 0
54 0 0
55 0 0
56 0 0
57 0 0
58 0 0
59 0 0
60 0 0
61 0 0
62 0 0
63 0 0
64 0 0
65 0 0
66 0 0
67 0 0
68 0 0
69 0 0
70 0 0
71 0 0
72 0 0
73 0 0
74 0 0
75 0 0
76 0 0
77 0 0
78 0 0
79 0 0
80 0 0
81 0 0
82 0 0
83 0 0
84 0 0
85 0 0
86 0 0
87 0 0
88 0 0
89 0 0
90 0 0
91 0 0
92 0 0
93 0 0
94 0 0
95 0 0
96 0 0
97 0 0
98 0 0
99 0 0
100 0 0

birth 1 F single 0
1 0 0
2 0 0
3 0 0
4 0 0
5 0 0
6 0 0
7 0 0
8 0 0
9 0 0
10 0 0
11 0 0
12 0 0
13 0 0
14 0 0.0000425
15 0 0.00021
16 0 0.0010275
17 0 0.00255416666666667
18 0 0.00422916666666667
19 0 0.00610833333333333
20 0 0.00782666666666667
21 0 0.00949
22 0 0.0107483333333333
23 0 0.0116808333333333
24 0 0.0122391666666667
25 0 0.0127016666666667
26 0 0.0117258333333333
27 0 0.0113366666666667
28 0 0.0100525
29 0 0.00905583333333333
30 0 0.0078275
31 0 0.00669666666666667
32 0 0.00574166666666667
33 0 0.00472916666666667
34 0 0.00395583333333333
35 0 0.00329166666666667
36 0 0.00275833333333333
37 0 0.00201666666666667
38 0 0.00164833333333333
39 0 0.00130666666666667
40 0 0.000936666666666667
41 0 0.000585
42 0 0.0004525
43 0 0.000295
44 0 0.000163333333333333
45 0 0.0000708333333333333
46 0 0.00003
47 0 0.00001
48 0 0.00000833333333333333
49 0 0.00000166666666666667
50 0 0
51 0 0
52 0 0
53 0 0
54 0 0
55 0 0
56 0 0
57 0 0
58 0 0
59 0 0
60 0 0
61 0 0
62 0 0
63 0 0
64 0 0
65 0 0
66 0 0
67 0 0
68 0 0
69 0 0
70 0 0
71 0 0
72 0 0
73 0 0
74 0 0
75 0 0
76 0 0
77 0 0
78 0 0
79 0 0
80 0 0
81 0 0
82 0 0
83 0 0
84 0 0
85 0 0
86 0 0
87 0 0
88 0 0
89 0 0
90 0 0
91 0 0
92 0 0
93 0 0
94 0 0
95 0 0
96 0 0
97 0 0
98 0 0
99 0 0
100 0 0
