*Period fertility rates for SWE in 1836 
* Mon Dec 20 14:21:54 2010
birth 1 F married 0
1 0 0
2 0 0
3 0 0
4 0 0
5 0 0
6 0 0
7 0 0
8 0 0
9 0 0
10 0 0
11 0 0
12 0 0
13 0 0
14 0 0.000001375
15 0 0.000031625
16 0 0.0001464375
17 0 0.0004420625
18 0 0.0010814375
19 0 0.0023381875
20 0 0.004197875
21 0 0.005710375
22 0 0.00751575
23 0 0.0088625625
24 0 0.010748375
25 0 0.012155
26 0 0.013094125
27 0 0.0138579375
28 0 0.0141185
29 0 0.0146795
30 0 0.015437125
31 0 0.01469875
32 0 0.014685
33 0 0.0144285625
34 0 0.0136585625
35 0 0.01395075
36 0 0.0134805
37 0 0.013266
38 0 0.0117156875
39 0 0.01150325
40 0 0.01054075
41 0 0.0087553125
42 0 0.007247625
43 0 0.0058355
44 0 0.00395725
45 0 0.002476375
46 0 0.001436875
47 0 0.0006689375
48 0 0.0003856875
49 0 0.0001265
50 0 0
51 0 0
52 0 0
53 0 0
54 0 0
55 0 0
56 0 0
57 0 0
58 0 0
59 0 0
60 0 0
61 0 0
62 0 0
63 0 0
64 0 0
65 0 0
66 0 0
67 0 0
68 0 0
69 0 0
70 0 0
71 0 0
72 0 0
73 0 0
74 0 0
75 0 0
76 0 0
77 0 0
78 0 0
79 0 0
80 0 0
81 0 0
82 0 0
83 0 0
84 0 0
85 0 0
86 0 0
87 0 0
88 0 0
89 0 0
90 0 0
91 0 0
92 0 0
93 0 0
94 0 0
95 0 0
96 0 0
97 0 0
98 0 0
99 0 0
100 0 0

birth 1 F single 0
1 0 0
2 0 0
3 0 0
4 0 0
5 0 0
6 0 0
7 0 0
8 0 0
9 0 0
10 0 0
11 0 0
12 0 0
13 0 0
14 0 0.000001375
15 0 0.000031625
16 0 0.0001464375
17 0 0.0004420625
18 0 0.0010814375
19 0 0.0023381875
20 0 0.004197875
21 0 0.005710375
22 0 0.00751575
23 0 0.0088625625
24 0 0.010748375
25 0 0.012155
26 0 0.013094125
27 0 0.0138579375
28 0 0.0141185
29 0 0.0146795
30 0 0.015437125
31 0 0.01469875
32 0 0.014685
33 0 0.0144285625
34 0 0.0136585625
35 0 0.01395075
36 0 0.0134805
37 0 0.013266
38 0 0.0117156875
39 0 0.01150325
40 0 0.01054075
41 0 0.0087553125
42 0 0.007247625
43 0 0.0058355
44 0 0.00395725
45 0 0.002476375
46 0 0.001436875
47 0 0.0006689375
48 0 0.0003856875
49 0 0.0001265
50 0 0
51 0 0
52 0 0
53 0 0
54 0 0
55 0 0
56 0 0
57 0 0
58 0 0
59 0 0
60 0 0
61 0 0
62 0 0
63 0 0
64 0 0
65 0 0
66 0 0
67 0 0
68 0 0
69 0 0
70 0 0
71 0 0
72 0 0
73 0 0
74 0 0
75 0 0
76 0 0
77 0 0
78 0 0
79 0 0
80 0 0
81 0 0
82 0 0
83 0 0
84 0 0
85 0 0
86 0 0
87 0 0
88 0 0
89 0 0
90 0 0
91 0 0
92 0 0
93 0 0
94 0 0
95 0 0
96 0 0
97 0 0
98 0 0
99 0 0
100 0 0
