*Period fertility rates for SWE in 1905 
* Mon Dec 20 14:21:53 2010
birth 1 F married 0
1 0 0
2 0 0
3 0 0
4 0 0
5 0 0
6 0 0
7 0 0
8 0 0
9 0 0
10 0 0
11 0 0
12 0 0
13 0 0
14 0 0.000015
15 0 0.0000608333333333333
16 0 0.000265833333333333
17 0 0.000875
18 0 0.0020475
19 0 0.00368416666666667
20 0 0.0057
21 0 0.00773
22 0 0.0096525
23 0 0.0119341666666667
24 0 0.0129191666666667
25 0 0.0144291666666667
26 0 0.0149091666666667
27 0 0.0157258333333333
28 0 0.016285
29 0 0.0161416666666667
30 0 0.0164016666666667
31 0 0.016195
32 0 0.0158825
33 0 0.01578
34 0 0.0149583333333333
35 0 0.014325
36 0 0.013155
37 0 0.0127466666666667
38 0 0.0124058333333333
39 0 0.0111833333333333
40 0 0.0101366666666667
41 0 0.00884583333333333
42 0 0.00724583333333333
43 0 0.00533916666666667
44 0 0.0037625
45 0 0.00249833333333333
46 0 0.0012075
47 0 0.000503333333333333
48 0 0.000216666666666667
49 0 0.0000658333333333333
50 0 0
51 0 0
52 0 0
53 0 0
54 0 0
55 0 0
56 0 0
57 0 0
58 0 0
59 0 0
60 0 0
61 0 0
62 0 0
63 0 0
64 0 0
65 0 0
66 0 0
67 0 0
68 0 0
69 0 0
70 0 0
71 0 0
72 0 0
73 0 0
74 0 0
75 0 0
76 0 0
77 0 0
78 0 0
79 0 0
80 0 0
81 0 0
82 0 0
83 0 0
84 0 0
85 0 0
86 0 0
87 0 0
88 0 0
89 0 0
90 0 0
91 0 0
92 0 0
93 0 0
94 0 0
95 0 0
96 0 0
97 0 0
98 0 0
99 0 0
100 0 0

birth 1 F single 0
1 0 0
2 0 0
3 0 0
4 0 0
5 0 0
6 0 0
7 0 0
8 0 0
9 0 0
10 0 0
11 0 0
12 0 0
13 0 0
14 0 0.000015
15 0 0.0000608333333333333
16 0 0.000265833333333333
17 0 0.000875
18 0 0.0020475
19 0 0.00368416666666667
20 0 0.0057
21 0 0.00773
22 0 0.0096525
23 0 0.0119341666666667
24 0 0.0129191666666667
25 0 0.0144291666666667
26 0 0.0149091666666667
27 0 0.0157258333333333
28 0 0.016285
29 0 0.0161416666666667
30 0 0.0164016666666667
31 0 0.016195
32 0 0.0158825
33 0 0.01578
34 0 0.0149583333333333
35 0 0.014325
36 0 0.013155
37 0 0.0127466666666667
38 0 0.0124058333333333
39 0 0.0111833333333333
40 0 0.0101366666666667
41 0 0.00884583333333333
42 0 0.00724583333333333
43 0 0.00533916666666667
44 0 0.0037625
45 0 0.00249833333333333
46 0 0.0012075
47 0 0.000503333333333333
48 0 0.000216666666666667
49 0 0.0000658333333333333
50 0 0
51 0 0
52 0 0
53 0 0
54 0 0
55 0 0
56 0 0
57 0 0
58 0 0
59 0 0
60 0 0
61 0 0
62 0 0
63 0 0
64 0 0
65 0 0
66 0 0
67 0 0
68 0 0
69 0 0
70 0 0
71 0 0
72 0 0
73 0 0
74 0 0
75 0 0
76 0 0
77 0 0
78 0 0
79 0 0
80 0 0
81 0 0
82 0 0
83 0 0
84 0 0
85 0 0
86 0 0
87 0 0
88 0 0
89 0 0
90 0 0
91 0 0
92 0 0
93 0 0
94 0 0
95 0 0
96 0 0
97 0 0
98 0 0
99 0 0
100 0 0
