*Period fertility rates for SWE in 1953 
* Mon Dec 20 14:21:53 2010
birth 1 F married 0
1 0 0
2 0 0
3 0 0
4 0 0
5 0 0
6 0 0
7 0 0
8 0 0
9 0 0
10 0 0
11 0 0
12 0 0
13 0 0
14 0 0.0000141666666666667
15 0 0.000150833333333333
16 0 0.0008375
17 0 0.0028125
18 0 0.00510333333333333
19 0 0.00751416666666667
20 0 0.00936666666666667
21 0 0.0106616666666667
22 0 0.0113058333333333
23 0 0.0115908333333333
24 0 0.0118233333333333
25 0 0.0117483333333333
26 0 0.0118916666666667
27 0 0.0111408333333333
28 0 0.0104525
29 0 0.0100108333333333
30 0 0.00870666666666667
31 0 0.00817666666666667
32 0 0.00719
33 0 0.0065875
34 0 0.00561833333333333
35 0 0.00529166666666667
36 0 0.00460416666666667
37 0 0.00411583333333333
38 0 0.00349333333333333
39 0 0.00282583333333333
40 0 0.00226333333333333
41 0 0.00180666666666667
42 0 0.001325
43 0 0.00086
44 0 0.000544166666666667
45 0 0.000269166666666667
46 0 0.000140833333333333
47 0 0.0000666666666666667
48 0 0.0000116666666666667
49 0 0.000005
50 0 0
51 0 0
52 0 0
53 0 0
54 0 0
55 0 0
56 0 0
57 0 0
58 0 0
59 0 0
60 0 0
61 0 0
62 0 0
63 0 0
64 0 0
65 0 0
66 0 0
67 0 0
68 0 0
69 0 0
70 0 0
71 0 0
72 0 0
73 0 0
74 0 0
75 0 0
76 0 0
77 0 0
78 0 0
79 0 0
80 0 0
81 0 0
82 0 0
83 0 0
84 0 0
85 0 0
86 0 0
87 0 0
88 0 0
89 0 0
90 0 0
91 0 0
92 0 0
93 0 0
94 0 0
95 0 0
96 0 0
97 0 0
98 0 0
99 0 0
100 0 0

birth 1 F single 0
1 0 0
2 0 0
3 0 0
4 0 0
5 0 0
6 0 0
7 0 0
8 0 0
9 0 0
10 0 0
11 0 0
12 0 0
13 0 0
14 0 0.0000141666666666667
15 0 0.000150833333333333
16 0 0.0008375
17 0 0.0028125
18 0 0.00510333333333333
19 0 0.00751416666666667
20 0 0.00936666666666667
21 0 0.0106616666666667
22 0 0.0113058333333333
23 0 0.0115908333333333
24 0 0.0118233333333333
25 0 0.0117483333333333
26 0 0.0118916666666667
27 0 0.0111408333333333
28 0 0.0104525
29 0 0.0100108333333333
30 0 0.00870666666666667
31 0 0.00817666666666667
32 0 0.00719
33 0 0.0065875
34 0 0.00561833333333333
35 0 0.00529166666666667
36 0 0.00460416666666667
37 0 0.00411583333333333
38 0 0.00349333333333333
39 0 0.00282583333333333
40 0 0.00226333333333333
41 0 0.00180666666666667
42 0 0.001325
43 0 0.00086
44 0 0.000544166666666667
45 0 0.000269166666666667
46 0 0.000140833333333333
47 0 0.0000666666666666667
48 0 0.0000116666666666667
49 0 0.000005
50 0 0
51 0 0
52 0 0
53 0 0
54 0 0
55 0 0
56 0 0
57 0 0
58 0 0
59 0 0
60 0 0
61 0 0
62 0 0
63 0 0
64 0 0
65 0 0
66 0 0
67 0 0
68 0 0
69 0 0
70 0 0
71 0 0
72 0 0
73 0 0
74 0 0
75 0 0
76 0 0
77 0 0
78 0 0
79 0 0
80 0 0
81 0 0
82 0 0
83 0 0
84 0 0
85 0 0
86 0 0
87 0 0
88 0 0
89 0 0
90 0 0
91 0 0
92 0 0
93 0 0
94 0 0
95 0 0
96 0 0
97 0 0
98 0 0
99 0 0
100 0 0
