*Period fertility rates for SWE in 2032 
* Mon Dec 20 14:21:54 2010
birth 1 F married 0
1 0 0
2 0 0
3 0 0
4 0 0
5 0 0
6 0 0
7 0 0
8 0 0
9 0 0
10 0 0
11 0 0
12 0 0
13 0 0
14 0 0
15 0 0.00000906775
16 0 0.00006160175
17 0 0.000199882166666667
18 0 0.000392854333333333
19 0 0.0007967865
20 0 0.00145828075
21 0 0.00237756483333333
22 0 0.00308274958333333
23 0 0.00392962141666667
24 0 0.00489692133333333
25 0 0.00601403808333333
26 0 0.00724089816666667
27 0 0.008528953
28 0 0.00987213941666667
29 0 0.0109262484166667
30 0 0.0119340758333333
31 0 0.0120251699166667
32 0 0.0118315141666667
33 0 0.0109848660833333
34 0 0.00992348458333333
35 0 0.00872312733333333
36 0 0.00714792141666667
37 0 0.0058344945
38 0 0.004617088
39 0 0.00348297091666667
40 0 0.00250753266666667
41 0 0.00163508316666667
42 0 0.00107833091666667
43 0 0.00061307625
44 0 0.0002973725
45 0 0.000128411916666667
46 0 0.0000678303333333333
47 0 0.000025
48 0 0.0000108548333333333
49 0 0.00000578333333333333
50 0 0
51 0 0
52 0 0
53 0 0
54 0 0
55 0 0
56 0 0
57 0 0
58 0 0
59 0 0
60 0 0
61 0 0
62 0 0
63 0 0
64 0 0
65 0 0
66 0 0
67 0 0
68 0 0
69 0 0
70 0 0
71 0 0
72 0 0
73 0 0
74 0 0
75 0 0
76 0 0
77 0 0
78 0 0
79 0 0
80 0 0
81 0 0
82 0 0
83 0 0
84 0 0
85 0 0
86 0 0
87 0 0
88 0 0
89 0 0
90 0 0
91 0 0
92 0 0
93 0 0
94 0 0
95 0 0
96 0 0
97 0 0
98 0 0
99 0 0
100 0 0

birth 1 F single 0
1 0 0
2 0 0
3 0 0
4 0 0
5 0 0
6 0 0
7 0 0
8 0 0
9 0 0
10 0 0
11 0 0
12 0 0
13 0 0
14 0 0
15 0 0.00000906775
16 0 0.00006160175
17 0 0.000199882166666667
18 0 0.000392854333333333
19 0 0.0007967865
20 0 0.00145828075
21 0 0.00237756483333333
22 0 0.00308274958333333
23 0 0.00392962141666667
24 0 0.00489692133333333
25 0 0.00601403808333333
26 0 0.00724089816666667
27 0 0.008528953
28 0 0.00987213941666667
29 0 0.0109262484166667
30 0 0.0119340758333333
31 0 0.0120251699166667
32 0 0.0118315141666667
33 0 0.0109848660833333
34 0 0.00992348458333333
35 0 0.00872312733333333
36 0 0.00714792141666667
37 0 0.0058344945
38 0 0.004617088
39 0 0.00348297091666667
40 0 0.00250753266666667
41 0 0.00163508316666667
42 0 0.00107833091666667
43 0 0.00061307625
44 0 0.0002973725
45 0 0.000128411916666667
46 0 0.0000678303333333333
47 0 0.000025
48 0 0.0000108548333333333
49 0 0.00000578333333333333
50 0 0
51 0 0
52 0 0
53 0 0
54 0 0
55 0 0
56 0 0
57 0 0
58 0 0
59 0 0
60 0 0
61 0 0
62 0 0
63 0 0
64 0 0
65 0 0
66 0 0
67 0 0
68 0 0
69 0 0
70 0 0
71 0 0
72 0 0
73 0 0
74 0 0
75 0 0
76 0 0
77 0 0
78 0 0
79 0 0
80 0 0
81 0 0
82 0 0
83 0 0
84 0 0
85 0 0
86 0 0
87 0 0
88 0 0
89 0 0
90 0 0
91 0 0
92 0 0
93 0 0
94 0 0
95 0 0
96 0 0
97 0 0
98 0 0
99 0 0
100 0 0
