*Period fertility rates for SWE in 2053 
* Mon Dec 20 14:21:54 2010
birth 1 F married 0
1 0 0
2 0 0
3 0 0
4 0 0
5 0 0
6 0 0
7 0 0
8 0 0
9 0 0
10 0 0
11 0 0
12 0 0
13 0 0
14 0 0
15 0 0.00000909775
16 0 0.0000617265833333333
17 0 0.000200126916666667
18 0 0.000393472916666667
19 0 0.000797145833333333
20 0 0.0014572865
21 0 0.00237237983333333
22 0 0.00307178775
23 0 0.00390598883333333
24 0 0.00485678025
25 0 0.00595738475
26 0 0.00716857241666667
27 0 0.008452429
28 0 0.00980498425
29 0 0.0108822980833333
30 0 0.011923502
31 0 0.0120215065833333
32 0 0.0118471469166667
33 0 0.0109865320833333
34 0 0.00992464766666667
35 0 0.00872915366666667
36 0 0.0071261815
37 0 0.00579901758333333
38 0 0.00459916908333333
39 0 0.00346545875
40 0 0.00249920266666667
41 0 0.00162642766666667
42 0 0.00107005416666667
43 0 0.00060766825
44 0 0.000296569916666667
45 0 0.000126555083333333
46 0 0.0000662550833333333
47 0 0.000025
48 0 0.00001042375
49 0 0.000006225
50 0 0
51 0 0
52 0 0
53 0 0
54 0 0
55 0 0
56 0 0
57 0 0
58 0 0
59 0 0
60 0 0
61 0 0
62 0 0
63 0 0
64 0 0
65 0 0
66 0 0
67 0 0
68 0 0
69 0 0
70 0 0
71 0 0
72 0 0
73 0 0
74 0 0
75 0 0
76 0 0
77 0 0
78 0 0
79 0 0
80 0 0
81 0 0
82 0 0
83 0 0
84 0 0
85 0 0
86 0 0
87 0 0
88 0 0
89 0 0
90 0 0
91 0 0
92 0 0
93 0 0
94 0 0
95 0 0
96 0 0
97 0 0
98 0 0
99 0 0
100 0 0

birth 1 F single 0
1 0 0
2 0 0
3 0 0
4 0 0
5 0 0
6 0 0
7 0 0
8 0 0
9 0 0
10 0 0
11 0 0
12 0 0
13 0 0
14 0 0
15 0 0.00000909775
16 0 0.0000617265833333333
17 0 0.000200126916666667
18 0 0.000393472916666667
19 0 0.000797145833333333
20 0 0.0014572865
21 0 0.00237237983333333
22 0 0.00307178775
23 0 0.00390598883333333
24 0 0.00485678025
25 0 0.00595738475
26 0 0.00716857241666667
27 0 0.008452429
28 0 0.00980498425
29 0 0.0108822980833333
30 0 0.011923502
31 0 0.0120215065833333
32 0 0.0118471469166667
33 0 0.0109865320833333
34 0 0.00992464766666667
35 0 0.00872915366666667
36 0 0.0071261815
37 0 0.00579901758333333
38 0 0.00459916908333333
39 0 0.00346545875
40 0 0.00249920266666667
41 0 0.00162642766666667
42 0 0.00107005416666667
43 0 0.00060766825
44 0 0.000296569916666667
45 0 0.000126555083333333
46 0 0.0000662550833333333
47 0 0.000025
48 0 0.00001042375
49 0 0.000006225
50 0 0
51 0 0
52 0 0
53 0 0
54 0 0
55 0 0
56 0 0
57 0 0
58 0 0
59 0 0
60 0 0
61 0 0
62 0 0
63 0 0
64 0 0
65 0 0
66 0 0
67 0 0
68 0 0
69 0 0
70 0 0
71 0 0
72 0 0
73 0 0
74 0 0
75 0 0
76 0 0
77 0 0
78 0 0
79 0 0
80 0 0
81 0 0
82 0 0
83 0 0
84 0 0
85 0 0
86 0 0
87 0 0
88 0 0
89 0 0
90 0 0
91 0 0
92 0 0
93 0 0
94 0 0
95 0 0
96 0 0
97 0 0
98 0 0
99 0 0
100 0 0
