*Period fertility rates for SWE in 1813 
* Mon Dec 20 14:21:53 2010
birth 1 F married 0
1 0 0
2 0 0
3 0 0
4 0 0
5 0 0
6 0 0
7 0 0
8 0 0
9 0 0
10 0 0
11 0 0
12 0 0
13 0 0
14 0 0.00000195
15 0 0.00004485
16 0 0.000207675
17 0 0.000626925
18 0 0.001533675
19 0 0.003315975
20 0 0.00595335
21 0 0.00809835
22 0 0.0106587
23 0 0.012568725
24 0 0.01524315
25 0 0.017238
26 0 0.01856985
27 0 0.019653075
28 0 0.0200226
29 0 0.0208182
30 0 0.02189265
31 0 0.0208455
32 0 0.020826
33 0 0.020462325
34 0 0.019370325
35 0 0.0197847
36 0 0.0191178
37 0 0.0188136
38 0 0.016614975
39 0 0.0163137
40 0 0.0149487
41 0 0.012416625
42 0 0.01027845
43 0 0.0082758
44 0 0.0056121
45 0 0.00351195
46 0 0.00203775
47 0 0.000948675
48 0 0.000546975
49 0 0.0001794
50 0 0
51 0 0
52 0 0
53 0 0
54 0 0
55 0 0
56 0 0
57 0 0
58 0 0
59 0 0
60 0 0
61 0 0
62 0 0
63 0 0
64 0 0
65 0 0
66 0 0
67 0 0
68 0 0
69 0 0
70 0 0
71 0 0
72 0 0
73 0 0
74 0 0
75 0 0
76 0 0
77 0 0
78 0 0
79 0 0
80 0 0
81 0 0
82 0 0
83 0 0
84 0 0
85 0 0
86 0 0
87 0 0
88 0 0
89 0 0
90 0 0
91 0 0
92 0 0
93 0 0
94 0 0
95 0 0
96 0 0
97 0 0
98 0 0
99 0 0
100 0 0

birth 1 F single 0
1 0 0
2 0 0
3 0 0
4 0 0
5 0 0
6 0 0
7 0 0
8 0 0
9 0 0
10 0 0
11 0 0
12 0 0
13 0 0
14 0 0.00000195
15 0 0.00004485
16 0 0.000207675
17 0 0.000626925
18 0 0.001533675
19 0 0.003315975
20 0 0.00595335
21 0 0.00809835
22 0 0.0106587
23 0 0.012568725
24 0 0.01524315
25 0 0.017238
26 0 0.01856985
27 0 0.019653075
28 0 0.0200226
29 0 0.0208182
30 0 0.02189265
31 0 0.0208455
32 0 0.020826
33 0 0.020462325
34 0 0.019370325
35 0 0.0197847
36 0 0.0191178
37 0 0.0188136
38 0 0.016614975
39 0 0.0163137
40 0 0.0149487
41 0 0.012416625
42 0 0.01027845
43 0 0.0082758
44 0 0.0056121
45 0 0.00351195
46 0 0.00203775
47 0 0.000948675
48 0 0.000546975
49 0 0.0001794
50 0 0
51 0 0
52 0 0
53 0 0
54 0 0
55 0 0
56 0 0
57 0 0
58 0 0
59 0 0
60 0 0
61 0 0
62 0 0
63 0 0
64 0 0
65 0 0
66 0 0
67 0 0
68 0 0
69 0 0
70 0 0
71 0 0
72 0 0
73 0 0
74 0 0
75 0 0
76 0 0
77 0 0
78 0 0
79 0 0
80 0 0
81 0 0
82 0 0
83 0 0
84 0 0
85 0 0
86 0 0
87 0 0
88 0 0
89 0 0
90 0 0
91 0 0
92 0 0
93 0 0
94 0 0
95 0 0
96 0 0
97 0 0
98 0 0
99 0 0
100 0 0
