*Period fertility rates for SWE in 2085 
* Mon Dec 20 14:21:54 2010
birth 1 F married 0
1 0 0
2 0 0
3 0 0
4 0 0
5 0 0
6 0 0
7 0 0
8 0 0
9 0 0
10 0 0
11 0 0
12 0 0
13 0 0
14 0 0
15 0 0.000009084
16 0 0.00006164975
17 0 0.000199899916666667
18 0 0.000392907333333333
19 0 0.000795309166666667
20 0 0.0014547415
21 0 0.00236845875
22 0 0.00306637483333333
23 0 0.00390003608333333
24 0 0.00485103666666667
25 0 0.00595261891666667
26 0 0.0071656725
27 0 0.00845167158333333
28 0 0.00980544233333333
29 0 0.0108831459166667
30 0 0.01192349725
31 0 0.0120213316666667
32 0 0.0118462146666667
33 0 0.0109860154166667
34 0 0.00992420883333333
35 0 0.00872878408333333
36 0 0.00712627508333333
37 0 0.00579854616666667
38 0 0.00459824025
39 0 0.00346376425
40 0 0.0024978715
41 0 0.00162450166666667
42 0 0.0010677945
43 0 0.000606021833333333
44 0 0.000296330333333333
45 0 0.000125916416666667
46 0 0.00006565875
47 0 0.000025
48 0 0.0000101906666666667
49 0 0.00000646666666666667
50 0 0
51 0 0
52 0 0
53 0 0
54 0 0
55 0 0
56 0 0
57 0 0
58 0 0
59 0 0
60 0 0
61 0 0
62 0 0
63 0 0
64 0 0
65 0 0
66 0 0
67 0 0
68 0 0
69 0 0
70 0 0
71 0 0
72 0 0
73 0 0
74 0 0
75 0 0
76 0 0
77 0 0
78 0 0
79 0 0
80 0 0
81 0 0
82 0 0
83 0 0
84 0 0
85 0 0
86 0 0
87 0 0
88 0 0
89 0 0
90 0 0
91 0 0
92 0 0
93 0 0
94 0 0
95 0 0
96 0 0
97 0 0
98 0 0
99 0 0
100 0 0

birth 1 F single 0
1 0 0
2 0 0
3 0 0
4 0 0
5 0 0
6 0 0
7 0 0
8 0 0
9 0 0
10 0 0
11 0 0
12 0 0
13 0 0
14 0 0
15 0 0.000009084
16 0 0.00006164975
17 0 0.000199899916666667
18 0 0.000392907333333333
19 0 0.000795309166666667
20 0 0.0014547415
21 0 0.00236845875
22 0 0.00306637483333333
23 0 0.00390003608333333
24 0 0.00485103666666667
25 0 0.00595261891666667
26 0 0.0071656725
27 0 0.00845167158333333
28 0 0.00980544233333333
29 0 0.0108831459166667
30 0 0.01192349725
31 0 0.0120213316666667
32 0 0.0118462146666667
33 0 0.0109860154166667
34 0 0.00992420883333333
35 0 0.00872878408333333
36 0 0.00712627508333333
37 0 0.00579854616666667
38 0 0.00459824025
39 0 0.00346376425
40 0 0.0024978715
41 0 0.00162450166666667
42 0 0.0010677945
43 0 0.000606021833333333
44 0 0.000296330333333333
45 0 0.000125916416666667
46 0 0.00006565875
47 0 0.000025
48 0 0.0000101906666666667
49 0 0.00000646666666666667
50 0 0
51 0 0
52 0 0
53 0 0
54 0 0
55 0 0
56 0 0
57 0 0
58 0 0
59 0 0
60 0 0
61 0 0
62 0 0
63 0 0
64 0 0
65 0 0
66 0 0
67 0 0
68 0 0
69 0 0
70 0 0
71 0 0
72 0 0
73 0 0
74 0 0
75 0 0
76 0 0
77 0 0
78 0 0
79 0 0
80 0 0
81 0 0
82 0 0
83 0 0
84 0 0
85 0 0
86 0 0
87 0 0
88 0 0
89 0 0
90 0 0
91 0 0
92 0 0
93 0 0
94 0 0
95 0 0
96 0 0
97 0 0
98 0 0
99 0 0
100 0 0
