*Period fertility rates for SWE in 1760 
* Mon Dec 20 14:21:53 2010
birth 1 F married 0
1 0 0
2 0 0
3 0 0
4 0 0
5 0 0
6 0 0
7 0 0
8 0 0
9 0 0
10 0 0
11 0 0
12 0 0
13 0 0
14 0 0.000003275
15 0 0.000075325
16 0 0.0003487875
17 0 0.0010529125
18 0 0.0025757875
19 0 0.0055691375
20 0 0.009998575
21 0 0.013601075
22 0 0.01790115
23 0 0.0211090125
24 0 0.025600675
25 0 0.028951
26 0 0.031187825
27 0 0.0330070875
28 0 0.0336277
29 0 0.0349639
30 0 0.036768425
31 0 0.03500975
32 0 0.034977
33 0 0.0343662125
34 0 0.0325322125
35 0 0.03322815
36 0 0.0321081
37 0 0.0315972
38 0 0.0279046375
39 0 0.02739865
40 0 0.02510615
41 0 0.0208535625
42 0 0.017262525
43 0 0.0138991
44 0 0.00942545
45 0 0.005898275
46 0 0.003422375
47 0 0.0015932875
48 0 0.0009186375
49 0 0.0003013
50 0 0
51 0 0
52 0 0
53 0 0
54 0 0
55 0 0
56 0 0
57 0 0
58 0 0
59 0 0
60 0 0
61 0 0
62 0 0
63 0 0
64 0 0
65 0 0
66 0 0
67 0 0
68 0 0
69 0 0
70 0 0
71 0 0
72 0 0
73 0 0
74 0 0
75 0 0
76 0 0
77 0 0
78 0 0
79 0 0
80 0 0
81 0 0
82 0 0
83 0 0
84 0 0
85 0 0
86 0 0
87 0 0
88 0 0
89 0 0
90 0 0
91 0 0
92 0 0
93 0 0
94 0 0
95 0 0
96 0 0
97 0 0
98 0 0
99 0 0
100 0 0

birth 1 F single 0
1 0 0
2 0 0
3 0 0
4 0 0
5 0 0
6 0 0
7 0 0
8 0 0
9 0 0
10 0 0
11 0 0
12 0 0
13 0 0
14 0 0.000003275
15 0 0.000075325
16 0 0.0003487875
17 0 0.0010529125
18 0 0.0025757875
19 0 0.0055691375
20 0 0.009998575
21 0 0.013601075
22 0 0.01790115
23 0 0.0211090125
24 0 0.025600675
25 0 0.028951
26 0 0.031187825
27 0 0.0330070875
28 0 0.0336277
29 0 0.0349639
30 0 0.036768425
31 0 0.03500975
32 0 0.034977
33 0 0.0343662125
34 0 0.0325322125
35 0 0.03322815
36 0 0.0321081
37 0 0.0315972
38 0 0.0279046375
39 0 0.02739865
40 0 0.02510615
41 0 0.0208535625
42 0 0.017262525
43 0 0.0138991
44 0 0.00942545
45 0 0.005898275
46 0 0.003422375
47 0 0.0015932875
48 0 0.0009186375
49 0 0.0003013
50 0 0
51 0 0
52 0 0
53 0 0
54 0 0
55 0 0
56 0 0
57 0 0
58 0 0
59 0 0
60 0 0
61 0 0
62 0 0
63 0 0
64 0 0
65 0 0
66 0 0
67 0 0
68 0 0
69 0 0
70 0 0
71 0 0
72 0 0
73 0 0
74 0 0
75 0 0
76 0 0
77 0 0
78 0 0
79 0 0
80 0 0
81 0 0
82 0 0
83 0 0
84 0 0
85 0 0
86 0 0
87 0 0
88 0 0
89 0 0
90 0 0
91 0 0
92 0 0
93 0 0
94 0 0
95 0 0
96 0 0
97 0 0
98 0 0
99 0 0
100 0 0
