*Period fertility rates for SWE in 2012 
* Mon Dec 20 14:21:54 2010
birth 1 F married 0
1 0 0
2 0 0
3 0 0
4 0 0
5 0 0
6 0 0
7 0 0
8 0 0
9 0 0
10 0 0
11 0 0
12 0 0
13 0 0
14 0 0
15 0 0.0000232775833333333
16 0 0.0000733595
17 0 0.000225223166666667
18 0 0.0004405105
19 0 0.000916534166666667
20 0 0.00164204266666667
21 0 0.0026580985
22 0 0.00346884283333333
23 0 0.00459921583333333
24 0 0.0056795745
25 0 0.00676232575
26 0 0.00808153033333333
27 0 0.00930467116666667
28 0 0.0105538505
29 0 0.01150645325
30 0 0.0124146865833333
31 0 0.012443167
32 0 0.0121772654166667
33 0 0.01117434875
34 0 0.0101463459166667
35 0 0.009021661
36 0 0.00737454466666667
37 0 0.00596453466666667
38 0 0.00471302925
39 0 0.00361258116666667
40 0 0.00262865691666667
41 0 0.00172829891666667
42 0 0.00116357816666667
43 0 0.000665431666666667
44 0 0.0003360675
45 0 0.000152673333333333
46 0 0.00008755775
47 0 0.0000295244166666667
48 0 0.000019394
49 0 0.00000841833333333333
50 0 0
51 0 0
52 0 0
53 0 0
54 0 0
55 0 0
56 0 0
57 0 0
58 0 0
59 0 0
60 0 0
61 0 0
62 0 0
63 0 0
64 0 0
65 0 0
66 0 0
67 0 0
68 0 0
69 0 0
70 0 0
71 0 0
72 0 0
73 0 0
74 0 0
75 0 0
76 0 0
77 0 0
78 0 0
79 0 0
80 0 0
81 0 0
82 0 0
83 0 0
84 0 0
85 0 0
86 0 0
87 0 0
88 0 0
89 0 0
90 0 0
91 0 0
92 0 0
93 0 0
94 0 0
95 0 0
96 0 0
97 0 0
98 0 0
99 0 0
100 0 0

birth 1 F single 0
1 0 0
2 0 0
3 0 0
4 0 0
5 0 0
6 0 0
7 0 0
8 0 0
9 0 0
10 0 0
11 0 0
12 0 0
13 0 0
14 0 0
15 0 0.0000232775833333333
16 0 0.0000733595
17 0 0.000225223166666667
18 0 0.0004405105
19 0 0.000916534166666667
20 0 0.00164204266666667
21 0 0.0026580985
22 0 0.00346884283333333
23 0 0.00459921583333333
24 0 0.0056795745
25 0 0.00676232575
26 0 0.00808153033333333
27 0 0.00930467116666667
28 0 0.0105538505
29 0 0.01150645325
30 0 0.0124146865833333
31 0 0.012443167
32 0 0.0121772654166667
33 0 0.01117434875
34 0 0.0101463459166667
35 0 0.009021661
36 0 0.00737454466666667
37 0 0.00596453466666667
38 0 0.00471302925
39 0 0.00361258116666667
40 0 0.00262865691666667
41 0 0.00172829891666667
42 0 0.00116357816666667
43 0 0.000665431666666667
44 0 0.0003360675
45 0 0.000152673333333333
46 0 0.00008755775
47 0 0.0000295244166666667
48 0 0.000019394
49 0 0.00000841833333333333
50 0 0
51 0 0
52 0 0
53 0 0
54 0 0
55 0 0
56 0 0
57 0 0
58 0 0
59 0 0
60 0 0
61 0 0
62 0 0
63 0 0
64 0 0
65 0 0
66 0 0
67 0 0
68 0 0
69 0 0
70 0 0
71 0 0
72 0 0
73 0 0
74 0 0
75 0 0
76 0 0
77 0 0
78 0 0
79 0 0
80 0 0
81 0 0
82 0 0
83 0 0
84 0 0
85 0 0
86 0 0
87 0 0
88 0 0
89 0 0
90 0 0
91 0 0
92 0 0
93 0 0
94 0 0
95 0 0
96 0 0
97 0 0
98 0 0
99 0 0
100 0 0
