*Period fertility rates for SWE in 1780 
* Mon Dec 20 14:21:53 2010
birth 1 F married 0
1 0 0
2 0 0
3 0 0
4 0 0
5 0 0
6 0 0
7 0 0
8 0 0
9 0 0
10 0 0
11 0 0
12 0 0
13 0 0
14 0 0.000002775
15 0 0.000063825
16 0 0.0002955375
17 0 0.0008921625
18 0 0.0021825375
19 0 0.0047188875
20 0 0.008472075
21 0 0.011524575
22 0 0.01516815
23 0 0.0178862625
24 0 0.021692175
25 0 0.024531
26 0 0.026426325
27 0 0.0279678375
28 0 0.0284937
29 0 0.0296259
30 0 0.031154925
31 0 0.02966475
32 0 0.029637
33 0 0.0291194625
34 0 0.0275654625
35 0 0.02815515
36 0 0.0272061
37 0 0.0267732
38 0 0.0236443875
39 0 0.02321565
40 0 0.02127315
41 0 0.0176698125
42 0 0.014627025
43 0 0.0117771
44 0 0.00798645
45 0 0.004997775
46 0 0.002899875
47 0 0.0013500375
48 0 0.0007783875
49 0 0.0002553
50 0 0
51 0 0
52 0 0
53 0 0
54 0 0
55 0 0
56 0 0
57 0 0
58 0 0
59 0 0
60 0 0
61 0 0
62 0 0
63 0 0
64 0 0
65 0 0
66 0 0
67 0 0
68 0 0
69 0 0
70 0 0
71 0 0
72 0 0
73 0 0
74 0 0
75 0 0
76 0 0
77 0 0
78 0 0
79 0 0
80 0 0
81 0 0
82 0 0
83 0 0
84 0 0
85 0 0
86 0 0
87 0 0
88 0 0
89 0 0
90 0 0
91 0 0
92 0 0
93 0 0
94 0 0
95 0 0
96 0 0
97 0 0
98 0 0
99 0 0
100 0 0

birth 1 F single 0
1 0 0
2 0 0
3 0 0
4 0 0
5 0 0
6 0 0
7 0 0
8 0 0
9 0 0
10 0 0
11 0 0
12 0 0
13 0 0
14 0 0.000002775
15 0 0.000063825
16 0 0.0002955375
17 0 0.0008921625
18 0 0.0021825375
19 0 0.0047188875
20 0 0.008472075
21 0 0.011524575
22 0 0.01516815
23 0 0.0178862625
24 0 0.021692175
25 0 0.024531
26 0 0.026426325
27 0 0.0279678375
28 0 0.0284937
29 0 0.0296259
30 0 0.031154925
31 0 0.02966475
32 0 0.029637
33 0 0.0291194625
34 0 0.0275654625
35 0 0.02815515
36 0 0.0272061
37 0 0.0267732
38 0 0.0236443875
39 0 0.02321565
40 0 0.02127315
41 0 0.0176698125
42 0 0.014627025
43 0 0.0117771
44 0 0.00798645
45 0 0.004997775
46 0 0.002899875
47 0 0.0013500375
48 0 0.0007783875
49 0 0.0002553
50 0 0
51 0 0
52 0 0
53 0 0
54 0 0
55 0 0
56 0 0
57 0 0
58 0 0
59 0 0
60 0 0
61 0 0
62 0 0
63 0 0
64 0 0
65 0 0
66 0 0
67 0 0
68 0 0
69 0 0
70 0 0
71 0 0
72 0 0
73 0 0
74 0 0
75 0 0
76 0 0
77 0 0
78 0 0
79 0 0
80 0 0
81 0 0
82 0 0
83 0 0
84 0 0
85 0 0
86 0 0
87 0 0
88 0 0
89 0 0
90 0 0
91 0 0
92 0 0
93 0 0
94 0 0
95 0 0
96 0 0
97 0 0
98 0 0
99 0 0
100 0 0
