*Period fertility rates for SWE in 1799 
* Mon Dec 20 14:21:53 2010
birth 1 F married 0
1 0 0
2 0 0
3 0 0
4 0 0
5 0 0
6 0 0
7 0 0
8 0 0
9 0 0
10 0 0
11 0 0
12 0 0
13 0 0
14 0 0.0000023
15 0 0.0000529
16 0 0.00024495
17 0 0.00073945
18 0 0.00180895
19 0 0.00391115
20 0 0.0070219
21 0 0.0095519
22 0 0.0125718
23 0 0.01482465
24 0 0.0179791
25 0 0.020332
26 0 0.0219029
27 0 0.02318055
28 0 0.0236164
29 0 0.0245548
30 0 0.0258221
31 0 0.024587
32 0 0.024564
33 0 0.02413505
34 0 0.02284705
35 0 0.0233358
36 0 0.0225492
37 0 0.0221904
38 0 0.01959715
39 0 0.0192418
40 0 0.0176318
41 0 0.01464525
42 0 0.0121233
43 0 0.0097612
44 0 0.0066194
45 0 0.0041423
46 0 0.0024035
47 0 0.00111895
48 0 0.00064515
49 0 0.0002116
50 0 0
51 0 0
52 0 0
53 0 0
54 0 0
55 0 0
56 0 0
57 0 0
58 0 0
59 0 0
60 0 0
61 0 0
62 0 0
63 0 0
64 0 0
65 0 0
66 0 0
67 0 0
68 0 0
69 0 0
70 0 0
71 0 0
72 0 0
73 0 0
74 0 0
75 0 0
76 0 0
77 0 0
78 0 0
79 0 0
80 0 0
81 0 0
82 0 0
83 0 0
84 0 0
85 0 0
86 0 0
87 0 0
88 0 0
89 0 0
90 0 0
91 0 0
92 0 0
93 0 0
94 0 0
95 0 0
96 0 0
97 0 0
98 0 0
99 0 0
100 0 0

birth 1 F single 0
1 0 0
2 0 0
3 0 0
4 0 0
5 0 0
6 0 0
7 0 0
8 0 0
9 0 0
10 0 0
11 0 0
12 0 0
13 0 0
14 0 0.0000023
15 0 0.0000529
16 0 0.00024495
17 0 0.00073945
18 0 0.00180895
19 0 0.00391115
20 0 0.0070219
21 0 0.0095519
22 0 0.0125718
23 0 0.01482465
24 0 0.0179791
25 0 0.020332
26 0 0.0219029
27 0 0.02318055
28 0 0.0236164
29 0 0.0245548
30 0 0.0258221
31 0 0.024587
32 0 0.024564
33 0 0.02413505
34 0 0.02284705
35 0 0.0233358
36 0 0.0225492
37 0 0.0221904
38 0 0.01959715
39 0 0.0192418
40 0 0.0176318
41 0 0.01464525
42 0 0.0121233
43 0 0.0097612
44 0 0.0066194
45 0 0.0041423
46 0 0.0024035
47 0 0.00111895
48 0 0.00064515
49 0 0.0002116
50 0 0
51 0 0
52 0 0
53 0 0
54 0 0
55 0 0
56 0 0
57 0 0
58 0 0
59 0 0
60 0 0
61 0 0
62 0 0
63 0 0
64 0 0
65 0 0
66 0 0
67 0 0
68 0 0
69 0 0
70 0 0
71 0 0
72 0 0
73 0 0
74 0 0
75 0 0
76 0 0
77 0 0
78 0 0
79 0 0
80 0 0
81 0 0
82 0 0
83 0 0
84 0 0
85 0 0
86 0 0
87 0 0
88 0 0
89 0 0
90 0 0
91 0 0
92 0 0
93 0 0
94 0 0
95 0 0
96 0 0
97 0 0
98 0 0
99 0 0
100 0 0
