*Period fertility rates for SWE in 2046 
* Mon Dec 20 14:21:54 2010
birth 1 F married 0
1 0 0
2 0 0
3 0 0
4 0 0
5 0 0
6 0 0
7 0 0
8 0 0
9 0 0
10 0 0
11 0 0
12 0 0
13 0 0
14 0 0
15 0 0.00000912133333333333
16 0 0.00006179375
17 0 0.000200176583333333
18 0 0.000393300666666667
19 0 0.000795791
20 0 0.0014544645
21 0 0.002366752
22 0 0.00306249133333333
23 0 0.00389412058333333
24 0 0.00484329533333333
25 0 0.00594394258333333
26 0 0.00715734566666667
27 0 0.00844603616666667
28 0 0.00980186016666667
29 0 0.0108817519166667
30 0 0.0119236193333333
31 0 0.0120214225833333
32 0 0.0118456516666667
33 0 0.0109863384166667
34 0 0.00992498141666667
35 0 0.00872921058333333
36 0 0.00713088616666667
37 0 0.00581136658333333
38 0 0.00460916383333333
39 0 0.00347952616666667
40 0 0.00250839716666667
41 0 0.0016395655
42 0 0.00108202716666667
43 0 0.000613380583333333
44 0 0.000297312416666667
45 0 0.00012818425
46 0 0.000067424
47 0 0.000025
48 0 0.0000106395833333333
49 0 0.00000603333333333333
50 0 0
51 0 0
52 0 0
53 0 0
54 0 0
55 0 0
56 0 0
57 0 0
58 0 0
59 0 0
60 0 0
61 0 0
62 0 0
63 0 0
64 0 0
65 0 0
66 0 0
67 0 0
68 0 0
69 0 0
70 0 0
71 0 0
72 0 0
73 0 0
74 0 0
75 0 0
76 0 0
77 0 0
78 0 0
79 0 0
80 0 0
81 0 0
82 0 0
83 0 0
84 0 0
85 0 0
86 0 0
87 0 0
88 0 0
89 0 0
90 0 0
91 0 0
92 0 0
93 0 0
94 0 0
95 0 0
96 0 0
97 0 0
98 0 0
99 0 0
100 0 0

birth 1 F single 0
1 0 0
2 0 0
3 0 0
4 0 0
5 0 0
6 0 0
7 0 0
8 0 0
9 0 0
10 0 0
11 0 0
12 0 0
13 0 0
14 0 0
15 0 0.00000912133333333333
16 0 0.00006179375
17 0 0.000200176583333333
18 0 0.000393300666666667
19 0 0.000795791
20 0 0.0014544645
21 0 0.002366752
22 0 0.00306249133333333
23 0 0.00389412058333333
24 0 0.00484329533333333
25 0 0.00594394258333333
26 0 0.00715734566666667
27 0 0.00844603616666667
28 0 0.00980186016666667
29 0 0.0108817519166667
30 0 0.0119236193333333
31 0 0.0120214225833333
32 0 0.0118456516666667
33 0 0.0109863384166667
34 0 0.00992498141666667
35 0 0.00872921058333333
36 0 0.00713088616666667
37 0 0.00581136658333333
38 0 0.00460916383333333
39 0 0.00347952616666667
40 0 0.00250839716666667
41 0 0.0016395655
42 0 0.00108202716666667
43 0 0.000613380583333333
44 0 0.000297312416666667
45 0 0.00012818425
46 0 0.000067424
47 0 0.000025
48 0 0.0000106395833333333
49 0 0.00000603333333333333
50 0 0
51 0 0
52 0 0
53 0 0
54 0 0
55 0 0
56 0 0
57 0 0
58 0 0
59 0 0
60 0 0
61 0 0
62 0 0
63 0 0
64 0 0
65 0 0
66 0 0
67 0 0
68 0 0
69 0 0
70 0 0
71 0 0
72 0 0
73 0 0
74 0 0
75 0 0
76 0 0
77 0 0
78 0 0
79 0 0
80 0 0
81 0 0
82 0 0
83 0 0
84 0 0
85 0 0
86 0 0
87 0 0
88 0 0
89 0 0
90 0 0
91 0 0
92 0 0
93 0 0
94 0 0
95 0 0
96 0 0
97 0 0
98 0 0
99 0 0
100 0 0
