*Period fertility rates for SWE in 1895 
* Mon Dec 20 14:21:53 2010
birth 1 F married 0
1 0 0
2 0 0
3 0 0
4 0 0
5 0 0
6 0 0
7 0 0
8 0 0
9 0 0
10 0 0
11 0 0
12 0 0
13 0 0
14 0 0.0000108333333333333
15 0 0.0000475
16 0 0.000180833333333333
17 0 0.000618333333333333
18 0 0.00150333333333333
19 0 0.00315833333333333
20 0 0.00510833333333333
21 0 0.00701333333333333
22 0 0.0092775
23 0 0.01143
24 0 0.0127741666666667
25 0 0.0144466666666667
26 0 0.01471
27 0 0.0160608333333333
28 0 0.0169375
29 0 0.0171091666666667
30 0 0.0172566666666667
31 0 0.0178041666666667
32 0 0.0171108333333333
33 0 0.016775
34 0 0.0167033333333333
35 0 0.01658
36 0 0.0155733333333333
37 0 0.014945
38 0 0.0137975
39 0 0.0130033333333333
40 0 0.012165
41 0 0.0104441666666667
42 0 0.0082575
43 0 0.00670833333333333
44 0 0.00460166666666667
45 0 0.00278083333333333
46 0 0.00141916666666667
47 0 0.000718333333333333
48 0 0.000216666666666667
49 0 0.0000966666666666667
50 0 0
51 0 0
52 0 0
53 0 0
54 0 0
55 0 0
56 0 0
57 0 0
58 0 0
59 0 0
60 0 0
61 0 0
62 0 0
63 0 0
64 0 0
65 0 0
66 0 0
67 0 0
68 0 0
69 0 0
70 0 0
71 0 0
72 0 0
73 0 0
74 0 0
75 0 0
76 0 0
77 0 0
78 0 0
79 0 0
80 0 0
81 0 0
82 0 0
83 0 0
84 0 0
85 0 0
86 0 0
87 0 0
88 0 0
89 0 0
90 0 0
91 0 0
92 0 0
93 0 0
94 0 0
95 0 0
96 0 0
97 0 0
98 0 0
99 0 0
100 0 0

birth 1 F single 0
1 0 0
2 0 0
3 0 0
4 0 0
5 0 0
6 0 0
7 0 0
8 0 0
9 0 0
10 0 0
11 0 0
12 0 0
13 0 0
14 0 0.0000108333333333333
15 0 0.0000475
16 0 0.000180833333333333
17 0 0.000618333333333333
18 0 0.00150333333333333
19 0 0.00315833333333333
20 0 0.00510833333333333
21 0 0.00701333333333333
22 0 0.0092775
23 0 0.01143
24 0 0.0127741666666667
25 0 0.0144466666666667
26 0 0.01471
27 0 0.0160608333333333
28 0 0.0169375
29 0 0.0171091666666667
30 0 0.0172566666666667
31 0 0.0178041666666667
32 0 0.0171108333333333
33 0 0.016775
34 0 0.0167033333333333
35 0 0.01658
36 0 0.0155733333333333
37 0 0.014945
38 0 0.0137975
39 0 0.0130033333333333
40 0 0.012165
41 0 0.0104441666666667
42 0 0.0082575
43 0 0.00670833333333333
44 0 0.00460166666666667
45 0 0.00278083333333333
46 0 0.00141916666666667
47 0 0.000718333333333333
48 0 0.000216666666666667
49 0 0.0000966666666666667
50 0 0
51 0 0
52 0 0
53 0 0
54 0 0
55 0 0
56 0 0
57 0 0
58 0 0
59 0 0
60 0 0
61 0 0
62 0 0
63 0 0
64 0 0
65 0 0
66 0 0
67 0 0
68 0 0
69 0 0
70 0 0
71 0 0
72 0 0
73 0 0
74 0 0
75 0 0
76 0 0
77 0 0
78 0 0
79 0 0
80 0 0
81 0 0
82 0 0
83 0 0
84 0 0
85 0 0
86 0 0
87 0 0
88 0 0
89 0 0
90 0 0
91 0 0
92 0 0
93 0 0
94 0 0
95 0 0
96 0 0
97 0 0
98 0 0
99 0 0
100 0 0
