*Period fertility rates for SWE in 1943 
* Mon Dec 20 14:21:53 2010
birth 1 F married 0
1 0 0
2 0 0
3 0 0
4 0 0
5 0 0
6 0 0
7 0 0
8 0 0
9 0 0
10 0 0
11 0 0
12 0 0
13 0 0
14 0 0.000015
15 0 0.0000675
16 0 0.000428333333333333
17 0 0.0013525
18 0 0.00293
19 0 0.00503833333333333
20 0 0.00654166666666667
21 0 0.00856
22 0 0.00925666666666667
23 0 0.0110791666666667
24 0 0.0108041666666667
25 0 0.011575
26 0 0.0114208333333333
27 0 0.0117658333333333
28 0 0.0115816666666667
29 0 0.0109416666666667
30 0 0.01082
31 0 0.0101858333333333
32 0 0.0092425
33 0 0.0087125
34 0 0.00794833333333333
35 0 0.00744583333333333
36 0 0.00662416666666667
37 0 0.00566833333333333
38 0 0.00483166666666667
39 0 0.00426333333333333
40 0 0.0033225
41 0 0.00255166666666667
42 0 0.0019325
43 0 0.00132833333333333
44 0 0.00083
45 0 0.000435
46 0 0.000219166666666667
47 0 0.000103333333333333
48 0 0.0000366666666666667
49 0 0.00002
50 0 0
51 0 0
52 0 0
53 0 0
54 0 0
55 0 0
56 0 0
57 0 0
58 0 0
59 0 0
60 0 0
61 0 0
62 0 0
63 0 0
64 0 0
65 0 0
66 0 0
67 0 0
68 0 0
69 0 0
70 0 0
71 0 0
72 0 0
73 0 0
74 0 0
75 0 0
76 0 0
77 0 0
78 0 0
79 0 0
80 0 0
81 0 0
82 0 0
83 0 0
84 0 0
85 0 0
86 0 0
87 0 0
88 0 0
89 0 0
90 0 0
91 0 0
92 0 0
93 0 0
94 0 0
95 0 0
96 0 0
97 0 0
98 0 0
99 0 0
100 0 0

birth 1 F single 0
1 0 0
2 0 0
3 0 0
4 0 0
5 0 0
6 0 0
7 0 0
8 0 0
9 0 0
10 0 0
11 0 0
12 0 0
13 0 0
14 0 0.000015
15 0 0.0000675
16 0 0.000428333333333333
17 0 0.0013525
18 0 0.00293
19 0 0.00503833333333333
20 0 0.00654166666666667
21 0 0.00856
22 0 0.00925666666666667
23 0 0.0110791666666667
24 0 0.0108041666666667
25 0 0.011575
26 0 0.0114208333333333
27 0 0.0117658333333333
28 0 0.0115816666666667
29 0 0.0109416666666667
30 0 0.01082
31 0 0.0101858333333333
32 0 0.0092425
33 0 0.0087125
34 0 0.00794833333333333
35 0 0.00744583333333333
36 0 0.00662416666666667
37 0 0.00566833333333333
38 0 0.00483166666666667
39 0 0.00426333333333333
40 0 0.0033225
41 0 0.00255166666666667
42 0 0.0019325
43 0 0.00132833333333333
44 0 0.00083
45 0 0.000435
46 0 0.000219166666666667
47 0 0.000103333333333333
48 0 0.0000366666666666667
49 0 0.00002
50 0 0
51 0 0
52 0 0
53 0 0
54 0 0
55 0 0
56 0 0
57 0 0
58 0 0
59 0 0
60 0 0
61 0 0
62 0 0
63 0 0
64 0 0
65 0 0
66 0 0
67 0 0
68 0 0
69 0 0
70 0 0
71 0 0
72 0 0
73 0 0
74 0 0
75 0 0
76 0 0
77 0 0
78 0 0
79 0 0
80 0 0
81 0 0
82 0 0
83 0 0
84 0 0
85 0 0
86 0 0
87 0 0
88 0 0
89 0 0
90 0 0
91 0 0
92 0 0
93 0 0
94 0 0
95 0 0
96 0 0
97 0 0
98 0 0
99 0 0
100 0 0
