*Period fertility rates for SWE in 2078 
* Mon Dec 20 14:21:54 2010
birth 1 F married 0
1 0 0
2 0 0
3 0 0
4 0 0
5 0 0
6 0 0
7 0 0
8 0 0
9 0 0
10 0 0
11 0 0
12 0 0
13 0 0
14 0 0
15 0 0.00000909266666666667
16 0 0.0000616750833333333
17 0 0.000199926833333333
18 0 0.000392882583333333
19 0 0.000794983583333333
20 0 0.00145399758333333
21 0 0.002366898
22 0 0.00306367416666667
23 0 0.0038963885
24 0 0.00484652725
25 0 0.00594757983333333
26 0 0.00716076783333333
27 0 0.00844811983333333
28 0 0.00980296841666667
29 0 0.0108819141666667
30 0 0.0119235241666667
31 0 0.0120214040833333
32 0 0.0118463805833333
33 0 0.0109859745
34 0 0.00992402258333333
35 0 0.008728353
36 0 0.00712686183333333
37 0 0.00580017841666667
38 0 0.00459933308333333
39 0 0.00346563283333333
40 0 0.0024989385
41 0 0.00162624666666667
42 0 0.00106947441666667
43 0 0.00060679925
44 0 0.000296489166666667
45 0 0.000126212583333333
46 0 0.0000658646666666667
47 0 0.000025
48 0 0.00001021675
49 0 0.00000645833333333333
50 0 0
51 0 0
52 0 0
53 0 0
54 0 0
55 0 0
56 0 0
57 0 0
58 0 0
59 0 0
60 0 0
61 0 0
62 0 0
63 0 0
64 0 0
65 0 0
66 0 0
67 0 0
68 0 0
69 0 0
70 0 0
71 0 0
72 0 0
73 0 0
74 0 0
75 0 0
76 0 0
77 0 0
78 0 0
79 0 0
80 0 0
81 0 0
82 0 0
83 0 0
84 0 0
85 0 0
86 0 0
87 0 0
88 0 0
89 0 0
90 0 0
91 0 0
92 0 0
93 0 0
94 0 0
95 0 0
96 0 0
97 0 0
98 0 0
99 0 0
100 0 0

birth 1 F single 0
1 0 0
2 0 0
3 0 0
4 0 0
5 0 0
6 0 0
7 0 0
8 0 0
9 0 0
10 0 0
11 0 0
12 0 0
13 0 0
14 0 0
15 0 0.00000909266666666667
16 0 0.0000616750833333333
17 0 0.000199926833333333
18 0 0.000392882583333333
19 0 0.000794983583333333
20 0 0.00145399758333333
21 0 0.002366898
22 0 0.00306367416666667
23 0 0.0038963885
24 0 0.00484652725
25 0 0.00594757983333333
26 0 0.00716076783333333
27 0 0.00844811983333333
28 0 0.00980296841666667
29 0 0.0108819141666667
30 0 0.0119235241666667
31 0 0.0120214040833333
32 0 0.0118463805833333
33 0 0.0109859745
34 0 0.00992402258333333
35 0 0.008728353
36 0 0.00712686183333333
37 0 0.00580017841666667
38 0 0.00459933308333333
39 0 0.00346563283333333
40 0 0.0024989385
41 0 0.00162624666666667
42 0 0.00106947441666667
43 0 0.00060679925
44 0 0.000296489166666667
45 0 0.000126212583333333
46 0 0.0000658646666666667
47 0 0.000025
48 0 0.00001021675
49 0 0.00000645833333333333
50 0 0
51 0 0
52 0 0
53 0 0
54 0 0
55 0 0
56 0 0
57 0 0
58 0 0
59 0 0
60 0 0
61 0 0
62 0 0
63 0 0
64 0 0
65 0 0
66 0 0
67 0 0
68 0 0
69 0 0
70 0 0
71 0 0
72 0 0
73 0 0
74 0 0
75 0 0
76 0 0
77 0 0
78 0 0
79 0 0
80 0 0
81 0 0
82 0 0
83 0 0
84 0 0
85 0 0
86 0 0
87 0 0
88 0 0
89 0 0
90 0 0
91 0 0
92 0 0
93 0 0
94 0 0
95 0 0
96 0 0
97 0 0
98 0 0
99 0 0
100 0 0
