*Period fertility rates for SWE in 1928 
* Mon Dec 20 14:21:53 2010
birth 1 F married 0
1 0 0
2 0 0
3 0 0
4 0 0
5 0 0
6 0 0
7 0 0
8 0 0
9 0 0
10 0 0
11 0 0
12 0 0
13 0 0
14 0 0.0000108333333333333
15 0 0.0000716666666666667
16 0 0.000364166666666667
17 0 0.001005
18 0 0.00238916666666667
19 0 0.0037225
20 0 0.005225
21 0 0.00630416666666667
22 0 0.00705583333333333
23 0 0.008015
24 0 0.00828916666666667
25 0 0.00852583333333333
26 0 0.0090775
27 0 0.00904166666666667
28 0 0.00866333333333333
29 0 0.00890416666666667
30 0 0.00862083333333333
31 0 0.0082875
32 0 0.00802916666666667
33 0 0.00779916666666667
34 0 0.00729
35 0 0.00666666666666667
36 0 0.0063625
37 0 0.0059975
38 0 0.00551916666666667
39 0 0.00494083333333333
40 0 0.00440583333333333
41 0 0.00352333333333333
42 0 0.00303083333333333
43 0 0.00219416666666667
44 0 0.00153333333333333
45 0 0.000976666666666667
46 0 0.000545833333333333
47 0 0.000206666666666667
48 0 0.00008
49 0 0.0000216666666666667
50 0 0
51 0 0
52 0 0
53 0 0
54 0 0
55 0 0
56 0 0
57 0 0
58 0 0
59 0 0
60 0 0
61 0 0
62 0 0
63 0 0
64 0 0
65 0 0
66 0 0
67 0 0
68 0 0
69 0 0
70 0 0
71 0 0
72 0 0
73 0 0
74 0 0
75 0 0
76 0 0
77 0 0
78 0 0
79 0 0
80 0 0
81 0 0
82 0 0
83 0 0
84 0 0
85 0 0
86 0 0
87 0 0
88 0 0
89 0 0
90 0 0
91 0 0
92 0 0
93 0 0
94 0 0
95 0 0
96 0 0
97 0 0
98 0 0
99 0 0
100 0 0

birth 1 F single 0
1 0 0
2 0 0
3 0 0
4 0 0
5 0 0
6 0 0
7 0 0
8 0 0
9 0 0
10 0 0
11 0 0
12 0 0
13 0 0
14 0 0.0000108333333333333
15 0 0.0000716666666666667
16 0 0.000364166666666667
17 0 0.001005
18 0 0.00238916666666667
19 0 0.0037225
20 0 0.005225
21 0 0.00630416666666667
22 0 0.00705583333333333
23 0 0.008015
24 0 0.00828916666666667
25 0 0.00852583333333333
26 0 0.0090775
27 0 0.00904166666666667
28 0 0.00866333333333333
29 0 0.00890416666666667
30 0 0.00862083333333333
31 0 0.0082875
32 0 0.00802916666666667
33 0 0.00779916666666667
34 0 0.00729
35 0 0.00666666666666667
36 0 0.0063625
37 0 0.0059975
38 0 0.00551916666666667
39 0 0.00494083333333333
40 0 0.00440583333333333
41 0 0.00352333333333333
42 0 0.00303083333333333
43 0 0.00219416666666667
44 0 0.00153333333333333
45 0 0.000976666666666667
46 0 0.000545833333333333
47 0 0.000206666666666667
48 0 0.00008
49 0 0.0000216666666666667
50 0 0
51 0 0
52 0 0
53 0 0
54 0 0
55 0 0
56 0 0
57 0 0
58 0 0
59 0 0
60 0 0
61 0 0
62 0 0
63 0 0
64 0 0
65 0 0
66 0 0
67 0 0
68 0 0
69 0 0
70 0 0
71 0 0
72 0 0
73 0 0
74 0 0
75 0 0
76 0 0
77 0 0
78 0 0
79 0 0
80 0 0
81 0 0
82 0 0
83 0 0
84 0 0
85 0 0
86 0 0
87 0 0
88 0 0
89 0 0
90 0 0
91 0 0
92 0 0
93 0 0
94 0 0
95 0 0
96 0 0
97 0 0
98 0 0
99 0 0
100 0 0
