*Period fertility rates for SWE in 1817 
* Mon Dec 20 14:21:54 2010
birth 1 F married 0
1 0 0
2 0 0
3 0 0
4 0 0
5 0 0
6 0 0
7 0 0
8 0 0
9 0 0
10 0 0
11 0 0
12 0 0
13 0 0
14 0 0.00000185
15 0 0.00004255
16 0 0.000197025
17 0 0.000594775
18 0 0.001455025
19 0 0.003145925
20 0 0.00564805
21 0 0.00768305
22 0 0.0101121
23 0 0.011924175
24 0 0.01446145
25 0 0.016354
26 0 0.01761755
27 0 0.018645225
28 0 0.0189958
29 0 0.0197506
30 0 0.02076995
31 0 0.0197765
32 0 0.019758
33 0 0.019412975
34 0 0.018376975
35 0 0.0187701
36 0 0.0181374
37 0 0.0178488
38 0 0.015762925
39 0 0.0154771
40 0 0.0141821
41 0 0.011779875
42 0 0.00975135
43 0 0.0078514
44 0 0.0053243
45 0 0.00333185
46 0 0.00193325
47 0 0.000900025
48 0 0.000518925
49 0 0.0001702
50 0 0
51 0 0
52 0 0
53 0 0
54 0 0
55 0 0
56 0 0
57 0 0
58 0 0
59 0 0
60 0 0
61 0 0
62 0 0
63 0 0
64 0 0
65 0 0
66 0 0
67 0 0
68 0 0
69 0 0
70 0 0
71 0 0
72 0 0
73 0 0
74 0 0
75 0 0
76 0 0
77 0 0
78 0 0
79 0 0
80 0 0
81 0 0
82 0 0
83 0 0
84 0 0
85 0 0
86 0 0
87 0 0
88 0 0
89 0 0
90 0 0
91 0 0
92 0 0
93 0 0
94 0 0
95 0 0
96 0 0
97 0 0
98 0 0
99 0 0
100 0 0

birth 1 F single 0
1 0 0
2 0 0
3 0 0
4 0 0
5 0 0
6 0 0
7 0 0
8 0 0
9 0 0
10 0 0
11 0 0
12 0 0
13 0 0
14 0 0.00000185
15 0 0.00004255
16 0 0.000197025
17 0 0.000594775
18 0 0.001455025
19 0 0.003145925
20 0 0.00564805
21 0 0.00768305
22 0 0.0101121
23 0 0.011924175
24 0 0.01446145
25 0 0.016354
26 0 0.01761755
27 0 0.018645225
28 0 0.0189958
29 0 0.0197506
30 0 0.02076995
31 0 0.0197765
32 0 0.019758
33 0 0.019412975
34 0 0.018376975
35 0 0.0187701
36 0 0.0181374
37 0 0.0178488
38 0 0.015762925
39 0 0.0154771
40 0 0.0141821
41 0 0.011779875
42 0 0.00975135
43 0 0.0078514
44 0 0.0053243
45 0 0.00333185
46 0 0.00193325
47 0 0.000900025
48 0 0.000518925
49 0 0.0001702
50 0 0
51 0 0
52 0 0
53 0 0
54 0 0
55 0 0
56 0 0
57 0 0
58 0 0
59 0 0
60 0 0
61 0 0
62 0 0
63 0 0
64 0 0
65 0 0
66 0 0
67 0 0
68 0 0
69 0 0
70 0 0
71 0 0
72 0 0
73 0 0
74 0 0
75 0 0
76 0 0
77 0 0
78 0 0
79 0 0
80 0 0
81 0 0
82 0 0
83 0 0
84 0 0
85 0 0
86 0 0
87 0 0
88 0 0
89 0 0
90 0 0
91 0 0
92 0 0
93 0 0
94 0 0
95 0 0
96 0 0
97 0 0
98 0 0
99 0 0
100 0 0
