*Period fertility rates for SWE in 1774 
* Mon Dec 20 14:21:53 2010
birth 1 F married 0
1 0 0
2 0 0
3 0 0
4 0 0
5 0 0
6 0 0
7 0 0
8 0 0
9 0 0
10 0 0
11 0 0
12 0 0
13 0 0
14 0 0.000002925
15 0 0.000067275
16 0 0.0003115125
17 0 0.0009403875
18 0 0.0023005125
19 0 0.0049739625
20 0 0.008930025
21 0 0.012147525
22 0 0.01598805
23 0 0.0188530875
24 0 0.022864725
25 0 0.025857
26 0 0.027854775
27 0 0.0294796125
28 0 0.0300339
29 0 0.0312273
30 0 0.032838975
31 0 0.03126825
32 0 0.031239
33 0 0.0306934875
34 0 0.0290554875
35 0 0.02967705
36 0 0.0286767
37 0 0.0282204
38 0 0.0249224625
39 0 0.02447055
40 0 0.02242305
41 0 0.0186249375
42 0 0.015417675
43 0 0.0124137
44 0 0.00841815
45 0 0.005267925
46 0 0.003056625
47 0 0.0014230125
48 0 0.0008204625
49 0 0.0002691
50 0 0
51 0 0
52 0 0
53 0 0
54 0 0
55 0 0
56 0 0
57 0 0
58 0 0
59 0 0
60 0 0
61 0 0
62 0 0
63 0 0
64 0 0
65 0 0
66 0 0
67 0 0
68 0 0
69 0 0
70 0 0
71 0 0
72 0 0
73 0 0
74 0 0
75 0 0
76 0 0
77 0 0
78 0 0
79 0 0
80 0 0
81 0 0
82 0 0
83 0 0
84 0 0
85 0 0
86 0 0
87 0 0
88 0 0
89 0 0
90 0 0
91 0 0
92 0 0
93 0 0
94 0 0
95 0 0
96 0 0
97 0 0
98 0 0
99 0 0
100 0 0

birth 1 F single 0
1 0 0
2 0 0
3 0 0
4 0 0
5 0 0
6 0 0
7 0 0
8 0 0
9 0 0
10 0 0
11 0 0
12 0 0
13 0 0
14 0 0.000002925
15 0 0.000067275
16 0 0.0003115125
17 0 0.0009403875
18 0 0.0023005125
19 0 0.0049739625
20 0 0.008930025
21 0 0.012147525
22 0 0.01598805
23 0 0.0188530875
24 0 0.022864725
25 0 0.025857
26 0 0.027854775
27 0 0.0294796125
28 0 0.0300339
29 0 0.0312273
30 0 0.032838975
31 0 0.03126825
32 0 0.031239
33 0 0.0306934875
34 0 0.0290554875
35 0 0.02967705
36 0 0.0286767
37 0 0.0282204
38 0 0.0249224625
39 0 0.02447055
40 0 0.02242305
41 0 0.0186249375
42 0 0.015417675
43 0 0.0124137
44 0 0.00841815
45 0 0.005267925
46 0 0.003056625
47 0 0.0014230125
48 0 0.0008204625
49 0 0.0002691
50 0 0
51 0 0
52 0 0
53 0 0
54 0 0
55 0 0
56 0 0
57 0 0
58 0 0
59 0 0
60 0 0
61 0 0
62 0 0
63 0 0
64 0 0
65 0 0
66 0 0
67 0 0
68 0 0
69 0 0
70 0 0
71 0 0
72 0 0
73 0 0
74 0 0
75 0 0
76 0 0
77 0 0
78 0 0
79 0 0
80 0 0
81 0 0
82 0 0
83 0 0
84 0 0
85 0 0
86 0 0
87 0 0
88 0 0
89 0 0
90 0 0
91 0 0
92 0 0
93 0 0
94 0 0
95 0 0
96 0 0
97 0 0
98 0 0
99 0 0
100 0 0
