*Period fertility rates for SWE in 2098 
* Mon Dec 20 14:21:54 2010
birth 1 F married 0
1 0 0
2 0 0
3 0 0
4 0 0
5 0 0
6 0 0
7 0 0
8 0 0
9 0 0
10 0 0
11 0 0
12 0 0
13 0 0
14 0 0
15 0 0.00000907175
16 0 0.0000615839166666667
17 0 0.000199711416666667
18 0 0.0003924555
19 0 0.000793891083333333
20 0 0.00145283641666667
21 0 0.00236561616666667
22 0 0.00306260275
23 0 0.00389602491666667
24 0 0.00484717483333333
25 0 0.00594950266666667
26 0 0.00716377158333333
27 0 0.00845131183333333
28 0 0.009806016
29 0 0.01088404875
30 0 0.0119234765833333
31 0 0.0120211029166667
32 0 0.0118448720833333
33 0 0.0109850739166667
34 0 0.00992311133333333
35 0 0.00872735775
36 0 0.00712758908333333
37 0 0.00580112208333333
38 0 0.00459944591666667
39 0 0.003465206
40 0 0.00249841283333333
41 0 0.00162499633333333
42 0 0.00106796125
43 0 0.000605965083333333
44 0 0.000296289916666667
45 0 0.000125776083333333
46 0 0.0000655000833333333
47 0 0.000025
48 0 0.00001012775
49 0 0.00000654166666666667
50 0 0
51 0 0
52 0 0
53 0 0
54 0 0
55 0 0
56 0 0
57 0 0
58 0 0
59 0 0
60 0 0
61 0 0
62 0 0
63 0 0
64 0 0
65 0 0
66 0 0
67 0 0
68 0 0
69 0 0
70 0 0
71 0 0
72 0 0
73 0 0
74 0 0
75 0 0
76 0 0
77 0 0
78 0 0
79 0 0
80 0 0
81 0 0
82 0 0
83 0 0
84 0 0
85 0 0
86 0 0
87 0 0
88 0 0
89 0 0
90 0 0
91 0 0
92 0 0
93 0 0
94 0 0
95 0 0
96 0 0
97 0 0
98 0 0
99 0 0
100 0 0

birth 1 F single 0
1 0 0
2 0 0
3 0 0
4 0 0
5 0 0
6 0 0
7 0 0
8 0 0
9 0 0
10 0 0
11 0 0
12 0 0
13 0 0
14 0 0
15 0 0.00000907175
16 0 0.0000615839166666667
17 0 0.000199711416666667
18 0 0.0003924555
19 0 0.000793891083333333
20 0 0.00145283641666667
21 0 0.00236561616666667
22 0 0.00306260275
23 0 0.00389602491666667
24 0 0.00484717483333333
25 0 0.00594950266666667
26 0 0.00716377158333333
27 0 0.00845131183333333
28 0 0.009806016
29 0 0.01088404875
30 0 0.0119234765833333
31 0 0.0120211029166667
32 0 0.0118448720833333
33 0 0.0109850739166667
34 0 0.00992311133333333
35 0 0.00872735775
36 0 0.00712758908333333
37 0 0.00580112208333333
38 0 0.00459944591666667
39 0 0.003465206
40 0 0.00249841283333333
41 0 0.00162499633333333
42 0 0.00106796125
43 0 0.000605965083333333
44 0 0.000296289916666667
45 0 0.000125776083333333
46 0 0.0000655000833333333
47 0 0.000025
48 0 0.00001012775
49 0 0.00000654166666666667
50 0 0
51 0 0
52 0 0
53 0 0
54 0 0
55 0 0
56 0 0
57 0 0
58 0 0
59 0 0
60 0 0
61 0 0
62 0 0
63 0 0
64 0 0
65 0 0
66 0 0
67 0 0
68 0 0
69 0 0
70 0 0
71 0 0
72 0 0
73 0 0
74 0 0
75 0 0
76 0 0
77 0 0
78 0 0
79 0 0
80 0 0
81 0 0
82 0 0
83 0 0
84 0 0
85 0 0
86 0 0
87 0 0
88 0 0
89 0 0
90 0 0
91 0 0
92 0 0
93 0 0
94 0 0
95 0 0
96 0 0
97 0 0
98 0 0
99 0 0
100 0 0
