*Period fertility rates for SWE in 2086 
* Mon Dec 20 14:21:54 2010
birth 1 F married 0
1 0 0
2 0 0
3 0 0
4 0 0
5 0 0
6 0 0
7 0 0
8 0 0
9 0 0
10 0 0
11 0 0
12 0 0
13 0 0
14 0 0
15 0 0.00000908183333333333
16 0 0.00006164025
17 0 0.000199878166666667
18 0 0.000392865916666667
19 0 0.000795212166666667
20 0 0.00145465458333333
21 0 0.0023683985
22 0 0.00306640425
23 0 0.00390020308333333
24 0 0.00485138458333333
25 0 0.00595314825
26 0 0.007166332
27 0 0.00845225241666667
28 0 0.00980593625
29 0 0.0108834479166667
30 0 0.011923493
31 0 0.0120213004166667
32 0 0.01184607575
33 0 0.010985945
34 0 0.00992415208333333
35 0 0.00872873816666667
36 0 0.00712629308333333
37 0 0.00579855
38 0 0.00459820675
39 0 0.00346368008333333
40 0 0.00249781033333333
41 0 0.00162438141666667
42 0 0.00106766016666667
43 0 0.000605948666666667
44 0 0.000296312333333333
45 0 0.00012587575
46 0 0.00006562275
47 0 0.000025
48 0 0.0000101808333333333
49 0 0.000006475
50 0 0
51 0 0
52 0 0
53 0 0
54 0 0
55 0 0
56 0 0
57 0 0
58 0 0
59 0 0
60 0 0
61 0 0
62 0 0
63 0 0
64 0 0
65 0 0
66 0 0
67 0 0
68 0 0
69 0 0
70 0 0
71 0 0
72 0 0
73 0 0
74 0 0
75 0 0
76 0 0
77 0 0
78 0 0
79 0 0
80 0 0
81 0 0
82 0 0
83 0 0
84 0 0
85 0 0
86 0 0
87 0 0
88 0 0
89 0 0
90 0 0
91 0 0
92 0 0
93 0 0
94 0 0
95 0 0
96 0 0
97 0 0
98 0 0
99 0 0
100 0 0

birth 1 F single 0
1 0 0
2 0 0
3 0 0
4 0 0
5 0 0
6 0 0
7 0 0
8 0 0
9 0 0
10 0 0
11 0 0
12 0 0
13 0 0
14 0 0
15 0 0.00000908183333333333
16 0 0.00006164025
17 0 0.000199878166666667
18 0 0.000392865916666667
19 0 0.000795212166666667
20 0 0.00145465458333333
21 0 0.0023683985
22 0 0.00306640425
23 0 0.00390020308333333
24 0 0.00485138458333333
25 0 0.00595314825
26 0 0.007166332
27 0 0.00845225241666667
28 0 0.00980593625
29 0 0.0108834479166667
30 0 0.011923493
31 0 0.0120213004166667
32 0 0.01184607575
33 0 0.010985945
34 0 0.00992415208333333
35 0 0.00872873816666667
36 0 0.00712629308333333
37 0 0.00579855
38 0 0.00459820675
39 0 0.00346368008333333
40 0 0.00249781033333333
41 0 0.00162438141666667
42 0 0.00106766016666667
43 0 0.000605948666666667
44 0 0.000296312333333333
45 0 0.00012587575
46 0 0.00006562275
47 0 0.000025
48 0 0.0000101808333333333
49 0 0.000006475
50 0 0
51 0 0
52 0 0
53 0 0
54 0 0
55 0 0
56 0 0
57 0 0
58 0 0
59 0 0
60 0 0
61 0 0
62 0 0
63 0 0
64 0 0
65 0 0
66 0 0
67 0 0
68 0 0
69 0 0
70 0 0
71 0 0
72 0 0
73 0 0
74 0 0
75 0 0
76 0 0
77 0 0
78 0 0
79 0 0
80 0 0
81 0 0
82 0 0
83 0 0
84 0 0
85 0 0
86 0 0
87 0 0
88 0 0
89 0 0
90 0 0
91 0 0
92 0 0
93 0 0
94 0 0
95 0 0
96 0 0
97 0 0
98 0 0
99 0 0
100 0 0
