*Period fertility rates for SWE in 2018 
* Mon Dec 20 14:21:54 2010
birth 1 F married 0
1 0 0
2 0 0
3 0 0
4 0 0
5 0 0
6 0 0
7 0 0
8 0 0
9 0 0
10 0 0
11 0 0
12 0 0
13 0 0
14 0 0
15 0 0.0000142545833333333
16 0 0.0000722189166666667
17 0 0.000217179083333333
18 0 0.000428481666666667
19 0 0.00090301475
20 0 0.001606147
21 0 0.00259918658333333
22 0 0.00334098958333333
23 0 0.00422636375
24 0 0.005179035
25 0 0.00626470558333333
26 0 0.00745164758333333
27 0 0.00871379658333333
28 0 0.01000869325
29 0 0.0110265481666667
30 0 0.0119727976666667
31 0 0.0120248573333333
32 0 0.011791354
33 0 0.0109358584166667
34 0 0.00987912825
35 0 0.00872966775
36 0 0.00718252433333333
37 0 0.0058494655
38 0 0.00467067108333333
39 0 0.00354784633333333
40 0 0.00260413
41 0 0.00172822591666667
42 0 0.0011510615
43 0 0.000657779833333333
44 0 0.00032383325
45 0 0.000145394916666667
46 0 0.0000809854166666667
47 0 0.0000287349166666667
48 0 0.00001328875
49 0 0.00000793333333333333
50 0 0
51 0 0
52 0 0
53 0 0
54 0 0
55 0 0
56 0 0
57 0 0
58 0 0
59 0 0
60 0 0
61 0 0
62 0 0
63 0 0
64 0 0
65 0 0
66 0 0
67 0 0
68 0 0
69 0 0
70 0 0
71 0 0
72 0 0
73 0 0
74 0 0
75 0 0
76 0 0
77 0 0
78 0 0
79 0 0
80 0 0
81 0 0
82 0 0
83 0 0
84 0 0
85 0 0
86 0 0
87 0 0
88 0 0
89 0 0
90 0 0
91 0 0
92 0 0
93 0 0
94 0 0
95 0 0
96 0 0
97 0 0
98 0 0
99 0 0
100 0 0

birth 1 F single 0
1 0 0
2 0 0
3 0 0
4 0 0
5 0 0
6 0 0
7 0 0
8 0 0
9 0 0
10 0 0
11 0 0
12 0 0
13 0 0
14 0 0
15 0 0.0000142545833333333
16 0 0.0000722189166666667
17 0 0.000217179083333333
18 0 0.000428481666666667
19 0 0.00090301475
20 0 0.001606147
21 0 0.00259918658333333
22 0 0.00334098958333333
23 0 0.00422636375
24 0 0.005179035
25 0 0.00626470558333333
26 0 0.00745164758333333
27 0 0.00871379658333333
28 0 0.01000869325
29 0 0.0110265481666667
30 0 0.0119727976666667
31 0 0.0120248573333333
32 0 0.011791354
33 0 0.0109358584166667
34 0 0.00987912825
35 0 0.00872966775
36 0 0.00718252433333333
37 0 0.0058494655
38 0 0.00467067108333333
39 0 0.00354784633333333
40 0 0.00260413
41 0 0.00172822591666667
42 0 0.0011510615
43 0 0.000657779833333333
44 0 0.00032383325
45 0 0.000145394916666667
46 0 0.0000809854166666667
47 0 0.0000287349166666667
48 0 0.00001328875
49 0 0.00000793333333333333
50 0 0
51 0 0
52 0 0
53 0 0
54 0 0
55 0 0
56 0 0
57 0 0
58 0 0
59 0 0
60 0 0
61 0 0
62 0 0
63 0 0
64 0 0
65 0 0
66 0 0
67 0 0
68 0 0
69 0 0
70 0 0
71 0 0
72 0 0
73 0 0
74 0 0
75 0 0
76 0 0
77 0 0
78 0 0
79 0 0
80 0 0
81 0 0
82 0 0
83 0 0
84 0 0
85 0 0
86 0 0
87 0 0
88 0 0
89 0 0
90 0 0
91 0 0
92 0 0
93 0 0
94 0 0
95 0 0
96 0 0
97 0 0
98 0 0
99 0 0
100 0 0
