*Period fertility rates for SWE in 1820 
* Mon Dec 20 14:21:54 2010
birth 1 F married 0
1 0 0
2 0 0
3 0 0
4 0 0
5 0 0
6 0 0
7 0 0
8 0 0
9 0 0
10 0 0
11 0 0
12 0 0
13 0 0
14 0 0.000001775
15 0 0.000040825
16 0 0.0001890375
17 0 0.0005706625
18 0 0.0013960375
19 0 0.0030183875
20 0 0.005419075
21 0 0.007371575
22 0 0.00970215
23 0 0.0114407625
24 0 0.013875175
25 0 0.015691
26 0 0.016903325
27 0 0.0178893375
28 0 0.0182257
29 0 0.0189499
30 0 0.019927925
31 0 0.01897475
32 0 0.018957
33 0 0.0186259625
34 0 0.0176319625
35 0 0.01800915
36 0 0.0174021
37 0 0.0171252
38 0 0.0151238875
39 0 0.01484965
40 0 0.01360715
41 0 0.0113023125
42 0 0.009356025
43 0 0.0075331
44 0 0.00510845
45 0 0.003196775
46 0 0.001854875
47 0 0.0008635375
48 0 0.0004978875
49 0 0.0001633
50 0 0
51 0 0
52 0 0
53 0 0
54 0 0
55 0 0
56 0 0
57 0 0
58 0 0
59 0 0
60 0 0
61 0 0
62 0 0
63 0 0
64 0 0
65 0 0
66 0 0
67 0 0
68 0 0
69 0 0
70 0 0
71 0 0
72 0 0
73 0 0
74 0 0
75 0 0
76 0 0
77 0 0
78 0 0
79 0 0
80 0 0
81 0 0
82 0 0
83 0 0
84 0 0
85 0 0
86 0 0
87 0 0
88 0 0
89 0 0
90 0 0
91 0 0
92 0 0
93 0 0
94 0 0
95 0 0
96 0 0
97 0 0
98 0 0
99 0 0
100 0 0

birth 1 F single 0
1 0 0
2 0 0
3 0 0
4 0 0
5 0 0
6 0 0
7 0 0
8 0 0
9 0 0
10 0 0
11 0 0
12 0 0
13 0 0
14 0 0.000001775
15 0 0.000040825
16 0 0.0001890375
17 0 0.0005706625
18 0 0.0013960375
19 0 0.0030183875
20 0 0.005419075
21 0 0.007371575
22 0 0.00970215
23 0 0.0114407625
24 0 0.013875175
25 0 0.015691
26 0 0.016903325
27 0 0.0178893375
28 0 0.0182257
29 0 0.0189499
30 0 0.019927925
31 0 0.01897475
32 0 0.018957
33 0 0.0186259625
34 0 0.0176319625
35 0 0.01800915
36 0 0.0174021
37 0 0.0171252
38 0 0.0151238875
39 0 0.01484965
40 0 0.01360715
41 0 0.0113023125
42 0 0.009356025
43 0 0.0075331
44 0 0.00510845
45 0 0.003196775
46 0 0.001854875
47 0 0.0008635375
48 0 0.0004978875
49 0 0.0001633
50 0 0
51 0 0
52 0 0
53 0 0
54 0 0
55 0 0
56 0 0
57 0 0
58 0 0
59 0 0
60 0 0
61 0 0
62 0 0
63 0 0
64 0 0
65 0 0
66 0 0
67 0 0
68 0 0
69 0 0
70 0 0
71 0 0
72 0 0
73 0 0
74 0 0
75 0 0
76 0 0
77 0 0
78 0 0
79 0 0
80 0 0
81 0 0
82 0 0
83 0 0
84 0 0
85 0 0
86 0 0
87 0 0
88 0 0
89 0 0
90 0 0
91 0 0
92 0 0
93 0 0
94 0 0
95 0 0
96 0 0
97 0 0
98 0 0
99 0 0
100 0 0
