*Period fertility rates for SWE in 2007 
* Mon Dec 20 14:21:53 2010
birth 1 F married 0
1 0 0
2 0 0
3 0 0
4 0 0
5 0 0
6 0 0
7 0 0
8 0 0
9 0 0
10 0 0
11 0 0
12 0 0
13 0 0
14 0 0.00000416666666666667
15 0 0.0000458333333333333
16 0 0.000144166666666667
17 0 0.000324166666666667
18 0 0.000623333333333333
19 0 0.00137916666666667
20 0 0.00219666666666667
21 0 0.00328416666666667
22 0 0.004075
23 0 0.00503
24 0 0.0061575
25 0 0.00693833333333333
26 0 0.00830333333333333
27 0 0.00941916666666667
28 0 0.0104483333333333
29 0 0.011585
30 0 0.0119483333333333
31 0 0.0119891666666667
32 0 0.0115083333333333
33 0 0.0103625
34 0 0.00910166666666667
35 0 0.00769666666666667
36 0 0.00647333333333333
37 0 0.00499916666666667
38 0 0.00388416666666667
39 0 0.00288416666666667
40 0 0.00203833333333333
41 0 0.00135583333333333
42 0 0.000875833333333333
43 0 0.000503333333333333
44 0 0.0002475
45 0 0.000123333333333333
46 0 0.0000608333333333333
47 0 0.0000425
48 0 0.0000116666666666667
49 0 0.0000075
50 0 0
51 0 0
52 0 0
53 0 0
54 0 0
55 0 0
56 0 0
57 0 0
58 0 0
59 0 0
60 0 0
61 0 0
62 0 0
63 0 0
64 0 0
65 0 0
66 0 0
67 0 0
68 0 0
69 0 0
70 0 0
71 0 0
72 0 0
73 0 0
74 0 0
75 0 0
76 0 0
77 0 0
78 0 0
79 0 0
80 0 0
81 0 0
82 0 0
83 0 0
84 0 0
85 0 0
86 0 0
87 0 0
88 0 0
89 0 0
90 0 0
91 0 0
92 0 0
93 0 0
94 0 0
95 0 0
96 0 0
97 0 0
98 0 0
99 0 0
100 0 0

birth 1 F single 0
1 0 0
2 0 0
3 0 0
4 0 0
5 0 0
6 0 0
7 0 0
8 0 0
9 0 0
10 0 0
11 0 0
12 0 0
13 0 0
14 0 0.00000416666666666667
15 0 0.0000458333333333333
16 0 0.000144166666666667
17 0 0.000324166666666667
18 0 0.000623333333333333
19 0 0.00137916666666667
20 0 0.00219666666666667
21 0 0.00328416666666667
22 0 0.004075
23 0 0.00503
24 0 0.0061575
25 0 0.00693833333333333
26 0 0.00830333333333333
27 0 0.00941916666666667
28 0 0.0104483333333333
29 0 0.011585
30 0 0.0119483333333333
31 0 0.0119891666666667
32 0 0.0115083333333333
33 0 0.0103625
34 0 0.00910166666666667
35 0 0.00769666666666667
36 0 0.00647333333333333
37 0 0.00499916666666667
38 0 0.00388416666666667
39 0 0.00288416666666667
40 0 0.00203833333333333
41 0 0.00135583333333333
42 0 0.000875833333333333
43 0 0.000503333333333333
44 0 0.0002475
45 0 0.000123333333333333
46 0 0.0000608333333333333
47 0 0.0000425
48 0 0.0000116666666666667
49 0 0.0000075
50 0 0
51 0 0
52 0 0
53 0 0
54 0 0
55 0 0
56 0 0
57 0 0
58 0 0
59 0 0
60 0 0
61 0 0
62 0 0
63 0 0
64 0 0
65 0 0
66 0 0
67 0 0
68 0 0
69 0 0
70 0 0
71 0 0
72 0 0
73 0 0
74 0 0
75 0 0
76 0 0
77 0 0
78 0 0
79 0 0
80 0 0
81 0 0
82 0 0
83 0 0
84 0 0
85 0 0
86 0 0
87 0 0
88 0 0
89 0 0
90 0 0
91 0 0
92 0 0
93 0 0
94 0 0
95 0 0
96 0 0
97 0 0
98 0 0
99 0 0
100 0 0
