*Period fertility rates for SWE in 2091 
* Mon Dec 20 14:21:54 2010
birth 1 F married 0
1 0 0
2 0 0
3 0 0
4 0 0
5 0 0
6 0 0
7 0 0
8 0 0
9 0 0
10 0 0
11 0 0
12 0 0
13 0 0
14 0 0
15 0 0.00000907291666666667
16 0 0.0000615975
17 0 0.000199766416666667
18 0 0.000392620166666667
19 0 0.000794504333333333
20 0 0.001453794
21 0 0.00236726691666667
22 0 0.00306514191666667
23 0 0.00389920241666667
24 0 0.00485089108333333
25 0 0.00595345191666667
26 0 0.00716740775
27 0 0.00845369458333333
28 0 0.00980752966666667
29 0 0.0108846258333333
30 0 0.0119234731666667
31 0 0.0120211216666667
32 0 0.0118452076666667
33 0 0.0109854248333333
34 0 0.00992362925
35 0 0.00872816325
36 0 0.00712673308333333
37 0 0.00579922891666667
38 0 0.00459844416666667
39 0 0.00346382525
40 0 0.00249779041666667
41 0 0.00162421366666667
42 0 0.00106739133333333
43 0 0.000605773666666667
44 0 0.00029626525
45 0 0.000125754666666667
46 0 0.0000655069166666667
47 0 0.000025
48 0 0.0000101415
49 0 0.00000651666666666667
50 0 0
51 0 0
52 0 0
53 0 0
54 0 0
55 0 0
56 0 0
57 0 0
58 0 0
59 0 0
60 0 0
61 0 0
62 0 0
63 0 0
64 0 0
65 0 0
66 0 0
67 0 0
68 0 0
69 0 0
70 0 0
71 0 0
72 0 0
73 0 0
74 0 0
75 0 0
76 0 0
77 0 0
78 0 0
79 0 0
80 0 0
81 0 0
82 0 0
83 0 0
84 0 0
85 0 0
86 0 0
87 0 0
88 0 0
89 0 0
90 0 0
91 0 0
92 0 0
93 0 0
94 0 0
95 0 0
96 0 0
97 0 0
98 0 0
99 0 0
100 0 0

birth 1 F single 0
1 0 0
2 0 0
3 0 0
4 0 0
5 0 0
6 0 0
7 0 0
8 0 0
9 0 0
10 0 0
11 0 0
12 0 0
13 0 0
14 0 0
15 0 0.00000907291666666667
16 0 0.0000615975
17 0 0.000199766416666667
18 0 0.000392620166666667
19 0 0.000794504333333333
20 0 0.001453794
21 0 0.00236726691666667
22 0 0.00306514191666667
23 0 0.00389920241666667
24 0 0.00485089108333333
25 0 0.00595345191666667
26 0 0.00716740775
27 0 0.00845369458333333
28 0 0.00980752966666667
29 0 0.0108846258333333
30 0 0.0119234731666667
31 0 0.0120211216666667
32 0 0.0118452076666667
33 0 0.0109854248333333
34 0 0.00992362925
35 0 0.00872816325
36 0 0.00712673308333333
37 0 0.00579922891666667
38 0 0.00459844416666667
39 0 0.00346382525
40 0 0.00249779041666667
41 0 0.00162421366666667
42 0 0.00106739133333333
43 0 0.000605773666666667
44 0 0.00029626525
45 0 0.000125754666666667
46 0 0.0000655069166666667
47 0 0.000025
48 0 0.0000101415
49 0 0.00000651666666666667
50 0 0
51 0 0
52 0 0
53 0 0
54 0 0
55 0 0
56 0 0
57 0 0
58 0 0
59 0 0
60 0 0
61 0 0
62 0 0
63 0 0
64 0 0
65 0 0
66 0 0
67 0 0
68 0 0
69 0 0
70 0 0
71 0 0
72 0 0
73 0 0
74 0 0
75 0 0
76 0 0
77 0 0
78 0 0
79 0 0
80 0 0
81 0 0
82 0 0
83 0 0
84 0 0
85 0 0
86 0 0
87 0 0
88 0 0
89 0 0
90 0 0
91 0 0
92 0 0
93 0 0
94 0 0
95 0 0
96 0 0
97 0 0
98 0 0
99 0 0
100 0 0
