*Period fertility rates for SWE in 1852 
* Mon Dec 20 14:21:54 2010
birth 1 F married 0
1 0 0
2 0 0
3 0 0
4 0 0
5 0 0
6 0 0
7 0 0
8 0 0
9 0 0
10 0 0
11 0 0
12 0 0
13 0 0
14 0 0.000000975
15 0 0.000022425
16 0 0.0001038375
17 0 0.0003134625
18 0 0.0007668375
19 0 0.0016579875
20 0 0.002976675
21 0 0.004049175
22 0 0.00532935
23 0 0.0062843625
24 0 0.007621575
25 0 0.008619
26 0 0.009284925
27 0 0.0098265375
28 0 0.0100113
29 0 0.0104091
30 0 0.010946325
31 0 0.01042275
32 0 0.010413
33 0 0.0102311625
34 0 0.0096851625
35 0 0.00989235
36 0 0.0095589
37 0 0.0094068
38 0 0.0083074875
39 0 0.00815685
40 0 0.00747435
41 0 0.0062083125
42 0 0.005139225
43 0 0.0041379
44 0 0.00280605
45 0 0.001755975
46 0 0.001018875
47 0 0.0004743375
48 0 0.0002734875
49 0 0.0000897
50 0 0
51 0 0
52 0 0
53 0 0
54 0 0
55 0 0
56 0 0
57 0 0
58 0 0
59 0 0
60 0 0
61 0 0
62 0 0
63 0 0
64 0 0
65 0 0
66 0 0
67 0 0
68 0 0
69 0 0
70 0 0
71 0 0
72 0 0
73 0 0
74 0 0
75 0 0
76 0 0
77 0 0
78 0 0
79 0 0
80 0 0
81 0 0
82 0 0
83 0 0
84 0 0
85 0 0
86 0 0
87 0 0
88 0 0
89 0 0
90 0 0
91 0 0
92 0 0
93 0 0
94 0 0
95 0 0
96 0 0
97 0 0
98 0 0
99 0 0
100 0 0

birth 1 F single 0
1 0 0
2 0 0
3 0 0
4 0 0
5 0 0
6 0 0
7 0 0
8 0 0
9 0 0
10 0 0
11 0 0
12 0 0
13 0 0
14 0 0.000000975
15 0 0.000022425
16 0 0.0001038375
17 0 0.0003134625
18 0 0.0007668375
19 0 0.0016579875
20 0 0.002976675
21 0 0.004049175
22 0 0.00532935
23 0 0.0062843625
24 0 0.007621575
25 0 0.008619
26 0 0.009284925
27 0 0.0098265375
28 0 0.0100113
29 0 0.0104091
30 0 0.010946325
31 0 0.01042275
32 0 0.010413
33 0 0.0102311625
34 0 0.0096851625
35 0 0.00989235
36 0 0.0095589
37 0 0.0094068
38 0 0.0083074875
39 0 0.00815685
40 0 0.00747435
41 0 0.0062083125
42 0 0.005139225
43 0 0.0041379
44 0 0.00280605
45 0 0.001755975
46 0 0.001018875
47 0 0.0004743375
48 0 0.0002734875
49 0 0.0000897
50 0 0
51 0 0
52 0 0
53 0 0
54 0 0
55 0 0
56 0 0
57 0 0
58 0 0
59 0 0
60 0 0
61 0 0
62 0 0
63 0 0
64 0 0
65 0 0
66 0 0
67 0 0
68 0 0
69 0 0
70 0 0
71 0 0
72 0 0
73 0 0
74 0 0
75 0 0
76 0 0
77 0 0
78 0 0
79 0 0
80 0 0
81 0 0
82 0 0
83 0 0
84 0 0
85 0 0
86 0 0
87 0 0
88 0 0
89 0 0
90 0 0
91 0 0
92 0 0
93 0 0
94 0 0
95 0 0
96 0 0
97 0 0
98 0 0
99 0 0
100 0 0
