*Period fertility rates for SWE in 1944 
* Mon Dec 20 14:21:53 2010
birth 1 F married 0
1 0 0
2 0 0
3 0 0
4 0 0
5 0 0
6 0 0
7 0 0
8 0 0
9 0 0
10 0 0
11 0 0
12 0 0
13 0 0
14 0 0.0000075
15 0 0.0001
16 0 0.000574166666666667
17 0 0.00181916666666667
18 0 0.0038025
19 0 0.005595
20 0 0.00753916666666667
21 0 0.00914916666666667
22 0 0.0104691666666667
23 0 0.0112875
24 0 0.0126233333333333
25 0 0.0124125
26 0 0.0121858333333333
27 0 0.0124866666666667
28 0 0.0123625
29 0 0.0119616666666667
30 0 0.01124
31 0 0.0108125
32 0 0.0101283333333333
33 0 0.0091725
34 0 0.008575
35 0 0.0077525
36 0 0.00697916666666667
37 0 0.00623083333333333
38 0 0.00529
39 0 0.00422583333333333
40 0 0.00353
41 0 0.0027925
42 0 0.00191916666666667
43 0 0.001265
44 0 0.000883333333333333
45 0 0.000448333333333333
46 0 0.0002
47 0 0.0000925
48 0 0.0000441666666666667
49 0 0.0000133333333333333
50 0 0
51 0 0
52 0 0
53 0 0
54 0 0
55 0 0
56 0 0
57 0 0
58 0 0
59 0 0
60 0 0
61 0 0
62 0 0
63 0 0
64 0 0
65 0 0
66 0 0
67 0 0
68 0 0
69 0 0
70 0 0
71 0 0
72 0 0
73 0 0
74 0 0
75 0 0
76 0 0
77 0 0
78 0 0
79 0 0
80 0 0
81 0 0
82 0 0
83 0 0
84 0 0
85 0 0
86 0 0
87 0 0
88 0 0
89 0 0
90 0 0
91 0 0
92 0 0
93 0 0
94 0 0
95 0 0
96 0 0
97 0 0
98 0 0
99 0 0
100 0 0

birth 1 F single 0
1 0 0
2 0 0
3 0 0
4 0 0
5 0 0
6 0 0
7 0 0
8 0 0
9 0 0
10 0 0
11 0 0
12 0 0
13 0 0
14 0 0.0000075
15 0 0.0001
16 0 0.000574166666666667
17 0 0.00181916666666667
18 0 0.0038025
19 0 0.005595
20 0 0.00753916666666667
21 0 0.00914916666666667
22 0 0.0104691666666667
23 0 0.0112875
24 0 0.0126233333333333
25 0 0.0124125
26 0 0.0121858333333333
27 0 0.0124866666666667
28 0 0.0123625
29 0 0.0119616666666667
30 0 0.01124
31 0 0.0108125
32 0 0.0101283333333333
33 0 0.0091725
34 0 0.008575
35 0 0.0077525
36 0 0.00697916666666667
37 0 0.00623083333333333
38 0 0.00529
39 0 0.00422583333333333
40 0 0.00353
41 0 0.0027925
42 0 0.00191916666666667
43 0 0.001265
44 0 0.000883333333333333
45 0 0.000448333333333333
46 0 0.0002
47 0 0.0000925
48 0 0.0000441666666666667
49 0 0.0000133333333333333
50 0 0
51 0 0
52 0 0
53 0 0
54 0 0
55 0 0
56 0 0
57 0 0
58 0 0
59 0 0
60 0 0
61 0 0
62 0 0
63 0 0
64 0 0
65 0 0
66 0 0
67 0 0
68 0 0
69 0 0
70 0 0
71 0 0
72 0 0
73 0 0
74 0 0
75 0 0
76 0 0
77 0 0
78 0 0
79 0 0
80 0 0
81 0 0
82 0 0
83 0 0
84 0 0
85 0 0
86 0 0
87 0 0
88 0 0
89 0 0
90 0 0
91 0 0
92 0 0
93 0 0
94 0 0
95 0 0
96 0 0
97 0 0
98 0 0
99 0 0
100 0 0
