*Period fertility rates for SWE in 1785 
* Mon Dec 20 14:21:53 2010
birth 1 F married 0
1 0 0
2 0 0
3 0 0
4 0 0
5 0 0
6 0 0
7 0 0
8 0 0
9 0 0
10 0 0
11 0 0
12 0 0
13 0 0
14 0 0.00000265
15 0 0.00006095
16 0 0.000282225
17 0 0.000851975
18 0 0.002084225
19 0 0.004506325
20 0 0.00809045
21 0 0.01100545
22 0 0.0144849
23 0 0.017080575
24 0 0.02071505
25 0 0.023426
26 0 0.02523595
27 0 0.026708025
28 0 0.0272102
29 0 0.0282914
30 0 0.02975155
31 0 0.0283285
32 0 0.028302
33 0 0.027807775
34 0 0.026323775
35 0 0.0268869
36 0 0.0259806
37 0 0.0255672
38 0 0.022579325
39 0 0.0221699
40 0 0.0203149
41 0 0.016873875
42 0 0.01396815
43 0 0.0112466
44 0 0.0076267
45 0 0.00477265
46 0 0.00276925
47 0 0.001289225
48 0 0.000743325
49 0 0.0002438
50 0 0
51 0 0
52 0 0
53 0 0
54 0 0
55 0 0
56 0 0
57 0 0
58 0 0
59 0 0
60 0 0
61 0 0
62 0 0
63 0 0
64 0 0
65 0 0
66 0 0
67 0 0
68 0 0
69 0 0
70 0 0
71 0 0
72 0 0
73 0 0
74 0 0
75 0 0
76 0 0
77 0 0
78 0 0
79 0 0
80 0 0
81 0 0
82 0 0
83 0 0
84 0 0
85 0 0
86 0 0
87 0 0
88 0 0
89 0 0
90 0 0
91 0 0
92 0 0
93 0 0
94 0 0
95 0 0
96 0 0
97 0 0
98 0 0
99 0 0
100 0 0

birth 1 F single 0
1 0 0
2 0 0
3 0 0
4 0 0
5 0 0
6 0 0
7 0 0
8 0 0
9 0 0
10 0 0
11 0 0
12 0 0
13 0 0
14 0 0.00000265
15 0 0.00006095
16 0 0.000282225
17 0 0.000851975
18 0 0.002084225
19 0 0.004506325
20 0 0.00809045
21 0 0.01100545
22 0 0.0144849
23 0 0.017080575
24 0 0.02071505
25 0 0.023426
26 0 0.02523595
27 0 0.026708025
28 0 0.0272102
29 0 0.0282914
30 0 0.02975155
31 0 0.0283285
32 0 0.028302
33 0 0.027807775
34 0 0.026323775
35 0 0.0268869
36 0 0.0259806
37 0 0.0255672
38 0 0.022579325
39 0 0.0221699
40 0 0.0203149
41 0 0.016873875
42 0 0.01396815
43 0 0.0112466
44 0 0.0076267
45 0 0.00477265
46 0 0.00276925
47 0 0.001289225
48 0 0.000743325
49 0 0.0002438
50 0 0
51 0 0
52 0 0
53 0 0
54 0 0
55 0 0
56 0 0
57 0 0
58 0 0
59 0 0
60 0 0
61 0 0
62 0 0
63 0 0
64 0 0
65 0 0
66 0 0
67 0 0
68 0 0
69 0 0
70 0 0
71 0 0
72 0 0
73 0 0
74 0 0
75 0 0
76 0 0
77 0 0
78 0 0
79 0 0
80 0 0
81 0 0
82 0 0
83 0 0
84 0 0
85 0 0
86 0 0
87 0 0
88 0 0
89 0 0
90 0 0
91 0 0
92 0 0
93 0 0
94 0 0
95 0 0
96 0 0
97 0 0
98 0 0
99 0 0
100 0 0
