*Period fertility rates for SWE in 2021 
* Mon Dec 20 14:21:54 2010
birth 1 F married 0
1 0 0
2 0 0
3 0 0
4 0 0
5 0 0
6 0 0
7 0 0
8 0 0
9 0 0
10 0 0
11 0 0
12 0 0
13 0 0
14 0 0
15 0 0.0000125574166666667
16 0 0.0000689469166666667
17 0 0.000212006583333333
18 0 0.000417369583333333
19 0 0.000878295916666667
20 0 0.00157419783333333
21 0 0.00254751416666667
22 0 0.00330600141666667
23 0 0.00420131108333333
24 0 0.00519677541666667
25 0 0.00625672758333333
26 0 0.00742499708333333
27 0 0.00864302716666667
28 0 0.00994966983333333
29 0 0.01097509625
30 0 0.0119658526666667
31 0 0.012036645
32 0 0.0118291818333333
33 0 0.0109684233333333
34 0 0.00990659566666667
35 0 0.00874095241666667
36 0 0.00718415925
37 0 0.00587116466666667
38 0 0.0046726595
39 0 0.00355780375
40 0 0.00258824858333333
41 0 0.00172353425
42 0 0.00114228366666667
43 0 0.0006546825
44 0 0.000321335
45 0 0.000144893333333333
46 0 0.000079614
47 0 0.0000282649166666667
48 0 0.0000126704166666667
49 0 0.00000798333333333333
50 0 0
51 0 0
52 0 0
53 0 0
54 0 0
55 0 0
56 0 0
57 0 0
58 0 0
59 0 0
60 0 0
61 0 0
62 0 0
63 0 0
64 0 0
65 0 0
66 0 0
67 0 0
68 0 0
69 0 0
70 0 0
71 0 0
72 0 0
73 0 0
74 0 0
75 0 0
76 0 0
77 0 0
78 0 0
79 0 0
80 0 0
81 0 0
82 0 0
83 0 0
84 0 0
85 0 0
86 0 0
87 0 0
88 0 0
89 0 0
90 0 0
91 0 0
92 0 0
93 0 0
94 0 0
95 0 0
96 0 0
97 0 0
98 0 0
99 0 0
100 0 0

birth 1 F single 0
1 0 0
2 0 0
3 0 0
4 0 0
5 0 0
6 0 0
7 0 0
8 0 0
9 0 0
10 0 0
11 0 0
12 0 0
13 0 0
14 0 0
15 0 0.0000125574166666667
16 0 0.0000689469166666667
17 0 0.000212006583333333
18 0 0.000417369583333333
19 0 0.000878295916666667
20 0 0.00157419783333333
21 0 0.00254751416666667
22 0 0.00330600141666667
23 0 0.00420131108333333
24 0 0.00519677541666667
25 0 0.00625672758333333
26 0 0.00742499708333333
27 0 0.00864302716666667
28 0 0.00994966983333333
29 0 0.01097509625
30 0 0.0119658526666667
31 0 0.012036645
32 0 0.0118291818333333
33 0 0.0109684233333333
34 0 0.00990659566666667
35 0 0.00874095241666667
36 0 0.00718415925
37 0 0.00587116466666667
38 0 0.0046726595
39 0 0.00355780375
40 0 0.00258824858333333
41 0 0.00172353425
42 0 0.00114228366666667
43 0 0.0006546825
44 0 0.000321335
45 0 0.000144893333333333
46 0 0.000079614
47 0 0.0000282649166666667
48 0 0.0000126704166666667
49 0 0.00000798333333333333
50 0 0
51 0 0
52 0 0
53 0 0
54 0 0
55 0 0
56 0 0
57 0 0
58 0 0
59 0 0
60 0 0
61 0 0
62 0 0
63 0 0
64 0 0
65 0 0
66 0 0
67 0 0
68 0 0
69 0 0
70 0 0
71 0 0
72 0 0
73 0 0
74 0 0
75 0 0
76 0 0
77 0 0
78 0 0
79 0 0
80 0 0
81 0 0
82 0 0
83 0 0
84 0 0
85 0 0
86 0 0
87 0 0
88 0 0
89 0 0
90 0 0
91 0 0
92 0 0
93 0 0
94 0 0
95 0 0
96 0 0
97 0 0
98 0 0
99 0 0
100 0 0
