*Period fertility rates for SWE in 1828 
* Mon Dec 20 14:21:54 2010
birth 1 F married 0
1 0 0
2 0 0
3 0 0
4 0 0
5 0 0
6 0 0
7 0 0
8 0 0
9 0 0
10 0 0
11 0 0
12 0 0
13 0 0
14 0 0.000001575
15 0 0.000036225
16 0 0.0001677375
17 0 0.0005063625
18 0 0.0012387375
19 0 0.0026782875
20 0 0.004808475
21 0 0.006540975
22 0 0.00860895
23 0 0.0101516625
24 0 0.012311775
25 0 0.013923
26 0 0.014998725
27 0 0.0158736375
28 0 0.0161721
29 0 0.0168147
30 0 0.017682525
31 0 0.01683675
32 0 0.016821
33 0 0.0165272625
34 0 0.0156452625
35 0 0.01597995
36 0 0.0154413
37 0 0.0151956
38 0 0.0134197875
39 0 0.01317645
40 0 0.01207395
41 0 0.0100288125
42 0 0.008301825
43 0 0.0066843
44 0 0.00453285
45 0 0.002836575
46 0 0.001645875
47 0 0.0007662375
48 0 0.0004417875
49 0 0.0001449
50 0 0
51 0 0
52 0 0
53 0 0
54 0 0
55 0 0
56 0 0
57 0 0
58 0 0
59 0 0
60 0 0
61 0 0
62 0 0
63 0 0
64 0 0
65 0 0
66 0 0
67 0 0
68 0 0
69 0 0
70 0 0
71 0 0
72 0 0
73 0 0
74 0 0
75 0 0
76 0 0
77 0 0
78 0 0
79 0 0
80 0 0
81 0 0
82 0 0
83 0 0
84 0 0
85 0 0
86 0 0
87 0 0
88 0 0
89 0 0
90 0 0
91 0 0
92 0 0
93 0 0
94 0 0
95 0 0
96 0 0
97 0 0
98 0 0
99 0 0
100 0 0

birth 1 F single 0
1 0 0
2 0 0
3 0 0
4 0 0
5 0 0
6 0 0
7 0 0
8 0 0
9 0 0
10 0 0
11 0 0
12 0 0
13 0 0
14 0 0.000001575
15 0 0.000036225
16 0 0.0001677375
17 0 0.0005063625
18 0 0.0012387375
19 0 0.0026782875
20 0 0.004808475
21 0 0.006540975
22 0 0.00860895
23 0 0.0101516625
24 0 0.012311775
25 0 0.013923
26 0 0.014998725
27 0 0.0158736375
28 0 0.0161721
29 0 0.0168147
30 0 0.017682525
31 0 0.01683675
32 0 0.016821
33 0 0.0165272625
34 0 0.0156452625
35 0 0.01597995
36 0 0.0154413
37 0 0.0151956
38 0 0.0134197875
39 0 0.01317645
40 0 0.01207395
41 0 0.0100288125
42 0 0.008301825
43 0 0.0066843
44 0 0.00453285
45 0 0.002836575
46 0 0.001645875
47 0 0.0007662375
48 0 0.0004417875
49 0 0.0001449
50 0 0
51 0 0
52 0 0
53 0 0
54 0 0
55 0 0
56 0 0
57 0 0
58 0 0
59 0 0
60 0 0
61 0 0
62 0 0
63 0 0
64 0 0
65 0 0
66 0 0
67 0 0
68 0 0
69 0 0
70 0 0
71 0 0
72 0 0
73 0 0
74 0 0
75 0 0
76 0 0
77 0 0
78 0 0
79 0 0
80 0 0
81 0 0
82 0 0
83 0 0
84 0 0
85 0 0
86 0 0
87 0 0
88 0 0
89 0 0
90 0 0
91 0 0
92 0 0
93 0 0
94 0 0
95 0 0
96 0 0
97 0 0
98 0 0
99 0 0
100 0 0
