*Period fertility rates for SWE in 1753 
* Mon Dec 20 14:21:53 2010
birth 1 F married 0
1 0 0
2 0 0
3 0 0
4 0 0
5 0 0
6 0 0
7 0 0
8 0 0
9 0 0
10 0 0
11 0 0
12 0 0
13 0 0
14 0 0.00000345
15 0 0.00007935
16 0 0.000367425
17 0 0.001109175
18 0 0.002713425
19 0 0.005866725
20 0 0.01053285
21 0 0.01432785
22 0 0.0188577
23 0 0.022236975
24 0 0.02696865
25 0 0.030498
26 0 0.03285435
27 0 0.034770825
28 0 0.0354246
29 0 0.0368322
30 0 0.03873315
31 0 0.0368805
32 0 0.036846
33 0 0.036202575
34 0 0.034270575
35 0 0.0350037
36 0 0.0338238
37 0 0.0332856
38 0 0.029395725
39 0 0.0288627
40 0 0.0264477
41 0 0.021967875
42 0 0.01818495
43 0 0.0146418
44 0 0.0099291
45 0 0.00621345
46 0 0.00360525
47 0 0.001678425
48 0 0.000967725
49 0 0.0003174
50 0 0
51 0 0
52 0 0
53 0 0
54 0 0
55 0 0
56 0 0
57 0 0
58 0 0
59 0 0
60 0 0
61 0 0
62 0 0
63 0 0
64 0 0
65 0 0
66 0 0
67 0 0
68 0 0
69 0 0
70 0 0
71 0 0
72 0 0
73 0 0
74 0 0
75 0 0
76 0 0
77 0 0
78 0 0
79 0 0
80 0 0
81 0 0
82 0 0
83 0 0
84 0 0
85 0 0
86 0 0
87 0 0
88 0 0
89 0 0
90 0 0
91 0 0
92 0 0
93 0 0
94 0 0
95 0 0
96 0 0
97 0 0
98 0 0
99 0 0
100 0 0

birth 1 F single 0
1 0 0
2 0 0
3 0 0
4 0 0
5 0 0
6 0 0
7 0 0
8 0 0
9 0 0
10 0 0
11 0 0
12 0 0
13 0 0
14 0 0.00000345
15 0 0.00007935
16 0 0.000367425
17 0 0.001109175
18 0 0.002713425
19 0 0.005866725
20 0 0.01053285
21 0 0.01432785
22 0 0.0188577
23 0 0.022236975
24 0 0.02696865
25 0 0.030498
26 0 0.03285435
27 0 0.034770825
28 0 0.0354246
29 0 0.0368322
30 0 0.03873315
31 0 0.0368805
32 0 0.036846
33 0 0.036202575
34 0 0.034270575
35 0 0.0350037
36 0 0.0338238
37 0 0.0332856
38 0 0.029395725
39 0 0.0288627
40 0 0.0264477
41 0 0.021967875
42 0 0.01818495
43 0 0.0146418
44 0 0.0099291
45 0 0.00621345
46 0 0.00360525
47 0 0.001678425
48 0 0.000967725
49 0 0.0003174
50 0 0
51 0 0
52 0 0
53 0 0
54 0 0
55 0 0
56 0 0
57 0 0
58 0 0
59 0 0
60 0 0
61 0 0
62 0 0
63 0 0
64 0 0
65 0 0
66 0 0
67 0 0
68 0 0
69 0 0
70 0 0
71 0 0
72 0 0
73 0 0
74 0 0
75 0 0
76 0 0
77 0 0
78 0 0
79 0 0
80 0 0
81 0 0
82 0 0
83 0 0
84 0 0
85 0 0
86 0 0
87 0 0
88 0 0
89 0 0
90 0 0
91 0 0
92 0 0
93 0 0
94 0 0
95 0 0
96 0 0
97 0 0
98 0 0
99 0 0
100 0 0
