*Period fertility rates for SWE in 1934 
* Mon Dec 20 14:21:53 2010
birth 1 F married 0
1 0 0
2 0 0
3 0 0
4 0 0
5 0 0
6 0 0
7 0 0
8 0 0
9 0 0
10 0 0
11 0 0
12 0 0
13 0 0
14 0 0.0000166666666666667
15 0 0.0000641666666666667
16 0 0.00034
17 0 0.00107583333333333
18 0 0.002115
19 0 0.003675
20 0 0.00469333333333333
21 0 0.005505
22 0 0.006425
23 0 0.00665666666666667
24 0 0.00722666666666667
25 0 0.00719166666666667
26 0 0.0076575
27 0 0.00763916666666667
28 0 0.0074525
29 0 0.00738166666666667
30 0 0.00736083333333333
31 0 0.00691416666666667
32 0 0.00648333333333333
33 0 0.00611
34 0 0.00583333333333333
35 0 0.00527833333333333
36 0 0.00490833333333333
37 0 0.00458416666666667
38 0 0.00403666666666667
39 0 0.00361833333333333
40 0 0.00318333333333333
41 0 0.002525
42 0 0.0020225
43 0 0.00146333333333333
44 0 0.000950833333333333
45 0 0.0005325
46 0 0.000393333333333333
47 0 0.000149166666666667
48 0 0.0000658333333333333
49 0 0.0000225
50 0 0
51 0 0
52 0 0
53 0 0
54 0 0
55 0 0
56 0 0
57 0 0
58 0 0
59 0 0
60 0 0
61 0 0
62 0 0
63 0 0
64 0 0
65 0 0
66 0 0
67 0 0
68 0 0
69 0 0
70 0 0
71 0 0
72 0 0
73 0 0
74 0 0
75 0 0
76 0 0
77 0 0
78 0 0
79 0 0
80 0 0
81 0 0
82 0 0
83 0 0
84 0 0
85 0 0
86 0 0
87 0 0
88 0 0
89 0 0
90 0 0
91 0 0
92 0 0
93 0 0
94 0 0
95 0 0
96 0 0
97 0 0
98 0 0
99 0 0
100 0 0

birth 1 F single 0
1 0 0
2 0 0
3 0 0
4 0 0
5 0 0
6 0 0
7 0 0
8 0 0
9 0 0
10 0 0
11 0 0
12 0 0
13 0 0
14 0 0.0000166666666666667
15 0 0.0000641666666666667
16 0 0.00034
17 0 0.00107583333333333
18 0 0.002115
19 0 0.003675
20 0 0.00469333333333333
21 0 0.005505
22 0 0.006425
23 0 0.00665666666666667
24 0 0.00722666666666667
25 0 0.00719166666666667
26 0 0.0076575
27 0 0.00763916666666667
28 0 0.0074525
29 0 0.00738166666666667
30 0 0.00736083333333333
31 0 0.00691416666666667
32 0 0.00648333333333333
33 0 0.00611
34 0 0.00583333333333333
35 0 0.00527833333333333
36 0 0.00490833333333333
37 0 0.00458416666666667
38 0 0.00403666666666667
39 0 0.00361833333333333
40 0 0.00318333333333333
41 0 0.002525
42 0 0.0020225
43 0 0.00146333333333333
44 0 0.000950833333333333
45 0 0.0005325
46 0 0.000393333333333333
47 0 0.000149166666666667
48 0 0.0000658333333333333
49 0 0.0000225
50 0 0
51 0 0
52 0 0
53 0 0
54 0 0
55 0 0
56 0 0
57 0 0
58 0 0
59 0 0
60 0 0
61 0 0
62 0 0
63 0 0
64 0 0
65 0 0
66 0 0
67 0 0
68 0 0
69 0 0
70 0 0
71 0 0
72 0 0
73 0 0
74 0 0
75 0 0
76 0 0
77 0 0
78 0 0
79 0 0
80 0 0
81 0 0
82 0 0
83 0 0
84 0 0
85 0 0
86 0 0
87 0 0
88 0 0
89 0 0
90 0 0
91 0 0
92 0 0
93 0 0
94 0 0
95 0 0
96 0 0
97 0 0
98 0 0
99 0 0
100 0 0
