*Period fertility rates for SWE in 1996 
* Mon Dec 20 14:21:53 2010
birth 1 F married 0
1 0 0
2 0 0
3 0 0
4 0 0
5 0 0
6 0 0
7 0 0
8 0 0
9 0 0
10 0 0
11 0 0
12 0 0
13 0 0
14 0 0.00000666666666666667
15 0 0.0000458333333333333
16 0 0.0001675
17 0 0.000438333333333333
18 0 0.000813333333333333
19 0 0.00168916666666667
20 0 0.002675
21 0 0.0037
22 0 0.00467916666666667
23 0 0.005925
24 0 0.006955
25 0 0.008575
26 0 0.00926416666666667
27 0 0.00986166666666667
28 0 0.00997416666666667
29 0 0.0100533333333333
30 0 0.00944166666666667
31 0 0.008815
32 0 0.00772
33 0 0.00675666666666667
34 0 0.00576333333333333
35 0 0.004825
36 0 0.00408916666666667
37 0 0.0031475
38 0 0.00237333333333333
39 0 0.001775
40 0 0.00121583333333333
41 0 0.0007675
42 0 0.000515833333333333
43 0 0.000271666666666667
44 0 0.000148333333333333
45 0 0.0000733333333333333
46 0 0.0000266666666666667
47 0 0.0000116666666666667
48 0 0.0000025
49 0 0.00000166666666666667
50 0 0
51 0 0
52 0 0
53 0 0
54 0 0
55 0 0
56 0 0
57 0 0
58 0 0
59 0 0
60 0 0
61 0 0
62 0 0
63 0 0
64 0 0
65 0 0
66 0 0
67 0 0
68 0 0
69 0 0
70 0 0
71 0 0
72 0 0
73 0 0
74 0 0
75 0 0
76 0 0
77 0 0
78 0 0
79 0 0
80 0 0
81 0 0
82 0 0
83 0 0
84 0 0
85 0 0
86 0 0
87 0 0
88 0 0
89 0 0
90 0 0
91 0 0
92 0 0
93 0 0
94 0 0
95 0 0
96 0 0
97 0 0
98 0 0
99 0 0
100 0 0

birth 1 F single 0
1 0 0
2 0 0
3 0 0
4 0 0
5 0 0
6 0 0
7 0 0
8 0 0
9 0 0
10 0 0
11 0 0
12 0 0
13 0 0
14 0 0.00000666666666666667
15 0 0.0000458333333333333
16 0 0.0001675
17 0 0.000438333333333333
18 0 0.000813333333333333
19 0 0.00168916666666667
20 0 0.002675
21 0 0.0037
22 0 0.00467916666666667
23 0 0.005925
24 0 0.006955
25 0 0.008575
26 0 0.00926416666666667
27 0 0.00986166666666667
28 0 0.00997416666666667
29 0 0.0100533333333333
30 0 0.00944166666666667
31 0 0.008815
32 0 0.00772
33 0 0.00675666666666667
34 0 0.00576333333333333
35 0 0.004825
36 0 0.00408916666666667
37 0 0.0031475
38 0 0.00237333333333333
39 0 0.001775
40 0 0.00121583333333333
41 0 0.0007675
42 0 0.000515833333333333
43 0 0.000271666666666667
44 0 0.000148333333333333
45 0 0.0000733333333333333
46 0 0.0000266666666666667
47 0 0.0000116666666666667
48 0 0.0000025
49 0 0.00000166666666666667
50 0 0
51 0 0
52 0 0
53 0 0
54 0 0
55 0 0
56 0 0
57 0 0
58 0 0
59 0 0
60 0 0
61 0 0
62 0 0
63 0 0
64 0 0
65 0 0
66 0 0
67 0 0
68 0 0
69 0 0
70 0 0
71 0 0
72 0 0
73 0 0
74 0 0
75 0 0
76 0 0
77 0 0
78 0 0
79 0 0
80 0 0
81 0 0
82 0 0
83 0 0
84 0 0
85 0 0
86 0 0
87 0 0
88 0 0
89 0 0
90 0 0
91 0 0
92 0 0
93 0 0
94 0 0
95 0 0
96 0 0
97 0 0
98 0 0
99 0 0
100 0 0
