*Period fertility rates for SWE in 2093 
* Mon Dec 20 14:21:54 2010
birth 1 F married 0
1 0 0
2 0 0
3 0 0
4 0 0
5 0 0
6 0 0
7 0 0
8 0 0
9 0 0
10 0 0
11 0 0
12 0 0
13 0 0
14 0 0
15 0 0.00000907116666666667
16 0 0.0000615873333333333
17 0 0.000199735083333333
18 0 0.000392540583333333
19 0 0.00079424075
20 0 0.00145341983333333
21 0 0.00236667341666667
22 0 0.003064308
23 0 0.003898253
24 0 0.00484989591666667
25 0 0.00595253741666667
26 0 0.00716673433333333
27 0 0.00845339466666667
28 0 0.00980748533333333
29 0 0.0108847299166667
30 0 0.0119234696666667
31 0 0.0120210805833333
32 0 0.0118449363333333
33 0 0.0109852264166667
34 0 0.00992339383333333
35 0 0.00872785283333333
36 0 0.00712701783333333
37 0 0.00579978308333333
38 0 0.00459870425
39 0 0.00346414733333333
40 0 0.00249791383333333
41 0 0.00162433141666667
42 0 0.00106745325
43 0 0.0006057765
44 0 0.00029626175
45 0 0.000125740166666667
46 0 0.0000654886666666667
47 0 0.000025
48 0 0.00001013325
49 0 0.000006525
50 0 0
51 0 0
52 0 0
53 0 0
54 0 0
55 0 0
56 0 0
57 0 0
58 0 0
59 0 0
60 0 0
61 0 0
62 0 0
63 0 0
64 0 0
65 0 0
66 0 0
67 0 0
68 0 0
69 0 0
70 0 0
71 0 0
72 0 0
73 0 0
74 0 0
75 0 0
76 0 0
77 0 0
78 0 0
79 0 0
80 0 0
81 0 0
82 0 0
83 0 0
84 0 0
85 0 0
86 0 0
87 0 0
88 0 0
89 0 0
90 0 0
91 0 0
92 0 0
93 0 0
94 0 0
95 0 0
96 0 0
97 0 0
98 0 0
99 0 0
100 0 0

birth 1 F single 0
1 0 0
2 0 0
3 0 0
4 0 0
5 0 0
6 0 0
7 0 0
8 0 0
9 0 0
10 0 0
11 0 0
12 0 0
13 0 0
14 0 0
15 0 0.00000907116666666667
16 0 0.0000615873333333333
17 0 0.000199735083333333
18 0 0.000392540583333333
19 0 0.00079424075
20 0 0.00145341983333333
21 0 0.00236667341666667
22 0 0.003064308
23 0 0.003898253
24 0 0.00484989591666667
25 0 0.00595253741666667
26 0 0.00716673433333333
27 0 0.00845339466666667
28 0 0.00980748533333333
29 0 0.0108847299166667
30 0 0.0119234696666667
31 0 0.0120210805833333
32 0 0.0118449363333333
33 0 0.0109852264166667
34 0 0.00992339383333333
35 0 0.00872785283333333
36 0 0.00712701783333333
37 0 0.00579978308333333
38 0 0.00459870425
39 0 0.00346414733333333
40 0 0.00249791383333333
41 0 0.00162433141666667
42 0 0.00106745325
43 0 0.0006057765
44 0 0.00029626175
45 0 0.000125740166666667
46 0 0.0000654886666666667
47 0 0.000025
48 0 0.00001013325
49 0 0.000006525
50 0 0
51 0 0
52 0 0
53 0 0
54 0 0
55 0 0
56 0 0
57 0 0
58 0 0
59 0 0
60 0 0
61 0 0
62 0 0
63 0 0
64 0 0
65 0 0
66 0 0
67 0 0
68 0 0
69 0 0
70 0 0
71 0 0
72 0 0
73 0 0
74 0 0
75 0 0
76 0 0
77 0 0
78 0 0
79 0 0
80 0 0
81 0 0
82 0 0
83 0 0
84 0 0
85 0 0
86 0 0
87 0 0
88 0 0
89 0 0
90 0 0
91 0 0
92 0 0
93 0 0
94 0 0
95 0 0
96 0 0
97 0 0
98 0 0
99 0 0
100 0 0
