*Period fertility rates for SWE in 2087 
* Mon Dec 20 14:21:54 2010
birth 1 F married 0
1 0 0
2 0 0
3 0 0
4 0 0
5 0 0
6 0 0
7 0 0
8 0 0
9 0 0
10 0 0
11 0 0
12 0 0
13 0 0
14 0 0
15 0 0.00000907966666666667
16 0 0.0000616306666666667
17 0 0.00019985475
18 0 0.000392818916666667
19 0 0.00079509075
20 0 0.00145452633333333
21 0 0.002368267
22 0 0.00306632125
23 0 0.00390023841666667
24 0 0.00485158325
25 0 0.00595353416666667
26 0 0.00716686875
27 0 0.00845276466666667
28 0 0.00980640158333333
29 0 0.010883747
30 0 0.0119234885
31 0 0.01202126625
32 0 0.0118459159166667
33 0 0.0109858586666667
34 0 0.00992407625
35 0 0.00872866625
36 0 0.00712633533333333
37 0 0.00579858741666667
38 0 0.004598199
39 0 0.00346363133333333
40 0 0.0024977685
41 0 0.00162429225
42 0 0.00106755433333333
43 0 0.000605889
44 0 0.000296297833333333
45 0 0.00012584025
46 0 0.0000655906666666667
47 0 0.000025
48 0 0.0000101711666666667
49 0 0.00000648333333333333
50 0 0
51 0 0
52 0 0
53 0 0
54 0 0
55 0 0
56 0 0
57 0 0
58 0 0
59 0 0
60 0 0
61 0 0
62 0 0
63 0 0
64 0 0
65 0 0
66 0 0
67 0 0
68 0 0
69 0 0
70 0 0
71 0 0
72 0 0
73 0 0
74 0 0
75 0 0
76 0 0
77 0 0
78 0 0
79 0 0
80 0 0
81 0 0
82 0 0
83 0 0
84 0 0
85 0 0
86 0 0
87 0 0
88 0 0
89 0 0
90 0 0
91 0 0
92 0 0
93 0 0
94 0 0
95 0 0
96 0 0
97 0 0
98 0 0
99 0 0
100 0 0

birth 1 F single 0
1 0 0
2 0 0
3 0 0
4 0 0
5 0 0
6 0 0
7 0 0
8 0 0
9 0 0
10 0 0
11 0 0
12 0 0
13 0 0
14 0 0
15 0 0.00000907966666666667
16 0 0.0000616306666666667
17 0 0.00019985475
18 0 0.000392818916666667
19 0 0.00079509075
20 0 0.00145452633333333
21 0 0.002368267
22 0 0.00306632125
23 0 0.00390023841666667
24 0 0.00485158325
25 0 0.00595353416666667
26 0 0.00716686875
27 0 0.00845276466666667
28 0 0.00980640158333333
29 0 0.010883747
30 0 0.0119234885
31 0 0.01202126625
32 0 0.0118459159166667
33 0 0.0109858586666667
34 0 0.00992407625
35 0 0.00872866625
36 0 0.00712633533333333
37 0 0.00579858741666667
38 0 0.004598199
39 0 0.00346363133333333
40 0 0.0024977685
41 0 0.00162429225
42 0 0.00106755433333333
43 0 0.000605889
44 0 0.000296297833333333
45 0 0.00012584025
46 0 0.0000655906666666667
47 0 0.000025
48 0 0.0000101711666666667
49 0 0.00000648333333333333
50 0 0
51 0 0
52 0 0
53 0 0
54 0 0
55 0 0
56 0 0
57 0 0
58 0 0
59 0 0
60 0 0
61 0 0
62 0 0
63 0 0
64 0 0
65 0 0
66 0 0
67 0 0
68 0 0
69 0 0
70 0 0
71 0 0
72 0 0
73 0 0
74 0 0
75 0 0
76 0 0
77 0 0
78 0 0
79 0 0
80 0 0
81 0 0
82 0 0
83 0 0
84 0 0
85 0 0
86 0 0
87 0 0
88 0 0
89 0 0
90 0 0
91 0 0
92 0 0
93 0 0
94 0 0
95 0 0
96 0 0
97 0 0
98 0 0
99 0 0
100 0 0
