*Period fertility rates for SWE in 1839 
* Mon Dec 20 14:21:54 2010
birth 1 F married 0
1 0 0
2 0 0
3 0 0
4 0 0
5 0 0
6 0 0
7 0 0
8 0 0
9 0 0
10 0 0
11 0 0
12 0 0
13 0 0
14 0 0.0000013
15 0 0.0000299
16 0 0.00013845
17 0 0.00041795
18 0 0.00102245
19 0 0.00221065
20 0 0.0039689
21 0 0.0053989
22 0 0.0071058
23 0 0.00837915
24 0 0.0101621
25 0 0.011492
26 0 0.0123799
27 0 0.01310205
28 0 0.0133484
29 0 0.0138788
30 0 0.0145951
31 0 0.013897
32 0 0.013884
33 0 0.01364155
34 0 0.01291355
35 0 0.0131898
36 0 0.0127452
37 0 0.0125424
38 0 0.01107665
39 0 0.0108758
40 0 0.0099658
41 0 0.00827775
42 0 0.0068523
43 0 0.0055172
44 0 0.0037414
45 0 0.0023413
46 0 0.0013585
47 0 0.00063245
48 0 0.00036465
49 0 0.0001196
50 0 0
51 0 0
52 0 0
53 0 0
54 0 0
55 0 0
56 0 0
57 0 0
58 0 0
59 0 0
60 0 0
61 0 0
62 0 0
63 0 0
64 0 0
65 0 0
66 0 0
67 0 0
68 0 0
69 0 0
70 0 0
71 0 0
72 0 0
73 0 0
74 0 0
75 0 0
76 0 0
77 0 0
78 0 0
79 0 0
80 0 0
81 0 0
82 0 0
83 0 0
84 0 0
85 0 0
86 0 0
87 0 0
88 0 0
89 0 0
90 0 0
91 0 0
92 0 0
93 0 0
94 0 0
95 0 0
96 0 0
97 0 0
98 0 0
99 0 0
100 0 0

birth 1 F single 0
1 0 0
2 0 0
3 0 0
4 0 0
5 0 0
6 0 0
7 0 0
8 0 0
9 0 0
10 0 0
11 0 0
12 0 0
13 0 0
14 0 0.0000013
15 0 0.0000299
16 0 0.00013845
17 0 0.00041795
18 0 0.00102245
19 0 0.00221065
20 0 0.0039689
21 0 0.0053989
22 0 0.0071058
23 0 0.00837915
24 0 0.0101621
25 0 0.011492
26 0 0.0123799
27 0 0.01310205
28 0 0.0133484
29 0 0.0138788
30 0 0.0145951
31 0 0.013897
32 0 0.013884
33 0 0.01364155
34 0 0.01291355
35 0 0.0131898
36 0 0.0127452
37 0 0.0125424
38 0 0.01107665
39 0 0.0108758
40 0 0.0099658
41 0 0.00827775
42 0 0.0068523
43 0 0.0055172
44 0 0.0037414
45 0 0.0023413
46 0 0.0013585
47 0 0.00063245
48 0 0.00036465
49 0 0.0001196
50 0 0
51 0 0
52 0 0
53 0 0
54 0 0
55 0 0
56 0 0
57 0 0
58 0 0
59 0 0
60 0 0
61 0 0
62 0 0
63 0 0
64 0 0
65 0 0
66 0 0
67 0 0
68 0 0
69 0 0
70 0 0
71 0 0
72 0 0
73 0 0
74 0 0
75 0 0
76 0 0
77 0 0
78 0 0
79 0 0
80 0 0
81 0 0
82 0 0
83 0 0
84 0 0
85 0 0
86 0 0
87 0 0
88 0 0
89 0 0
90 0 0
91 0 0
92 0 0
93 0 0
94 0 0
95 0 0
96 0 0
97 0 0
98 0 0
99 0 0
100 0 0
