*Period fertility rates for SWE in 1945 
* Mon Dec 20 14:21:53 2010
birth 1 F married 0
1 0 0
2 0 0
3 0 0
4 0 0
5 0 0
6 0 0
7 0 0
8 0 0
9 0 0
10 0 0
11 0 0
12 0 0
13 0 0
14 0 0.0000116666666666667
15 0 0.0001325
16 0 0.000671666666666667
17 0 0.002045
18 0 0.00407416666666667
19 0 0.00628916666666667
20 0 0.00805666666666667
21 0 0.00973666666666667
22 0 0.0106558333333333
23 0 0.0117333333333333
24 0 0.0119391666666667
25 0 0.0129375
26 0 0.0125658333333333
27 0 0.0126608333333333
28 0 0.012105
29 0 0.0118808333333333
30 0 0.011135
31 0 0.0106483333333333
32 0 0.00987166666666667
33 0 0.00906416666666667
34 0 0.0084675
35 0 0.00755666666666667
36 0 0.00681666666666667
37 0 0.0060325
38 0 0.00521
39 0 0.00441833333333333
40 0 0.00365916666666667
41 0 0.00278583333333333
42 0 0.00189583333333333
43 0 0.00138666666666667
44 0 0.000795833333333333
45 0 0.000426666666666667
46 0 0.000196666666666667
47 0 0.00008
48 0 0.0000266666666666667
49 0 0.00000583333333333333
50 0 0
51 0 0
52 0 0
53 0 0
54 0 0
55 0 0
56 0 0
57 0 0
58 0 0
59 0 0
60 0 0
61 0 0
62 0 0
63 0 0
64 0 0
65 0 0
66 0 0
67 0 0
68 0 0
69 0 0
70 0 0
71 0 0
72 0 0
73 0 0
74 0 0
75 0 0
76 0 0
77 0 0
78 0 0
79 0 0
80 0 0
81 0 0
82 0 0
83 0 0
84 0 0
85 0 0
86 0 0
87 0 0
88 0 0
89 0 0
90 0 0
91 0 0
92 0 0
93 0 0
94 0 0
95 0 0
96 0 0
97 0 0
98 0 0
99 0 0
100 0 0

birth 1 F single 0
1 0 0
2 0 0
3 0 0
4 0 0
5 0 0
6 0 0
7 0 0
8 0 0
9 0 0
10 0 0
11 0 0
12 0 0
13 0 0
14 0 0.0000116666666666667
15 0 0.0001325
16 0 0.000671666666666667
17 0 0.002045
18 0 0.00407416666666667
19 0 0.00628916666666667
20 0 0.00805666666666667
21 0 0.00973666666666667
22 0 0.0106558333333333
23 0 0.0117333333333333
24 0 0.0119391666666667
25 0 0.0129375
26 0 0.0125658333333333
27 0 0.0126608333333333
28 0 0.012105
29 0 0.0118808333333333
30 0 0.011135
31 0 0.0106483333333333
32 0 0.00987166666666667
33 0 0.00906416666666667
34 0 0.0084675
35 0 0.00755666666666667
36 0 0.00681666666666667
37 0 0.0060325
38 0 0.00521
39 0 0.00441833333333333
40 0 0.00365916666666667
41 0 0.00278583333333333
42 0 0.00189583333333333
43 0 0.00138666666666667
44 0 0.000795833333333333
45 0 0.000426666666666667
46 0 0.000196666666666667
47 0 0.00008
48 0 0.0000266666666666667
49 0 0.00000583333333333333
50 0 0
51 0 0
52 0 0
53 0 0
54 0 0
55 0 0
56 0 0
57 0 0
58 0 0
59 0 0
60 0 0
61 0 0
62 0 0
63 0 0
64 0 0
65 0 0
66 0 0
67 0 0
68 0 0
69 0 0
70 0 0
71 0 0
72 0 0
73 0 0
74 0 0
75 0 0
76 0 0
77 0 0
78 0 0
79 0 0
80 0 0
81 0 0
82 0 0
83 0 0
84 0 0
85 0 0
86 0 0
87 0 0
88 0 0
89 0 0
90 0 0
91 0 0
92 0 0
93 0 0
94 0 0
95 0 0
96 0 0
97 0 0
98 0 0
99 0 0
100 0 0
