*Period fertility rates for SWE in 2027 
* Mon Dec 20 14:21:54 2010
birth 1 F married 0
1 0 0
2 0 0
3 0 0
4 0 0
5 0 0
6 0 0
7 0 0
8 0 0
9 0 0
10 0 0
11 0 0
12 0 0
13 0 0
14 0 0
15 0 0.000009731
16 0 0.0000630928333333333
17 0 0.000202675
18 0 0.000399162333333333
19 0 0.000820530166666667
20 0 0.00149552316666667
21 0 0.00243855933333333
22 0 0.0031694185
23 0 0.00403167208333333
24 0 0.00500568675
25 0 0.00611973091666667
26 0 0.00733861958333333
27 0 0.00859403816666667
28 0 0.00992280408333333
29 0 0.0109575105833333
30 0 0.01194653075
31 0 0.0120316475833333
32 0 0.0118407916666667
33 0 0.01099277625
34 0 0.00993664308333333
35 0 0.00874705516666667
36 0 0.0071528575
37 0 0.00582915841666667
38 0 0.00463129758333333
39 0 0.00350999033333333
40 0 0.00254176933333333
41 0 0.0016756875
42 0 0.00111664291666667
43 0 0.000635261833333333
44 0 0.000307740083333333
45 0 0.000135700083333333
46 0 0.00007326675
47 0 0.000026026
48 0 0.0000116485
49 0 0.00000699166666666667
50 0 0
51 0 0
52 0 0
53 0 0
54 0 0
55 0 0
56 0 0
57 0 0
58 0 0
59 0 0
60 0 0
61 0 0
62 0 0
63 0 0
64 0 0
65 0 0
66 0 0
67 0 0
68 0 0
69 0 0
70 0 0
71 0 0
72 0 0
73 0 0
74 0 0
75 0 0
76 0 0
77 0 0
78 0 0
79 0 0
80 0 0
81 0 0
82 0 0
83 0 0
84 0 0
85 0 0
86 0 0
87 0 0
88 0 0
89 0 0
90 0 0
91 0 0
92 0 0
93 0 0
94 0 0
95 0 0
96 0 0
97 0 0
98 0 0
99 0 0
100 0 0

birth 1 F single 0
1 0 0
2 0 0
3 0 0
4 0 0
5 0 0
6 0 0
7 0 0
8 0 0
9 0 0
10 0 0
11 0 0
12 0 0
13 0 0
14 0 0
15 0 0.000009731
16 0 0.0000630928333333333
17 0 0.000202675
18 0 0.000399162333333333
19 0 0.000820530166666667
20 0 0.00149552316666667
21 0 0.00243855933333333
22 0 0.0031694185
23 0 0.00403167208333333
24 0 0.00500568675
25 0 0.00611973091666667
26 0 0.00733861958333333
27 0 0.00859403816666667
28 0 0.00992280408333333
29 0 0.0109575105833333
30 0 0.01194653075
31 0 0.0120316475833333
32 0 0.0118407916666667
33 0 0.01099277625
34 0 0.00993664308333333
35 0 0.00874705516666667
36 0 0.0071528575
37 0 0.00582915841666667
38 0 0.00463129758333333
39 0 0.00350999033333333
40 0 0.00254176933333333
41 0 0.0016756875
42 0 0.00111664291666667
43 0 0.000635261833333333
44 0 0.000307740083333333
45 0 0.000135700083333333
46 0 0.00007326675
47 0 0.000026026
48 0 0.0000116485
49 0 0.00000699166666666667
50 0 0
51 0 0
52 0 0
53 0 0
54 0 0
55 0 0
56 0 0
57 0 0
58 0 0
59 0 0
60 0 0
61 0 0
62 0 0
63 0 0
64 0 0
65 0 0
66 0 0
67 0 0
68 0 0
69 0 0
70 0 0
71 0 0
72 0 0
73 0 0
74 0 0
75 0 0
76 0 0
77 0 0
78 0 0
79 0 0
80 0 0
81 0 0
82 0 0
83 0 0
84 0 0
85 0 0
86 0 0
87 0 0
88 0 0
89 0 0
90 0 0
91 0 0
92 0 0
93 0 0
94 0 0
95 0 0
96 0 0
97 0 0
98 0 0
99 0 0
100 0 0
