*Period fertility rates for SWE in 1826 
* Mon Dec 20 14:21:54 2010
birth 1 F married 0
1 0 0
2 0 0
3 0 0
4 0 0
5 0 0
6 0 0
7 0 0
8 0 0
9 0 0
10 0 0
11 0 0
12 0 0
13 0 0
14 0 0.000001625
15 0 0.000037375
16 0 0.0001730625
17 0 0.0005224375
18 0 0.0012780625
19 0 0.0027633125
20 0 0.004961125
21 0 0.006748625
22 0 0.00888225
23 0 0.0104739375
24 0 0.012702625
25 0 0.014365
26 0 0.015474875
27 0 0.0163775625
28 0 0.0166855
29 0 0.0173485
30 0 0.018243875
31 0 0.01737125
32 0 0.017355
33 0 0.0170519375
34 0 0.0161419375
35 0 0.01648725
36 0 0.0159315
37 0 0.015678
38 0 0.0138458125
39 0 0.01359475
40 0 0.01245725
41 0 0.0103471875
42 0 0.008565375
43 0 0.0068965
44 0 0.00467675
45 0 0.002926625
46 0 0.001698125
47 0 0.0007905625
48 0 0.0004558125
49 0 0.0001495
50 0 0
51 0 0
52 0 0
53 0 0
54 0 0
55 0 0
56 0 0
57 0 0
58 0 0
59 0 0
60 0 0
61 0 0
62 0 0
63 0 0
64 0 0
65 0 0
66 0 0
67 0 0
68 0 0
69 0 0
70 0 0
71 0 0
72 0 0
73 0 0
74 0 0
75 0 0
76 0 0
77 0 0
78 0 0
79 0 0
80 0 0
81 0 0
82 0 0
83 0 0
84 0 0
85 0 0
86 0 0
87 0 0
88 0 0
89 0 0
90 0 0
91 0 0
92 0 0
93 0 0
94 0 0
95 0 0
96 0 0
97 0 0
98 0 0
99 0 0
100 0 0

birth 1 F single 0
1 0 0
2 0 0
3 0 0
4 0 0
5 0 0
6 0 0
7 0 0
8 0 0
9 0 0
10 0 0
11 0 0
12 0 0
13 0 0
14 0 0.000001625
15 0 0.000037375
16 0 0.0001730625
17 0 0.0005224375
18 0 0.0012780625
19 0 0.0027633125
20 0 0.004961125
21 0 0.006748625
22 0 0.00888225
23 0 0.0104739375
24 0 0.012702625
25 0 0.014365
26 0 0.015474875
27 0 0.0163775625
28 0 0.0166855
29 0 0.0173485
30 0 0.018243875
31 0 0.01737125
32 0 0.017355
33 0 0.0170519375
34 0 0.0161419375
35 0 0.01648725
36 0 0.0159315
37 0 0.015678
38 0 0.0138458125
39 0 0.01359475
40 0 0.01245725
41 0 0.0103471875
42 0 0.008565375
43 0 0.0068965
44 0 0.00467675
45 0 0.002926625
46 0 0.001698125
47 0 0.0007905625
48 0 0.0004558125
49 0 0.0001495
50 0 0
51 0 0
52 0 0
53 0 0
54 0 0
55 0 0
56 0 0
57 0 0
58 0 0
59 0 0
60 0 0
61 0 0
62 0 0
63 0 0
64 0 0
65 0 0
66 0 0
67 0 0
68 0 0
69 0 0
70 0 0
71 0 0
72 0 0
73 0 0
74 0 0
75 0 0
76 0 0
77 0 0
78 0 0
79 0 0
80 0 0
81 0 0
82 0 0
83 0 0
84 0 0
85 0 0
86 0 0
87 0 0
88 0 0
89 0 0
90 0 0
91 0 0
92 0 0
93 0 0
94 0 0
95 0 0
96 0 0
97 0 0
98 0 0
99 0 0
100 0 0
