*Period fertility rates for SWE in 1767 
* Mon Dec 20 14:21:53 2010
birth 1 F married 0
1 0 0
2 0 0
3 0 0
4 0 0
5 0 0
6 0 0
7 0 0
8 0 0
9 0 0
10 0 0
11 0 0
12 0 0
13 0 0
14 0 0.0000031
15 0 0.0000713
16 0 0.00033015
17 0 0.00099665
18 0 0.00243815
19 0 0.00527155
20 0 0.0094643
21 0 0.0128743
22 0 0.0169446
23 0 0.01998105
24 0 0.0242327
25 0 0.027404
26 0 0.0295213
27 0 0.03124335
28 0 0.0318308
29 0 0.0330956
30 0 0.0348037
31 0 0.033139
32 0 0.033108
33 0 0.03252985
34 0 0.03079385
35 0 0.0314526
36 0 0.0303924
37 0 0.0299088
38 0 0.02641355
39 0 0.0259346
40 0 0.0237646
41 0 0.01973925
42 0 0.0163401
43 0 0.0131564
44 0 0.0089218
45 0 0.0055831
46 0 0.0032395
47 0 0.00150815
48 0 0.00086955
49 0 0.0002852
50 0 0
51 0 0
52 0 0
53 0 0
54 0 0
55 0 0
56 0 0
57 0 0
58 0 0
59 0 0
60 0 0
61 0 0
62 0 0
63 0 0
64 0 0
65 0 0
66 0 0
67 0 0
68 0 0
69 0 0
70 0 0
71 0 0
72 0 0
73 0 0
74 0 0
75 0 0
76 0 0
77 0 0
78 0 0
79 0 0
80 0 0
81 0 0
82 0 0
83 0 0
84 0 0
85 0 0
86 0 0
87 0 0
88 0 0
89 0 0
90 0 0
91 0 0
92 0 0
93 0 0
94 0 0
95 0 0
96 0 0
97 0 0
98 0 0
99 0 0
100 0 0

birth 1 F single 0
1 0 0
2 0 0
3 0 0
4 0 0
5 0 0
6 0 0
7 0 0
8 0 0
9 0 0
10 0 0
11 0 0
12 0 0
13 0 0
14 0 0.0000031
15 0 0.0000713
16 0 0.00033015
17 0 0.00099665
18 0 0.00243815
19 0 0.00527155
20 0 0.0094643
21 0 0.0128743
22 0 0.0169446
23 0 0.01998105
24 0 0.0242327
25 0 0.027404
26 0 0.0295213
27 0 0.03124335
28 0 0.0318308
29 0 0.0330956
30 0 0.0348037
31 0 0.033139
32 0 0.033108
33 0 0.03252985
34 0 0.03079385
35 0 0.0314526
36 0 0.0303924
37 0 0.0299088
38 0 0.02641355
39 0 0.0259346
40 0 0.0237646
41 0 0.01973925
42 0 0.0163401
43 0 0.0131564
44 0 0.0089218
45 0 0.0055831
46 0 0.0032395
47 0 0.00150815
48 0 0.00086955
49 0 0.0002852
50 0 0
51 0 0
52 0 0
53 0 0
54 0 0
55 0 0
56 0 0
57 0 0
58 0 0
59 0 0
60 0 0
61 0 0
62 0 0
63 0 0
64 0 0
65 0 0
66 0 0
67 0 0
68 0 0
69 0 0
70 0 0
71 0 0
72 0 0
73 0 0
74 0 0
75 0 0
76 0 0
77 0 0
78 0 0
79 0 0
80 0 0
81 0 0
82 0 0
83 0 0
84 0 0
85 0 0
86 0 0
87 0 0
88 0 0
89 0 0
90 0 0
91 0 0
92 0 0
93 0 0
94 0 0
95 0 0
96 0 0
97 0 0
98 0 0
99 0 0
100 0 0
