*Period fertility rates for SWE in 2099 
* Mon Dec 20 14:21:54 2010
birth 1 F married 0
1 0 0
2 0 0
3 0 0
4 0 0
5 0 0
6 0 0
7 0 0
8 0 0
9 0 0
10 0 0
11 0 0
12 0 0
13 0 0
14 0 0
15 0 0.00000907258333333333
16 0 0.0000615865
17 0 0.0001997155
18 0 0.000392458416666667
19 0 0.000793881416666667
20 0 0.00145279808333333
21 0 0.00236551616666667
22 0 0.0030624065
23 0 0.00389572708333333
24 0 0.004846757
25 0 0.00594897658333333
26 0 0.00716318641666667
27 0 0.00845083591666667
28 0 0.00980563725
29 0 0.0108838181666667
30 0 0.01192347975
31 0 0.012021125
32 0 0.0118449623333333
33 0 0.0109851116666667
34 0 0.00992312916666667
35 0 0.00872734808333333
36 0 0.00712762933333333
37 0 0.00580126541666667
38 0 0.00459954733333333
39 0 0.00346538866666667
40 0 0.00249851433333333
41 0 0.00162515325
42 0 0.0010680995
43 0 0.000606023416666667
44 0 0.00029630075
45 0 0.000125794583333333
46 0 0.00006551225
47 0 0.000025
48 0 0.0000101291666666667
49 0 0.00000653333333333333
50 0 0
51 0 0
52 0 0
53 0 0
54 0 0
55 0 0
56 0 0
57 0 0
58 0 0
59 0 0
60 0 0
61 0 0
62 0 0
63 0 0
64 0 0
65 0 0
66 0 0
67 0 0
68 0 0
69 0 0
70 0 0
71 0 0
72 0 0
73 0 0
74 0 0
75 0 0
76 0 0
77 0 0
78 0 0
79 0 0
80 0 0
81 0 0
82 0 0
83 0 0
84 0 0
85 0 0
86 0 0
87 0 0
88 0 0
89 0 0
90 0 0
91 0 0
92 0 0
93 0 0
94 0 0
95 0 0
96 0 0
97 0 0
98 0 0
99 0 0
100 0 0

birth 1 F single 0
1 0 0
2 0 0
3 0 0
4 0 0
5 0 0
6 0 0
7 0 0
8 0 0
9 0 0
10 0 0
11 0 0
12 0 0
13 0 0
14 0 0
15 0 0.00000907258333333333
16 0 0.0000615865
17 0 0.0001997155
18 0 0.000392458416666667
19 0 0.000793881416666667
20 0 0.00145279808333333
21 0 0.00236551616666667
22 0 0.0030624065
23 0 0.00389572708333333
24 0 0.004846757
25 0 0.00594897658333333
26 0 0.00716318641666667
27 0 0.00845083591666667
28 0 0.00980563725
29 0 0.0108838181666667
30 0 0.01192347975
31 0 0.012021125
32 0 0.0118449623333333
33 0 0.0109851116666667
34 0 0.00992312916666667
35 0 0.00872734808333333
36 0 0.00712762933333333
37 0 0.00580126541666667
38 0 0.00459954733333333
39 0 0.00346538866666667
40 0 0.00249851433333333
41 0 0.00162515325
42 0 0.0010680995
43 0 0.000606023416666667
44 0 0.00029630075
45 0 0.000125794583333333
46 0 0.00006551225
47 0 0.000025
48 0 0.0000101291666666667
49 0 0.00000653333333333333
50 0 0
51 0 0
52 0 0
53 0 0
54 0 0
55 0 0
56 0 0
57 0 0
58 0 0
59 0 0
60 0 0
61 0 0
62 0 0
63 0 0
64 0 0
65 0 0
66 0 0
67 0 0
68 0 0
69 0 0
70 0 0
71 0 0
72 0 0
73 0 0
74 0 0
75 0 0
76 0 0
77 0 0
78 0 0
79 0 0
80 0 0
81 0 0
82 0 0
83 0 0
84 0 0
85 0 0
86 0 0
87 0 0
88 0 0
89 0 0
90 0 0
91 0 0
92 0 0
93 0 0
94 0 0
95 0 0
96 0 0
97 0 0
98 0 0
99 0 0
100 0 0
