*Period fertility rates for SWE in 2084 
* Mon Dec 20 14:21:54 2010
birth 1 F married 0
1 0 0
2 0 0
3 0 0
4 0 0
5 0 0
6 0 0
7 0 0
8 0 0
9 0 0
10 0 0
11 0 0
12 0 0
13 0 0
14 0 0
15 0 0.00000908616666666667
16 0 0.0000616585833333333
17 0 0.000199919083333333
18 0 0.0003929405
19 0 0.000795375916666667
20 0 0.00145478075
21 0 0.00236843991666667
22 0 0.00306623566666667
23 0 0.003899735
24 0 0.00485055216666667
25 0 0.00595196041666667
26 0 0.00716492533333333
27 0 0.00845105866666667
28 0 0.00980494358333333
29 0 0.0108828581666667
30 0 0.01192350125
31 0 0.01202135875
32 0 0.0118463279166667
33 0 0.0109860675833333
34 0 0.00992424466666667
35 0 0.00872880325
36 0 0.00712628216666667
37 0 0.00579861125
38 0 0.0045983005
39 0 0.00346389191666667
40 0 0.002497954
41 0 0.00162465508333333
42 0 0.00106795433333333
43 0 0.00060610975
44 0 0.000296351083333333
45 0 0.000125961833333333
46 0 0.0000656971666666667
47 0 0.000025
48 0 0.00001020025
49 0 0.00000645833333333333
50 0 0
51 0 0
52 0 0
53 0 0
54 0 0
55 0 0
56 0 0
57 0 0
58 0 0
59 0 0
60 0 0
61 0 0
62 0 0
63 0 0
64 0 0
65 0 0
66 0 0
67 0 0
68 0 0
69 0 0
70 0 0
71 0 0
72 0 0
73 0 0
74 0 0
75 0 0
76 0 0
77 0 0
78 0 0
79 0 0
80 0 0
81 0 0
82 0 0
83 0 0
84 0 0
85 0 0
86 0 0
87 0 0
88 0 0
89 0 0
90 0 0
91 0 0
92 0 0
93 0 0
94 0 0
95 0 0
96 0 0
97 0 0
98 0 0
99 0 0
100 0 0

birth 1 F single 0
1 0 0
2 0 0
3 0 0
4 0 0
5 0 0
6 0 0
7 0 0
8 0 0
9 0 0
10 0 0
11 0 0
12 0 0
13 0 0
14 0 0
15 0 0.00000908616666666667
16 0 0.0000616585833333333
17 0 0.000199919083333333
18 0 0.0003929405
19 0 0.000795375916666667
20 0 0.00145478075
21 0 0.00236843991666667
22 0 0.00306623566666667
23 0 0.003899735
24 0 0.00485055216666667
25 0 0.00595196041666667
26 0 0.00716492533333333
27 0 0.00845105866666667
28 0 0.00980494358333333
29 0 0.0108828581666667
30 0 0.01192350125
31 0 0.01202135875
32 0 0.0118463279166667
33 0 0.0109860675833333
34 0 0.00992424466666667
35 0 0.00872880325
36 0 0.00712628216666667
37 0 0.00579861125
38 0 0.0045983005
39 0 0.00346389191666667
40 0 0.002497954
41 0 0.00162465508333333
42 0 0.00106795433333333
43 0 0.00060610975
44 0 0.000296351083333333
45 0 0.000125961833333333
46 0 0.0000656971666666667
47 0 0.000025
48 0 0.00001020025
49 0 0.00000645833333333333
50 0 0
51 0 0
52 0 0
53 0 0
54 0 0
55 0 0
56 0 0
57 0 0
58 0 0
59 0 0
60 0 0
61 0 0
62 0 0
63 0 0
64 0 0
65 0 0
66 0 0
67 0 0
68 0 0
69 0 0
70 0 0
71 0 0
72 0 0
73 0 0
74 0 0
75 0 0
76 0 0
77 0 0
78 0 0
79 0 0
80 0 0
81 0 0
82 0 0
83 0 0
84 0 0
85 0 0
86 0 0
87 0 0
88 0 0
89 0 0
90 0 0
91 0 0
92 0 0
93 0 0
94 0 0
95 0 0
96 0 0
97 0 0
98 0 0
99 0 0
100 0 0
