*Period fertility rates for SWE in 2020 
* Mon Dec 20 14:21:54 2010
birth 1 F married 0
1 0 0
2 0 0
3 0 0
4 0 0
5 0 0
6 0 0
7 0 0
8 0 0
9 0 0
10 0 0
11 0 0
12 0 0
13 0 0
14 0 0
15 0 0.0000131974166666667
16 0 0.0000702933333333333
17 0 0.0002132975
18 0 0.000421603166666667
19 0 0.000888265166666667
20 0 0.00158437425
21 0 0.00256557675
22 0 0.00332492216666667
23 0 0.00423225108333333
24 0 0.0051897705
25 0 0.00625926275
26 0 0.00741110483333333
27 0 0.00865795341666667
28 0 0.00996265033333333
29 0 0.0109908709166667
30 0 0.0119646294166667
31 0 0.0120345658333333
32 0 0.01181900825
33 0 0.0109548795
34 0 0.00989735233333333
35 0 0.00873825816666667
36 0 0.00718626516666667
37 0 0.00587113066666667
38 0 0.00466941891666667
39 0 0.00354990191666667
40 0 0.00260090225
41 0 0.0017192785
42 0 0.00115073158333333
43 0 0.000655761666666667
44 0 0.000322869583333333
45 0 0.000145295416666667
46 0 0.0000798770833333333
47 0 0.0000281988333333333
48 0 0.00001259975
49 0 0.00000799166666666667
50 0 0
51 0 0
52 0 0
53 0 0
54 0 0
55 0 0
56 0 0
57 0 0
58 0 0
59 0 0
60 0 0
61 0 0
62 0 0
63 0 0
64 0 0
65 0 0
66 0 0
67 0 0
68 0 0
69 0 0
70 0 0
71 0 0
72 0 0
73 0 0
74 0 0
75 0 0
76 0 0
77 0 0
78 0 0
79 0 0
80 0 0
81 0 0
82 0 0
83 0 0
84 0 0
85 0 0
86 0 0
87 0 0
88 0 0
89 0 0
90 0 0
91 0 0
92 0 0
93 0 0
94 0 0
95 0 0
96 0 0
97 0 0
98 0 0
99 0 0
100 0 0

birth 1 F single 0
1 0 0
2 0 0
3 0 0
4 0 0
5 0 0
6 0 0
7 0 0
8 0 0
9 0 0
10 0 0
11 0 0
12 0 0
13 0 0
14 0 0
15 0 0.0000131974166666667
16 0 0.0000702933333333333
17 0 0.0002132975
18 0 0.000421603166666667
19 0 0.000888265166666667
20 0 0.00158437425
21 0 0.00256557675
22 0 0.00332492216666667
23 0 0.00423225108333333
24 0 0.0051897705
25 0 0.00625926275
26 0 0.00741110483333333
27 0 0.00865795341666667
28 0 0.00996265033333333
29 0 0.0109908709166667
30 0 0.0119646294166667
31 0 0.0120345658333333
32 0 0.01181900825
33 0 0.0109548795
34 0 0.00989735233333333
35 0 0.00873825816666667
36 0 0.00718626516666667
37 0 0.00587113066666667
38 0 0.00466941891666667
39 0 0.00354990191666667
40 0 0.00260090225
41 0 0.0017192785
42 0 0.00115073158333333
43 0 0.000655761666666667
44 0 0.000322869583333333
45 0 0.000145295416666667
46 0 0.0000798770833333333
47 0 0.0000281988333333333
48 0 0.00001259975
49 0 0.00000799166666666667
50 0 0
51 0 0
52 0 0
53 0 0
54 0 0
55 0 0
56 0 0
57 0 0
58 0 0
59 0 0
60 0 0
61 0 0
62 0 0
63 0 0
64 0 0
65 0 0
66 0 0
67 0 0
68 0 0
69 0 0
70 0 0
71 0 0
72 0 0
73 0 0
74 0 0
75 0 0
76 0 0
77 0 0
78 0 0
79 0 0
80 0 0
81 0 0
82 0 0
83 0 0
84 0 0
85 0 0
86 0 0
87 0 0
88 0 0
89 0 0
90 0 0
91 0 0
92 0 0
93 0 0
94 0 0
95 0 0
96 0 0
97 0 0
98 0 0
99 0 0
100 0 0
