*Period fertility rates for SWE in 1899 
* Mon Dec 20 14:21:53 2010
birth 1 F married 0
1 0 0
2 0 0
3 0 0
4 0 0
5 0 0
6 0 0
7 0 0
8 0 0
9 0 0
10 0 0
11 0 0
12 0 0
13 0 0
14 0 0.00000666666666666667
15 0 0.0000491666666666667
16 0 0.000209166666666667
17 0 0.000793333333333333
18 0 0.00185166666666667
19 0 0.00360333333333333
20 0 0.0055825
21 0 0.00777916666666667
22 0 0.00994666666666667
23 0 0.0117
24 0 0.0133616666666667
25 0 0.0143833333333333
26 0 0.0157875
27 0 0.0165125
28 0 0.016325
29 0 0.0170183333333333
30 0 0.01605
31 0 0.0166658333333333
32 0 0.0159091666666667
33 0 0.0159008333333333
34 0 0.0154566666666667
35 0 0.0153791666666667
36 0 0.0148883333333333
37 0 0.0139891666666667
38 0 0.01324
39 0 0.0122758333333333
40 0 0.0107791666666667
41 0 0.00953583333333333
42 0 0.00764666666666667
43 0 0.00606333333333333
44 0 0.00426666666666667
45 0 0.00260416666666667
46 0 0.00139083333333333
47 0 0.000674166666666667
48 0 0.000256666666666667
49 0 0.00011
50 0 0
51 0 0
52 0 0
53 0 0
54 0 0
55 0 0
56 0 0
57 0 0
58 0 0
59 0 0
60 0 0
61 0 0
62 0 0
63 0 0
64 0 0
65 0 0
66 0 0
67 0 0
68 0 0
69 0 0
70 0 0
71 0 0
72 0 0
73 0 0
74 0 0
75 0 0
76 0 0
77 0 0
78 0 0
79 0 0
80 0 0
81 0 0
82 0 0
83 0 0
84 0 0
85 0 0
86 0 0
87 0 0
88 0 0
89 0 0
90 0 0
91 0 0
92 0 0
93 0 0
94 0 0
95 0 0
96 0 0
97 0 0
98 0 0
99 0 0
100 0 0

birth 1 F single 0
1 0 0
2 0 0
3 0 0
4 0 0
5 0 0
6 0 0
7 0 0
8 0 0
9 0 0
10 0 0
11 0 0
12 0 0
13 0 0
14 0 0.00000666666666666667
15 0 0.0000491666666666667
16 0 0.000209166666666667
17 0 0.000793333333333333
18 0 0.00185166666666667
19 0 0.00360333333333333
20 0 0.0055825
21 0 0.00777916666666667
22 0 0.00994666666666667
23 0 0.0117
24 0 0.0133616666666667
25 0 0.0143833333333333
26 0 0.0157875
27 0 0.0165125
28 0 0.016325
29 0 0.0170183333333333
30 0 0.01605
31 0 0.0166658333333333
32 0 0.0159091666666667
33 0 0.0159008333333333
34 0 0.0154566666666667
35 0 0.0153791666666667
36 0 0.0148883333333333
37 0 0.0139891666666667
38 0 0.01324
39 0 0.0122758333333333
40 0 0.0107791666666667
41 0 0.00953583333333333
42 0 0.00764666666666667
43 0 0.00606333333333333
44 0 0.00426666666666667
45 0 0.00260416666666667
46 0 0.00139083333333333
47 0 0.000674166666666667
48 0 0.000256666666666667
49 0 0.00011
50 0 0
51 0 0
52 0 0
53 0 0
54 0 0
55 0 0
56 0 0
57 0 0
58 0 0
59 0 0
60 0 0
61 0 0
62 0 0
63 0 0
64 0 0
65 0 0
66 0 0
67 0 0
68 0 0
69 0 0
70 0 0
71 0 0
72 0 0
73 0 0
74 0 0
75 0 0
76 0 0
77 0 0
78 0 0
79 0 0
80 0 0
81 0 0
82 0 0
83 0 0
84 0 0
85 0 0
86 0 0
87 0 0
88 0 0
89 0 0
90 0 0
91 0 0
92 0 0
93 0 0
94 0 0
95 0 0
96 0 0
97 0 0
98 0 0
99 0 0
100 0 0
