*Period fertility rates for SWE in 2073 
* Mon Dec 20 14:21:54 2010
birth 1 F married 0
1 0 0
2 0 0
3 0 0
4 0 0
5 0 0
6 0 0
7 0 0
8 0 0
9 0 0
10 0 0
11 0 0
12 0 0
13 0 0
14 0 0
15 0 0.00000908391666666667
16 0 0.000061629
17 0 0.000199798416666667
18 0 0.00039258825
19 0 0.000794100666666667
20 0 0.00145288408333333
21 0 0.0023653435
22 0 0.00306176525
23 0 0.00389451541666667
24 0 0.00484487933333333
25 0 0.00594641241666667
26 0 0.007160288
27 0 0.00844826316666667
28 0 0.00980346408333333
29 0 0.01088250025
30 0 0.01192351175
31 0 0.0120212705
32 0 0.0118455181666667
33 0 0.0109853201666667
34 0 0.00992316483333333
35 0 0.00872711266666667
36 0 0.00712815808333333
37 0 0.00580301291666667
38 0 0.004600842
39 0 0.0034676775
40 0 0.00249982475
41 0 0.00162728441666667
42 0 0.00107008258333333
43 0 0.00060689925
44 0 0.000296467083333333
45 0 0.000126081083333333
46 0 0.0000656931666666667
47 0 0.000025
48 0 0.0000101485833333333
49 0 0.00000653333333333333
50 0 0
51 0 0
52 0 0
53 0 0
54 0 0
55 0 0
56 0 0
57 0 0
58 0 0
59 0 0
60 0 0
61 0 0
62 0 0
63 0 0
64 0 0
65 0 0
66 0 0
67 0 0
68 0 0
69 0 0
70 0 0
71 0 0
72 0 0
73 0 0
74 0 0
75 0 0
76 0 0
77 0 0
78 0 0
79 0 0
80 0 0
81 0 0
82 0 0
83 0 0
84 0 0
85 0 0
86 0 0
87 0 0
88 0 0
89 0 0
90 0 0
91 0 0
92 0 0
93 0 0
94 0 0
95 0 0
96 0 0
97 0 0
98 0 0
99 0 0
100 0 0

birth 1 F single 0
1 0 0
2 0 0
3 0 0
4 0 0
5 0 0
6 0 0
7 0 0
8 0 0
9 0 0
10 0 0
11 0 0
12 0 0
13 0 0
14 0 0
15 0 0.00000908391666666667
16 0 0.000061629
17 0 0.000199798416666667
18 0 0.00039258825
19 0 0.000794100666666667
20 0 0.00145288408333333
21 0 0.0023653435
22 0 0.00306176525
23 0 0.00389451541666667
24 0 0.00484487933333333
25 0 0.00594641241666667
26 0 0.007160288
27 0 0.00844826316666667
28 0 0.00980346408333333
29 0 0.01088250025
30 0 0.01192351175
31 0 0.0120212705
32 0 0.0118455181666667
33 0 0.0109853201666667
34 0 0.00992316483333333
35 0 0.00872711266666667
36 0 0.00712815808333333
37 0 0.00580301291666667
38 0 0.004600842
39 0 0.0034676775
40 0 0.00249982475
41 0 0.00162728441666667
42 0 0.00107008258333333
43 0 0.00060689925
44 0 0.000296467083333333
45 0 0.000126081083333333
46 0 0.0000656931666666667
47 0 0.000025
48 0 0.0000101485833333333
49 0 0.00000653333333333333
50 0 0
51 0 0
52 0 0
53 0 0
54 0 0
55 0 0
56 0 0
57 0 0
58 0 0
59 0 0
60 0 0
61 0 0
62 0 0
63 0 0
64 0 0
65 0 0
66 0 0
67 0 0
68 0 0
69 0 0
70 0 0
71 0 0
72 0 0
73 0 0
74 0 0
75 0 0
76 0 0
77 0 0
78 0 0
79 0 0
80 0 0
81 0 0
82 0 0
83 0 0
84 0 0
85 0 0
86 0 0
87 0 0
88 0 0
89 0 0
90 0 0
91 0 0
92 0 0
93 0 0
94 0 0
95 0 0
96 0 0
97 0 0
98 0 0
99 0 0
100 0 0
