*Period fertility rates for SWE in 1881 
* Mon Dec 20 14:21:54 2010
birth 1 F married 0
1 0 0
2 0 0
3 0 0
4 0 0
5 0 0
6 0 0
7 0 0
8 0 0
9 0 0
10 0 0
11 0 0
12 0 0
13 0 0
14 0 0.00000025
15 0 0.00000575
16 0 0.000026625
17 0 0.000080375
18 0 0.000196625
19 0 0.000425125
20 0 0.00076325
21 0 0.00103825
22 0 0.0013665
23 0 0.001611375
24 0 0.00195425
25 0 0.00221
26 0 0.00238075
27 0 0.002519625
28 0 0.002567
29 0 0.002669
30 0 0.00280675
31 0 0.0026725
32 0 0.00267
33 0 0.002623375
34 0 0.002483375
35 0 0.0025365
36 0 0.002451
37 0 0.002412
38 0 0.002130125
39 0 0.0020915
40 0 0.0019165
41 0 0.001591875
42 0 0.00131775
43 0 0.001061
44 0 0.0007195
45 0 0.00045025
46 0 0.00026125
47 0 0.000121625
48 0 0.000070125
49 0 0.000023
50 0 0
51 0 0
52 0 0
53 0 0
54 0 0
55 0 0
56 0 0
57 0 0
58 0 0
59 0 0
60 0 0
61 0 0
62 0 0
63 0 0
64 0 0
65 0 0
66 0 0
67 0 0
68 0 0
69 0 0
70 0 0
71 0 0
72 0 0
73 0 0
74 0 0
75 0 0
76 0 0
77 0 0
78 0 0
79 0 0
80 0 0
81 0 0
82 0 0
83 0 0
84 0 0
85 0 0
86 0 0
87 0 0
88 0 0
89 0 0
90 0 0
91 0 0
92 0 0
93 0 0
94 0 0
95 0 0
96 0 0
97 0 0
98 0 0
99 0 0
100 0 0

birth 1 F single 0
1 0 0
2 0 0
3 0 0
4 0 0
5 0 0
6 0 0
7 0 0
8 0 0
9 0 0
10 0 0
11 0 0
12 0 0
13 0 0
14 0 0.00000025
15 0 0.00000575
16 0 0.000026625
17 0 0.000080375
18 0 0.000196625
19 0 0.000425125
20 0 0.00076325
21 0 0.00103825
22 0 0.0013665
23 0 0.001611375
24 0 0.00195425
25 0 0.00221
26 0 0.00238075
27 0 0.002519625
28 0 0.002567
29 0 0.002669
30 0 0.00280675
31 0 0.0026725
32 0 0.00267
33 0 0.002623375
34 0 0.002483375
35 0 0.0025365
36 0 0.002451
37 0 0.002412
38 0 0.002130125
39 0 0.0020915
40 0 0.0019165
41 0 0.001591875
42 0 0.00131775
43 0 0.001061
44 0 0.0007195
45 0 0.00045025
46 0 0.00026125
47 0 0.000121625
48 0 0.000070125
49 0 0.000023
50 0 0
51 0 0
52 0 0
53 0 0
54 0 0
55 0 0
56 0 0
57 0 0
58 0 0
59 0 0
60 0 0
61 0 0
62 0 0
63 0 0
64 0 0
65 0 0
66 0 0
67 0 0
68 0 0
69 0 0
70 0 0
71 0 0
72 0 0
73 0 0
74 0 0
75 0 0
76 0 0
77 0 0
78 0 0
79 0 0
80 0 0
81 0 0
82 0 0
83 0 0
84 0 0
85 0 0
86 0 0
87 0 0
88 0 0
89 0 0
90 0 0
91 0 0
92 0 0
93 0 0
94 0 0
95 0 0
96 0 0
97 0 0
98 0 0
99 0 0
100 0 0
