*Period fertility rates for SWE in 1761 
* Mon Dec 20 14:21:53 2010
birth 1 F married 0
1 0 0
2 0 0
3 0 0
4 0 0
5 0 0
6 0 0
7 0 0
8 0 0
9 0 0
10 0 0
11 0 0
12 0 0
13 0 0
14 0 0.00000325
15 0 0.00007475
16 0 0.000346125
17 0 0.001044875
18 0 0.002556125
19 0 0.005526625
20 0 0.00992225
21 0 0.01349725
22 0 0.0177645
23 0 0.020947875
24 0 0.02540525
25 0 0.02873
26 0 0.03094975
27 0 0.032755125
28 0 0.033371
29 0 0.034697
30 0 0.03648775
31 0 0.0347425
32 0 0.03471
33 0 0.034103875
34 0 0.032283875
35 0 0.0329745
36 0 0.031863
37 0 0.031356
38 0 0.027691625
39 0 0.0271895
40 0 0.0249145
41 0 0.020694375
42 0 0.01713075
43 0 0.013793
44 0 0.0093535
45 0 0.00585325
46 0 0.00339625
47 0 0.001581125
48 0 0.000911625
49 0 0.000299
50 0 0
51 0 0
52 0 0
53 0 0
54 0 0
55 0 0
56 0 0
57 0 0
58 0 0
59 0 0
60 0 0
61 0 0
62 0 0
63 0 0
64 0 0
65 0 0
66 0 0
67 0 0
68 0 0
69 0 0
70 0 0
71 0 0
72 0 0
73 0 0
74 0 0
75 0 0
76 0 0
77 0 0
78 0 0
79 0 0
80 0 0
81 0 0
82 0 0
83 0 0
84 0 0
85 0 0
86 0 0
87 0 0
88 0 0
89 0 0
90 0 0
91 0 0
92 0 0
93 0 0
94 0 0
95 0 0
96 0 0
97 0 0
98 0 0
99 0 0
100 0 0

birth 1 F single 0
1 0 0
2 0 0
3 0 0
4 0 0
5 0 0
6 0 0
7 0 0
8 0 0
9 0 0
10 0 0
11 0 0
12 0 0
13 0 0
14 0 0.00000325
15 0 0.00007475
16 0 0.000346125
17 0 0.001044875
18 0 0.002556125
19 0 0.005526625
20 0 0.00992225
21 0 0.01349725
22 0 0.0177645
23 0 0.020947875
24 0 0.02540525
25 0 0.02873
26 0 0.03094975
27 0 0.032755125
28 0 0.033371
29 0 0.034697
30 0 0.03648775
31 0 0.0347425
32 0 0.03471
33 0 0.034103875
34 0 0.032283875
35 0 0.0329745
36 0 0.031863
37 0 0.031356
38 0 0.027691625
39 0 0.0271895
40 0 0.0249145
41 0 0.020694375
42 0 0.01713075
43 0 0.013793
44 0 0.0093535
45 0 0.00585325
46 0 0.00339625
47 0 0.001581125
48 0 0.000911625
49 0 0.000299
50 0 0
51 0 0
52 0 0
53 0 0
54 0 0
55 0 0
56 0 0
57 0 0
58 0 0
59 0 0
60 0 0
61 0 0
62 0 0
63 0 0
64 0 0
65 0 0
66 0 0
67 0 0
68 0 0
69 0 0
70 0 0
71 0 0
72 0 0
73 0 0
74 0 0
75 0 0
76 0 0
77 0 0
78 0 0
79 0 0
80 0 0
81 0 0
82 0 0
83 0 0
84 0 0
85 0 0
86 0 0
87 0 0
88 0 0
89 0 0
90 0 0
91 0 0
92 0 0
93 0 0
94 0 0
95 0 0
96 0 0
97 0 0
98 0 0
99 0 0
100 0 0
