*Period fertility rates for SWE in 1937 
* Mon Dec 20 14:21:53 2010
birth 1 F married 0
1 0 0
2 0 0
3 0 0
4 0 0
5 0 0
6 0 0
7 0 0
8 0 0
9 0 0
10 0 0
11 0 0
12 0 0
13 0 0
14 0 0.00000833333333333333
15 0 0.0000783333333333333
16 0 0.000333333333333333
17 0 0.00119583333333333
18 0 0.00235666666666667
19 0 0.00390333333333333
20 0 0.0051575
21 0 0.00616416666666667
22 0 0.0069175
23 0 0.00747166666666667
24 0 0.007595
25 0 0.0080525
26 0 0.00812916666666667
27 0 0.00814333333333333
28 0 0.0081275
29 0 0.0081025
30 0 0.00760583333333333
31 0 0.00721
32 0 0.00670083333333333
33 0 0.00658083333333333
34 0 0.00577416666666667
35 0 0.00531083333333333
36 0 0.00494916666666667
37 0 0.00447083333333333
38 0 0.0037675
39 0 0.00341
40 0 0.002905
41 0 0.00238666666666667
42 0 0.00177583333333333
43 0 0.00128833333333333
44 0 0.000785
45 0 0.000491666666666667
46 0 0.000238333333333333
47 0 0.000104166666666667
48 0 0.0000341666666666667
49 0 0.000015
50 0 0
51 0 0
52 0 0
53 0 0
54 0 0
55 0 0
56 0 0
57 0 0
58 0 0
59 0 0
60 0 0
61 0 0
62 0 0
63 0 0
64 0 0
65 0 0
66 0 0
67 0 0
68 0 0
69 0 0
70 0 0
71 0 0
72 0 0
73 0 0
74 0 0
75 0 0
76 0 0
77 0 0
78 0 0
79 0 0
80 0 0
81 0 0
82 0 0
83 0 0
84 0 0
85 0 0
86 0 0
87 0 0
88 0 0
89 0 0
90 0 0
91 0 0
92 0 0
93 0 0
94 0 0
95 0 0
96 0 0
97 0 0
98 0 0
99 0 0
100 0 0

birth 1 F single 0
1 0 0
2 0 0
3 0 0
4 0 0
5 0 0
6 0 0
7 0 0
8 0 0
9 0 0
10 0 0
11 0 0
12 0 0
13 0 0
14 0 0.00000833333333333333
15 0 0.0000783333333333333
16 0 0.000333333333333333
17 0 0.00119583333333333
18 0 0.00235666666666667
19 0 0.00390333333333333
20 0 0.0051575
21 0 0.00616416666666667
22 0 0.0069175
23 0 0.00747166666666667
24 0 0.007595
25 0 0.0080525
26 0 0.00812916666666667
27 0 0.00814333333333333
28 0 0.0081275
29 0 0.0081025
30 0 0.00760583333333333
31 0 0.00721
32 0 0.00670083333333333
33 0 0.00658083333333333
34 0 0.00577416666666667
35 0 0.00531083333333333
36 0 0.00494916666666667
37 0 0.00447083333333333
38 0 0.0037675
39 0 0.00341
40 0 0.002905
41 0 0.00238666666666667
42 0 0.00177583333333333
43 0 0.00128833333333333
44 0 0.000785
45 0 0.000491666666666667
46 0 0.000238333333333333
47 0 0.000104166666666667
48 0 0.0000341666666666667
49 0 0.000015
50 0 0
51 0 0
52 0 0
53 0 0
54 0 0
55 0 0
56 0 0
57 0 0
58 0 0
59 0 0
60 0 0
61 0 0
62 0 0
63 0 0
64 0 0
65 0 0
66 0 0
67 0 0
68 0 0
69 0 0
70 0 0
71 0 0
72 0 0
73 0 0
74 0 0
75 0 0
76 0 0
77 0 0
78 0 0
79 0 0
80 0 0
81 0 0
82 0 0
83 0 0
84 0 0
85 0 0
86 0 0
87 0 0
88 0 0
89 0 0
90 0 0
91 0 0
92 0 0
93 0 0
94 0 0
95 0 0
96 0 0
97 0 0
98 0 0
99 0 0
100 0 0
