*Period fertility rates for SWE in 1871 
* Mon Dec 20 14:21:54 2010
birth 1 F married 0
1 0 0
2 0 0
3 0 0
4 0 0
5 0 0
6 0 0
7 0 0
8 0 0
9 0 0
10 0 0
11 0 0
12 0 0
13 0 0
14 0 0.0000005
15 0 0.0000115
16 0 0.00005325
17 0 0.00016075
18 0 0.00039325
19 0 0.00085025
20 0 0.0015265
21 0 0.0020765
22 0 0.002733
23 0 0.00322275
24 0 0.0039085
25 0 0.00442
26 0 0.0047615
27 0 0.00503925
28 0 0.005134
29 0 0.005338
30 0 0.0056135
31 0 0.005345
32 0 0.00534
33 0 0.00524675
34 0 0.00496675
35 0 0.005073
36 0 0.004902
37 0 0.004824
38 0 0.00426025
39 0 0.004183
40 0 0.003833
41 0 0.00318375
42 0 0.0026355
43 0 0.002122
44 0 0.001439
45 0 0.0009005
46 0 0.0005225
47 0 0.00024325
48 0 0.00014025
49 0 0.000046
50 0 0
51 0 0
52 0 0
53 0 0
54 0 0
55 0 0
56 0 0
57 0 0
58 0 0
59 0 0
60 0 0
61 0 0
62 0 0
63 0 0
64 0 0
65 0 0
66 0 0
67 0 0
68 0 0
69 0 0
70 0 0
71 0 0
72 0 0
73 0 0
74 0 0
75 0 0
76 0 0
77 0 0
78 0 0
79 0 0
80 0 0
81 0 0
82 0 0
83 0 0
84 0 0
85 0 0
86 0 0
87 0 0
88 0 0
89 0 0
90 0 0
91 0 0
92 0 0
93 0 0
94 0 0
95 0 0
96 0 0
97 0 0
98 0 0
99 0 0
100 0 0

birth 1 F single 0
1 0 0
2 0 0
3 0 0
4 0 0
5 0 0
6 0 0
7 0 0
8 0 0
9 0 0
10 0 0
11 0 0
12 0 0
13 0 0
14 0 0.0000005
15 0 0.0000115
16 0 0.00005325
17 0 0.00016075
18 0 0.00039325
19 0 0.00085025
20 0 0.0015265
21 0 0.0020765
22 0 0.002733
23 0 0.00322275
24 0 0.0039085
25 0 0.00442
26 0 0.0047615
27 0 0.00503925
28 0 0.005134
29 0 0.005338
30 0 0.0056135
31 0 0.005345
32 0 0.00534
33 0 0.00524675
34 0 0.00496675
35 0 0.005073
36 0 0.004902
37 0 0.004824
38 0 0.00426025
39 0 0.004183
40 0 0.003833
41 0 0.00318375
42 0 0.0026355
43 0 0.002122
44 0 0.001439
45 0 0.0009005
46 0 0.0005225
47 0 0.00024325
48 0 0.00014025
49 0 0.000046
50 0 0
51 0 0
52 0 0
53 0 0
54 0 0
55 0 0
56 0 0
57 0 0
58 0 0
59 0 0
60 0 0
61 0 0
62 0 0
63 0 0
64 0 0
65 0 0
66 0 0
67 0 0
68 0 0
69 0 0
70 0 0
71 0 0
72 0 0
73 0 0
74 0 0
75 0 0
76 0 0
77 0 0
78 0 0
79 0 0
80 0 0
81 0 0
82 0 0
83 0 0
84 0 0
85 0 0
86 0 0
87 0 0
88 0 0
89 0 0
90 0 0
91 0 0
92 0 0
93 0 0
94 0 0
95 0 0
96 0 0
97 0 0
98 0 0
99 0 0
100 0 0
