*Period fertility rates for SWE in 1778 
* Mon Dec 20 14:21:53 2010
birth 1 F married 0
1 0 0
2 0 0
3 0 0
4 0 0
5 0 0
6 0 0
7 0 0
8 0 0
9 0 0
10 0 0
11 0 0
12 0 0
13 0 0
14 0 0.000002825
15 0 0.000064975
16 0 0.0003008625
17 0 0.0009082375
18 0 0.0022218625
19 0 0.0048039125
20 0 0.008624725
21 0 0.011732225
22 0 0.01544145
23 0 0.0182085375
24 0 0.022083025
25 0 0.024973
26 0 0.026902475
27 0 0.0284717625
28 0 0.0290071
29 0 0.0301597
30 0 0.031716275
31 0 0.03019925
32 0 0.030171
33 0 0.0296441375
34 0 0.0280621375
35 0 0.02866245
36 0 0.0276963
37 0 0.0272556
38 0 0.0240704125
39 0 0.02363395
40 0 0.02165645
41 0 0.0179881875
42 0 0.014890575
43 0 0.0119893
44 0 0.00813035
45 0 0.005087825
46 0 0.002952125
47 0 0.0013743625
48 0 0.0007924125
49 0 0.0002599
50 0 0
51 0 0
52 0 0
53 0 0
54 0 0
55 0 0
56 0 0
57 0 0
58 0 0
59 0 0
60 0 0
61 0 0
62 0 0
63 0 0
64 0 0
65 0 0
66 0 0
67 0 0
68 0 0
69 0 0
70 0 0
71 0 0
72 0 0
73 0 0
74 0 0
75 0 0
76 0 0
77 0 0
78 0 0
79 0 0
80 0 0
81 0 0
82 0 0
83 0 0
84 0 0
85 0 0
86 0 0
87 0 0
88 0 0
89 0 0
90 0 0
91 0 0
92 0 0
93 0 0
94 0 0
95 0 0
96 0 0
97 0 0
98 0 0
99 0 0
100 0 0

birth 1 F single 0
1 0 0
2 0 0
3 0 0
4 0 0
5 0 0
6 0 0
7 0 0
8 0 0
9 0 0
10 0 0
11 0 0
12 0 0
13 0 0
14 0 0.000002825
15 0 0.000064975
16 0 0.0003008625
17 0 0.0009082375
18 0 0.0022218625
19 0 0.0048039125
20 0 0.008624725
21 0 0.011732225
22 0 0.01544145
23 0 0.0182085375
24 0 0.022083025
25 0 0.024973
26 0 0.026902475
27 0 0.0284717625
28 0 0.0290071
29 0 0.0301597
30 0 0.031716275
31 0 0.03019925
32 0 0.030171
33 0 0.0296441375
34 0 0.0280621375
35 0 0.02866245
36 0 0.0276963
37 0 0.0272556
38 0 0.0240704125
39 0 0.02363395
40 0 0.02165645
41 0 0.0179881875
42 0 0.014890575
43 0 0.0119893
44 0 0.00813035
45 0 0.005087825
46 0 0.002952125
47 0 0.0013743625
48 0 0.0007924125
49 0 0.0002599
50 0 0
51 0 0
52 0 0
53 0 0
54 0 0
55 0 0
56 0 0
57 0 0
58 0 0
59 0 0
60 0 0
61 0 0
62 0 0
63 0 0
64 0 0
65 0 0
66 0 0
67 0 0
68 0 0
69 0 0
70 0 0
71 0 0
72 0 0
73 0 0
74 0 0
75 0 0
76 0 0
77 0 0
78 0 0
79 0 0
80 0 0
81 0 0
82 0 0
83 0 0
84 0 0
85 0 0
86 0 0
87 0 0
88 0 0
89 0 0
90 0 0
91 0 0
92 0 0
93 0 0
94 0 0
95 0 0
96 0 0
97 0 0
98 0 0
99 0 0
100 0 0
