*Period monthly mortality rates for SWE in 1965 
* Mon Dec 20 14:21:19 2010
death 1 M married
1 0 0.00124482075100574
2 0 0.0000819535967333529
3 0 0.0000681922368503951
4 0 0.0000602699745709812
5 0 0.0000364239626585716
6 0 0.0000535991312784478
7 0 0.0000495968602639563
8 0 0.0000463451448070584
9 0 0.0000258370045466139
10 0 0.0000485129421875508
11 0 0.000040092172754691
12 0 0.0000290046265286614
13 0 0.0000268372943009743
14 0 0.0000299215903342143
15 0 0.0000350901047763141
16 0 0.0000390917371397848
17 0 0.0000722787262569247
18 0 0.0000660239701297805
19 0 0.000108064205168068
20 0 0.0000982197084101744
21 0 0.000107229884432569
22 0 0.0000775330540162544
23 0 0.0000936315360424711
24 0 0.0000882928633471058
25 0 0.000079701595279924
26 0 0.0000908787437792213
27 0 0.0000953833563428486
28 0 0.0000889601802873674
29 0 0.000086708005247571
30 0 0.000107480179849184
31 0 0.000102974967794545
32 0 0.000116157513731618
33 0 0.000114405293028974
34 0 0.000099053946449712
35 0 0.000144698434811685
36 0 0.000145700033395535
37 0 0.000150875135242479
38 0 0.000129341971742858
39 0 0.000190282347622639
40 0 0.000205649110853745
41 0 0.000187192605688336
42 0 0.000197213772436644
43 0 0.000188445191110831
44 0 0.000234301699386097
45 0 0.00022811932716138
46 0 0.000272825680778022
47 0 0.000276001921948987
48 0 0.000311449617943271
49 0 0.000356866278592993
50 0 0.000353268919816463
51 0 0.000462675563801307
52 0 0.000459325280271039
53 0 0.000570620775776298
54 0 0.000661568567462911
55 0 0.000668368138923126
56 0 0.000712283800549551
57 0 0.000797320517359146
58 0 0.000909788657077915
59 0 0.000920900024440341
60 0 0.00103967452208076
61 0 0.00123949847876248
62 0 0.00137687917215212
63 0 0.00154624899809364
64 0 0.00169895252233987
65 0 0.00186807434510938
66 0 0.00205208645931676
67 0 0.00222801724732113
68 0 0.00248450391265376
69 0 0.00278639105838907
70 0 0.00309471878041312
71 0 0.00346372988352239
72 0 0.00375899985156825
73 0 0.00437990075707362
74 0 0.00473830366613104
75 0 0.00527849595496943
76 0 0.00572530511273706
77 0 0.00652309803282425
78 0 0.00719563674483581
79 0 0.00751921527027188
80 0 0.0086402475639219
81 0 0.0097348369284418
82 0 0.0111729901056877
83 0 0.0118923254679388
84 0 0.0138589984166529
85 0 0.0142488755667447
86 0 0.0149643811091539
87 0 0.0177699504510597
88 0 0.0207951824713656
89 0 0.0223578588758354
90 0 0.0239223962715538
91 0 0.0264590775545964
92 0 0.0336501822761835
93 0 0.0318441929198765
94 0 0.0372032848051153
95 0 0.0495391605171697
96 0 0.0545352934883616
97 0 0.053470964232871
98 0 0.0523419256208373
99 0 0.0460709135983366
100 0 0.0681731253507992

death 1 M single
1 0 0.00124482075100574
2 0 0.0000819535967333529
3 0 0.0000681922368503951
4 0 0.0000602699745709812
5 0 0.0000364239626585716
6 0 0.0000535991312784478
7 0 0.0000495968602639563
8 0 0.0000463451448070584
9 0 0.0000258370045466139
10 0 0.0000485129421875508
11 0 0.000040092172754691
12 0 0.0000290046265286614
13 0 0.0000268372943009743
14 0 0.0000299215903342143
15 0 0.0000350901047763141
16 0 0.0000390917371397848
17 0 0.0000722787262569247
18 0 0.0000660239701297805
19 0 0.000108064205168068
20 0 0.0000982197084101744
21 0 0.000107229884432569
22 0 0.0000775330540162544
23 0 0.0000936315360424711
24 0 0.0000882928633471058
25 0 0.000079701595279924
26 0 0.0000908787437792213
27 0 0.0000953833563428486
28 0 0.0000889601802873674
29 0 0.000086708005247571
30 0 0.000107480179849184
31 0 0.000102974967794545
32 0 0.000116157513731618
33 0 0.000114405293028974
34 0 0.000099053946449712
35 0 0.000144698434811685
36 0 0.000145700033395535
37 0 0.000150875135242479
38 0 0.000129341971742858
39 0 0.000190282347622639
40 0 0.000205649110853745
41 0 0.000187192605688336
42 0 0.000197213772436644
43 0 0.000188445191110831
44 0 0.000234301699386097
45 0 0.00022811932716138
46 0 0.000272825680778022
47 0 0.000276001921948987
48 0 0.000311449617943271
49 0 0.000356866278592993
50 0 0.000353268919816463
51 0 0.000462675563801307
52 0 0.000459325280271039
53 0 0.000570620775776298
54 0 0.000661568567462911
55 0 0.000668368138923126
56 0 0.000712283800549551
57 0 0.000797320517359146
58 0 0.000909788657077915
59 0 0.000920900024440341
60 0 0.00103967452208076
61 0 0.00123949847876248
62 0 0.00137687917215212
63 0 0.00154624899809364
64 0 0.00169895252233987
65 0 0.00186807434510938
66 0 0.00205208645931676
67 0 0.00222801724732113
68 0 0.00248450391265376
69 0 0.00278639105838907
70 0 0.00309471878041312
71 0 0.00346372988352239
72 0 0.00375899985156825
73 0 0.00437990075707362
74 0 0.00473830366613104
75 0 0.00527849595496943
76 0 0.00572530511273706
77 0 0.00652309803282425
78 0 0.00719563674483581
79 0 0.00751921527027188
80 0 0.0086402475639219
81 0 0.0097348369284418
82 0 0.0111729901056877
83 0 0.0118923254679388
84 0 0.0138589984166529
85 0 0.0142488755667447
86 0 0.0149643811091539
87 0 0.0177699504510597
88 0 0.0207951824713656
89 0 0.0223578588758354
90 0 0.0239223962715538
91 0 0.0264590775545964
92 0 0.0336501822761835
93 0 0.0318441929198765
94 0 0.0372032848051153
95 0 0.0495391605171697
96 0 0.0545352934883616
97 0 0.053470964232871
98 0 0.0523419256208373
99 0 0.0460709135983366
100 0 0.0681731253507992

death 1 M divorced
1 0 0.00124482075100574
2 0 0.0000819535967333529
3 0 0.0000681922368503951
4 0 0.0000602699745709812
5 0 0.0000364239626585716
6 0 0.0000535991312784478
7 0 0.0000495968602639563
8 0 0.0000463451448070584
9 0 0.0000258370045466139
10 0 0.0000485129421875508
11 0 0.000040092172754691
12 0 0.0000290046265286614
13 0 0.0000268372943009743
14 0 0.0000299215903342143
15 0 0.0000350901047763141
16 0 0.0000390917371397848
17 0 0.0000722787262569247
18 0 0.0000660239701297805
19 0 0.000108064205168068
20 0 0.0000982197084101744
21 0 0.000107229884432569
22 0 0.0000775330540162544
23 0 0.0000936315360424711
24 0 0.0000882928633471058
25 0 0.000079701595279924
26 0 0.0000908787437792213
27 0 0.0000953833563428486
28 0 0.0000889601802873674
29 0 0.000086708005247571
30 0 0.000107480179849184
31 0 0.000102974967794545
32 0 0.000116157513731618
33 0 0.000114405293028974
34 0 0.000099053946449712
35 0 0.000144698434811685
36 0 0.000145700033395535
37 0 0.000150875135242479
38 0 0.000129341971742858
39 0 0.000190282347622639
40 0 0.000205649110853745
41 0 0.000187192605688336
42 0 0.000197213772436644
43 0 0.000188445191110831
44 0 0.000234301699386097
45 0 0.00022811932716138
46 0 0.000272825680778022
47 0 0.000276001921948987
48 0 0.000311449617943271
49 0 0.000356866278592993
50 0 0.000353268919816463
51 0 0.000462675563801307
52 0 0.000459325280271039
53 0 0.000570620775776298
54 0 0.000661568567462911
55 0 0.000668368138923126
56 0 0.000712283800549551
57 0 0.000797320517359146
58 0 0.000909788657077915
59 0 0.000920900024440341
60 0 0.00103967452208076
61 0 0.00123949847876248
62 0 0.00137687917215212
63 0 0.00154624899809364
64 0 0.00169895252233987
65 0 0.00186807434510938
66 0 0.00205208645931676
67 0 0.00222801724732113
68 0 0.00248450391265376
69 0 0.00278639105838907
70 0 0.00309471878041312
71 0 0.00346372988352239
72 0 0.00375899985156825
73 0 0.00437990075707362
74 0 0.00473830366613104
75 0 0.00527849595496943
76 0 0.00572530511273706
77 0 0.00652309803282425
78 0 0.00719563674483581
79 0 0.00751921527027188
80 0 0.0086402475639219
81 0 0.0097348369284418
82 0 0.0111729901056877
83 0 0.0118923254679388
84 0 0.0138589984166529
85 0 0.0142488755667447
86 0 0.0149643811091539
87 0 0.0177699504510597
88 0 0.0207951824713656
89 0 0.0223578588758354
90 0 0.0239223962715538
91 0 0.0264590775545964
92 0 0.0336501822761835
93 0 0.0318441929198765
94 0 0.0372032848051153
95 0 0.0495391605171697
96 0 0.0545352934883616
97 0 0.053470964232871
98 0 0.0523419256208373
99 0 0.0460709135983366
100 0 0.0681731253507992

death 1 M widowed
1 0 0.00124482075100574
2 0 0.0000819535967333529
3 0 0.0000681922368503951
4 0 0.0000602699745709812
5 0 0.0000364239626585716
6 0 0.0000535991312784478
7 0 0.0000495968602639563
8 0 0.0000463451448070584
9 0 0.0000258370045466139
10 0 0.0000485129421875508
11 0 0.000040092172754691
12 0 0.0000290046265286614
13 0 0.0000268372943009743
14 0 0.0000299215903342143
15 0 0.0000350901047763141
16 0 0.0000390917371397848
17 0 0.0000722787262569247
18 0 0.0000660239701297805
19 0 0.000108064205168068
20 0 0.0000982197084101744
21 0 0.000107229884432569
22 0 0.0000775330540162544
23 0 0.0000936315360424711
24 0 0.0000882928633471058
25 0 0.000079701595279924
26 0 0.0000908787437792213
27 0 0.0000953833563428486
28 0 0.0000889601802873674
29 0 0.000086708005247571
30 0 0.000107480179849184
31 0 0.000102974967794545
32 0 0.000116157513731618
33 0 0.000114405293028974
34 0 0.000099053946449712
35 0 0.000144698434811685
36 0 0.000145700033395535
37 0 0.000150875135242479
38 0 0.000129341971742858
39 0 0.000190282347622639
40 0 0.000205649110853745
41 0 0.000187192605688336
42 0 0.000197213772436644
43 0 0.000188445191110831
44 0 0.000234301699386097
45 0 0.00022811932716138
46 0 0.000272825680778022
47 0 0.000276001921948987
48 0 0.000311449617943271
49 0 0.000356866278592993
50 0 0.000353268919816463
51 0 0.000462675563801307
52 0 0.000459325280271039
53 0 0.000570620775776298
54 0 0.000661568567462911
55 0 0.000668368138923126
56 0 0.000712283800549551
57 0 0.000797320517359146
58 0 0.000909788657077915
59 0 0.000920900024440341
60 0 0.00103967452208076
61 0 0.00123949847876248
62 0 0.00137687917215212
63 0 0.00154624899809364
64 0 0.00169895252233987
65 0 0.00186807434510938
66 0 0.00205208645931676
67 0 0.00222801724732113
68 0 0.00248450391265376
69 0 0.00278639105838907
70 0 0.00309471878041312
71 0 0.00346372988352239
72 0 0.00375899985156825
73 0 0.00437990075707362
74 0 0.00473830366613104
75 0 0.00527849595496943
76 0 0.00572530511273706
77 0 0.00652309803282425
78 0 0.00719563674483581
79 0 0.00751921527027188
80 0 0.0086402475639219
81 0 0.0097348369284418
82 0 0.0111729901056877
83 0 0.0118923254679388
84 0 0.0138589984166529
85 0 0.0142488755667447
86 0 0.0149643811091539
87 0 0.0177699504510597
88 0 0.0207951824713656
89 0 0.0223578588758354
90 0 0.0239223962715538
91 0 0.0264590775545964
92 0 0.0336501822761835
93 0 0.0318441929198765
94 0 0.0372032848051153
95 0 0.0495391605171697
96 0 0.0545352934883616
97 0 0.053470964232871
98 0 0.0523419256208373
99 0 0.0460709135983366
100 0 0.0681731253507992

death 1 F married
1 0 0.00100832318367783
2 0 0.0000718617291255441
3 0 0.0000392584756443437
4 0 0.0000390083680021913
5 0 0.0000282543902946353
6 0 0.0000400088026996093
7 0 0.0000181684820722561
8 0 0.0000422598210251257
9 0 0.0000160847562136190
10 0 0.0000160847562136190
11 0 0.0000162514525247071
12 0 0.0000145011565035880
13 0 0.0000284211089226494
14 0 0.0000205856639059476
15 0 0.000024753369733177
16 0 0.0000309219250346215
17 0 0.0000334228099454492
18 0 0.0000309219250346215
19 0 0.0000419263333114595
20 0 0.0000436771574566786
21 0 0.0000307552018201651
22 0 0.0000315888209503346
23 0 0.0000367574301872731
24 0 0.0000345065481069939
25 0 0.0000510143110959982
26 0 0.0000482628090823223
27 0 0.0000312553723809117
28 0 0.0000396753232437819
29 0 0.0000445108950922757
30 0 0.0000477625449364361
31 0 0.0000527653102858627
32 0 0.0000551000283389724
33 0 0.0000673582819911145
34 0 0.0000895440866287567
35 0 0.0000548498771080208
36 0 0.0000927973477653499
37 0 0.0000862075294830733
38 0 0.0000725289254539518
39 0 0.0000963009899740408
40 0 0.000130259948255773
41 0 0.000131595203369583
42 0 0.000143529917079555
43 0 0.00014227795046462
44 0 0.000156885300719001
45 0 0.000180512441619984
46 0 0.000172663876141788
47 0 0.000225529539453095
48 0 0.000232630746503593
49 0 0.000241821367542916
50 0 0.000259536822839412
51 0 0.000273828692313627
52 0 0.000340553816080003
53 0 0.000341222987715550
54 0 0.000405235300503626
55 0 0.000384729716802701
56 0 0.000435793019707198
57 0 0.000506072896956478
58 0 0.000533479186722641
59 0 0.000617257901261326
60 0 0.000567937353078252
61 0 0.000690785145445738
62 0 0.000767313298489336
63 0 0.000915680879568281
64 0 0.000929234442118565
65 0 0.00109490279521529
66 0 0.00124068117896681
67 0 0.00133458604402181
68 0 0.00156142301641116
69 0 0.00185795216464157
70 0 0.00186909513186595
71 0 0.00216595032360611
72 0 0.00246318078635455
73 0 0.00271483898935743
74 0 0.00323632219618186
75 0 0.00375205147160529
76 0 0.00411782569834573
77 0 0.00467449350755611
78 0 0.00515615507131417
79 0 0.00605647711987489
80 0 0.00697036006244967
81 0 0.00726098200351433
82 0 0.0082805720420156
83 0 0.0099176546378562
84 0 0.0119532759466801
85 0 0.0117381846610282
86 0 0.0150473425352368
87 0 0.0155291102173922
88 0 0.0176870620334465
89 0 0.0195029615483711
90 0 0.0196597873416715
91 0 0.0238173910072945
92 0 0.0244518114303813
93 0 0.0271211150027230
94 0 0.0275401239341250
95 0 0.0299916543788021
96 0 0.0383216947069157
97 0 0.0365647420575304
98 0 0.0563192423928354
99 0 0.0585000151816395
100 0 0.0516190646072224

death 1 F single
1 0 0.00100832318367783
2 0 0.0000718617291255441
3 0 0.0000392584756443437
4 0 0.0000390083680021913
5 0 0.0000282543902946353
6 0 0.0000400088026996093
7 0 0.0000181684820722561
8 0 0.0000422598210251257
9 0 0.0000160847562136190
10 0 0.0000160847562136190
11 0 0.0000162514525247071
12 0 0.0000145011565035880
13 0 0.0000284211089226494
14 0 0.0000205856639059476
15 0 0.000024753369733177
16 0 0.0000309219250346215
17 0 0.0000334228099454492
18 0 0.0000309219250346215
19 0 0.0000419263333114595
20 0 0.0000436771574566786
21 0 0.0000307552018201651
22 0 0.0000315888209503346
23 0 0.0000367574301872731
24 0 0.0000345065481069939
25 0 0.0000510143110959982
26 0 0.0000482628090823223
27 0 0.0000312553723809117
28 0 0.0000396753232437819
29 0 0.0000445108950922757
30 0 0.0000477625449364361
31 0 0.0000527653102858627
32 0 0.0000551000283389724
33 0 0.0000673582819911145
34 0 0.0000895440866287567
35 0 0.0000548498771080208
36 0 0.0000927973477653499
37 0 0.0000862075294830733
38 0 0.0000725289254539518
39 0 0.0000963009899740408
40 0 0.000130259948255773
41 0 0.000131595203369583
42 0 0.000143529917079555
43 0 0.00014227795046462
44 0 0.000156885300719001
45 0 0.000180512441619984
46 0 0.000172663876141788
47 0 0.000225529539453095
48 0 0.000232630746503593
49 0 0.000241821367542916
50 0 0.000259536822839412
51 0 0.000273828692313627
52 0 0.000340553816080003
53 0 0.000341222987715550
54 0 0.000405235300503626
55 0 0.000384729716802701
56 0 0.000435793019707198
57 0 0.000506072896956478
58 0 0.000533479186722641
59 0 0.000617257901261326
60 0 0.000567937353078252
61 0 0.000690785145445738
62 0 0.000767313298489336
63 0 0.000915680879568281
64 0 0.000929234442118565
65 0 0.00109490279521529
66 0 0.00124068117896681
67 0 0.00133458604402181
68 0 0.00156142301641116
69 0 0.00185795216464157
70 0 0.00186909513186595
71 0 0.00216595032360611
72 0 0.00246318078635455
73 0 0.00271483898935743
74 0 0.00323632219618186
75 0 0.00375205147160529
76 0 0.00411782569834573
77 0 0.00467449350755611
78 0 0.00515615507131417
79 0 0.00605647711987489
80 0 0.00697036006244967
81 0 0.00726098200351433
82 0 0.0082805720420156
83 0 0.0099176546378562
84 0 0.0119532759466801
85 0 0.0117381846610282
86 0 0.0150473425352368
87 0 0.0155291102173922
88 0 0.0176870620334465
89 0 0.0195029615483711
90 0 0.0196597873416715
91 0 0.0238173910072945
92 0 0.0244518114303813
93 0 0.0271211150027230
94 0 0.0275401239341250
95 0 0.0299916543788021
96 0 0.0383216947069157
97 0 0.0365647420575304
98 0 0.0563192423928354
99 0 0.0585000151816395
100 0 0.0516190646072224

death 1 F divorced
1 0 0.00100832318367783
2 0 0.0000718617291255441
3 0 0.0000392584756443437
4 0 0.0000390083680021913
5 0 0.0000282543902946353
6 0 0.0000400088026996093
7 0 0.0000181684820722561
8 0 0.0000422598210251257
9 0 0.0000160847562136190
10 0 0.0000160847562136190
11 0 0.0000162514525247071
12 0 0.0000145011565035880
13 0 0.0000284211089226494
14 0 0.0000205856639059476
15 0 0.000024753369733177
16 0 0.0000309219250346215
17 0 0.0000334228099454492
18 0 0.0000309219250346215
19 0 0.0000419263333114595
20 0 0.0000436771574566786
21 0 0.0000307552018201651
22 0 0.0000315888209503346
23 0 0.0000367574301872731
24 0 0.0000345065481069939
25 0 0.0000510143110959982
26 0 0.0000482628090823223
27 0 0.0000312553723809117
28 0 0.0000396753232437819
29 0 0.0000445108950922757
30 0 0.0000477625449364361
31 0 0.0000527653102858627
32 0 0.0000551000283389724
33 0 0.0000673582819911145
34 0 0.0000895440866287567
35 0 0.0000548498771080208
36 0 0.0000927973477653499
37 0 0.0000862075294830733
38 0 0.0000725289254539518
39 0 0.0000963009899740408
40 0 0.000130259948255773
41 0 0.000131595203369583
42 0 0.000143529917079555
43 0 0.00014227795046462
44 0 0.000156885300719001
45 0 0.000180512441619984
46 0 0.000172663876141788
47 0 0.000225529539453095
48 0 0.000232630746503593
49 0 0.000241821367542916
50 0 0.000259536822839412
51 0 0.000273828692313627
52 0 0.000340553816080003
53 0 0.000341222987715550
54 0 0.000405235300503626
55 0 0.000384729716802701
56 0 0.000435793019707198
57 0 0.000506072896956478
58 0 0.000533479186722641
59 0 0.000617257901261326
60 0 0.000567937353078252
61 0 0.000690785145445738
62 0 0.000767313298489336
63 0 0.000915680879568281
64 0 0.000929234442118565
65 0 0.00109490279521529
66 0 0.00124068117896681
67 0 0.00133458604402181
68 0 0.00156142301641116
69 0 0.00185795216464157
70 0 0.00186909513186595
71 0 0.00216595032360611
72 0 0.00246318078635455
73 0 0.00271483898935743
74 0 0.00323632219618186
75 0 0.00375205147160529
76 0 0.00411782569834573
77 0 0.00467449350755611
78 0 0.00515615507131417
79 0 0.00605647711987489
80 0 0.00697036006244967
81 0 0.00726098200351433
82 0 0.0082805720420156
83 0 0.0099176546378562
84 0 0.0119532759466801
85 0 0.0117381846610282
86 0 0.0150473425352368
87 0 0.0155291102173922
88 0 0.0176870620334465
89 0 0.0195029615483711
90 0 0.0196597873416715
91 0 0.0238173910072945
92 0 0.0244518114303813
93 0 0.0271211150027230
94 0 0.0275401239341250
95 0 0.0299916543788021
96 0 0.0383216947069157
97 0 0.0365647420575304
98 0 0.0563192423928354
99 0 0.0585000151816395
100 0 0.0516190646072224

death 1 F widowed
1 0 0.00100832318367783
2 0 0.0000718617291255441
3 0 0.0000392584756443437
4 0 0.0000390083680021913
5 0 0.0000282543902946353
6 0 0.0000400088026996093
7 0 0.0000181684820722561
8 0 0.0000422598210251257
9 0 0.0000160847562136190
10 0 0.0000160847562136190
11 0 0.0000162514525247071
12 0 0.0000145011565035880
13 0 0.0000284211089226494
14 0 0.0000205856639059476
15 0 0.000024753369733177
16 0 0.0000309219250346215
17 0 0.0000334228099454492
18 0 0.0000309219250346215
19 0 0.0000419263333114595
20 0 0.0000436771574566786
21 0 0.0000307552018201651
22 0 0.0000315888209503346
23 0 0.0000367574301872731
24 0 0.0000345065481069939
25 0 0.0000510143110959982
26 0 0.0000482628090823223
27 0 0.0000312553723809117
28 0 0.0000396753232437819
29 0 0.0000445108950922757
30 0 0.0000477625449364361
31 0 0.0000527653102858627
32 0 0.0000551000283389724
33 0 0.0000673582819911145
34 0 0.0000895440866287567
35 0 0.0000548498771080208
36 0 0.0000927973477653499
37 0 0.0000862075294830733
38 0 0.0000725289254539518
39 0 0.0000963009899740408
40 0 0.000130259948255773
41 0 0.000131595203369583
42 0 0.000143529917079555
43 0 0.00014227795046462
44 0 0.000156885300719001
45 0 0.000180512441619984
46 0 0.000172663876141788
47 0 0.000225529539453095
48 0 0.000232630746503593
49 0 0.000241821367542916
50 0 0.000259536822839412
51 0 0.000273828692313627
52 0 0.000340553816080003
53 0 0.000341222987715550
54 0 0.000405235300503626
55 0 0.000384729716802701
56 0 0.000435793019707198
57 0 0.000506072896956478
58 0 0.000533479186722641
59 0 0.000617257901261326
60 0 0.000567937353078252
61 0 0.000690785145445738
62 0 0.000767313298489336
63 0 0.000915680879568281
64 0 0.000929234442118565
65 0 0.00109490279521529
66 0 0.00124068117896681
67 0 0.00133458604402181
68 0 0.00156142301641116
69 0 0.00185795216464157
70 0 0.00186909513186595
71 0 0.00216595032360611
72 0 0.00246318078635455
73 0 0.00271483898935743
74 0 0.00323632219618186
75 0 0.00375205147160529
76 0 0.00411782569834573
77 0 0.00467449350755611
78 0 0.00515615507131417
79 0 0.00605647711987489
80 0 0.00697036006244967
81 0 0.00726098200351433
82 0 0.0082805720420156
83 0 0.0099176546378562
84 0 0.0119532759466801
85 0 0.0117381846610282
86 0 0.0150473425352368
87 0 0.0155291102173922
88 0 0.0176870620334465
89 0 0.0195029615483711
90 0 0.0196597873416715
91 0 0.0238173910072945
92 0 0.0244518114303813
93 0 0.0271211150027230
94 0 0.0275401239341250
95 0 0.0299916543788021
96 0 0.0383216947069157
97 0 0.0365647420575304
98 0 0.0563192423928354
99 0 0.0585000151816395
100 0 0.0516190646072224
