*Period monthly mortality rates for SWE in 2015 
* Mon Dec 20 14:21:52 2010
death 1 M married
1 0 0.000324746069302662
2 0 0.0000333394460065861
3 0 0.0000108339788730261
4 0 0.00000750030939278279
5 0 0.00000666691112360951
6 0 0.00000583352049443597
7 0 0.00000583352049443597
8 0 0.00000500013750526218
9 0 0.00000500013750526218
10 0 0.00000500013750526218
11 0 0.00000583352049443597
12 0 0.00000583352049443597
13 0 0.00000583352049443597
14 0 0.00000833371530217786
15 0 0.00000916712885190574
16 0 0.000012500859457365
17 0 0.0000175016846010179
18 0 0.0000225027848553827
19 0 0.0000283377495704507
20 0 0.0000391751063537615
21 0 0.0000450111413439203
22 0 0.0000483461867075707
23 0 0.0000500137552731372
24 0 0.0000483461867075707
25 0 0.0000475124138960004
26 0 0.0000475124138960004
27 0 0.0000466786487315352
28 0 0.0000441773991204375
29 0 0.0000433436645435048
30 0 0.0000433436645435048
31 0 0.0000441773991204375
32 0 0.0000416762183291786
33 0 0.0000433436645435048
34 0 0.0000458448912142861
35 0 0.0000466786487315352
36 0 0.0000508475510273554
37 0 0.0000541828105240505
38 0 0.000055850486162301
39 0 0.000061687591838111
40 0 0.0000666911236122392
41 0 0.000070860943814588
42 0 0.0000775330540162544
43 0 0.000086708005247571
44 0 0.000097552323490957
45 0 0.000104226393189744
46 0 0.000115907194420450
47 0 0.000127589496870306
48 0 0.000138438693701781
49 0 0.000155967055273654
50 0 0.000170159157473537
51 0 0.00018602354153463
52 0 0.000211078208056104
53 0 0.000231962373952066
54 0 0.000265387024029895
55 0 0.000285447716062204
56 0 0.000312202195326683
57 0 0.000346492886541427
58 0 0.000388328321214826
59 0 0.000410927466635069
60 0 0.000462005497213092
61 0 0.000495514881089343
62 0 0.00054915561294655
63 0 0.000611217211779147
64 0 0.00067080267712083
65 0 0.000764876172548612
66 0 0.000845588209988923
67 0 0.000928897683143304
68 0 0.00104009598476007
69 0 0.00113961591969747
70 0 0.00126459192265271
71 0 0.00141089714163700
72 0 0.00155150451617481
73 0 0.00173818789757485
74 0 0.00194143009199566
75 0 0.00217585086463890
76 0 0.00245967023019611
77 0 0.00270316237955459
78 0 0.00310756699977621
79 0 0.003518115560881
80 0 0.00393227366576498
81 0 0.00446556049364999
82 0 0.00512361167377617
83 0 0.00590025532444294
84 0 0.00666838127600478
85 0 0.00773760786903077
86 0 0.00886468443033173
87 0 0.0101970566225985
88 0 0.0115816554868197
89 0 0.0133833018061332
90 0 0.0152100439911279
91 0 0.017353244595946
92 0 0.0201308852567408
93 0 0.0232803973489570
94 0 0.0259239120274054
95 0 0.0295157974438112
96 0 0.0323054391050096
97 0 0.0376172664942371
98 0 0.0420409326591800
99 0 0.0460285026307269
100 0 0.0515611625926009

death 1 M single
1 0 0.000324746069302662
2 0 0.0000333394460065861
3 0 0.0000108339788730261
4 0 0.00000750030939278279
5 0 0.00000666691112360951
6 0 0.00000583352049443597
7 0 0.00000583352049443597
8 0 0.00000500013750526218
9 0 0.00000500013750526218
10 0 0.00000500013750526218
11 0 0.00000583352049443597
12 0 0.00000583352049443597
13 0 0.00000583352049443597
14 0 0.00000833371530217786
15 0 0.00000916712885190574
16 0 0.000012500859457365
17 0 0.0000175016846010179
18 0 0.0000225027848553827
19 0 0.0000283377495704507
20 0 0.0000391751063537615
21 0 0.0000450111413439203
22 0 0.0000483461867075707
23 0 0.0000500137552731372
24 0 0.0000483461867075707
25 0 0.0000475124138960004
26 0 0.0000475124138960004
27 0 0.0000466786487315352
28 0 0.0000441773991204375
29 0 0.0000433436645435048
30 0 0.0000433436645435048
31 0 0.0000441773991204375
32 0 0.0000416762183291786
33 0 0.0000433436645435048
34 0 0.0000458448912142861
35 0 0.0000466786487315352
36 0 0.0000508475510273554
37 0 0.0000541828105240505
38 0 0.000055850486162301
39 0 0.000061687591838111
40 0 0.0000666911236122392
41 0 0.000070860943814588
42 0 0.0000775330540162544
43 0 0.000086708005247571
44 0 0.000097552323490957
45 0 0.000104226393189744
46 0 0.000115907194420450
47 0 0.000127589496870306
48 0 0.000138438693701781
49 0 0.000155967055273654
50 0 0.000170159157473537
51 0 0.00018602354153463
52 0 0.000211078208056104
53 0 0.000231962373952066
54 0 0.000265387024029895
55 0 0.000285447716062204
56 0 0.000312202195326683
57 0 0.000346492886541427
58 0 0.000388328321214826
59 0 0.000410927466635069
60 0 0.000462005497213092
61 0 0.000495514881089343
62 0 0.00054915561294655
63 0 0.000611217211779147
64 0 0.00067080267712083
65 0 0.000764876172548612
66 0 0.000845588209988923
67 0 0.000928897683143304
68 0 0.00104009598476007
69 0 0.00113961591969747
70 0 0.00126459192265271
71 0 0.00141089714163700
72 0 0.00155150451617481
73 0 0.00173818789757485
74 0 0.00194143009199566
75 0 0.00217585086463890
76 0 0.00245967023019611
77 0 0.00270316237955459
78 0 0.00310756699977621
79 0 0.003518115560881
80 0 0.00393227366576498
81 0 0.00446556049364999
82 0 0.00512361167377617
83 0 0.00590025532444294
84 0 0.00666838127600478
85 0 0.00773760786903077
86 0 0.00886468443033173
87 0 0.0101970566225985
88 0 0.0115816554868197
89 0 0.0133833018061332
90 0 0.0152100439911279
91 0 0.017353244595946
92 0 0.0201308852567408
93 0 0.0232803973489570
94 0 0.0259239120274054
95 0 0.0295157974438112
96 0 0.0323054391050096
97 0 0.0376172664942371
98 0 0.0420409326591800
99 0 0.0460285026307269
100 0 0.0515611625926009

death 1 M divorced
1 0 0.000324746069302662
2 0 0.0000333394460065861
3 0 0.0000108339788730261
4 0 0.00000750030939278279
5 0 0.00000666691112360951
6 0 0.00000583352049443597
7 0 0.00000583352049443597
8 0 0.00000500013750526218
9 0 0.00000500013750526218
10 0 0.00000500013750526218
11 0 0.00000583352049443597
12 0 0.00000583352049443597
13 0 0.00000583352049443597
14 0 0.00000833371530217786
15 0 0.00000916712885190574
16 0 0.000012500859457365
17 0 0.0000175016846010179
18 0 0.0000225027848553827
19 0 0.0000283377495704507
20 0 0.0000391751063537615
21 0 0.0000450111413439203
22 0 0.0000483461867075707
23 0 0.0000500137552731372
24 0 0.0000483461867075707
25 0 0.0000475124138960004
26 0 0.0000475124138960004
27 0 0.0000466786487315352
28 0 0.0000441773991204375
29 0 0.0000433436645435048
30 0 0.0000433436645435048
31 0 0.0000441773991204375
32 0 0.0000416762183291786
33 0 0.0000433436645435048
34 0 0.0000458448912142861
35 0 0.0000466786487315352
36 0 0.0000508475510273554
37 0 0.0000541828105240505
38 0 0.000055850486162301
39 0 0.000061687591838111
40 0 0.0000666911236122392
41 0 0.000070860943814588
42 0 0.0000775330540162544
43 0 0.000086708005247571
44 0 0.000097552323490957
45 0 0.000104226393189744
46 0 0.000115907194420450
47 0 0.000127589496870306
48 0 0.000138438693701781
49 0 0.000155967055273654
50 0 0.000170159157473537
51 0 0.00018602354153463
52 0 0.000211078208056104
53 0 0.000231962373952066
54 0 0.000265387024029895
55 0 0.000285447716062204
56 0 0.000312202195326683
57 0 0.000346492886541427
58 0 0.000388328321214826
59 0 0.000410927466635069
60 0 0.000462005497213092
61 0 0.000495514881089343
62 0 0.00054915561294655
63 0 0.000611217211779147
64 0 0.00067080267712083
65 0 0.000764876172548612
66 0 0.000845588209988923
67 0 0.000928897683143304
68 0 0.00104009598476007
69 0 0.00113961591969747
70 0 0.00126459192265271
71 0 0.00141089714163700
72 0 0.00155150451617481
73 0 0.00173818789757485
74 0 0.00194143009199566
75 0 0.00217585086463890
76 0 0.00245967023019611
77 0 0.00270316237955459
78 0 0.00310756699977621
79 0 0.003518115560881
80 0 0.00393227366576498
81 0 0.00446556049364999
82 0 0.00512361167377617
83 0 0.00590025532444294
84 0 0.00666838127600478
85 0 0.00773760786903077
86 0 0.00886468443033173
87 0 0.0101970566225985
88 0 0.0115816554868197
89 0 0.0133833018061332
90 0 0.0152100439911279
91 0 0.017353244595946
92 0 0.0201308852567408
93 0 0.0232803973489570
94 0 0.0259239120274054
95 0 0.0295157974438112
96 0 0.0323054391050096
97 0 0.0376172664942371
98 0 0.0420409326591800
99 0 0.0460285026307269
100 0 0.0515611625926009

death 1 M widowed
1 0 0.000324746069302662
2 0 0.0000333394460065861
3 0 0.0000108339788730261
4 0 0.00000750030939278279
5 0 0.00000666691112360951
6 0 0.00000583352049443597
7 0 0.00000583352049443597
8 0 0.00000500013750526218
9 0 0.00000500013750526218
10 0 0.00000500013750526218
11 0 0.00000583352049443597
12 0 0.00000583352049443597
13 0 0.00000583352049443597
14 0 0.00000833371530217786
15 0 0.00000916712885190574
16 0 0.000012500859457365
17 0 0.0000175016846010179
18 0 0.0000225027848553827
19 0 0.0000283377495704507
20 0 0.0000391751063537615
21 0 0.0000450111413439203
22 0 0.0000483461867075707
23 0 0.0000500137552731372
24 0 0.0000483461867075707
25 0 0.0000475124138960004
26 0 0.0000475124138960004
27 0 0.0000466786487315352
28 0 0.0000441773991204375
29 0 0.0000433436645435048
30 0 0.0000433436645435048
31 0 0.0000441773991204375
32 0 0.0000416762183291786
33 0 0.0000433436645435048
34 0 0.0000458448912142861
35 0 0.0000466786487315352
36 0 0.0000508475510273554
37 0 0.0000541828105240505
38 0 0.000055850486162301
39 0 0.000061687591838111
40 0 0.0000666911236122392
41 0 0.000070860943814588
42 0 0.0000775330540162544
43 0 0.000086708005247571
44 0 0.000097552323490957
45 0 0.000104226393189744
46 0 0.000115907194420450
47 0 0.000127589496870306
48 0 0.000138438693701781
49 0 0.000155967055273654
50 0 0.000170159157473537
51 0 0.00018602354153463
52 0 0.000211078208056104
53 0 0.000231962373952066
54 0 0.000265387024029895
55 0 0.000285447716062204
56 0 0.000312202195326683
57 0 0.000346492886541427
58 0 0.000388328321214826
59 0 0.000410927466635069
60 0 0.000462005497213092
61 0 0.000495514881089343
62 0 0.00054915561294655
63 0 0.000611217211779147
64 0 0.00067080267712083
65 0 0.000764876172548612
66 0 0.000845588209988923
67 0 0.000928897683143304
68 0 0.00104009598476007
69 0 0.00113961591969747
70 0 0.00126459192265271
71 0 0.00141089714163700
72 0 0.00155150451617481
73 0 0.00173818789757485
74 0 0.00194143009199566
75 0 0.00217585086463890
76 0 0.00245967023019611
77 0 0.00270316237955459
78 0 0.00310756699977621
79 0 0.003518115560881
80 0 0.00393227366576498
81 0 0.00446556049364999
82 0 0.00512361167377617
83 0 0.00590025532444294
84 0 0.00666838127600478
85 0 0.00773760786903077
86 0 0.00886468443033173
87 0 0.0101970566225985
88 0 0.0115816554868197
89 0 0.0133833018061332
90 0 0.0152100439911279
91 0 0.017353244595946
92 0 0.0201308852567408
93 0 0.0232803973489570
94 0 0.0259239120274054
95 0 0.0295157974438112
96 0 0.0323054391050096
97 0 0.0376172664942371
98 0 0.0420409326591800
99 0 0.0460285026307269
100 0 0.0515611625926009

death 1 F married
1 0 0.000321400866947319
2 0 0.0000350067393084519
3 0 0.0000108339788730261
4 0 0.00000750030939278279
5 0 0.00000583352049443597
6 0 0.00000583352049443597
7 0 0.00000583352049443597
8 0 0.00000416676215586609
9 0 0.00000416676215586609
10 0 0.00000500013750526218
11 0 0.00000500013750526218
12 0 0.00000500013750526218
13 0 0.00000500013750526218
14 0 0.00000500013750526218
15 0 0.00000750030939278279
16 0 0.0000108339788730261
17 0 0.0000116674153447516
18 0 0.0000133343112110884
19 0 0.0000141677706060328
20 0 0.0000166681946396352
21 0 0.0000191686874497776
22 0 0.0000191686874497776
23 0 0.0000183351822042876
24 0 0.0000183351822042876
25 0 0.0000158347123201397
26 0 0.0000158347123201397
27 0 0.0000183351822042876
28 0 0.0000175016846010179
29 0 0.0000175016846010179
30 0 0.0000183351822042876
31 0 0.0000200022003373768
32 0 0.0000216692490401238
33 0 0.0000216692490401238
34 0 0.0000233363283135279
35 0 0.0000241698794146705
36 0 0.0000283377495704507
37 0 0.0000325058108229248
38 0 0.0000341730888351321
39 0 0.0000366740631904117
40 0 0.0000383414176537977
41 0 0.0000400088026996093
42 0 0.0000433436645435048
43 0 0.0000525151654794387
44 0 0.000055850486162301
45 0 0.000064189323299324
46 0 0.0000741969376999441
47 0 0.0000817033715945215
48 0 0.0000908787437792213
49 0 0.000106729295667018
50 0 0.000120913711624038
51 0 0.000136769502209200
52 0 0.000152628059122195
53 0 0.000162645415570539
54 0 0.000176838560643211
55 0 0.000196044579382604
56 0 0.000219431298580264
57 0 0.000247837550048202
58 0 0.000271237601818131
59 0 0.000299660052488715
60 0 0.000321400866947319
61 0 0.00036573479451496
62 0 0.000403393793679041
63 0 0.000426833938695692
64 0 0.000476245475447445
65 0 0.000513112255822956
66 0 0.000573471999233854
67 0 0.000616251091789088
68 0 0.000674160767898724
69 0 0.000739668360939527
70 0 0.000801860287628853
71 0 0.000900277732995947
72 0 0.000988691969243782
73 0 0.00109237252189376
74 0 0.00121897263629989
75 0 0.00136774218807156
76 0 0.00152692487081763
77 0 0.00171950227001194
78 0 0.00195675548524565
79 0 0.00220743739873408
80 0 0.00254447531898494
81 0 0.00291890715035759
82 0 0.00338913260250029
83 0 0.00384268283407718
84 0 0.00447343931027433
85 0 0.00513242986605489
86 0 0.00601862084124982
87 0 0.00698287069648951
88 0 0.00807224962738051
89 0 0.00939841334436464
90 0 0.0109266484736386
91 0 0.0125138449152449
92 0 0.0147633489406105
93 0 0.0167290486903228
94 0 0.0192493516246479
95 0 0.0217654483390430
96 0 0.0246504057220271
97 0 0.0276721036782130
98 0 0.0314154166224231
99 0 0.0352260030704518
100 0 0.038174267711819

death 1 F single
1 0 0.000321400866947319
2 0 0.0000350067393084519
3 0 0.0000108339788730261
4 0 0.00000750030939278279
5 0 0.00000583352049443597
6 0 0.00000583352049443597
7 0 0.00000583352049443597
8 0 0.00000416676215586609
9 0 0.00000416676215586609
10 0 0.00000500013750526218
11 0 0.00000500013750526218
12 0 0.00000500013750526218
13 0 0.00000500013750526218
14 0 0.00000500013750526218
15 0 0.00000750030939278279
16 0 0.0000108339788730261
17 0 0.0000116674153447516
18 0 0.0000133343112110884
19 0 0.0000141677706060328
20 0 0.0000166681946396352
21 0 0.0000191686874497776
22 0 0.0000191686874497776
23 0 0.0000183351822042876
24 0 0.0000183351822042876
25 0 0.0000158347123201397
26 0 0.0000158347123201397
27 0 0.0000183351822042876
28 0 0.0000175016846010179
29 0 0.0000175016846010179
30 0 0.0000183351822042876
31 0 0.0000200022003373768
32 0 0.0000216692490401238
33 0 0.0000216692490401238
34 0 0.0000233363283135279
35 0 0.0000241698794146705
36 0 0.0000283377495704507
37 0 0.0000325058108229248
38 0 0.0000341730888351321
39 0 0.0000366740631904117
40 0 0.0000383414176537977
41 0 0.0000400088026996093
42 0 0.0000433436645435048
43 0 0.0000525151654794387
44 0 0.000055850486162301
45 0 0.000064189323299324
46 0 0.0000741969376999441
47 0 0.0000817033715945215
48 0 0.0000908787437792213
49 0 0.000106729295667018
50 0 0.000120913711624038
51 0 0.000136769502209200
52 0 0.000152628059122195
53 0 0.000162645415570539
54 0 0.000176838560643211
55 0 0.000196044579382604
56 0 0.000219431298580264
57 0 0.000247837550048202
58 0 0.000271237601818131
59 0 0.000299660052488715
60 0 0.000321400866947319
61 0 0.00036573479451496
62 0 0.000403393793679041
63 0 0.000426833938695692
64 0 0.000476245475447445
65 0 0.000513112255822956
66 0 0.000573471999233854
67 0 0.000616251091789088
68 0 0.000674160767898724
69 0 0.000739668360939527
70 0 0.000801860287628853
71 0 0.000900277732995947
72 0 0.000988691969243782
73 0 0.00109237252189376
74 0 0.00121897263629989
75 0 0.00136774218807156
76 0 0.00152692487081763
77 0 0.00171950227001194
78 0 0.00195675548524565
79 0 0.00220743739873408
80 0 0.00254447531898494
81 0 0.00291890715035759
82 0 0.00338913260250029
83 0 0.00384268283407718
84 0 0.00447343931027433
85 0 0.00513242986605489
86 0 0.00601862084124982
87 0 0.00698287069648951
88 0 0.00807224962738051
89 0 0.00939841334436464
90 0 0.0109266484736386
91 0 0.0125138449152449
92 0 0.0147633489406105
93 0 0.0167290486903228
94 0 0.0192493516246479
95 0 0.0217654483390430
96 0 0.0246504057220271
97 0 0.0276721036782130
98 0 0.0314154166224231
99 0 0.0352260030704518
100 0 0.038174267711819

death 1 F divorced
1 0 0.000321400866947319
2 0 0.0000350067393084519
3 0 0.0000108339788730261
4 0 0.00000750030939278279
5 0 0.00000583352049443597
6 0 0.00000583352049443597
7 0 0.00000583352049443597
8 0 0.00000416676215586609
9 0 0.00000416676215586609
10 0 0.00000500013750526218
11 0 0.00000500013750526218
12 0 0.00000500013750526218
13 0 0.00000500013750526218
14 0 0.00000500013750526218
15 0 0.00000750030939278279
16 0 0.0000108339788730261
17 0 0.0000116674153447516
18 0 0.0000133343112110884
19 0 0.0000141677706060328
20 0 0.0000166681946396352
21 0 0.0000191686874497776
22 0 0.0000191686874497776
23 0 0.0000183351822042876
24 0 0.0000183351822042876
25 0 0.0000158347123201397
26 0 0.0000158347123201397
27 0 0.0000183351822042876
28 0 0.0000175016846010179
29 0 0.0000175016846010179
30 0 0.0000183351822042876
31 0 0.0000200022003373768
32 0 0.0000216692490401238
33 0 0.0000216692490401238
34 0 0.0000233363283135279
35 0 0.0000241698794146705
36 0 0.0000283377495704507
37 0 0.0000325058108229248
38 0 0.0000341730888351321
39 0 0.0000366740631904117
40 0 0.0000383414176537977
41 0 0.0000400088026996093
42 0 0.0000433436645435048
43 0 0.0000525151654794387
44 0 0.000055850486162301
45 0 0.000064189323299324
46 0 0.0000741969376999441
47 0 0.0000817033715945215
48 0 0.0000908787437792213
49 0 0.000106729295667018
50 0 0.000120913711624038
51 0 0.000136769502209200
52 0 0.000152628059122195
53 0 0.000162645415570539
54 0 0.000176838560643211
55 0 0.000196044579382604
56 0 0.000219431298580264
57 0 0.000247837550048202
58 0 0.000271237601818131
59 0 0.000299660052488715
60 0 0.000321400866947319
61 0 0.00036573479451496
62 0 0.000403393793679041
63 0 0.000426833938695692
64 0 0.000476245475447445
65 0 0.000513112255822956
66 0 0.000573471999233854
67 0 0.000616251091789088
68 0 0.000674160767898724
69 0 0.000739668360939527
70 0 0.000801860287628853
71 0 0.000900277732995947
72 0 0.000988691969243782
73 0 0.00109237252189376
74 0 0.00121897263629989
75 0 0.00136774218807156
76 0 0.00152692487081763
77 0 0.00171950227001194
78 0 0.00195675548524565
79 0 0.00220743739873408
80 0 0.00254447531898494
81 0 0.00291890715035759
82 0 0.00338913260250029
83 0 0.00384268283407718
84 0 0.00447343931027433
85 0 0.00513242986605489
86 0 0.00601862084124982
87 0 0.00698287069648951
88 0 0.00807224962738051
89 0 0.00939841334436464
90 0 0.0109266484736386
91 0 0.0125138449152449
92 0 0.0147633489406105
93 0 0.0167290486903228
94 0 0.0192493516246479
95 0 0.0217654483390430
96 0 0.0246504057220271
97 0 0.0276721036782130
98 0 0.0314154166224231
99 0 0.0352260030704518
100 0 0.038174267711819

death 1 F widowed
1 0 0.000321400866947319
2 0 0.0000350067393084519
3 0 0.0000108339788730261
4 0 0.00000750030939278279
5 0 0.00000583352049443597
6 0 0.00000583352049443597
7 0 0.00000583352049443597
8 0 0.00000416676215586609
9 0 0.00000416676215586609
10 0 0.00000500013750526218
11 0 0.00000500013750526218
12 0 0.00000500013750526218
13 0 0.00000500013750526218
14 0 0.00000500013750526218
15 0 0.00000750030939278279
16 0 0.0000108339788730261
17 0 0.0000116674153447516
18 0 0.0000133343112110884
19 0 0.0000141677706060328
20 0 0.0000166681946396352
21 0 0.0000191686874497776
22 0 0.0000191686874497776
23 0 0.0000183351822042876
24 0 0.0000183351822042876
25 0 0.0000158347123201397
26 0 0.0000158347123201397
27 0 0.0000183351822042876
28 0 0.0000175016846010179
29 0 0.0000175016846010179
30 0 0.0000183351822042876
31 0 0.0000200022003373768
32 0 0.0000216692490401238
33 0 0.0000216692490401238
34 0 0.0000233363283135279
35 0 0.0000241698794146705
36 0 0.0000283377495704507
37 0 0.0000325058108229248
38 0 0.0000341730888351321
39 0 0.0000366740631904117
40 0 0.0000383414176537977
41 0 0.0000400088026996093
42 0 0.0000433436645435048
43 0 0.0000525151654794387
44 0 0.000055850486162301
45 0 0.000064189323299324
46 0 0.0000741969376999441
47 0 0.0000817033715945215
48 0 0.0000908787437792213
49 0 0.000106729295667018
50 0 0.000120913711624038
51 0 0.000136769502209200
52 0 0.000152628059122195
53 0 0.000162645415570539
54 0 0.000176838560643211
55 0 0.000196044579382604
56 0 0.000219431298580264
57 0 0.000247837550048202
58 0 0.000271237601818131
59 0 0.000299660052488715
60 0 0.000321400866947319
61 0 0.00036573479451496
62 0 0.000403393793679041
63 0 0.000426833938695692
64 0 0.000476245475447445
65 0 0.000513112255822956
66 0 0.000573471999233854
67 0 0.000616251091789088
68 0 0.000674160767898724
69 0 0.000739668360939527
70 0 0.000801860287628853
71 0 0.000900277732995947
72 0 0.000988691969243782
73 0 0.00109237252189376
74 0 0.00121897263629989
75 0 0.00136774218807156
76 0 0.00152692487081763
77 0 0.00171950227001194
78 0 0.00195675548524565
79 0 0.00220743739873408
80 0 0.00254447531898494
81 0 0.00291890715035759
82 0 0.00338913260250029
83 0 0.00384268283407718
84 0 0.00447343931027433
85 0 0.00513242986605489
86 0 0.00601862084124982
87 0 0.00698287069648951
88 0 0.00807224962738051
89 0 0.00939841334436464
90 0 0.0109266484736386
91 0 0.0125138449152449
92 0 0.0147633489406105
93 0 0.0167290486903228
94 0 0.0192493516246479
95 0 0.0217654483390430
96 0 0.0246504057220271
97 0 0.0276721036782130
98 0 0.0314154166224231
99 0 0.0352260030704518
100 0 0.038174267711819
