*Period monthly mortality rates for SWE in 1977 
* Mon Dec 20 14:21:28 2010
death 1 M married
1 0 0.000745969658089041
2 0 0.0000463451448070584
3 0 0.0000437605308761801
4 0 0.00004109261937979
5 0 0.0000350067393084519
6 0 0.0000258370045466139
7 0 0.000029087986492371
8 0 0.0000299215903342143
9 0 0.0000234196830797284
10 0 0.0000082503743674689
11 0 0.0000278375950621967
12 0 0.0000224194309299541
13 0 0.0000171682876994872
14 0 0.0000150845847662895
15 0 0.0000204189596471060
16 0 0.0000455113903485849
17 0 0.0000404256537397396
18 0 0.0000728625254545756
19 0 0.0000714447339069668
20 0 0.0000813697391475188
21 0 0.0000842056539793745
22 0 0.0000890435952493052
23 0 0.0000958004613904606
24 0 0.000114405293028974
25 0 0.0000677752584643532
26 0 0.0000998047672314817
27 0 0.0000847895297806378
28 0 0.000107897340408392
29 0 0.000111985615205090
30 0 0.000109899737742336
31 0 0.000108815100377635
32 0 0.000114739046749190
33 0 0.000114071540534111
34 0 0.0000889601802873674
35 0 0.000127088795969565
36 0 0.000147870201523848
37 0 0.000124835676046819
38 0 0.000182265937165083
39 0 0.000155800102553005
40 0 0.000207319567760766
41 0 0.000179593957454038
42 0 0.000234635893649027
43 0 0.000268312265846116
44 0 0.000316048799283597
45 0 0.00028737043157645
46 0 0.00028360863493615
47 0 0.000387575113150573
48 0 0.00035945981163199
49 0 0.000336037036417158
50 0 0.000453295081182081
51 0 0.000497693418830214
52 0 0.000577161950651273
53 0 0.000571291643834293
54 0 0.00064503346178979
55 0 0.000655776741301461
56 0 0.000815228706686377
57 0 0.000807577358140299
58 0 0.000964095750316751
59 0 0.000912734720541875
60 0 0.00109566189095989
61 0 0.00124085013739639
62 0 0.00127245089172356
63 0 0.00152023018978498
64 0 0.00160221046384479
65 0 0.00185403969157749
66 0 0.00200998876417913
67 0 0.00221947732429717
68 0 0.00250420442869037
69 0 0.00275941281820824
70 0 0.00303352072806928
71 0 0.00318892384126801
72 0 0.00380296070834996
73 0 0.00406830796338087
74 0 0.00452650787447828
75 0 0.00476614144842924
76 0 0.00596689472803036
77 0 0.00587784563369698
78 0 0.00671817729443036
79 0 0.0073617099456651
80 0 0.0084327397261752
81 0 0.0094537183037311
82 0 0.0103269943851658
83 0 0.0114510283602723
84 0 0.0119018314006647
85 0 0.0131873238636673
86 0 0.0148651842139498
87 0 0.0164255766124761
88 0 0.0182603299915814
89 0 0.0205322187905870
90 0 0.0225146627361184
91 0 0.0231540408251275
92 0 0.0263033048672420
93 0 0.0293523500690308
94 0 0.0321115571693454
95 0 0.0366428607407129
96 0 0.0400593967497604
97 0 0.0452908270192756
98 0 0.0548622164948939
99 0 0.0471864759114083
100 0 0.042428607145909

death 1 M single
1 0 0.000745969658089041
2 0 0.0000463451448070584
3 0 0.0000437605308761801
4 0 0.00004109261937979
5 0 0.0000350067393084519
6 0 0.0000258370045466139
7 0 0.000029087986492371
8 0 0.0000299215903342143
9 0 0.0000234196830797284
10 0 0.0000082503743674689
11 0 0.0000278375950621967
12 0 0.0000224194309299541
13 0 0.0000171682876994872
14 0 0.0000150845847662895
15 0 0.0000204189596471060
16 0 0.0000455113903485849
17 0 0.0000404256537397396
18 0 0.0000728625254545756
19 0 0.0000714447339069668
20 0 0.0000813697391475188
21 0 0.0000842056539793745
22 0 0.0000890435952493052
23 0 0.0000958004613904606
24 0 0.000114405293028974
25 0 0.0000677752584643532
26 0 0.0000998047672314817
27 0 0.0000847895297806378
28 0 0.000107897340408392
29 0 0.000111985615205090
30 0 0.000109899737742336
31 0 0.000108815100377635
32 0 0.000114739046749190
33 0 0.000114071540534111
34 0 0.0000889601802873674
35 0 0.000127088795969565
36 0 0.000147870201523848
37 0 0.000124835676046819
38 0 0.000182265937165083
39 0 0.000155800102553005
40 0 0.000207319567760766
41 0 0.000179593957454038
42 0 0.000234635893649027
43 0 0.000268312265846116
44 0 0.000316048799283597
45 0 0.00028737043157645
46 0 0.00028360863493615
47 0 0.000387575113150573
48 0 0.00035945981163199
49 0 0.000336037036417158
50 0 0.000453295081182081
51 0 0.000497693418830214
52 0 0.000577161950651273
53 0 0.000571291643834293
54 0 0.00064503346178979
55 0 0.000655776741301461
56 0 0.000815228706686377
57 0 0.000807577358140299
58 0 0.000964095750316751
59 0 0.000912734720541875
60 0 0.00109566189095989
61 0 0.00124085013739639
62 0 0.00127245089172356
63 0 0.00152023018978498
64 0 0.00160221046384479
65 0 0.00185403969157749
66 0 0.00200998876417913
67 0 0.00221947732429717
68 0 0.00250420442869037
69 0 0.00275941281820824
70 0 0.00303352072806928
71 0 0.00318892384126801
72 0 0.00380296070834996
73 0 0.00406830796338087
74 0 0.00452650787447828
75 0 0.00476614144842924
76 0 0.00596689472803036
77 0 0.00587784563369698
78 0 0.00671817729443036
79 0 0.0073617099456651
80 0 0.0084327397261752
81 0 0.0094537183037311
82 0 0.0103269943851658
83 0 0.0114510283602723
84 0 0.0119018314006647
85 0 0.0131873238636673
86 0 0.0148651842139498
87 0 0.0164255766124761
88 0 0.0182603299915814
89 0 0.0205322187905870
90 0 0.0225146627361184
91 0 0.0231540408251275
92 0 0.0263033048672420
93 0 0.0293523500690308
94 0 0.0321115571693454
95 0 0.0366428607407129
96 0 0.0400593967497604
97 0 0.0452908270192756
98 0 0.0548622164948939
99 0 0.0471864759114083
100 0 0.042428607145909

death 1 M divorced
1 0 0.000745969658089041
2 0 0.0000463451448070584
3 0 0.0000437605308761801
4 0 0.00004109261937979
5 0 0.0000350067393084519
6 0 0.0000258370045466139
7 0 0.000029087986492371
8 0 0.0000299215903342143
9 0 0.0000234196830797284
10 0 0.0000082503743674689
11 0 0.0000278375950621967
12 0 0.0000224194309299541
13 0 0.0000171682876994872
14 0 0.0000150845847662895
15 0 0.0000204189596471060
16 0 0.0000455113903485849
17 0 0.0000404256537397396
18 0 0.0000728625254545756
19 0 0.0000714447339069668
20 0 0.0000813697391475188
21 0 0.0000842056539793745
22 0 0.0000890435952493052
23 0 0.0000958004613904606
24 0 0.000114405293028974
25 0 0.0000677752584643532
26 0 0.0000998047672314817
27 0 0.0000847895297806378
28 0 0.000107897340408392
29 0 0.000111985615205090
30 0 0.000109899737742336
31 0 0.000108815100377635
32 0 0.000114739046749190
33 0 0.000114071540534111
34 0 0.0000889601802873674
35 0 0.000127088795969565
36 0 0.000147870201523848
37 0 0.000124835676046819
38 0 0.000182265937165083
39 0 0.000155800102553005
40 0 0.000207319567760766
41 0 0.000179593957454038
42 0 0.000234635893649027
43 0 0.000268312265846116
44 0 0.000316048799283597
45 0 0.00028737043157645
46 0 0.00028360863493615
47 0 0.000387575113150573
48 0 0.00035945981163199
49 0 0.000336037036417158
50 0 0.000453295081182081
51 0 0.000497693418830214
52 0 0.000577161950651273
53 0 0.000571291643834293
54 0 0.00064503346178979
55 0 0.000655776741301461
56 0 0.000815228706686377
57 0 0.000807577358140299
58 0 0.000964095750316751
59 0 0.000912734720541875
60 0 0.00109566189095989
61 0 0.00124085013739639
62 0 0.00127245089172356
63 0 0.00152023018978498
64 0 0.00160221046384479
65 0 0.00185403969157749
66 0 0.00200998876417913
67 0 0.00221947732429717
68 0 0.00250420442869037
69 0 0.00275941281820824
70 0 0.00303352072806928
71 0 0.00318892384126801
72 0 0.00380296070834996
73 0 0.00406830796338087
74 0 0.00452650787447828
75 0 0.00476614144842924
76 0 0.00596689472803036
77 0 0.00587784563369698
78 0 0.00671817729443036
79 0 0.0073617099456651
80 0 0.0084327397261752
81 0 0.0094537183037311
82 0 0.0103269943851658
83 0 0.0114510283602723
84 0 0.0119018314006647
85 0 0.0131873238636673
86 0 0.0148651842139498
87 0 0.0164255766124761
88 0 0.0182603299915814
89 0 0.0205322187905870
90 0 0.0225146627361184
91 0 0.0231540408251275
92 0 0.0263033048672420
93 0 0.0293523500690308
94 0 0.0321115571693454
95 0 0.0366428607407129
96 0 0.0400593967497604
97 0 0.0452908270192756
98 0 0.0548622164948939
99 0 0.0471864759114083
100 0 0.042428607145909

death 1 M widowed
1 0 0.000745969658089041
2 0 0.0000463451448070584
3 0 0.0000437605308761801
4 0 0.00004109261937979
5 0 0.0000350067393084519
6 0 0.0000258370045466139
7 0 0.000029087986492371
8 0 0.0000299215903342143
9 0 0.0000234196830797284
10 0 0.0000082503743674689
11 0 0.0000278375950621967
12 0 0.0000224194309299541
13 0 0.0000171682876994872
14 0 0.0000150845847662895
15 0 0.0000204189596471060
16 0 0.0000455113903485849
17 0 0.0000404256537397396
18 0 0.0000728625254545756
19 0 0.0000714447339069668
20 0 0.0000813697391475188
21 0 0.0000842056539793745
22 0 0.0000890435952493052
23 0 0.0000958004613904606
24 0 0.000114405293028974
25 0 0.0000677752584643532
26 0 0.0000998047672314817
27 0 0.0000847895297806378
28 0 0.000107897340408392
29 0 0.000111985615205090
30 0 0.000109899737742336
31 0 0.000108815100377635
32 0 0.000114739046749190
33 0 0.000114071540534111
34 0 0.0000889601802873674
35 0 0.000127088795969565
36 0 0.000147870201523848
37 0 0.000124835676046819
38 0 0.000182265937165083
39 0 0.000155800102553005
40 0 0.000207319567760766
41 0 0.000179593957454038
42 0 0.000234635893649027
43 0 0.000268312265846116
44 0 0.000316048799283597
45 0 0.00028737043157645
46 0 0.00028360863493615
47 0 0.000387575113150573
48 0 0.00035945981163199
49 0 0.000336037036417158
50 0 0.000453295081182081
51 0 0.000497693418830214
52 0 0.000577161950651273
53 0 0.000571291643834293
54 0 0.00064503346178979
55 0 0.000655776741301461
56 0 0.000815228706686377
57 0 0.000807577358140299
58 0 0.000964095750316751
59 0 0.000912734720541875
60 0 0.00109566189095989
61 0 0.00124085013739639
62 0 0.00127245089172356
63 0 0.00152023018978498
64 0 0.00160221046384479
65 0 0.00185403969157749
66 0 0.00200998876417913
67 0 0.00221947732429717
68 0 0.00250420442869037
69 0 0.00275941281820824
70 0 0.00303352072806928
71 0 0.00318892384126801
72 0 0.00380296070834996
73 0 0.00406830796338087
74 0 0.00452650787447828
75 0 0.00476614144842924
76 0 0.00596689472803036
77 0 0.00587784563369698
78 0 0.00671817729443036
79 0 0.0073617099456651
80 0 0.0084327397261752
81 0 0.0094537183037311
82 0 0.0103269943851658
83 0 0.0114510283602723
84 0 0.0119018314006647
85 0 0.0131873238636673
86 0 0.0148651842139498
87 0 0.0164255766124761
88 0 0.0182603299915814
89 0 0.0205322187905870
90 0 0.0225146627361184
91 0 0.0231540408251275
92 0 0.0263033048672420
93 0 0.0293523500690308
94 0 0.0321115571693454
95 0 0.0366428607407129
96 0 0.0400593967497604
97 0 0.0452908270192756
98 0 0.0548622164948939
99 0 0.0471864759114083
100 0 0.042428607145909

death 1 F married
1 0 0.000580264980341472
2 0 0.0000369241644103679
3 0 0.0000110840090122855
4 0 0.0000215858958788617
5 0 0.0000229195556291639
6 0 0.0000135843482271802
7 0 0.0000137510399533802
8 0 0.00000783367083967423
9 0 0.0000138343859310552
10 0 0.0000217526022776582
11 0 0.00000841705631338119
12 0 0.0000097505228828787
13 0 0.0000193353894158976
14 0 0.0000245033019952157
15 0 0.0000215858958788617
16 0 0.0000271707266650267
17 0 0.0000310052867564803
18 0 0.0000276708775043266
19 0 0.0000352568359411887
20 0 0.0000313387344086369
21 0 0.0000323390847035698
22 0 0.0000505140318078912
23 0 0.0000306718403275674
24 0 0.0000302550340112173
25 0 0.0000369241644103679
26 0 0.0000322557217584674
27 0 0.0000415094753898337
28 0 0.0000395085839746123
29 0 0.0000363405959675767
30 0 0.0000443441469534234
31 0 0.0000400088026996093
32 0 0.0000498469970400262
33 0 0.0000579351237341985
34 0 0.000061354032845129
35 0 0.0000491799671665794
36 0 0.0000684424248000859
37 0 0.0000540994275451956
38 0 0.0000891270102878483
39 0 0.000106896158282521
40 0 0.0000897109177008248
41 0 0.000123834307341086
42 0 0.000140775613288624
43 0 0.000118911071652517
44 0 0.000163229795442921
45 0 0.000156050531749052
46 0 0.000172162926886377
47 0 0.000148871835058850
48 0 0.000232547199665811
49 0 0.000211829954767540
50 0 0.000250762227063106
51 0 0.000293891247961975
52 0 0.000262211153800873
53 0 0.000299409227286218
54 0 0.000345740025141872
55 0 0.000354607455284039
56 0 0.00039100644489376
57 0 0.000434620753273829
58 0 0.000441152144568302
59 0 0.000504983521099511
60 0 0.000568188920589519
61 0 0.000595613955978513
62 0 0.000688937842148074
63 0 0.000706236789549508
64 0 0.000760422283732631
65 0 0.000895817200180948
66 0 0.000923257155917567
67 0 0.00112434349018720
68 0 0.00122387138700641
69 0 0.00128064860581412
70 0 0.00145339519879650
71 0 0.00161739384139203
72 0 0.00188551436332729
73 0 0.00213531670116651
74 0 0.00241096458519308
75 0 0.00269165895524459
76 0 0.00321214507403667
77 0 0.003602183133252
78 0 0.0039339271450719
79 0 0.00474708437617455
80 0 0.00536509960700648
81 0 0.00569033792386286
82 0 0.00696145066791254
83 0 0.0072654965446507
84 0 0.00859496901628098
85 0 0.00972193852580983
86 0 0.0110149939222376
87 0 0.0115852551534468
88 0 0.0136577137371734
89 0 0.0153745239332215
90 0 0.0162372015434842
91 0 0.0186876595514012
92 0 0.0199237194848739
93 0 0.0234174237151493
94 0 0.0260949559525759
95 0 0.0284894471603371
96 0 0.0319032195857676
97 0 0.0318737013043949
98 0 0.0367415506097957
99 0 0.0402749846384869
100 0 0.0396393036997237

death 1 F single
1 0 0.000580264980341472
2 0 0.0000369241644103679
3 0 0.0000110840090122855
4 0 0.0000215858958788617
5 0 0.0000229195556291639
6 0 0.0000135843482271802
7 0 0.0000137510399533802
8 0 0.00000783367083967423
9 0 0.0000138343859310552
10 0 0.0000217526022776582
11 0 0.00000841705631338119
12 0 0.0000097505228828787
13 0 0.0000193353894158976
14 0 0.0000245033019952157
15 0 0.0000215858958788617
16 0 0.0000271707266650267
17 0 0.0000310052867564803
18 0 0.0000276708775043266
19 0 0.0000352568359411887
20 0 0.0000313387344086369
21 0 0.0000323390847035698
22 0 0.0000505140318078912
23 0 0.0000306718403275674
24 0 0.0000302550340112173
25 0 0.0000369241644103679
26 0 0.0000322557217584674
27 0 0.0000415094753898337
28 0 0.0000395085839746123
29 0 0.0000363405959675767
30 0 0.0000443441469534234
31 0 0.0000400088026996093
32 0 0.0000498469970400262
33 0 0.0000579351237341985
34 0 0.000061354032845129
35 0 0.0000491799671665794
36 0 0.0000684424248000859
37 0 0.0000540994275451956
38 0 0.0000891270102878483
39 0 0.000106896158282521
40 0 0.0000897109177008248
41 0 0.000123834307341086
42 0 0.000140775613288624
43 0 0.000118911071652517
44 0 0.000163229795442921
45 0 0.000156050531749052
46 0 0.000172162926886377
47 0 0.000148871835058850
48 0 0.000232547199665811
49 0 0.000211829954767540
50 0 0.000250762227063106
51 0 0.000293891247961975
52 0 0.000262211153800873
53 0 0.000299409227286218
54 0 0.000345740025141872
55 0 0.000354607455284039
56 0 0.00039100644489376
57 0 0.000434620753273829
58 0 0.000441152144568302
59 0 0.000504983521099511
60 0 0.000568188920589519
61 0 0.000595613955978513
62 0 0.000688937842148074
63 0 0.000706236789549508
64 0 0.000760422283732631
65 0 0.000895817200180948
66 0 0.000923257155917567
67 0 0.00112434349018720
68 0 0.00122387138700641
69 0 0.00128064860581412
70 0 0.00145339519879650
71 0 0.00161739384139203
72 0 0.00188551436332729
73 0 0.00213531670116651
74 0 0.00241096458519308
75 0 0.00269165895524459
76 0 0.00321214507403667
77 0 0.003602183133252
78 0 0.0039339271450719
79 0 0.00474708437617455
80 0 0.00536509960700648
81 0 0.00569033792386286
82 0 0.00696145066791254
83 0 0.0072654965446507
84 0 0.00859496901628098
85 0 0.00972193852580983
86 0 0.0110149939222376
87 0 0.0115852551534468
88 0 0.0136577137371734
89 0 0.0153745239332215
90 0 0.0162372015434842
91 0 0.0186876595514012
92 0 0.0199237194848739
93 0 0.0234174237151493
94 0 0.0260949559525759
95 0 0.0284894471603371
96 0 0.0319032195857676
97 0 0.0318737013043949
98 0 0.0367415506097957
99 0 0.0402749846384869
100 0 0.0396393036997237

death 1 F divorced
1 0 0.000580264980341472
2 0 0.0000369241644103679
3 0 0.0000110840090122855
4 0 0.0000215858958788617
5 0 0.0000229195556291639
6 0 0.0000135843482271802
7 0 0.0000137510399533802
8 0 0.00000783367083967423
9 0 0.0000138343859310552
10 0 0.0000217526022776582
11 0 0.00000841705631338119
12 0 0.0000097505228828787
13 0 0.0000193353894158976
14 0 0.0000245033019952157
15 0 0.0000215858958788617
16 0 0.0000271707266650267
17 0 0.0000310052867564803
18 0 0.0000276708775043266
19 0 0.0000352568359411887
20 0 0.0000313387344086369
21 0 0.0000323390847035698
22 0 0.0000505140318078912
23 0 0.0000306718403275674
24 0 0.0000302550340112173
25 0 0.0000369241644103679
26 0 0.0000322557217584674
27 0 0.0000415094753898337
28 0 0.0000395085839746123
29 0 0.0000363405959675767
30 0 0.0000443441469534234
31 0 0.0000400088026996093
32 0 0.0000498469970400262
33 0 0.0000579351237341985
34 0 0.000061354032845129
35 0 0.0000491799671665794
36 0 0.0000684424248000859
37 0 0.0000540994275451956
38 0 0.0000891270102878483
39 0 0.000106896158282521
40 0 0.0000897109177008248
41 0 0.000123834307341086
42 0 0.000140775613288624
43 0 0.000118911071652517
44 0 0.000163229795442921
45 0 0.000156050531749052
46 0 0.000172162926886377
47 0 0.000148871835058850
48 0 0.000232547199665811
49 0 0.000211829954767540
50 0 0.000250762227063106
51 0 0.000293891247961975
52 0 0.000262211153800873
53 0 0.000299409227286218
54 0 0.000345740025141872
55 0 0.000354607455284039
56 0 0.00039100644489376
57 0 0.000434620753273829
58 0 0.000441152144568302
59 0 0.000504983521099511
60 0 0.000568188920589519
61 0 0.000595613955978513
62 0 0.000688937842148074
63 0 0.000706236789549508
64 0 0.000760422283732631
65 0 0.000895817200180948
66 0 0.000923257155917567
67 0 0.00112434349018720
68 0 0.00122387138700641
69 0 0.00128064860581412
70 0 0.00145339519879650
71 0 0.00161739384139203
72 0 0.00188551436332729
73 0 0.00213531670116651
74 0 0.00241096458519308
75 0 0.00269165895524459
76 0 0.00321214507403667
77 0 0.003602183133252
78 0 0.0039339271450719
79 0 0.00474708437617455
80 0 0.00536509960700648
81 0 0.00569033792386286
82 0 0.00696145066791254
83 0 0.0072654965446507
84 0 0.00859496901628098
85 0 0.00972193852580983
86 0 0.0110149939222376
87 0 0.0115852551534468
88 0 0.0136577137371734
89 0 0.0153745239332215
90 0 0.0162372015434842
91 0 0.0186876595514012
92 0 0.0199237194848739
93 0 0.0234174237151493
94 0 0.0260949559525759
95 0 0.0284894471603371
96 0 0.0319032195857676
97 0 0.0318737013043949
98 0 0.0367415506097957
99 0 0.0402749846384869
100 0 0.0396393036997237

death 1 F widowed
1 0 0.000580264980341472
2 0 0.0000369241644103679
3 0 0.0000110840090122855
4 0 0.0000215858958788617
5 0 0.0000229195556291639
6 0 0.0000135843482271802
7 0 0.0000137510399533802
8 0 0.00000783367083967423
9 0 0.0000138343859310552
10 0 0.0000217526022776582
11 0 0.00000841705631338119
12 0 0.0000097505228828787
13 0 0.0000193353894158976
14 0 0.0000245033019952157
15 0 0.0000215858958788617
16 0 0.0000271707266650267
17 0 0.0000310052867564803
18 0 0.0000276708775043266
19 0 0.0000352568359411887
20 0 0.0000313387344086369
21 0 0.0000323390847035698
22 0 0.0000505140318078912
23 0 0.0000306718403275674
24 0 0.0000302550340112173
25 0 0.0000369241644103679
26 0 0.0000322557217584674
27 0 0.0000415094753898337
28 0 0.0000395085839746123
29 0 0.0000363405959675767
30 0 0.0000443441469534234
31 0 0.0000400088026996093
32 0 0.0000498469970400262
33 0 0.0000579351237341985
34 0 0.000061354032845129
35 0 0.0000491799671665794
36 0 0.0000684424248000859
37 0 0.0000540994275451956
38 0 0.0000891270102878483
39 0 0.000106896158282521
40 0 0.0000897109177008248
41 0 0.000123834307341086
42 0 0.000140775613288624
43 0 0.000118911071652517
44 0 0.000163229795442921
45 0 0.000156050531749052
46 0 0.000172162926886377
47 0 0.000148871835058850
48 0 0.000232547199665811
49 0 0.000211829954767540
50 0 0.000250762227063106
51 0 0.000293891247961975
52 0 0.000262211153800873
53 0 0.000299409227286218
54 0 0.000345740025141872
55 0 0.000354607455284039
56 0 0.00039100644489376
57 0 0.000434620753273829
58 0 0.000441152144568302
59 0 0.000504983521099511
60 0 0.000568188920589519
61 0 0.000595613955978513
62 0 0.000688937842148074
63 0 0.000706236789549508
64 0 0.000760422283732631
65 0 0.000895817200180948
66 0 0.000923257155917567
67 0 0.00112434349018720
68 0 0.00122387138700641
69 0 0.00128064860581412
70 0 0.00145339519879650
71 0 0.00161739384139203
72 0 0.00188551436332729
73 0 0.00213531670116651
74 0 0.00241096458519308
75 0 0.00269165895524459
76 0 0.00321214507403667
77 0 0.003602183133252
78 0 0.0039339271450719
79 0 0.00474708437617455
80 0 0.00536509960700648
81 0 0.00569033792386286
82 0 0.00696145066791254
83 0 0.0072654965446507
84 0 0.00859496901628098
85 0 0.00972193852580983
86 0 0.0110149939222376
87 0 0.0115852551534468
88 0 0.0136577137371734
89 0 0.0153745239332215
90 0 0.0162372015434842
91 0 0.0186876595514012
92 0 0.0199237194848739
93 0 0.0234174237151493
94 0 0.0260949559525759
95 0 0.0284894471603371
96 0 0.0319032195857676
97 0 0.0318737013043949
98 0 0.0367415506097957
99 0 0.0402749846384869
100 0 0.0396393036997237
