*Period monthly mortality rates for SWE in 1935 
* Mon Dec 20 14:20:56 2010
death 1 M married
1 0 0.00468098657010751
2 0 0.000545466798731575
3 0 0.000236306883396487
4 0 0.000227785156858840
5 0 0.000169324266588666
6 0 0.000139774068965814
7 0 0.000137019878978961
8 0 0.000119578613407278
9 0 0.000126504648404580
10 0 0.000121414378511098
11 0 0.000124084648483347
12 0 0.000125419812886274
13 0 0.000101640133028935
14 0 0.000127422596263638
15 0 0.000126921896282273
16 0 0.000179593957454038
17 0 0.000184770989484218
18 0 0.000186775081050139
19 0 0.000275918335232883
20 0 0.000207152520688481
21 0 0.000329680467546112
22 0 0.000343816074344860
23 0 0.000273828692313627
24 0 0.000256194019795597
25 0 0.000244495177269322
26 0 0.000283274260547972
27 0 0.00026505271667443
28 0 0.000281853183122238
29 0 0.000303673349879463
30 0 0.000267894368393584
31 0 0.000297319044185174
32 0 0.000248589600863158
33 0 0.000263214048199845
34 0 0.000280599309728569
35 0 0.000305011155060875
36 0 0.000301666679030976
37 0 0.000353268919816463
38 0 0.000352850631526014
39 0 0.000385315526414742
40 0 0.000362137084666481
41 0 0.000357368246952983
42 0 0.000391927068137399
43 0 0.000426917664336002
44 0 0.000415196825234831
45 0 0.000440398498536498
46 0 0.000524007576906516
47 0 0.000527695519989324
48 0 0.000608197017644474
49 0 0.000644026344466475
50 0 0.000610210469245476
51 0 0.000627326609678902
52 0 0.000713795616194779
53 0 0.000762775254388282
54 0 0.000898846972192113
55 0 0.000962579762985083
56 0 0.00103723007711165
57 0 0.00106100298856415
58 0 0.00122530727781855
59 0 0.00122277336817744
60 0 0.00147549866589269
61 0 0.00147693854203335
62 0 0.00169793364766546
63 0 0.00172162544303356
64 0 0.00177786514501010
65 0 0.00220709586387202
66 0 0.00230474180685025
67 0 0.00249084187257975
68 0 0.00303713974483244
69 0 0.00320074952480565
70 0 0.00366897277965161
71 0 0.00381990784324426
72 0 0.00393531957211724
73 0 0.0047156533688032
74 0 0.00513974961866104
75 0 0.00569814668123414
76 0 0.00660346339249662
77 0 0.00725818310141835
78 0 0.00833921528646253
79 0 0.00855420112609684
80 0 0.00912866473746343
81 0 0.0112622388144117
82 0 0.0126262840879627
83 0 0.0126083648379826
84 0 0.0157001285932274
85 0 0.0169519497687589
86 0 0.0193561229601363
87 0 0.0199162330622686
88 0 0.024848017017575
89 0 0.0292067527785077
90 0 0.0289602478369556
91 0 0.0336323332753695
92 0 0.0381861601506456
93 0 0.0425005984963063
94 0 0.0383503899585456
95 0 0.0516526596282856
96 0 0.069045680401555
97 0 0.0501161246184899
98 0 0.0588817435219364
99 0 0.132432902519445
100 0 0.0587012842122604

death 1 M single
1 0 0.00468098657010751
2 0 0.000545466798731575
3 0 0.000236306883396487
4 0 0.000227785156858840
5 0 0.000169324266588666
6 0 0.000139774068965814
7 0 0.000137019878978961
8 0 0.000119578613407278
9 0 0.000126504648404580
10 0 0.000121414378511098
11 0 0.000124084648483347
12 0 0.000125419812886274
13 0 0.000101640133028935
14 0 0.000127422596263638
15 0 0.000126921896282273
16 0 0.000179593957454038
17 0 0.000184770989484218
18 0 0.000186775081050139
19 0 0.000275918335232883
20 0 0.000207152520688481
21 0 0.000329680467546112
22 0 0.000343816074344860
23 0 0.000273828692313627
24 0 0.000256194019795597
25 0 0.000244495177269322
26 0 0.000283274260547972
27 0 0.00026505271667443
28 0 0.000281853183122238
29 0 0.000303673349879463
30 0 0.000267894368393584
31 0 0.000297319044185174
32 0 0.000248589600863158
33 0 0.000263214048199845
34 0 0.000280599309728569
35 0 0.000305011155060875
36 0 0.000301666679030976
37 0 0.000353268919816463
38 0 0.000352850631526014
39 0 0.000385315526414742
40 0 0.000362137084666481
41 0 0.000357368246952983
42 0 0.000391927068137399
43 0 0.000426917664336002
44 0 0.000415196825234831
45 0 0.000440398498536498
46 0 0.000524007576906516
47 0 0.000527695519989324
48 0 0.000608197017644474
49 0 0.000644026344466475
50 0 0.000610210469245476
51 0 0.000627326609678902
52 0 0.000713795616194779
53 0 0.000762775254388282
54 0 0.000898846972192113
55 0 0.000962579762985083
56 0 0.00103723007711165
57 0 0.00106100298856415
58 0 0.00122530727781855
59 0 0.00122277336817744
60 0 0.00147549866589269
61 0 0.00147693854203335
62 0 0.00169793364766546
63 0 0.00172162544303356
64 0 0.00177786514501010
65 0 0.00220709586387202
66 0 0.00230474180685025
67 0 0.00249084187257975
68 0 0.00303713974483244
69 0 0.00320074952480565
70 0 0.00366897277965161
71 0 0.00381990784324426
72 0 0.00393531957211724
73 0 0.0047156533688032
74 0 0.00513974961866104
75 0 0.00569814668123414
76 0 0.00660346339249662
77 0 0.00725818310141835
78 0 0.00833921528646253
79 0 0.00855420112609684
80 0 0.00912866473746343
81 0 0.0112622388144117
82 0 0.0126262840879627
83 0 0.0126083648379826
84 0 0.0157001285932274
85 0 0.0169519497687589
86 0 0.0193561229601363
87 0 0.0199162330622686
88 0 0.024848017017575
89 0 0.0292067527785077
90 0 0.0289602478369556
91 0 0.0336323332753695
92 0 0.0381861601506456
93 0 0.0425005984963063
94 0 0.0383503899585456
95 0 0.0516526596282856
96 0 0.069045680401555
97 0 0.0501161246184899
98 0 0.0588817435219364
99 0 0.132432902519445
100 0 0.0587012842122604

death 1 M divorced
1 0 0.00468098657010751
2 0 0.000545466798731575
3 0 0.000236306883396487
4 0 0.000227785156858840
5 0 0.000169324266588666
6 0 0.000139774068965814
7 0 0.000137019878978961
8 0 0.000119578613407278
9 0 0.000126504648404580
10 0 0.000121414378511098
11 0 0.000124084648483347
12 0 0.000125419812886274
13 0 0.000101640133028935
14 0 0.000127422596263638
15 0 0.000126921896282273
16 0 0.000179593957454038
17 0 0.000184770989484218
18 0 0.000186775081050139
19 0 0.000275918335232883
20 0 0.000207152520688481
21 0 0.000329680467546112
22 0 0.000343816074344860
23 0 0.000273828692313627
24 0 0.000256194019795597
25 0 0.000244495177269322
26 0 0.000283274260547972
27 0 0.00026505271667443
28 0 0.000281853183122238
29 0 0.000303673349879463
30 0 0.000267894368393584
31 0 0.000297319044185174
32 0 0.000248589600863158
33 0 0.000263214048199845
34 0 0.000280599309728569
35 0 0.000305011155060875
36 0 0.000301666679030976
37 0 0.000353268919816463
38 0 0.000352850631526014
39 0 0.000385315526414742
40 0 0.000362137084666481
41 0 0.000357368246952983
42 0 0.000391927068137399
43 0 0.000426917664336002
44 0 0.000415196825234831
45 0 0.000440398498536498
46 0 0.000524007576906516
47 0 0.000527695519989324
48 0 0.000608197017644474
49 0 0.000644026344466475
50 0 0.000610210469245476
51 0 0.000627326609678902
52 0 0.000713795616194779
53 0 0.000762775254388282
54 0 0.000898846972192113
55 0 0.000962579762985083
56 0 0.00103723007711165
57 0 0.00106100298856415
58 0 0.00122530727781855
59 0 0.00122277336817744
60 0 0.00147549866589269
61 0 0.00147693854203335
62 0 0.00169793364766546
63 0 0.00172162544303356
64 0 0.00177786514501010
65 0 0.00220709586387202
66 0 0.00230474180685025
67 0 0.00249084187257975
68 0 0.00303713974483244
69 0 0.00320074952480565
70 0 0.00366897277965161
71 0 0.00381990784324426
72 0 0.00393531957211724
73 0 0.0047156533688032
74 0 0.00513974961866104
75 0 0.00569814668123414
76 0 0.00660346339249662
77 0 0.00725818310141835
78 0 0.00833921528646253
79 0 0.00855420112609684
80 0 0.00912866473746343
81 0 0.0112622388144117
82 0 0.0126262840879627
83 0 0.0126083648379826
84 0 0.0157001285932274
85 0 0.0169519497687589
86 0 0.0193561229601363
87 0 0.0199162330622686
88 0 0.024848017017575
89 0 0.0292067527785077
90 0 0.0289602478369556
91 0 0.0336323332753695
92 0 0.0381861601506456
93 0 0.0425005984963063
94 0 0.0383503899585456
95 0 0.0516526596282856
96 0 0.069045680401555
97 0 0.0501161246184899
98 0 0.0588817435219364
99 0 0.132432902519445
100 0 0.0587012842122604

death 1 M widowed
1 0 0.00468098657010751
2 0 0.000545466798731575
3 0 0.000236306883396487
4 0 0.000227785156858840
5 0 0.000169324266588666
6 0 0.000139774068965814
7 0 0.000137019878978961
8 0 0.000119578613407278
9 0 0.000126504648404580
10 0 0.000121414378511098
11 0 0.000124084648483347
12 0 0.000125419812886274
13 0 0.000101640133028935
14 0 0.000127422596263638
15 0 0.000126921896282273
16 0 0.000179593957454038
17 0 0.000184770989484218
18 0 0.000186775081050139
19 0 0.000275918335232883
20 0 0.000207152520688481
21 0 0.000329680467546112
22 0 0.000343816074344860
23 0 0.000273828692313627
24 0 0.000256194019795597
25 0 0.000244495177269322
26 0 0.000283274260547972
27 0 0.00026505271667443
28 0 0.000281853183122238
29 0 0.000303673349879463
30 0 0.000267894368393584
31 0 0.000297319044185174
32 0 0.000248589600863158
33 0 0.000263214048199845
34 0 0.000280599309728569
35 0 0.000305011155060875
36 0 0.000301666679030976
37 0 0.000353268919816463
38 0 0.000352850631526014
39 0 0.000385315526414742
40 0 0.000362137084666481
41 0 0.000357368246952983
42 0 0.000391927068137399
43 0 0.000426917664336002
44 0 0.000415196825234831
45 0 0.000440398498536498
46 0 0.000524007576906516
47 0 0.000527695519989324
48 0 0.000608197017644474
49 0 0.000644026344466475
50 0 0.000610210469245476
51 0 0.000627326609678902
52 0 0.000713795616194779
53 0 0.000762775254388282
54 0 0.000898846972192113
55 0 0.000962579762985083
56 0 0.00103723007711165
57 0 0.00106100298856415
58 0 0.00122530727781855
59 0 0.00122277336817744
60 0 0.00147549866589269
61 0 0.00147693854203335
62 0 0.00169793364766546
63 0 0.00172162544303356
64 0 0.00177786514501010
65 0 0.00220709586387202
66 0 0.00230474180685025
67 0 0.00249084187257975
68 0 0.00303713974483244
69 0 0.00320074952480565
70 0 0.00366897277965161
71 0 0.00381990784324426
72 0 0.00393531957211724
73 0 0.0047156533688032
74 0 0.00513974961866104
75 0 0.00569814668123414
76 0 0.00660346339249662
77 0 0.00725818310141835
78 0 0.00833921528646253
79 0 0.00855420112609684
80 0 0.00912866473746343
81 0 0.0112622388144117
82 0 0.0126262840879627
83 0 0.0126083648379826
84 0 0.0157001285932274
85 0 0.0169519497687589
86 0 0.0193561229601363
87 0 0.0199162330622686
88 0 0.024848017017575
89 0 0.0292067527785077
90 0 0.0289602478369556
91 0 0.0336323332753695
92 0 0.0381861601506456
93 0 0.0425005984963063
94 0 0.0383503899585456
95 0 0.0516526596282856
96 0 0.069045680401555
97 0 0.0501161246184899
98 0 0.0588817435219364
99 0 0.132432902519445
100 0 0.0587012842122604

death 1 F married
1 0 0.00344676269262789
2 0 0.000472894691561421
3 0 0.000210660573680799
4 0 0.000156134008301057
5 0 0.00014336298720119
6 0 0.000130677213371788
7 0 0.00010539440576951
8 0 0.000112486232918596
9 0 0.000123583966888274
10 0 0.0000867914181428286
11 0 0.0000976357463379207
12 0 0.0000917963319376769
13 0 0.0000892104254029968
14 0 0.000124001201359247
15 0 0.000114655608204228
16 0 0.000170660095685449
17 0 0.000164398566459334
18 0 0.000203561082892323
19 0 0.000206317289932367
20 0 0.000229288932895866
21 0 0.000232463652904968
22 0 0.000262378302098853
23 0 0.000246166348294219
24 0 0.000226030782927822
25 0 0.000248756724111621
26 0 0.000272742096983136
27 0 0.000226866194862119
28 0 0.000265721332615154
29 0 0.000248589600863158
30 0 0.000277422907885350
31 0 0.000276252682558709
32 0 0.000242489812600111
33 0 0.000253269167985626
34 0 0.000274330202232553
35 0 0.000254522664378531
36 0 0.000293138822193062
37 0 0.000268479425365231
38 0 0.000299827269675035
39 0 0.000373851081672649
40 0 0.000296817407393957
41 0 0.000325666021537718
42 0 0.000341975811695372
43 0 0.000421057055810969
44 0 0.000403728610326004
45 0 0.000419633822210552
46 0 0.000455891367843630
47 0 0.000477334506815752
48 0 0.000519062615420562
49 0 0.000577161950651273
50 0 0.000545802139289897
51 0 0.000547478860646877
52 0 0.000660393384469549
53 0 0.000739836389857751
54 0 0.000746053678337355
55 0 0.00070732858120337
56 0 0.000791099719164579
57 0 0.00088117472669158
58 0 0.000991724841098551
59 0 0.00106471279847553
60 0 0.00119912695420654
61 0 0.00120318018784549
62 0 0.00141648339982670
63 0 0.00147270367740515
64 0 0.00175093030441620
65 0 0.00195675548524565
66 0 0.00208951356432430
67 0 0.00202472925679476
68 0 0.00255673150093805
69 0 0.00284338105382187
70 0 0.00327752451178243
71 0 0.00322017461702984
72 0 0.00404425630244343
73 0 0.00451853684673975
74 0 0.00463159835666471
75 0 0.00554271966339548
76 0 0.00608668444409777
77 0 0.00699898406737809
78 0 0.0077315267000414
79 0 0.00815245696803502
80 0 0.00963355532595733
81 0 0.0104589910735018
82 0 0.0113643324678691
83 0 0.0128861796509931
84 0 0.0144727198906898
85 0 0.015671768069223
86 0 0.0185727741514685
87 0 0.0202077318824242
88 0 0.0218894191136358
89 0 0.0247690294453043
90 0 0.0260178562013512
91 0 0.0313338854236893
92 0 0.0371893757914854
93 0 0.0322068320496488
94 0 0.0422756888932204
95 0 0.0455985671418365
96 0 0.0350666602742342
97 0 0.0424881031899657
98 0 0.0501340244080818
99 0 0.0780428073990582
100 0 0.129174445921066

death 1 F single
1 0 0.00344676269262789
2 0 0.000472894691561421
3 0 0.000210660573680799
4 0 0.000156134008301057
5 0 0.00014336298720119
6 0 0.000130677213371788
7 0 0.00010539440576951
8 0 0.000112486232918596
9 0 0.000123583966888274
10 0 0.0000867914181428286
11 0 0.0000976357463379207
12 0 0.0000917963319376769
13 0 0.0000892104254029968
14 0 0.000124001201359247
15 0 0.000114655608204228
16 0 0.000170660095685449
17 0 0.000164398566459334
18 0 0.000203561082892323
19 0 0.000206317289932367
20 0 0.000229288932895866
21 0 0.000232463652904968
22 0 0.000262378302098853
23 0 0.000246166348294219
24 0 0.000226030782927822
25 0 0.000248756724111621
26 0 0.000272742096983136
27 0 0.000226866194862119
28 0 0.000265721332615154
29 0 0.000248589600863158
30 0 0.000277422907885350
31 0 0.000276252682558709
32 0 0.000242489812600111
33 0 0.000253269167985626
34 0 0.000274330202232553
35 0 0.000254522664378531
36 0 0.000293138822193062
37 0 0.000268479425365231
38 0 0.000299827269675035
39 0 0.000373851081672649
40 0 0.000296817407393957
41 0 0.000325666021537718
42 0 0.000341975811695372
43 0 0.000421057055810969
44 0 0.000403728610326004
45 0 0.000419633822210552
46 0 0.000455891367843630
47 0 0.000477334506815752
48 0 0.000519062615420562
49 0 0.000577161950651273
50 0 0.000545802139289897
51 0 0.000547478860646877
52 0 0.000660393384469549
53 0 0.000739836389857751
54 0 0.000746053678337355
55 0 0.00070732858120337
56 0 0.000791099719164579
57 0 0.00088117472669158
58 0 0.000991724841098551
59 0 0.00106471279847553
60 0 0.00119912695420654
61 0 0.00120318018784549
62 0 0.00141648339982670
63 0 0.00147270367740515
64 0 0.00175093030441620
65 0 0.00195675548524565
66 0 0.00208951356432430
67 0 0.00202472925679476
68 0 0.00255673150093805
69 0 0.00284338105382187
70 0 0.00327752451178243
71 0 0.00322017461702984
72 0 0.00404425630244343
73 0 0.00451853684673975
74 0 0.00463159835666471
75 0 0.00554271966339548
76 0 0.00608668444409777
77 0 0.00699898406737809
78 0 0.0077315267000414
79 0 0.00815245696803502
80 0 0.00963355532595733
81 0 0.0104589910735018
82 0 0.0113643324678691
83 0 0.0128861796509931
84 0 0.0144727198906898
85 0 0.015671768069223
86 0 0.0185727741514685
87 0 0.0202077318824242
88 0 0.0218894191136358
89 0 0.0247690294453043
90 0 0.0260178562013512
91 0 0.0313338854236893
92 0 0.0371893757914854
93 0 0.0322068320496488
94 0 0.0422756888932204
95 0 0.0455985671418365
96 0 0.0350666602742342
97 0 0.0424881031899657
98 0 0.0501340244080818
99 0 0.0780428073990582
100 0 0.129174445921066

death 1 F divorced
1 0 0.00344676269262789
2 0 0.000472894691561421
3 0 0.000210660573680799
4 0 0.000156134008301057
5 0 0.00014336298720119
6 0 0.000130677213371788
7 0 0.00010539440576951
8 0 0.000112486232918596
9 0 0.000123583966888274
10 0 0.0000867914181428286
11 0 0.0000976357463379207
12 0 0.0000917963319376769
13 0 0.0000892104254029968
14 0 0.000124001201359247
15 0 0.000114655608204228
16 0 0.000170660095685449
17 0 0.000164398566459334
18 0 0.000203561082892323
19 0 0.000206317289932367
20 0 0.000229288932895866
21 0 0.000232463652904968
22 0 0.000262378302098853
23 0 0.000246166348294219
24 0 0.000226030782927822
25 0 0.000248756724111621
26 0 0.000272742096983136
27 0 0.000226866194862119
28 0 0.000265721332615154
29 0 0.000248589600863158
30 0 0.000277422907885350
31 0 0.000276252682558709
32 0 0.000242489812600111
33 0 0.000253269167985626
34 0 0.000274330202232553
35 0 0.000254522664378531
36 0 0.000293138822193062
37 0 0.000268479425365231
38 0 0.000299827269675035
39 0 0.000373851081672649
40 0 0.000296817407393957
41 0 0.000325666021537718
42 0 0.000341975811695372
43 0 0.000421057055810969
44 0 0.000403728610326004
45 0 0.000419633822210552
46 0 0.000455891367843630
47 0 0.000477334506815752
48 0 0.000519062615420562
49 0 0.000577161950651273
50 0 0.000545802139289897
51 0 0.000547478860646877
52 0 0.000660393384469549
53 0 0.000739836389857751
54 0 0.000746053678337355
55 0 0.00070732858120337
56 0 0.000791099719164579
57 0 0.00088117472669158
58 0 0.000991724841098551
59 0 0.00106471279847553
60 0 0.00119912695420654
61 0 0.00120318018784549
62 0 0.00141648339982670
63 0 0.00147270367740515
64 0 0.00175093030441620
65 0 0.00195675548524565
66 0 0.00208951356432430
67 0 0.00202472925679476
68 0 0.00255673150093805
69 0 0.00284338105382187
70 0 0.00327752451178243
71 0 0.00322017461702984
72 0 0.00404425630244343
73 0 0.00451853684673975
74 0 0.00463159835666471
75 0 0.00554271966339548
76 0 0.00608668444409777
77 0 0.00699898406737809
78 0 0.0077315267000414
79 0 0.00815245696803502
80 0 0.00963355532595733
81 0 0.0104589910735018
82 0 0.0113643324678691
83 0 0.0128861796509931
84 0 0.0144727198906898
85 0 0.015671768069223
86 0 0.0185727741514685
87 0 0.0202077318824242
88 0 0.0218894191136358
89 0 0.0247690294453043
90 0 0.0260178562013512
91 0 0.0313338854236893
92 0 0.0371893757914854
93 0 0.0322068320496488
94 0 0.0422756888932204
95 0 0.0455985671418365
96 0 0.0350666602742342
97 0 0.0424881031899657
98 0 0.0501340244080818
99 0 0.0780428073990582
100 0 0.129174445921066

death 1 F widowed
1 0 0.00344676269262789
2 0 0.000472894691561421
3 0 0.000210660573680799
4 0 0.000156134008301057
5 0 0.00014336298720119
6 0 0.000130677213371788
7 0 0.00010539440576951
8 0 0.000112486232918596
9 0 0.000123583966888274
10 0 0.0000867914181428286
11 0 0.0000976357463379207
12 0 0.0000917963319376769
13 0 0.0000892104254029968
14 0 0.000124001201359247
15 0 0.000114655608204228
16 0 0.000170660095685449
17 0 0.000164398566459334
18 0 0.000203561082892323
19 0 0.000206317289932367
20 0 0.000229288932895866
21 0 0.000232463652904968
22 0 0.000262378302098853
23 0 0.000246166348294219
24 0 0.000226030782927822
25 0 0.000248756724111621
26 0 0.000272742096983136
27 0 0.000226866194862119
28 0 0.000265721332615154
29 0 0.000248589600863158
30 0 0.000277422907885350
31 0 0.000276252682558709
32 0 0.000242489812600111
33 0 0.000253269167985626
34 0 0.000274330202232553
35 0 0.000254522664378531
36 0 0.000293138822193062
37 0 0.000268479425365231
38 0 0.000299827269675035
39 0 0.000373851081672649
40 0 0.000296817407393957
41 0 0.000325666021537718
42 0 0.000341975811695372
43 0 0.000421057055810969
44 0 0.000403728610326004
45 0 0.000419633822210552
46 0 0.000455891367843630
47 0 0.000477334506815752
48 0 0.000519062615420562
49 0 0.000577161950651273
50 0 0.000545802139289897
51 0 0.000547478860646877
52 0 0.000660393384469549
53 0 0.000739836389857751
54 0 0.000746053678337355
55 0 0.00070732858120337
56 0 0.000791099719164579
57 0 0.00088117472669158
58 0 0.000991724841098551
59 0 0.00106471279847553
60 0 0.00119912695420654
61 0 0.00120318018784549
62 0 0.00141648339982670
63 0 0.00147270367740515
64 0 0.00175093030441620
65 0 0.00195675548524565
66 0 0.00208951356432430
67 0 0.00202472925679476
68 0 0.00255673150093805
69 0 0.00284338105382187
70 0 0.00327752451178243
71 0 0.00322017461702984
72 0 0.00404425630244343
73 0 0.00451853684673975
74 0 0.00463159835666471
75 0 0.00554271966339548
76 0 0.00608668444409777
77 0 0.00699898406737809
78 0 0.0077315267000414
79 0 0.00815245696803502
80 0 0.00963355532595733
81 0 0.0104589910735018
82 0 0.0113643324678691
83 0 0.0128861796509931
84 0 0.0144727198906898
85 0 0.015671768069223
86 0 0.0185727741514685
87 0 0.0202077318824242
88 0 0.0218894191136358
89 0 0.0247690294453043
90 0 0.0260178562013512
91 0 0.0313338854236893
92 0 0.0371893757914854
93 0 0.0322068320496488
94 0 0.0422756888932204
95 0 0.0455985671418365
96 0 0.0350666602742342
97 0 0.0424881031899657
98 0 0.0501340244080818
99 0 0.0780428073990582
100 0 0.129174445921066
