*Period monthly mortality rates for SWE in 1758 
* Mon Dec 20 14:18:43 2010
death 1 M married
1 0 0.0254107624788278
2 0 0.00622501858513202
3 0 0.00373615905657054
4 0 0.00266273515091209
5 0 0.00243278901226374
6 0 0.00214879763371967
7 0 0.00159720644340700
8 0 0.00116738288219342
9 0 0.000864263083070527
10 0 0.000698006782420935
11 0 0.000634711038445146
12 0 0.000635885889271992
13 0 0.000640249753933064
14 0 0.000643354939119933
15 0 0.000646124518155489
16 0 0.000646879872545969
17 0 0.000638739161675783
18 0 0.00065569280450628
19 0 0.000696999077681726
20 0 0.000764371947758802
21 0 0.000850635094371
22 0 0.00096291664687198
23 0 0.00105543855783852
24 0 0.00112679028123364
25 0 0.00118316910530691
26 0 0.00122615193008002
27 0 0.00119026113636056
28 0 0.00115911098414412
29 0 0.00113438419051337
30 0 0.00111481007121483
31 0 0.00109422804876924
32 0 0.00114737968627421
33 0 0.00119912695420654
34 0 0.00124591903649063
35 0 0.00128850896492083
36 0 0.00132384672649055
37 0 0.00130685244972428
38 0 0.00132968131620748
39 0 0.00139075561038127
40 0 0.00148574769335708
41 0 0.00159737606670107
42 0 0.00175806683384205
43 0 0.00189810728962558
44 0 0.00200453624077890
45 0 0.00207851402022863
46 0 0.00213770558113691
47 0 0.00211109018718048
48 0 0.00214052112758101
49 0 0.00219394774938309
50 0 0.00226261216014478
51 0 0.00235646924595112
52 0 0.00264883440948882
53 0 0.00297701387983473
54 0 0.00327536459598676
55 0 0.00351620977818123
56 0 0.00372530518457559
57 0 0.00363652594317887
58 0 0.00359637389497969
59 0 0.0036277655551038
60 0 0.00376838101020305
61 0 0.00394062839666343
62 0 0.0043399422846917
63 0 0.00474541597569189
64 0 0.0050806793620416
65 0 0.00531913631991698
66 0 0.00552774965463987
67 0 0.00572734676250808
68 0 0.00599591468434924
69 0 0.00628144764438088
70 0 0.00673729549288637
71 0 0.00740167090632482
72 0 0.00843209944418599
73 0 0.00955489031331536
74 0 0.010696549033836
75 0 0.0117234777069415
76 0 0.0127180445266090
77 0 0.0131285175000077
78 0 0.0138721160388171
79 0 0.014935859350247
80 0 0.0165443388500702
81 0 0.0146293817397721
82 0 0.0161525321394433
83 0 0.0179412465467925
84 0 0.0199201841513671
85 0 0.0218538142700241
86 0 0.0232876324117681
87 0 0.0242608665213826
88 0 0.0251164851034659
89 0 0.0263331410013754
90 0 0.0285034201775141
91 0 0.0318741773271627
92 0 0.0347770034260784
93 0 0.0378030914699445
94 0 0.0413131273232809
95 0 0.0455789359428688
96 0 0.0496488173376135
97 0 0.0533685273970198
98 0 0.0585072934194542
99 0 0.0664550485182287
100 0 0.081592841604731

death 1 M single
1 0 0.0254107624788278
2 0 0.00622501858513202
3 0 0.00373615905657054
4 0 0.00266273515091209
5 0 0.00243278901226374
6 0 0.00214879763371967
7 0 0.00159720644340700
8 0 0.00116738288219342
9 0 0.000864263083070527
10 0 0.000698006782420935
11 0 0.000634711038445146
12 0 0.000635885889271992
13 0 0.000640249753933064
14 0 0.000643354939119933
15 0 0.000646124518155489
16 0 0.000646879872545969
17 0 0.000638739161675783
18 0 0.00065569280450628
19 0 0.000696999077681726
20 0 0.000764371947758802
21 0 0.000850635094371
22 0 0.00096291664687198
23 0 0.00105543855783852
24 0 0.00112679028123364
25 0 0.00118316910530691
26 0 0.00122615193008002
27 0 0.00119026113636056
28 0 0.00115911098414412
29 0 0.00113438419051337
30 0 0.00111481007121483
31 0 0.00109422804876924
32 0 0.00114737968627421
33 0 0.00119912695420654
34 0 0.00124591903649063
35 0 0.00128850896492083
36 0 0.00132384672649055
37 0 0.00130685244972428
38 0 0.00132968131620748
39 0 0.00139075561038127
40 0 0.00148574769335708
41 0 0.00159737606670107
42 0 0.00175806683384205
43 0 0.00189810728962558
44 0 0.00200453624077890
45 0 0.00207851402022863
46 0 0.00213770558113691
47 0 0.00211109018718048
48 0 0.00214052112758101
49 0 0.00219394774938309
50 0 0.00226261216014478
51 0 0.00235646924595112
52 0 0.00264883440948882
53 0 0.00297701387983473
54 0 0.00327536459598676
55 0 0.00351620977818123
56 0 0.00372530518457559
57 0 0.00363652594317887
58 0 0.00359637389497969
59 0 0.0036277655551038
60 0 0.00376838101020305
61 0 0.00394062839666343
62 0 0.0043399422846917
63 0 0.00474541597569189
64 0 0.0050806793620416
65 0 0.00531913631991698
66 0 0.00552774965463987
67 0 0.00572734676250808
68 0 0.00599591468434924
69 0 0.00628144764438088
70 0 0.00673729549288637
71 0 0.00740167090632482
72 0 0.00843209944418599
73 0 0.00955489031331536
74 0 0.010696549033836
75 0 0.0117234777069415
76 0 0.0127180445266090
77 0 0.0131285175000077
78 0 0.0138721160388171
79 0 0.014935859350247
80 0 0.0165443388500702
81 0 0.0146293817397721
82 0 0.0161525321394433
83 0 0.0179412465467925
84 0 0.0199201841513671
85 0 0.0218538142700241
86 0 0.0232876324117681
87 0 0.0242608665213826
88 0 0.0251164851034659
89 0 0.0263331410013754
90 0 0.0285034201775141
91 0 0.0318741773271627
92 0 0.0347770034260784
93 0 0.0378030914699445
94 0 0.0413131273232809
95 0 0.0455789359428688
96 0 0.0496488173376135
97 0 0.0533685273970198
98 0 0.0585072934194542
99 0 0.0664550485182287
100 0 0.081592841604731

death 1 M divorced
1 0 0.0254107624788278
2 0 0.00622501858513202
3 0 0.00373615905657054
4 0 0.00266273515091209
5 0 0.00243278901226374
6 0 0.00214879763371967
7 0 0.00159720644340700
8 0 0.00116738288219342
9 0 0.000864263083070527
10 0 0.000698006782420935
11 0 0.000634711038445146
12 0 0.000635885889271992
13 0 0.000640249753933064
14 0 0.000643354939119933
15 0 0.000646124518155489
16 0 0.000646879872545969
17 0 0.000638739161675783
18 0 0.00065569280450628
19 0 0.000696999077681726
20 0 0.000764371947758802
21 0 0.000850635094371
22 0 0.00096291664687198
23 0 0.00105543855783852
24 0 0.00112679028123364
25 0 0.00118316910530691
26 0 0.00122615193008002
27 0 0.00119026113636056
28 0 0.00115911098414412
29 0 0.00113438419051337
30 0 0.00111481007121483
31 0 0.00109422804876924
32 0 0.00114737968627421
33 0 0.00119912695420654
34 0 0.00124591903649063
35 0 0.00128850896492083
36 0 0.00132384672649055
37 0 0.00130685244972428
38 0 0.00132968131620748
39 0 0.00139075561038127
40 0 0.00148574769335708
41 0 0.00159737606670107
42 0 0.00175806683384205
43 0 0.00189810728962558
44 0 0.00200453624077890
45 0 0.00207851402022863
46 0 0.00213770558113691
47 0 0.00211109018718048
48 0 0.00214052112758101
49 0 0.00219394774938309
50 0 0.00226261216014478
51 0 0.00235646924595112
52 0 0.00264883440948882
53 0 0.00297701387983473
54 0 0.00327536459598676
55 0 0.00351620977818123
56 0 0.00372530518457559
57 0 0.00363652594317887
58 0 0.00359637389497969
59 0 0.0036277655551038
60 0 0.00376838101020305
61 0 0.00394062839666343
62 0 0.0043399422846917
63 0 0.00474541597569189
64 0 0.0050806793620416
65 0 0.00531913631991698
66 0 0.00552774965463987
67 0 0.00572734676250808
68 0 0.00599591468434924
69 0 0.00628144764438088
70 0 0.00673729549288637
71 0 0.00740167090632482
72 0 0.00843209944418599
73 0 0.00955489031331536
74 0 0.010696549033836
75 0 0.0117234777069415
76 0 0.0127180445266090
77 0 0.0131285175000077
78 0 0.0138721160388171
79 0 0.014935859350247
80 0 0.0165443388500702
81 0 0.0146293817397721
82 0 0.0161525321394433
83 0 0.0179412465467925
84 0 0.0199201841513671
85 0 0.0218538142700241
86 0 0.0232876324117681
87 0 0.0242608665213826
88 0 0.0251164851034659
89 0 0.0263331410013754
90 0 0.0285034201775141
91 0 0.0318741773271627
92 0 0.0347770034260784
93 0 0.0378030914699445
94 0 0.0413131273232809
95 0 0.0455789359428688
96 0 0.0496488173376135
97 0 0.0533685273970198
98 0 0.0585072934194542
99 0 0.0664550485182287
100 0 0.081592841604731

death 1 M widowed
1 0 0.0254107624788278
2 0 0.00622501858513202
3 0 0.00373615905657054
4 0 0.00266273515091209
5 0 0.00243278901226374
6 0 0.00214879763371967
7 0 0.00159720644340700
8 0 0.00116738288219342
9 0 0.000864263083070527
10 0 0.000698006782420935
11 0 0.000634711038445146
12 0 0.000635885889271992
13 0 0.000640249753933064
14 0 0.000643354939119933
15 0 0.000646124518155489
16 0 0.000646879872545969
17 0 0.000638739161675783
18 0 0.00065569280450628
19 0 0.000696999077681726
20 0 0.000764371947758802
21 0 0.000850635094371
22 0 0.00096291664687198
23 0 0.00105543855783852
24 0 0.00112679028123364
25 0 0.00118316910530691
26 0 0.00122615193008002
27 0 0.00119026113636056
28 0 0.00115911098414412
29 0 0.00113438419051337
30 0 0.00111481007121483
31 0 0.00109422804876924
32 0 0.00114737968627421
33 0 0.00119912695420654
34 0 0.00124591903649063
35 0 0.00128850896492083
36 0 0.00132384672649055
37 0 0.00130685244972428
38 0 0.00132968131620748
39 0 0.00139075561038127
40 0 0.00148574769335708
41 0 0.00159737606670107
42 0 0.00175806683384205
43 0 0.00189810728962558
44 0 0.00200453624077890
45 0 0.00207851402022863
46 0 0.00213770558113691
47 0 0.00211109018718048
48 0 0.00214052112758101
49 0 0.00219394774938309
50 0 0.00226261216014478
51 0 0.00235646924595112
52 0 0.00264883440948882
53 0 0.00297701387983473
54 0 0.00327536459598676
55 0 0.00351620977818123
56 0 0.00372530518457559
57 0 0.00363652594317887
58 0 0.00359637389497969
59 0 0.0036277655551038
60 0 0.00376838101020305
61 0 0.00394062839666343
62 0 0.0043399422846917
63 0 0.00474541597569189
64 0 0.0050806793620416
65 0 0.00531913631991698
66 0 0.00552774965463987
67 0 0.00572734676250808
68 0 0.00599591468434924
69 0 0.00628144764438088
70 0 0.00673729549288637
71 0 0.00740167090632482
72 0 0.00843209944418599
73 0 0.00955489031331536
74 0 0.010696549033836
75 0 0.0117234777069415
76 0 0.0127180445266090
77 0 0.0131285175000077
78 0 0.0138721160388171
79 0 0.014935859350247
80 0 0.0165443388500702
81 0 0.0146293817397721
82 0 0.0161525321394433
83 0 0.0179412465467925
84 0 0.0199201841513671
85 0 0.0218538142700241
86 0 0.0232876324117681
87 0 0.0242608665213826
88 0 0.0251164851034659
89 0 0.0263331410013754
90 0 0.0285034201775141
91 0 0.0318741773271627
92 0 0.0347770034260784
93 0 0.0378030914699445
94 0 0.0413131273232809
95 0 0.0455789359428688
96 0 0.0496488173376135
97 0 0.0533685273970198
98 0 0.0585072934194542
99 0 0.0664550485182287
100 0 0.081592841604731

death 1 F married
1 0 0.0212211552369114
2 0 0.00596600469262509
3 0 0.00351759579798672
4 0 0.00239693125764728
5 0 0.00227551388793978
6 0 0.0020902810241491
7 0 0.00152167077565579
8 0 0.00108748086004229
9 0 0.000799085956615042
10 0 0.00064503346178979
11 0 0.000580013379391398
12 0 0.000566931089998723
13 0 0.000558462150689776
14 0 0.000557791377354122
15 0 0.000566511817004733
16 0 0.000578419922887652
17 0 0.000560222954257505
18 0 0.000553850684012036
19 0 0.000558965233941389
20 0 0.000576742630442939
21 0 0.000602492480412997
22 0 0.000658630638482038
23 0 0.000711443913840148
24 0 0.000766388863711387
25 0 0.000831626624154036
26 0 0.000903812650434044
27 0 0.000935717295769911
28 0 0.00097521376402132
29 0 0.00102054217631986
30 0 0.00107432528375473
31 0 0.00112873088653020
32 0 0.00122919274328293
33 0 0.00128631137663859
34 0 0.00129112923585561
35 0 0.00124110357563034
36 0 0.00114898315555334
37 0 0.00104329916504597
38 0 0.00102062645094303
39 0 0.00107373501410912
40 0 0.00121052713501668
41 0 0.00140810414144477
42 0 0.00162324733005781
43 0 0.00177531576395318
44 0 0.00184468446169683
45 0 0.00182291602389728
46 0 0.00174099107357262
47 0 0.00163088288265301
48 0 0.00161620622309211
49 0 0.00167441780283684
50 0 0.00179996278145855
51 0 0.00197429772348012
52 0 0.00229021213186653
53 0 0.00258330653599748
54 0 0.00280314910298973
55 0 0.00291400206501891
56 0 0.00295660771781581
57 0 0.00277900131528186
58 0 0.00273965677961496
59 0 0.00284811034040566
60 0 0.00311524230856852
61 0 0.00346052665007768
62 0 0.00407257867256861
63 0 0.00468397002534537
64 0 0.00517926887659126
65 0 0.0054222327135669
66 0 0.00545833539056839
67 0 0.00536739838477684
68 0 0.00548409390465143
69 0 0.00585935293133522
70 0 0.00663564750449264
71 0 0.0078261489160022
72 0 0.00933861493569743
73 0 0.0108901689742622
74 0 0.0121948217814100
75 0 0.0130563636797878
76 0 0.0136277634821883
77 0 0.0137559703877287
78 0 0.014257951339261
79 0 0.0152137922685442
80 0 0.0165132072890352
81 0 0.0147671767163750
82 0 0.0164700814629515
83 0 0.0182874822969612
84 0 0.0200647272456098
85 0 0.0215486232261037
86 0 0.0224483135595724
87 0 0.0230562945792251
88 0 0.0237460453060103
89 0 0.0248016486045330
90 0 0.0265413798004935
91 0 0.0315702851435883
92 0 0.0346131938745259
93 0 0.0379390533423133
94 0 0.0417560344926341
95 0 0.046147109468883
96 0 0.0511389687407906
97 0 0.0567991035597847
98 0 0.0631624789328853
99 0 0.070306093832532
100 0 0.0802973361295193

death 1 F single
1 0 0.0212211552369114
2 0 0.00596600469262509
3 0 0.00351759579798672
4 0 0.00239693125764728
5 0 0.00227551388793978
6 0 0.0020902810241491
7 0 0.00152167077565579
8 0 0.00108748086004229
9 0 0.000799085956615042
10 0 0.00064503346178979
11 0 0.000580013379391398
12 0 0.000566931089998723
13 0 0.000558462150689776
14 0 0.000557791377354122
15 0 0.000566511817004733
16 0 0.000578419922887652
17 0 0.000560222954257505
18 0 0.000553850684012036
19 0 0.000558965233941389
20 0 0.000576742630442939
21 0 0.000602492480412997
22 0 0.000658630638482038
23 0 0.000711443913840148
24 0 0.000766388863711387
25 0 0.000831626624154036
26 0 0.000903812650434044
27 0 0.000935717295769911
28 0 0.00097521376402132
29 0 0.00102054217631986
30 0 0.00107432528375473
31 0 0.00112873088653020
32 0 0.00122919274328293
33 0 0.00128631137663859
34 0 0.00129112923585561
35 0 0.00124110357563034
36 0 0.00114898315555334
37 0 0.00104329916504597
38 0 0.00102062645094303
39 0 0.00107373501410912
40 0 0.00121052713501668
41 0 0.00140810414144477
42 0 0.00162324733005781
43 0 0.00177531576395318
44 0 0.00184468446169683
45 0 0.00182291602389728
46 0 0.00174099107357262
47 0 0.00163088288265301
48 0 0.00161620622309211
49 0 0.00167441780283684
50 0 0.00179996278145855
51 0 0.00197429772348012
52 0 0.00229021213186653
53 0 0.00258330653599748
54 0 0.00280314910298973
55 0 0.00291400206501891
56 0 0.00295660771781581
57 0 0.00277900131528186
58 0 0.00273965677961496
59 0 0.00284811034040566
60 0 0.00311524230856852
61 0 0.00346052665007768
62 0 0.00407257867256861
63 0 0.00468397002534537
64 0 0.00517926887659126
65 0 0.0054222327135669
66 0 0.00545833539056839
67 0 0.00536739838477684
68 0 0.00548409390465143
69 0 0.00585935293133522
70 0 0.00663564750449264
71 0 0.0078261489160022
72 0 0.00933861493569743
73 0 0.0108901689742622
74 0 0.0121948217814100
75 0 0.0130563636797878
76 0 0.0136277634821883
77 0 0.0137559703877287
78 0 0.014257951339261
79 0 0.0152137922685442
80 0 0.0165132072890352
81 0 0.0147671767163750
82 0 0.0164700814629515
83 0 0.0182874822969612
84 0 0.0200647272456098
85 0 0.0215486232261037
86 0 0.0224483135595724
87 0 0.0230562945792251
88 0 0.0237460453060103
89 0 0.0248016486045330
90 0 0.0265413798004935
91 0 0.0315702851435883
92 0 0.0346131938745259
93 0 0.0379390533423133
94 0 0.0417560344926341
95 0 0.046147109468883
96 0 0.0511389687407906
97 0 0.0567991035597847
98 0 0.0631624789328853
99 0 0.070306093832532
100 0 0.0802973361295193

death 1 F divorced
1 0 0.0212211552369114
2 0 0.00596600469262509
3 0 0.00351759579798672
4 0 0.00239693125764728
5 0 0.00227551388793978
6 0 0.0020902810241491
7 0 0.00152167077565579
8 0 0.00108748086004229
9 0 0.000799085956615042
10 0 0.00064503346178979
11 0 0.000580013379391398
12 0 0.000566931089998723
13 0 0.000558462150689776
14 0 0.000557791377354122
15 0 0.000566511817004733
16 0 0.000578419922887652
17 0 0.000560222954257505
18 0 0.000553850684012036
19 0 0.000558965233941389
20 0 0.000576742630442939
21 0 0.000602492480412997
22 0 0.000658630638482038
23 0 0.000711443913840148
24 0 0.000766388863711387
25 0 0.000831626624154036
26 0 0.000903812650434044
27 0 0.000935717295769911
28 0 0.00097521376402132
29 0 0.00102054217631986
30 0 0.00107432528375473
31 0 0.00112873088653020
32 0 0.00122919274328293
33 0 0.00128631137663859
34 0 0.00129112923585561
35 0 0.00124110357563034
36 0 0.00114898315555334
37 0 0.00104329916504597
38 0 0.00102062645094303
39 0 0.00107373501410912
40 0 0.00121052713501668
41 0 0.00140810414144477
42 0 0.00162324733005781
43 0 0.00177531576395318
44 0 0.00184468446169683
45 0 0.00182291602389728
46 0 0.00174099107357262
47 0 0.00163088288265301
48 0 0.00161620622309211
49 0 0.00167441780283684
50 0 0.00179996278145855
51 0 0.00197429772348012
52 0 0.00229021213186653
53 0 0.00258330653599748
54 0 0.00280314910298973
55 0 0.00291400206501891
56 0 0.00295660771781581
57 0 0.00277900131528186
58 0 0.00273965677961496
59 0 0.00284811034040566
60 0 0.00311524230856852
61 0 0.00346052665007768
62 0 0.00407257867256861
63 0 0.00468397002534537
64 0 0.00517926887659126
65 0 0.0054222327135669
66 0 0.00545833539056839
67 0 0.00536739838477684
68 0 0.00548409390465143
69 0 0.00585935293133522
70 0 0.00663564750449264
71 0 0.0078261489160022
72 0 0.00933861493569743
73 0 0.0108901689742622
74 0 0.0121948217814100
75 0 0.0130563636797878
76 0 0.0136277634821883
77 0 0.0137559703877287
78 0 0.014257951339261
79 0 0.0152137922685442
80 0 0.0165132072890352
81 0 0.0147671767163750
82 0 0.0164700814629515
83 0 0.0182874822969612
84 0 0.0200647272456098
85 0 0.0215486232261037
86 0 0.0224483135595724
87 0 0.0230562945792251
88 0 0.0237460453060103
89 0 0.0248016486045330
90 0 0.0265413798004935
91 0 0.0315702851435883
92 0 0.0346131938745259
93 0 0.0379390533423133
94 0 0.0417560344926341
95 0 0.046147109468883
96 0 0.0511389687407906
97 0 0.0567991035597847
98 0 0.0631624789328853
99 0 0.070306093832532
100 0 0.0802973361295193

death 1 F widowed
1 0 0.0212211552369114
2 0 0.00596600469262509
3 0 0.00351759579798672
4 0 0.00239693125764728
5 0 0.00227551388793978
6 0 0.0020902810241491
7 0 0.00152167077565579
8 0 0.00108748086004229
9 0 0.000799085956615042
10 0 0.00064503346178979
11 0 0.000580013379391398
12 0 0.000566931089998723
13 0 0.000558462150689776
14 0 0.000557791377354122
15 0 0.000566511817004733
16 0 0.000578419922887652
17 0 0.000560222954257505
18 0 0.000553850684012036
19 0 0.000558965233941389
20 0 0.000576742630442939
21 0 0.000602492480412997
22 0 0.000658630638482038
23 0 0.000711443913840148
24 0 0.000766388863711387
25 0 0.000831626624154036
26 0 0.000903812650434044
27 0 0.000935717295769911
28 0 0.00097521376402132
29 0 0.00102054217631986
30 0 0.00107432528375473
31 0 0.00112873088653020
32 0 0.00122919274328293
33 0 0.00128631137663859
34 0 0.00129112923585561
35 0 0.00124110357563034
36 0 0.00114898315555334
37 0 0.00104329916504597
38 0 0.00102062645094303
39 0 0.00107373501410912
40 0 0.00121052713501668
41 0 0.00140810414144477
42 0 0.00162324733005781
43 0 0.00177531576395318
44 0 0.00184468446169683
45 0 0.00182291602389728
46 0 0.00174099107357262
47 0 0.00163088288265301
48 0 0.00161620622309211
49 0 0.00167441780283684
50 0 0.00179996278145855
51 0 0.00197429772348012
52 0 0.00229021213186653
53 0 0.00258330653599748
54 0 0.00280314910298973
55 0 0.00291400206501891
56 0 0.00295660771781581
57 0 0.00277900131528186
58 0 0.00273965677961496
59 0 0.00284811034040566
60 0 0.00311524230856852
61 0 0.00346052665007768
62 0 0.00407257867256861
63 0 0.00468397002534537
64 0 0.00517926887659126
65 0 0.0054222327135669
66 0 0.00545833539056839
67 0 0.00536739838477684
68 0 0.00548409390465143
69 0 0.00585935293133522
70 0 0.00663564750449264
71 0 0.0078261489160022
72 0 0.00933861493569743
73 0 0.0108901689742622
74 0 0.0121948217814100
75 0 0.0130563636797878
76 0 0.0136277634821883
77 0 0.0137559703877287
78 0 0.014257951339261
79 0 0.0152137922685442
80 0 0.0165132072890352
81 0 0.0147671767163750
82 0 0.0164700814629515
83 0 0.0182874822969612
84 0 0.0200647272456098
85 0 0.0215486232261037
86 0 0.0224483135595724
87 0 0.0230562945792251
88 0 0.0237460453060103
89 0 0.0248016486045330
90 0 0.0265413798004935
91 0 0.0315702851435883
92 0 0.0346131938745259
93 0 0.0379390533423133
94 0 0.0417560344926341
95 0 0.046147109468883
96 0 0.0511389687407906
97 0 0.0567991035597847
98 0 0.0631624789328853
99 0 0.070306093832532
100 0 0.0802973361295193
