*Period monthly mortality rates for SWE in 1823 
* Mon Dec 20 14:19:32 2010
death 1 M married
1 0 0.0173139528639441
2 0 0.00302723087610868
3 0 0.00218942318971427
4 0 0.00115446892248605
5 0 0.000604589695113456
6 0 0.00051604548298112
7 0 0.000492666102853034
8 0 0.000468036274396177
9 0 0.000449526409956769
10 0 0.000421308216995597
11 0 0.000371759185747278
12 0 0.000319644685001563
13 0 0.000290129181409804
14 0 0.000283859416534749
15 0 0.000293306027381091
16 0 0.000298823971172202
17 0 0.000308272137695687
18 0 0.000335702469075994
19 0 0.000380796521490145
20 0 0.000436546627543222
21 0 0.000479345060556469
22 0 0.000517637845950714
23 0 0.000569782197669566
24 0 0.000621285250725911
25 0 0.000648978112138598
26 0 0.000654937376839082
27 0 0.00066030944340878
28 0 0.000679282095332634
29 0 0.000699350406128119
30 0 0.000704389172026532
31 0 0.000706404756642187
32 0 0.00073487966741681
33 0 0.000784122844257329
34 0 0.000836672732834054
35 0 0.00084920511532549
36 0 0.000842307885508764
37 0 0.000858542443746502
38 0 0.000905075154289614
39 0 0.000976224560032435
40 0 0.00106623049166621
41 0 0.00118114291245675
42 0 0.00130161107587856
43 0 0.00138110956881421
44 0 0.00143959384747916
45 0 0.00149040672477263
46 0 0.00156337293453479
47 0 0.00164641048753511
48 0 0.00174744720219022
49 0 0.00183269416829246
50 0 0.00183354449151518
51 0 0.00188066485108507
52 0 0.00197182797995032
53 0 0.00200070263145802
54 0 0.00211194312356122
55 0 0.00229363066952670
56 0 0.00255167455379268
57 0 0.00269191647862299
58 0 0.00280314910298973
59 0 0.00297761666333674
60 0 0.00314862452674014
61 0 0.00331788120561816
62 0 0.00355589298217285
63 0 0.00382746989587257
64 0 0.00411991859348027
65 0 0.00443632732414312
66 0 0.00473040175561212
67 0 0.00497577051312459
68 0 0.00522330731786058
69 0 0.00550507791199806
70 0 0.00599974316579599
71 0 0.00668354148039341
72 0 0.00752274668464903
73 0 0.00824423602894453
74 0 0.0089925280833385
75 0 0.00989599067372882
76 0 0.0105002563901263
77 0 0.0110748810831129
78 0 0.011895842545804
79 0 0.0130854494271349
80 0 0.0146171326622833
81 0 0.0146364379687151
82 0 0.0164101800918695
83 0 0.0186263552641290
84 0 0.0213229238406184
85 0 0.0242417618717830
86 0 0.0268507810929333
87 0 0.0289973294601765
88 0 0.030176134374968
89 0 0.0300534156924335
90 0 0.0294695801279913
91 0 0.0295605319847564
92 0 0.0299717368415316
93 0 0.0309274754977321
94 0 0.0331365628957334
95 0 0.0377987625117164
96 0 0.0482887233992152
97 0 0.0657250744164929
98 0 0.0758844564662906
99 0 0.0554483059964642
100 0 0.0231504825701518

death 1 M single
1 0 0.0173139528639441
2 0 0.00302723087610868
3 0 0.00218942318971427
4 0 0.00115446892248605
5 0 0.000604589695113456
6 0 0.00051604548298112
7 0 0.000492666102853034
8 0 0.000468036274396177
9 0 0.000449526409956769
10 0 0.000421308216995597
11 0 0.000371759185747278
12 0 0.000319644685001563
13 0 0.000290129181409804
14 0 0.000283859416534749
15 0 0.000293306027381091
16 0 0.000298823971172202
17 0 0.000308272137695687
18 0 0.000335702469075994
19 0 0.000380796521490145
20 0 0.000436546627543222
21 0 0.000479345060556469
22 0 0.000517637845950714
23 0 0.000569782197669566
24 0 0.000621285250725911
25 0 0.000648978112138598
26 0 0.000654937376839082
27 0 0.00066030944340878
28 0 0.000679282095332634
29 0 0.000699350406128119
30 0 0.000704389172026532
31 0 0.000706404756642187
32 0 0.00073487966741681
33 0 0.000784122844257329
34 0 0.000836672732834054
35 0 0.00084920511532549
36 0 0.000842307885508764
37 0 0.000858542443746502
38 0 0.000905075154289614
39 0 0.000976224560032435
40 0 0.00106623049166621
41 0 0.00118114291245675
42 0 0.00130161107587856
43 0 0.00138110956881421
44 0 0.00143959384747916
45 0 0.00149040672477263
46 0 0.00156337293453479
47 0 0.00164641048753511
48 0 0.00174744720219022
49 0 0.00183269416829246
50 0 0.00183354449151518
51 0 0.00188066485108507
52 0 0.00197182797995032
53 0 0.00200070263145802
54 0 0.00211194312356122
55 0 0.00229363066952670
56 0 0.00255167455379268
57 0 0.00269191647862299
58 0 0.00280314910298973
59 0 0.00297761666333674
60 0 0.00314862452674014
61 0 0.00331788120561816
62 0 0.00355589298217285
63 0 0.00382746989587257
64 0 0.00411991859348027
65 0 0.00443632732414312
66 0 0.00473040175561212
67 0 0.00497577051312459
68 0 0.00522330731786058
69 0 0.00550507791199806
70 0 0.00599974316579599
71 0 0.00668354148039341
72 0 0.00752274668464903
73 0 0.00824423602894453
74 0 0.0089925280833385
75 0 0.00989599067372882
76 0 0.0105002563901263
77 0 0.0110748810831129
78 0 0.011895842545804
79 0 0.0130854494271349
80 0 0.0146171326622833
81 0 0.0146364379687151
82 0 0.0164101800918695
83 0 0.0186263552641290
84 0 0.0213229238406184
85 0 0.0242417618717830
86 0 0.0268507810929333
87 0 0.0289973294601765
88 0 0.030176134374968
89 0 0.0300534156924335
90 0 0.0294695801279913
91 0 0.0295605319847564
92 0 0.0299717368415316
93 0 0.0309274754977321
94 0 0.0331365628957334
95 0 0.0377987625117164
96 0 0.0482887233992152
97 0 0.0657250744164929
98 0 0.0758844564662906
99 0 0.0554483059964642
100 0 0.0231504825701518

death 1 M divorced
1 0 0.0173139528639441
2 0 0.00302723087610868
3 0 0.00218942318971427
4 0 0.00115446892248605
5 0 0.000604589695113456
6 0 0.00051604548298112
7 0 0.000492666102853034
8 0 0.000468036274396177
9 0 0.000449526409956769
10 0 0.000421308216995597
11 0 0.000371759185747278
12 0 0.000319644685001563
13 0 0.000290129181409804
14 0 0.000283859416534749
15 0 0.000293306027381091
16 0 0.000298823971172202
17 0 0.000308272137695687
18 0 0.000335702469075994
19 0 0.000380796521490145
20 0 0.000436546627543222
21 0 0.000479345060556469
22 0 0.000517637845950714
23 0 0.000569782197669566
24 0 0.000621285250725911
25 0 0.000648978112138598
26 0 0.000654937376839082
27 0 0.00066030944340878
28 0 0.000679282095332634
29 0 0.000699350406128119
30 0 0.000704389172026532
31 0 0.000706404756642187
32 0 0.00073487966741681
33 0 0.000784122844257329
34 0 0.000836672732834054
35 0 0.00084920511532549
36 0 0.000842307885508764
37 0 0.000858542443746502
38 0 0.000905075154289614
39 0 0.000976224560032435
40 0 0.00106623049166621
41 0 0.00118114291245675
42 0 0.00130161107587856
43 0 0.00138110956881421
44 0 0.00143959384747916
45 0 0.00149040672477263
46 0 0.00156337293453479
47 0 0.00164641048753511
48 0 0.00174744720219022
49 0 0.00183269416829246
50 0 0.00183354449151518
51 0 0.00188066485108507
52 0 0.00197182797995032
53 0 0.00200070263145802
54 0 0.00211194312356122
55 0 0.00229363066952670
56 0 0.00255167455379268
57 0 0.00269191647862299
58 0 0.00280314910298973
59 0 0.00297761666333674
60 0 0.00314862452674014
61 0 0.00331788120561816
62 0 0.00355589298217285
63 0 0.00382746989587257
64 0 0.00411991859348027
65 0 0.00443632732414312
66 0 0.00473040175561212
67 0 0.00497577051312459
68 0 0.00522330731786058
69 0 0.00550507791199806
70 0 0.00599974316579599
71 0 0.00668354148039341
72 0 0.00752274668464903
73 0 0.00824423602894453
74 0 0.0089925280833385
75 0 0.00989599067372882
76 0 0.0105002563901263
77 0 0.0110748810831129
78 0 0.011895842545804
79 0 0.0130854494271349
80 0 0.0146171326622833
81 0 0.0146364379687151
82 0 0.0164101800918695
83 0 0.0186263552641290
84 0 0.0213229238406184
85 0 0.0242417618717830
86 0 0.0268507810929333
87 0 0.0289973294601765
88 0 0.030176134374968
89 0 0.0300534156924335
90 0 0.0294695801279913
91 0 0.0295605319847564
92 0 0.0299717368415316
93 0 0.0309274754977321
94 0 0.0331365628957334
95 0 0.0377987625117164
96 0 0.0482887233992152
97 0 0.0657250744164929
98 0 0.0758844564662906
99 0 0.0554483059964642
100 0 0.0231504825701518

death 1 M widowed
1 0 0.0173139528639441
2 0 0.00302723087610868
3 0 0.00218942318971427
4 0 0.00115446892248605
5 0 0.000604589695113456
6 0 0.00051604548298112
7 0 0.000492666102853034
8 0 0.000468036274396177
9 0 0.000449526409956769
10 0 0.000421308216995597
11 0 0.000371759185747278
12 0 0.000319644685001563
13 0 0.000290129181409804
14 0 0.000283859416534749
15 0 0.000293306027381091
16 0 0.000298823971172202
17 0 0.000308272137695687
18 0 0.000335702469075994
19 0 0.000380796521490145
20 0 0.000436546627543222
21 0 0.000479345060556469
22 0 0.000517637845950714
23 0 0.000569782197669566
24 0 0.000621285250725911
25 0 0.000648978112138598
26 0 0.000654937376839082
27 0 0.00066030944340878
28 0 0.000679282095332634
29 0 0.000699350406128119
30 0 0.000704389172026532
31 0 0.000706404756642187
32 0 0.00073487966741681
33 0 0.000784122844257329
34 0 0.000836672732834054
35 0 0.00084920511532549
36 0 0.000842307885508764
37 0 0.000858542443746502
38 0 0.000905075154289614
39 0 0.000976224560032435
40 0 0.00106623049166621
41 0 0.00118114291245675
42 0 0.00130161107587856
43 0 0.00138110956881421
44 0 0.00143959384747916
45 0 0.00149040672477263
46 0 0.00156337293453479
47 0 0.00164641048753511
48 0 0.00174744720219022
49 0 0.00183269416829246
50 0 0.00183354449151518
51 0 0.00188066485108507
52 0 0.00197182797995032
53 0 0.00200070263145802
54 0 0.00211194312356122
55 0 0.00229363066952670
56 0 0.00255167455379268
57 0 0.00269191647862299
58 0 0.00280314910298973
59 0 0.00297761666333674
60 0 0.00314862452674014
61 0 0.00331788120561816
62 0 0.00355589298217285
63 0 0.00382746989587257
64 0 0.00411991859348027
65 0 0.00443632732414312
66 0 0.00473040175561212
67 0 0.00497577051312459
68 0 0.00522330731786058
69 0 0.00550507791199806
70 0 0.00599974316579599
71 0 0.00668354148039341
72 0 0.00752274668464903
73 0 0.00824423602894453
74 0 0.0089925280833385
75 0 0.00989599067372882
76 0 0.0105002563901263
77 0 0.0110748810831129
78 0 0.011895842545804
79 0 0.0130854494271349
80 0 0.0146171326622833
81 0 0.0146364379687151
82 0 0.0164101800918695
83 0 0.0186263552641290
84 0 0.0213229238406184
85 0 0.0242417618717830
86 0 0.0268507810929333
87 0 0.0289973294601765
88 0 0.030176134374968
89 0 0.0300534156924335
90 0 0.0294695801279913
91 0 0.0295605319847564
92 0 0.0299717368415316
93 0 0.0309274754977321
94 0 0.0331365628957334
95 0 0.0377987625117164
96 0 0.0482887233992152
97 0 0.0657250744164929
98 0 0.0758844564662906
99 0 0.0554483059964642
100 0 0.0231504825701518

death 1 F married
1 0 0.0139519319733182
2 0 0.00267088781171487
3 0 0.00192270257045746
4 0 0.00104515368948421
5 0 0.00057976177913821
6 0 0.000488057974208256
7 0 0.000449693903136761
8 0 0.00041678742188056
9 0 0.000396028139533988
10 0 0.000377449255310913
11 0 0.000345321771503704
12 0 0.0003102789544005
13 0 0.000295563327529558
14 0 0.00030158306870709
15 0 0.000322404414724975
16 0 0.000332691418430731
17 0 0.000338546330737155
18 0 0.000355695029868763
19 0 0.000378202379451742
20 0 0.000400213097058177
21 0 0.000403561201848368
22 0 0.000415699115904666
23 0 0.000451703845377405
24 0 0.00049300124859808
25 0 0.00052283417186183
26 0 0.000542532621638836
27 0 0.000557707531035345
28 0 0.000582110075264319
29 0 0.000599556461159612
30 0 0.000599892001415192
31 0 0.000597459362637887
32 0 0.000617509605372657
33 0 0.000660393384469549
34 0 0.000709848150484471
35 0 0.000742356860928717
36 0 0.000774204836033632
37 0 0.000813547036362161
38 0 0.000856186991095576
39 0 0.000892450905364273
40 0 0.000922752051165432
41 0 0.000962748204772268
42 0 0.00100638514969764
43 0 0.00101851960882537
44 0 0.00101885670027968
45 0 0.00101742407023986
46 0 0.00103419568523511
47 0 0.00105754625663557
48 0 0.00110688037900453
49 0 0.00116350006069754
50 0 0.00118283140335862
51 0 0.00124828461958137
52 0 0.00133889904087225
53 0 0.00137772523571433
54 0 0.00146575892707668
55 0 0.00159686719776986
56 0 0.00178364400724007
57 0 0.00190704252023632
58 0 0.00201612324472034
59 0 0.00217815545594979
60 0 0.00234586485448562
61 0 0.00252373786107229
62 0 0.00275786653816057
63 0 0.00302895407980852
64 0 0.00330604022667824
65 0 0.00358597022021756
66 0 0.00385294214373022
67 0 0.00408042335714809
68 0 0.00429143874478988
69 0 0.00454753373343375
70 0 0.00499936659924716
71 0 0.00557638909413927
72 0 0.00629457781203746
73 0 0.00690720333511585
74 0 0.00760781403165045
75 0 0.00851665601371343
76 0 0.00931588901534708
77 0 0.0101098832527998
78 0 0.0110439908991421
79 0 0.0119506126592548
80 0 0.0128159490114635
81 0 0.0124089074995232
82 0 0.0131276501536268
83 0 0.0141180134157691
84 0 0.0155358417248619
85 0 0.0175483429037593
86 0 0.0202718040227705
87 0 0.0233709320816353
88 0 0.0266059314250843
89 0 0.0295414069311246
90 0 0.0317144971850688
91 0 0.0328672730182813
92 0 0.0329931362852959
93 0 0.0325769699056198
94 0 0.0324943559632427
95 0 0.0335900929465269
96 0 0.0363371887012716
97 0 0.0395021008173567
98 0 0.0415307781053713
99 0 0.040585171306298
100 0 0.0407298821233761

death 1 F single
1 0 0.0139519319733182
2 0 0.00267088781171487
3 0 0.00192270257045746
4 0 0.00104515368948421
5 0 0.00057976177913821
6 0 0.000488057974208256
7 0 0.000449693903136761
8 0 0.00041678742188056
9 0 0.000396028139533988
10 0 0.000377449255310913
11 0 0.000345321771503704
12 0 0.0003102789544005
13 0 0.000295563327529558
14 0 0.00030158306870709
15 0 0.000322404414724975
16 0 0.000332691418430731
17 0 0.000338546330737155
18 0 0.000355695029868763
19 0 0.000378202379451742
20 0 0.000400213097058177
21 0 0.000403561201848368
22 0 0.000415699115904666
23 0 0.000451703845377405
24 0 0.00049300124859808
25 0 0.00052283417186183
26 0 0.000542532621638836
27 0 0.000557707531035345
28 0 0.000582110075264319
29 0 0.000599556461159612
30 0 0.000599892001415192
31 0 0.000597459362637887
32 0 0.000617509605372657
33 0 0.000660393384469549
34 0 0.000709848150484471
35 0 0.000742356860928717
36 0 0.000774204836033632
37 0 0.000813547036362161
38 0 0.000856186991095576
39 0 0.000892450905364273
40 0 0.000922752051165432
41 0 0.000962748204772268
42 0 0.00100638514969764
43 0 0.00101851960882537
44 0 0.00101885670027968
45 0 0.00101742407023986
46 0 0.00103419568523511
47 0 0.00105754625663557
48 0 0.00110688037900453
49 0 0.00116350006069754
50 0 0.00118283140335862
51 0 0.00124828461958137
52 0 0.00133889904087225
53 0 0.00137772523571433
54 0 0.00146575892707668
55 0 0.00159686719776986
56 0 0.00178364400724007
57 0 0.00190704252023632
58 0 0.00201612324472034
59 0 0.00217815545594979
60 0 0.00234586485448562
61 0 0.00252373786107229
62 0 0.00275786653816057
63 0 0.00302895407980852
64 0 0.00330604022667824
65 0 0.00358597022021756
66 0 0.00385294214373022
67 0 0.00408042335714809
68 0 0.00429143874478988
69 0 0.00454753373343375
70 0 0.00499936659924716
71 0 0.00557638909413927
72 0 0.00629457781203746
73 0 0.00690720333511585
74 0 0.00760781403165045
75 0 0.00851665601371343
76 0 0.00931588901534708
77 0 0.0101098832527998
78 0 0.0110439908991421
79 0 0.0119506126592548
80 0 0.0128159490114635
81 0 0.0124089074995232
82 0 0.0131276501536268
83 0 0.0141180134157691
84 0 0.0155358417248619
85 0 0.0175483429037593
86 0 0.0202718040227705
87 0 0.0233709320816353
88 0 0.0266059314250843
89 0 0.0295414069311246
90 0 0.0317144971850688
91 0 0.0328672730182813
92 0 0.0329931362852959
93 0 0.0325769699056198
94 0 0.0324943559632427
95 0 0.0335900929465269
96 0 0.0363371887012716
97 0 0.0395021008173567
98 0 0.0415307781053713
99 0 0.040585171306298
100 0 0.0407298821233761

death 1 F divorced
1 0 0.0139519319733182
2 0 0.00267088781171487
3 0 0.00192270257045746
4 0 0.00104515368948421
5 0 0.00057976177913821
6 0 0.000488057974208256
7 0 0.000449693903136761
8 0 0.00041678742188056
9 0 0.000396028139533988
10 0 0.000377449255310913
11 0 0.000345321771503704
12 0 0.0003102789544005
13 0 0.000295563327529558
14 0 0.00030158306870709
15 0 0.000322404414724975
16 0 0.000332691418430731
17 0 0.000338546330737155
18 0 0.000355695029868763
19 0 0.000378202379451742
20 0 0.000400213097058177
21 0 0.000403561201848368
22 0 0.000415699115904666
23 0 0.000451703845377405
24 0 0.00049300124859808
25 0 0.00052283417186183
26 0 0.000542532621638836
27 0 0.000557707531035345
28 0 0.000582110075264319
29 0 0.000599556461159612
30 0 0.000599892001415192
31 0 0.000597459362637887
32 0 0.000617509605372657
33 0 0.000660393384469549
34 0 0.000709848150484471
35 0 0.000742356860928717
36 0 0.000774204836033632
37 0 0.000813547036362161
38 0 0.000856186991095576
39 0 0.000892450905364273
40 0 0.000922752051165432
41 0 0.000962748204772268
42 0 0.00100638514969764
43 0 0.00101851960882537
44 0 0.00101885670027968
45 0 0.00101742407023986
46 0 0.00103419568523511
47 0 0.00105754625663557
48 0 0.00110688037900453
49 0 0.00116350006069754
50 0 0.00118283140335862
51 0 0.00124828461958137
52 0 0.00133889904087225
53 0 0.00137772523571433
54 0 0.00146575892707668
55 0 0.00159686719776986
56 0 0.00178364400724007
57 0 0.00190704252023632
58 0 0.00201612324472034
59 0 0.00217815545594979
60 0 0.00234586485448562
61 0 0.00252373786107229
62 0 0.00275786653816057
63 0 0.00302895407980852
64 0 0.00330604022667824
65 0 0.00358597022021756
66 0 0.00385294214373022
67 0 0.00408042335714809
68 0 0.00429143874478988
69 0 0.00454753373343375
70 0 0.00499936659924716
71 0 0.00557638909413927
72 0 0.00629457781203746
73 0 0.00690720333511585
74 0 0.00760781403165045
75 0 0.00851665601371343
76 0 0.00931588901534708
77 0 0.0101098832527998
78 0 0.0110439908991421
79 0 0.0119506126592548
80 0 0.0128159490114635
81 0 0.0124089074995232
82 0 0.0131276501536268
83 0 0.0141180134157691
84 0 0.0155358417248619
85 0 0.0175483429037593
86 0 0.0202718040227705
87 0 0.0233709320816353
88 0 0.0266059314250843
89 0 0.0295414069311246
90 0 0.0317144971850688
91 0 0.0328672730182813
92 0 0.0329931362852959
93 0 0.0325769699056198
94 0 0.0324943559632427
95 0 0.0335900929465269
96 0 0.0363371887012716
97 0 0.0395021008173567
98 0 0.0415307781053713
99 0 0.040585171306298
100 0 0.0407298821233761

death 1 F widowed
1 0 0.0139519319733182
2 0 0.00267088781171487
3 0 0.00192270257045746
4 0 0.00104515368948421
5 0 0.00057976177913821
6 0 0.000488057974208256
7 0 0.000449693903136761
8 0 0.00041678742188056
9 0 0.000396028139533988
10 0 0.000377449255310913
11 0 0.000345321771503704
12 0 0.0003102789544005
13 0 0.000295563327529558
14 0 0.00030158306870709
15 0 0.000322404414724975
16 0 0.000332691418430731
17 0 0.000338546330737155
18 0 0.000355695029868763
19 0 0.000378202379451742
20 0 0.000400213097058177
21 0 0.000403561201848368
22 0 0.000415699115904666
23 0 0.000451703845377405
24 0 0.00049300124859808
25 0 0.00052283417186183
26 0 0.000542532621638836
27 0 0.000557707531035345
28 0 0.000582110075264319
29 0 0.000599556461159612
30 0 0.000599892001415192
31 0 0.000597459362637887
32 0 0.000617509605372657
33 0 0.000660393384469549
34 0 0.000709848150484471
35 0 0.000742356860928717
36 0 0.000774204836033632
37 0 0.000813547036362161
38 0 0.000856186991095576
39 0 0.000892450905364273
40 0 0.000922752051165432
41 0 0.000962748204772268
42 0 0.00100638514969764
43 0 0.00101851960882537
44 0 0.00101885670027968
45 0 0.00101742407023986
46 0 0.00103419568523511
47 0 0.00105754625663557
48 0 0.00110688037900453
49 0 0.00116350006069754
50 0 0.00118283140335862
51 0 0.00124828461958137
52 0 0.00133889904087225
53 0 0.00137772523571433
54 0 0.00146575892707668
55 0 0.00159686719776986
56 0 0.00178364400724007
57 0 0.00190704252023632
58 0 0.00201612324472034
59 0 0.00217815545594979
60 0 0.00234586485448562
61 0 0.00252373786107229
62 0 0.00275786653816057
63 0 0.00302895407980852
64 0 0.00330604022667824
65 0 0.00358597022021756
66 0 0.00385294214373022
67 0 0.00408042335714809
68 0 0.00429143874478988
69 0 0.00454753373343375
70 0 0.00499936659924716
71 0 0.00557638909413927
72 0 0.00629457781203746
73 0 0.00690720333511585
74 0 0.00760781403165045
75 0 0.00851665601371343
76 0 0.00931588901534708
77 0 0.0101098832527998
78 0 0.0110439908991421
79 0 0.0119506126592548
80 0 0.0128159490114635
81 0 0.0124089074995232
82 0 0.0131276501536268
83 0 0.0141180134157691
84 0 0.0155358417248619
85 0 0.0175483429037593
86 0 0.0202718040227705
87 0 0.0233709320816353
88 0 0.0266059314250843
89 0 0.0295414069311246
90 0 0.0317144971850688
91 0 0.0328672730182813
92 0 0.0329931362852959
93 0 0.0325769699056198
94 0 0.0324943559632427
95 0 0.0335900929465269
96 0 0.0363371887012716
97 0 0.0395021008173567
98 0 0.0415307781053713
99 0 0.040585171306298
100 0 0.0407298821233761
