*Period monthly mortality rates for SWE in 2020 
* Mon Dec 20 14:21:52 2010
death 1 M married
1 0 0.000293807644791144
2 0 0.0000300049511388067
3 0 0.00000916712885190574
4 0 0.00000750030939278279
5 0 0.00000583352049443597
6 0 0.00000500013750526218
7 0 0.00000500013750526218
8 0 0.00000500013750526218
9 0 0.00000416676215586609
10 0 0.00000416676215586609
11 0 0.00000500013750526218
12 0 0.00000583352049443597
13 0 0.00000500013750526218
14 0 0.00000750030939278279
15 0 0.00000833371530217786
16 0 0.0000116674153447516
17 0 0.0000158347123201397
18 0 0.0000200022003373768
19 0 0.0000258370045466139
20 0 0.0000350067393084519
21 0 0.0000408425066913409
22 0 0.0000433436645435048
23 0 0.0000450111413439203
24 0 0.0000433436645435048
25 0 0.0000433436645435048
26 0 0.0000425099376131222
27 0 0.0000425099376131222
28 0 0.0000400088026996093
29 0 0.0000391751063537615
30 0 0.0000391751063537615
31 0 0.0000400088026996093
32 0 0.0000375077365993848
33 0 0.0000391751063537615
34 0 0.0000416762183291786
35 0 0.0000416762183291786
36 0 0.0000458448912142861
37 0 0.0000491799671665794
38 0 0.0000508475510273554
39 0 0.000055850486162301
40 0 0.0000608536966506534
41 0 0.000064189323299324
42 0 0.0000700269644720031
43 0 0.0000783671022263066
44 0 0.0000883762776967556
45 0 0.0000942154723914124
46 0 0.000105060686358072
47 0 0.000115072801694871
48 0 0.000125086019946985
49 0 0.000140942538415234
50 0 0.000153462796661064
51 0 0.000168489383372439
52 0 0.00019103392235309
53 0 0.000209407682068785
54 0 0.000239481848557044
55 0 0.000257865405948854
56 0 0.000282103959876823
57 0 0.000313038399728627
58 0 0.000351512121934405
59 0 0.000370755092807151
60 0 0.000417624589193033
61 0 0.00044776775020694
62 0 0.000496352774039144
63 0 0.000552509210379415
64 0 0.000606183610663558
65 0 0.000689273712680905
66 0 0.000759834050591657
67 0 0.00083465425572249
68 0 0.000934791145488556
69 0 0.00102408177782720
70 0 0.00113624057604444
71 0 0.00126797204103291
72 0 0.0013948174082149
73 0 0.00156167735118218
74 0 0.00174413413144814
75 0 0.00195420107326705
76 0 0.00221170669301518
77 0 0.00243227543599245
78 0 0.00280366478425975
79 0 0.00317917097158205
80 0 0.00356924014921312
81 0 0.00406726210612385
82 0 0.00468291702991097
83 0 0.0054177208923808
84 0 0.0061576534582678
85 0 0.00718652465997383
86 0 0.00828385943889953
87 0 0.00958814546009679
88 0 0.0109576865030153
89 0 0.0127380966495625
90 0 0.0145623752714953
91 0 0.0167109918359909
92 0 0.0194953034195284
93 0 0.0226702423712892
94 0 0.0253782501052876
95 0 0.0290201389402456
96 0 0.0318712022271033
97 0 0.0372002499227132
98 0 0.0416435330768292
99 0 0.0456487095092482
100 0 0.051200896016516

death 1 M single
1 0 0.000293807644791144
2 0 0.0000300049511388067
3 0 0.00000916712885190574
4 0 0.00000750030939278279
5 0 0.00000583352049443597
6 0 0.00000500013750526218
7 0 0.00000500013750526218
8 0 0.00000500013750526218
9 0 0.00000416676215586609
10 0 0.00000416676215586609
11 0 0.00000500013750526218
12 0 0.00000583352049443597
13 0 0.00000500013750526218
14 0 0.00000750030939278279
15 0 0.00000833371530217786
16 0 0.0000116674153447516
17 0 0.0000158347123201397
18 0 0.0000200022003373768
19 0 0.0000258370045466139
20 0 0.0000350067393084519
21 0 0.0000408425066913409
22 0 0.0000433436645435048
23 0 0.0000450111413439203
24 0 0.0000433436645435048
25 0 0.0000433436645435048
26 0 0.0000425099376131222
27 0 0.0000425099376131222
28 0 0.0000400088026996093
29 0 0.0000391751063537615
30 0 0.0000391751063537615
31 0 0.0000400088026996093
32 0 0.0000375077365993848
33 0 0.0000391751063537615
34 0 0.0000416762183291786
35 0 0.0000416762183291786
36 0 0.0000458448912142861
37 0 0.0000491799671665794
38 0 0.0000508475510273554
39 0 0.000055850486162301
40 0 0.0000608536966506534
41 0 0.000064189323299324
42 0 0.0000700269644720031
43 0 0.0000783671022263066
44 0 0.0000883762776967556
45 0 0.0000942154723914124
46 0 0.000105060686358072
47 0 0.000115072801694871
48 0 0.000125086019946985
49 0 0.000140942538415234
50 0 0.000153462796661064
51 0 0.000168489383372439
52 0 0.00019103392235309
53 0 0.000209407682068785
54 0 0.000239481848557044
55 0 0.000257865405948854
56 0 0.000282103959876823
57 0 0.000313038399728627
58 0 0.000351512121934405
59 0 0.000370755092807151
60 0 0.000417624589193033
61 0 0.00044776775020694
62 0 0.000496352774039144
63 0 0.000552509210379415
64 0 0.000606183610663558
65 0 0.000689273712680905
66 0 0.000759834050591657
67 0 0.00083465425572249
68 0 0.000934791145488556
69 0 0.00102408177782720
70 0 0.00113624057604444
71 0 0.00126797204103291
72 0 0.0013948174082149
73 0 0.00156167735118218
74 0 0.00174413413144814
75 0 0.00195420107326705
76 0 0.00221170669301518
77 0 0.00243227543599245
78 0 0.00280366478425975
79 0 0.00317917097158205
80 0 0.00356924014921312
81 0 0.00406726210612385
82 0 0.00468291702991097
83 0 0.0054177208923808
84 0 0.0061576534582678
85 0 0.00718652465997383
86 0 0.00828385943889953
87 0 0.00958814546009679
88 0 0.0109576865030153
89 0 0.0127380966495625
90 0 0.0145623752714953
91 0 0.0167109918359909
92 0 0.0194953034195284
93 0 0.0226702423712892
94 0 0.0253782501052876
95 0 0.0290201389402456
96 0 0.0318712022271033
97 0 0.0372002499227132
98 0 0.0416435330768292
99 0 0.0456487095092482
100 0 0.051200896016516

death 1 M divorced
1 0 0.000293807644791144
2 0 0.0000300049511388067
3 0 0.00000916712885190574
4 0 0.00000750030939278279
5 0 0.00000583352049443597
6 0 0.00000500013750526218
7 0 0.00000500013750526218
8 0 0.00000500013750526218
9 0 0.00000416676215586609
10 0 0.00000416676215586609
11 0 0.00000500013750526218
12 0 0.00000583352049443597
13 0 0.00000500013750526218
14 0 0.00000750030939278279
15 0 0.00000833371530217786
16 0 0.0000116674153447516
17 0 0.0000158347123201397
18 0 0.0000200022003373768
19 0 0.0000258370045466139
20 0 0.0000350067393084519
21 0 0.0000408425066913409
22 0 0.0000433436645435048
23 0 0.0000450111413439203
24 0 0.0000433436645435048
25 0 0.0000433436645435048
26 0 0.0000425099376131222
27 0 0.0000425099376131222
28 0 0.0000400088026996093
29 0 0.0000391751063537615
30 0 0.0000391751063537615
31 0 0.0000400088026996093
32 0 0.0000375077365993848
33 0 0.0000391751063537615
34 0 0.0000416762183291786
35 0 0.0000416762183291786
36 0 0.0000458448912142861
37 0 0.0000491799671665794
38 0 0.0000508475510273554
39 0 0.000055850486162301
40 0 0.0000608536966506534
41 0 0.000064189323299324
42 0 0.0000700269644720031
43 0 0.0000783671022263066
44 0 0.0000883762776967556
45 0 0.0000942154723914124
46 0 0.000105060686358072
47 0 0.000115072801694871
48 0 0.000125086019946985
49 0 0.000140942538415234
50 0 0.000153462796661064
51 0 0.000168489383372439
52 0 0.00019103392235309
53 0 0.000209407682068785
54 0 0.000239481848557044
55 0 0.000257865405948854
56 0 0.000282103959876823
57 0 0.000313038399728627
58 0 0.000351512121934405
59 0 0.000370755092807151
60 0 0.000417624589193033
61 0 0.00044776775020694
62 0 0.000496352774039144
63 0 0.000552509210379415
64 0 0.000606183610663558
65 0 0.000689273712680905
66 0 0.000759834050591657
67 0 0.00083465425572249
68 0 0.000934791145488556
69 0 0.00102408177782720
70 0 0.00113624057604444
71 0 0.00126797204103291
72 0 0.0013948174082149
73 0 0.00156167735118218
74 0 0.00174413413144814
75 0 0.00195420107326705
76 0 0.00221170669301518
77 0 0.00243227543599245
78 0 0.00280366478425975
79 0 0.00317917097158205
80 0 0.00356924014921312
81 0 0.00406726210612385
82 0 0.00468291702991097
83 0 0.0054177208923808
84 0 0.0061576534582678
85 0 0.00718652465997383
86 0 0.00828385943889953
87 0 0.00958814546009679
88 0 0.0109576865030153
89 0 0.0127380966495625
90 0 0.0145623752714953
91 0 0.0167109918359909
92 0 0.0194953034195284
93 0 0.0226702423712892
94 0 0.0253782501052876
95 0 0.0290201389402456
96 0 0.0318712022271033
97 0 0.0372002499227132
98 0 0.0416435330768292
99 0 0.0456487095092482
100 0 0.051200896016516

death 1 M widowed
1 0 0.000293807644791144
2 0 0.0000300049511388067
3 0 0.00000916712885190574
4 0 0.00000750030939278279
5 0 0.00000583352049443597
6 0 0.00000500013750526218
7 0 0.00000500013750526218
8 0 0.00000500013750526218
9 0 0.00000416676215586609
10 0 0.00000416676215586609
11 0 0.00000500013750526218
12 0 0.00000583352049443597
13 0 0.00000500013750526218
14 0 0.00000750030939278279
15 0 0.00000833371530217786
16 0 0.0000116674153447516
17 0 0.0000158347123201397
18 0 0.0000200022003373768
19 0 0.0000258370045466139
20 0 0.0000350067393084519
21 0 0.0000408425066913409
22 0 0.0000433436645435048
23 0 0.0000450111413439203
24 0 0.0000433436645435048
25 0 0.0000433436645435048
26 0 0.0000425099376131222
27 0 0.0000425099376131222
28 0 0.0000400088026996093
29 0 0.0000391751063537615
30 0 0.0000391751063537615
31 0 0.0000400088026996093
32 0 0.0000375077365993848
33 0 0.0000391751063537615
34 0 0.0000416762183291786
35 0 0.0000416762183291786
36 0 0.0000458448912142861
37 0 0.0000491799671665794
38 0 0.0000508475510273554
39 0 0.000055850486162301
40 0 0.0000608536966506534
41 0 0.000064189323299324
42 0 0.0000700269644720031
43 0 0.0000783671022263066
44 0 0.0000883762776967556
45 0 0.0000942154723914124
46 0 0.000105060686358072
47 0 0.000115072801694871
48 0 0.000125086019946985
49 0 0.000140942538415234
50 0 0.000153462796661064
51 0 0.000168489383372439
52 0 0.00019103392235309
53 0 0.000209407682068785
54 0 0.000239481848557044
55 0 0.000257865405948854
56 0 0.000282103959876823
57 0 0.000313038399728627
58 0 0.000351512121934405
59 0 0.000370755092807151
60 0 0.000417624589193033
61 0 0.00044776775020694
62 0 0.000496352774039144
63 0 0.000552509210379415
64 0 0.000606183610663558
65 0 0.000689273712680905
66 0 0.000759834050591657
67 0 0.00083465425572249
68 0 0.000934791145488556
69 0 0.00102408177782720
70 0 0.00113624057604444
71 0 0.00126797204103291
72 0 0.0013948174082149
73 0 0.00156167735118218
74 0 0.00174413413144814
75 0 0.00195420107326705
76 0 0.00221170669301518
77 0 0.00243227543599245
78 0 0.00280366478425975
79 0 0.00317917097158205
80 0 0.00356924014921312
81 0 0.00406726210612385
82 0 0.00468291702991097
83 0 0.0054177208923808
84 0 0.0061576534582678
85 0 0.00718652465997383
86 0 0.00828385943889953
87 0 0.00958814546009679
88 0 0.0109576865030153
89 0 0.0127380966495625
90 0 0.0145623752714953
91 0 0.0167109918359909
92 0 0.0194953034195284
93 0 0.0226702423712892
94 0 0.0253782501052876
95 0 0.0290201389402456
96 0 0.0318712022271033
97 0 0.0372002499227132
98 0 0.0416435330768292
99 0 0.0456487095092482
100 0 0.051200896016516

death 1 F married
1 0 0.000290463581019584
2 0 0.0000316721832838152
3 0 0.0000100005500421885
4 0 0.00000666691112360951
5 0 0.00000583352049443597
6 0 0.00000583352049443597
7 0 0.00000500013750526218
8 0 0.00000333339444602565
9 0 0.00000416676215586609
10 0 0.00000416676215586609
11 0 0.00000416676215586609
12 0 0.00000416676215586609
13 0 0.00000416676215586609
14 0 0.00000500013750526218
15 0 0.00000666691112360951
16 0 0.00000916712885190574
17 0 0.0000100005500421885
18 0 0.0000116674153447516
19 0 0.000012500859457365
20 0 0.0000150012376423092
21 0 0.0000175016846010179
22 0 0.0000175016846010179
23 0 0.0000166681946396352
24 0 0.0000166681946396352
25 0 0.0000141677706060328
26 0 0.0000141677706060328
27 0 0.0000158347123201397
28 0 0.0000158347123201397
29 0 0.0000158347123201397
30 0 0.0000166681946396352
31 0 0.0000183351822042876
32 0 0.0000191686874497776
33 0 0.0000200022003373768
34 0 0.0000208357208674181
35 0 0.0000216692490401238
36 0 0.0000258370045466139
37 0 0.0000291713465325749
38 0 0.0000308385633891461
39 0 0.0000333394460065861
40 0 0.0000341730888351321
41 0 0.0000358403974268784
42 0 0.0000391751063537615
43 0 0.0000475124138960004
44 0 0.0000508475510273554
45 0 0.0000575181923953005
46 0 0.0000666911236122392
47 0 0.0000750309553007034
48 0 0.0000833715521976197
49 0 0.000097552323490957
50 0 0.000111735307382288
51 0 0.000126754996901401
52 0 0.000141777168646939
53 0 0.000152628059122195
54 0 0.000165149927191854
55 0 0.000183518454694553
56 0 0.000205231501423930
57 0 0.000231962373952066
58 0 0.000253686998195723
59 0 0.000280432127916508
60 0 0.000300496141496964
61 0 0.000342310402132506
62 0 0.000377449255310913
63 0 0.000400045695056694
64 0 0.000446092867803172
65 0 0.000480434129074503
66 0 0.000536580724877167
67 0 0.000576826494329774
68 0 0.000631354405509099
69 0 0.000692632486307909
70 0 0.000750590887146574
71 0 0.00084306487295105
72 0 0.000925530162064314
73 0 0.00102239623609435
74 0 0.00114130363857468
75 0 0.00128064860581412
76 0 0.00142951933925695
77 0 0.00160916566231595
78 0 0.00183167379094307
79 0 0.00206581078008039
80 0 0.00238093249067461
81 0 0.00273063914962957
82 0 0.00317054098881986
83 0 0.00359437976475196
84 0 0.00418325155049504
85 0 0.00480321324291511
86 0 0.00566132720053358
87 0 0.00660023664903164
88 0 0.00766774451230201
89 0 0.00896584068685224
90 0 0.0104651656308097
91 0 0.0120327352964019
92 0 0.0142417522171225
93 0 0.0161939094073276
94 0 0.0186876595514012
95 0 0.0211824419517976
96 0 0.0240743628894722
97 0 0.0271099520268538
98 0 0.0308736877591090
99 0 0.0347119591341410
100 0 0.0376757314521785

death 1 F single
1 0 0.000290463581019584
2 0 0.0000316721832838152
3 0 0.0000100005500421885
4 0 0.00000666691112360951
5 0 0.00000583352049443597
6 0 0.00000583352049443597
7 0 0.00000500013750526218
8 0 0.00000333339444602565
9 0 0.00000416676215586609
10 0 0.00000416676215586609
11 0 0.00000416676215586609
12 0 0.00000416676215586609
13 0 0.00000416676215586609
14 0 0.00000500013750526218
15 0 0.00000666691112360951
16 0 0.00000916712885190574
17 0 0.0000100005500421885
18 0 0.0000116674153447516
19 0 0.000012500859457365
20 0 0.0000150012376423092
21 0 0.0000175016846010179
22 0 0.0000175016846010179
23 0 0.0000166681946396352
24 0 0.0000166681946396352
25 0 0.0000141677706060328
26 0 0.0000141677706060328
27 0 0.0000158347123201397
28 0 0.0000158347123201397
29 0 0.0000158347123201397
30 0 0.0000166681946396352
31 0 0.0000183351822042876
32 0 0.0000191686874497776
33 0 0.0000200022003373768
34 0 0.0000208357208674181
35 0 0.0000216692490401238
36 0 0.0000258370045466139
37 0 0.0000291713465325749
38 0 0.0000308385633891461
39 0 0.0000333394460065861
40 0 0.0000341730888351321
41 0 0.0000358403974268784
42 0 0.0000391751063537615
43 0 0.0000475124138960004
44 0 0.0000508475510273554
45 0 0.0000575181923953005
46 0 0.0000666911236122392
47 0 0.0000750309553007034
48 0 0.0000833715521976197
49 0 0.000097552323490957
50 0 0.000111735307382288
51 0 0.000126754996901401
52 0 0.000141777168646939
53 0 0.000152628059122195
54 0 0.000165149927191854
55 0 0.000183518454694553
56 0 0.000205231501423930
57 0 0.000231962373952066
58 0 0.000253686998195723
59 0 0.000280432127916508
60 0 0.000300496141496964
61 0 0.000342310402132506
62 0 0.000377449255310913
63 0 0.000400045695056694
64 0 0.000446092867803172
65 0 0.000480434129074503
66 0 0.000536580724877167
67 0 0.000576826494329774
68 0 0.000631354405509099
69 0 0.000692632486307909
70 0 0.000750590887146574
71 0 0.00084306487295105
72 0 0.000925530162064314
73 0 0.00102239623609435
74 0 0.00114130363857468
75 0 0.00128064860581412
76 0 0.00142951933925695
77 0 0.00160916566231595
78 0 0.00183167379094307
79 0 0.00206581078008039
80 0 0.00238093249067461
81 0 0.00273063914962957
82 0 0.00317054098881986
83 0 0.00359437976475196
84 0 0.00418325155049504
85 0 0.00480321324291511
86 0 0.00566132720053358
87 0 0.00660023664903164
88 0 0.00766774451230201
89 0 0.00896584068685224
90 0 0.0104651656308097
91 0 0.0120327352964019
92 0 0.0142417522171225
93 0 0.0161939094073276
94 0 0.0186876595514012
95 0 0.0211824419517976
96 0 0.0240743628894722
97 0 0.0271099520268538
98 0 0.0308736877591090
99 0 0.0347119591341410
100 0 0.0376757314521785

death 1 F divorced
1 0 0.000290463581019584
2 0 0.0000316721832838152
3 0 0.0000100005500421885
4 0 0.00000666691112360951
5 0 0.00000583352049443597
6 0 0.00000583352049443597
7 0 0.00000500013750526218
8 0 0.00000333339444602565
9 0 0.00000416676215586609
10 0 0.00000416676215586609
11 0 0.00000416676215586609
12 0 0.00000416676215586609
13 0 0.00000416676215586609
14 0 0.00000500013750526218
15 0 0.00000666691112360951
16 0 0.00000916712885190574
17 0 0.0000100005500421885
18 0 0.0000116674153447516
19 0 0.000012500859457365
20 0 0.0000150012376423092
21 0 0.0000175016846010179
22 0 0.0000175016846010179
23 0 0.0000166681946396352
24 0 0.0000166681946396352
25 0 0.0000141677706060328
26 0 0.0000141677706060328
27 0 0.0000158347123201397
28 0 0.0000158347123201397
29 0 0.0000158347123201397
30 0 0.0000166681946396352
31 0 0.0000183351822042876
32 0 0.0000191686874497776
33 0 0.0000200022003373768
34 0 0.0000208357208674181
35 0 0.0000216692490401238
36 0 0.0000258370045466139
37 0 0.0000291713465325749
38 0 0.0000308385633891461
39 0 0.0000333394460065861
40 0 0.0000341730888351321
41 0 0.0000358403974268784
42 0 0.0000391751063537615
43 0 0.0000475124138960004
44 0 0.0000508475510273554
45 0 0.0000575181923953005
46 0 0.0000666911236122392
47 0 0.0000750309553007034
48 0 0.0000833715521976197
49 0 0.000097552323490957
50 0 0.000111735307382288
51 0 0.000126754996901401
52 0 0.000141777168646939
53 0 0.000152628059122195
54 0 0.000165149927191854
55 0 0.000183518454694553
56 0 0.000205231501423930
57 0 0.000231962373952066
58 0 0.000253686998195723
59 0 0.000280432127916508
60 0 0.000300496141496964
61 0 0.000342310402132506
62 0 0.000377449255310913
63 0 0.000400045695056694
64 0 0.000446092867803172
65 0 0.000480434129074503
66 0 0.000536580724877167
67 0 0.000576826494329774
68 0 0.000631354405509099
69 0 0.000692632486307909
70 0 0.000750590887146574
71 0 0.00084306487295105
72 0 0.000925530162064314
73 0 0.00102239623609435
74 0 0.00114130363857468
75 0 0.00128064860581412
76 0 0.00142951933925695
77 0 0.00160916566231595
78 0 0.00183167379094307
79 0 0.00206581078008039
80 0 0.00238093249067461
81 0 0.00273063914962957
82 0 0.00317054098881986
83 0 0.00359437976475196
84 0 0.00418325155049504
85 0 0.00480321324291511
86 0 0.00566132720053358
87 0 0.00660023664903164
88 0 0.00766774451230201
89 0 0.00896584068685224
90 0 0.0104651656308097
91 0 0.0120327352964019
92 0 0.0142417522171225
93 0 0.0161939094073276
94 0 0.0186876595514012
95 0 0.0211824419517976
96 0 0.0240743628894722
97 0 0.0271099520268538
98 0 0.0308736877591090
99 0 0.0347119591341410
100 0 0.0376757314521785

death 1 F widowed
1 0 0.000290463581019584
2 0 0.0000316721832838152
3 0 0.0000100005500421885
4 0 0.00000666691112360951
5 0 0.00000583352049443597
6 0 0.00000583352049443597
7 0 0.00000500013750526218
8 0 0.00000333339444602565
9 0 0.00000416676215586609
10 0 0.00000416676215586609
11 0 0.00000416676215586609
12 0 0.00000416676215586609
13 0 0.00000416676215586609
14 0 0.00000500013750526218
15 0 0.00000666691112360951
16 0 0.00000916712885190574
17 0 0.0000100005500421885
18 0 0.0000116674153447516
19 0 0.000012500859457365
20 0 0.0000150012376423092
21 0 0.0000175016846010179
22 0 0.0000175016846010179
23 0 0.0000166681946396352
24 0 0.0000166681946396352
25 0 0.0000141677706060328
26 0 0.0000141677706060328
27 0 0.0000158347123201397
28 0 0.0000158347123201397
29 0 0.0000158347123201397
30 0 0.0000166681946396352
31 0 0.0000183351822042876
32 0 0.0000191686874497776
33 0 0.0000200022003373768
34 0 0.0000208357208674181
35 0 0.0000216692490401238
36 0 0.0000258370045466139
37 0 0.0000291713465325749
38 0 0.0000308385633891461
39 0 0.0000333394460065861
40 0 0.0000341730888351321
41 0 0.0000358403974268784
42 0 0.0000391751063537615
43 0 0.0000475124138960004
44 0 0.0000508475510273554
45 0 0.0000575181923953005
46 0 0.0000666911236122392
47 0 0.0000750309553007034
48 0 0.0000833715521976197
49 0 0.000097552323490957
50 0 0.000111735307382288
51 0 0.000126754996901401
52 0 0.000141777168646939
53 0 0.000152628059122195
54 0 0.000165149927191854
55 0 0.000183518454694553
56 0 0.000205231501423930
57 0 0.000231962373952066
58 0 0.000253686998195723
59 0 0.000280432127916508
60 0 0.000300496141496964
61 0 0.000342310402132506
62 0 0.000377449255310913
63 0 0.000400045695056694
64 0 0.000446092867803172
65 0 0.000480434129074503
66 0 0.000536580724877167
67 0 0.000576826494329774
68 0 0.000631354405509099
69 0 0.000692632486307909
70 0 0.000750590887146574
71 0 0.00084306487295105
72 0 0.000925530162064314
73 0 0.00102239623609435
74 0 0.00114130363857468
75 0 0.00128064860581412
76 0 0.00142951933925695
77 0 0.00160916566231595
78 0 0.00183167379094307
79 0 0.00206581078008039
80 0 0.00238093249067461
81 0 0.00273063914962957
82 0 0.00317054098881986
83 0 0.00359437976475196
84 0 0.00418325155049504
85 0 0.00480321324291511
86 0 0.00566132720053358
87 0 0.00660023664903164
88 0 0.00766774451230201
89 0 0.00896584068685224
90 0 0.0104651656308097
91 0 0.0120327352964019
92 0 0.0142417522171225
93 0 0.0161939094073276
94 0 0.0186876595514012
95 0 0.0211824419517976
96 0 0.0240743628894722
97 0 0.0271099520268538
98 0 0.0308736877591090
99 0 0.0347119591341410
100 0 0.0376757314521785
