*Period monthly mortality rates for SWE in 1929 
* Mon Dec 20 14:20:52 2010
death 1 M married
1 0 0.00582708867085413
2 0 0.000811192750211354
3 0 0.000360212786700842
4 0 0.000232296559613432
5 0 0.000183935964373272
6 0 0.000196211606040997
7 0 0.000156634869223016
8 0 0.000198633527079384
9 0 0.000161393185637904
10 0 0.000152544585789949
11 0 0.000129842685055226
12 0 0.000135601086402315
13 0 0.000118744186979769
14 0 0.000149372655965596
15 0 0.000158387904184765
16 0 0.000175753124227129
17 0 0.000219431298580264
18 0 0.000301248628180928
19 0 0.000317135912518918
20 0 0.000294309264969761
21 0 0.000312620296565869
22 0 0.000372763289781863
23 0 0.000347831322207504
24 0 0.000379792328690565
25 0 0.000358790505697204
26 0 0.000410676334140381
27 0 0.000367324525634483
28 0 0.000388244631121637
29 0 0.000375106242342382
30 0 0.000361802421223634
31 0 0.000345321771503704
32 0 0.000361300428370348
33 0 0.000348584200932422
34 0 0.000374771531135409
35 0 0.000394186819278164
36 0 0.000356113331251628
37 0 0.000418378046368462
38 0 0.000444669242032125
39 0 0.000396865115620648
40 0 0.000442994416738340
41 0 0.000501212705521614
42 0 0.000521409343250845
43 0 0.000452038840073277
44 0 0.000522163661496933
45 0 0.000563409256980729
46 0 0.000566427962638061
47 0 0.000653762279619885
48 0 0.0006165866937069
49 0 0.000684907492607523
50 0 0.000735131697624736
51 0 0.000755548466961575
52 0 0.000846597564432061
53 0 0.000842644323593156
54 0 0.000839700532605847
55 0 0.00100722776808559
56 0 0.00107112100893947
57 0 0.00116468177140272
58 0 0.00134202820605489
59 0 0.00115649452020805
60 0 0.00153056901865700
61 0 0.00156235558072226
62 0 0.0017248527611613
63 0 0.00201271514876722
64 0 0.00204825084026161
65 0 0.00215622153422623
66 0 0.00250943006631887
67 0 0.00251251419048903
68 0 0.00290453686117198
69 0 0.00316959174088804
70 0 0.00329013944846257
71 0 0.00376846787732354
72 0 0.00423047477068061
73 0 0.0042657555043516
74 0 0.00511479434118445
75 0 0.00556912252431419
76 0 0.00633907379404242
77 0 0.00686314574756242
78 0 0.00798264764247547
79 0 0.00955646479256134
80 0 0.0101141700215834
81 0 0.0107362343800089
82 0 0.0121538199007709
83 0 0.0135492037270236
84 0 0.0150620139394541
85 0 0.0186796609505785
86 0 0.0178382872472636
87 0 0.0190171476275164
88 0 0.0243512053479049
89 0 0.0265804861869775
90 0 0.0284628816186638
91 0 0.031256683811246
92 0 0.0333548656585801
93 0 0.0380268335657721
94 0 0.0384984995326191
95 0 0.0505143168756578
96 0 0.0496603452191445
97 0 0.060882203285165
98 0 0.0650456657465327
99 0 0.0542283800220198
100 0 0.0213173256538157

death 1 M single
1 0 0.00582708867085413
2 0 0.000811192750211354
3 0 0.000360212786700842
4 0 0.000232296559613432
5 0 0.000183935964373272
6 0 0.000196211606040997
7 0 0.000156634869223016
8 0 0.000198633527079384
9 0 0.000161393185637904
10 0 0.000152544585789949
11 0 0.000129842685055226
12 0 0.000135601086402315
13 0 0.000118744186979769
14 0 0.000149372655965596
15 0 0.000158387904184765
16 0 0.000175753124227129
17 0 0.000219431298580264
18 0 0.000301248628180928
19 0 0.000317135912518918
20 0 0.000294309264969761
21 0 0.000312620296565869
22 0 0.000372763289781863
23 0 0.000347831322207504
24 0 0.000379792328690565
25 0 0.000358790505697204
26 0 0.000410676334140381
27 0 0.000367324525634483
28 0 0.000388244631121637
29 0 0.000375106242342382
30 0 0.000361802421223634
31 0 0.000345321771503704
32 0 0.000361300428370348
33 0 0.000348584200932422
34 0 0.000374771531135409
35 0 0.000394186819278164
36 0 0.000356113331251628
37 0 0.000418378046368462
38 0 0.000444669242032125
39 0 0.000396865115620648
40 0 0.000442994416738340
41 0 0.000501212705521614
42 0 0.000521409343250845
43 0 0.000452038840073277
44 0 0.000522163661496933
45 0 0.000563409256980729
46 0 0.000566427962638061
47 0 0.000653762279619885
48 0 0.0006165866937069
49 0 0.000684907492607523
50 0 0.000735131697624736
51 0 0.000755548466961575
52 0 0.000846597564432061
53 0 0.000842644323593156
54 0 0.000839700532605847
55 0 0.00100722776808559
56 0 0.00107112100893947
57 0 0.00116468177140272
58 0 0.00134202820605489
59 0 0.00115649452020805
60 0 0.00153056901865700
61 0 0.00156235558072226
62 0 0.0017248527611613
63 0 0.00201271514876722
64 0 0.00204825084026161
65 0 0.00215622153422623
66 0 0.00250943006631887
67 0 0.00251251419048903
68 0 0.00290453686117198
69 0 0.00316959174088804
70 0 0.00329013944846257
71 0 0.00376846787732354
72 0 0.00423047477068061
73 0 0.0042657555043516
74 0 0.00511479434118445
75 0 0.00556912252431419
76 0 0.00633907379404242
77 0 0.00686314574756242
78 0 0.00798264764247547
79 0 0.00955646479256134
80 0 0.0101141700215834
81 0 0.0107362343800089
82 0 0.0121538199007709
83 0 0.0135492037270236
84 0 0.0150620139394541
85 0 0.0186796609505785
86 0 0.0178382872472636
87 0 0.0190171476275164
88 0 0.0243512053479049
89 0 0.0265804861869775
90 0 0.0284628816186638
91 0 0.031256683811246
92 0 0.0333548656585801
93 0 0.0380268335657721
94 0 0.0384984995326191
95 0 0.0505143168756578
96 0 0.0496603452191445
97 0 0.060882203285165
98 0 0.0650456657465327
99 0 0.0542283800220198
100 0 0.0213173256538157

death 1 M divorced
1 0 0.00582708867085413
2 0 0.000811192750211354
3 0 0.000360212786700842
4 0 0.000232296559613432
5 0 0.000183935964373272
6 0 0.000196211606040997
7 0 0.000156634869223016
8 0 0.000198633527079384
9 0 0.000161393185637904
10 0 0.000152544585789949
11 0 0.000129842685055226
12 0 0.000135601086402315
13 0 0.000118744186979769
14 0 0.000149372655965596
15 0 0.000158387904184765
16 0 0.000175753124227129
17 0 0.000219431298580264
18 0 0.000301248628180928
19 0 0.000317135912518918
20 0 0.000294309264969761
21 0 0.000312620296565869
22 0 0.000372763289781863
23 0 0.000347831322207504
24 0 0.000379792328690565
25 0 0.000358790505697204
26 0 0.000410676334140381
27 0 0.000367324525634483
28 0 0.000388244631121637
29 0 0.000375106242342382
30 0 0.000361802421223634
31 0 0.000345321771503704
32 0 0.000361300428370348
33 0 0.000348584200932422
34 0 0.000374771531135409
35 0 0.000394186819278164
36 0 0.000356113331251628
37 0 0.000418378046368462
38 0 0.000444669242032125
39 0 0.000396865115620648
40 0 0.000442994416738340
41 0 0.000501212705521614
42 0 0.000521409343250845
43 0 0.000452038840073277
44 0 0.000522163661496933
45 0 0.000563409256980729
46 0 0.000566427962638061
47 0 0.000653762279619885
48 0 0.0006165866937069
49 0 0.000684907492607523
50 0 0.000735131697624736
51 0 0.000755548466961575
52 0 0.000846597564432061
53 0 0.000842644323593156
54 0 0.000839700532605847
55 0 0.00100722776808559
56 0 0.00107112100893947
57 0 0.00116468177140272
58 0 0.00134202820605489
59 0 0.00115649452020805
60 0 0.00153056901865700
61 0 0.00156235558072226
62 0 0.0017248527611613
63 0 0.00201271514876722
64 0 0.00204825084026161
65 0 0.00215622153422623
66 0 0.00250943006631887
67 0 0.00251251419048903
68 0 0.00290453686117198
69 0 0.00316959174088804
70 0 0.00329013944846257
71 0 0.00376846787732354
72 0 0.00423047477068061
73 0 0.0042657555043516
74 0 0.00511479434118445
75 0 0.00556912252431419
76 0 0.00633907379404242
77 0 0.00686314574756242
78 0 0.00798264764247547
79 0 0.00955646479256134
80 0 0.0101141700215834
81 0 0.0107362343800089
82 0 0.0121538199007709
83 0 0.0135492037270236
84 0 0.0150620139394541
85 0 0.0186796609505785
86 0 0.0178382872472636
87 0 0.0190171476275164
88 0 0.0243512053479049
89 0 0.0265804861869775
90 0 0.0284628816186638
91 0 0.031256683811246
92 0 0.0333548656585801
93 0 0.0380268335657721
94 0 0.0384984995326191
95 0 0.0505143168756578
96 0 0.0496603452191445
97 0 0.060882203285165
98 0 0.0650456657465327
99 0 0.0542283800220198
100 0 0.0213173256538157

death 1 M widowed
1 0 0.00582708867085413
2 0 0.000811192750211354
3 0 0.000360212786700842
4 0 0.000232296559613432
5 0 0.000183935964373272
6 0 0.000196211606040997
7 0 0.000156634869223016
8 0 0.000198633527079384
9 0 0.000161393185637904
10 0 0.000152544585789949
11 0 0.000129842685055226
12 0 0.000135601086402315
13 0 0.000118744186979769
14 0 0.000149372655965596
15 0 0.000158387904184765
16 0 0.000175753124227129
17 0 0.000219431298580264
18 0 0.000301248628180928
19 0 0.000317135912518918
20 0 0.000294309264969761
21 0 0.000312620296565869
22 0 0.000372763289781863
23 0 0.000347831322207504
24 0 0.000379792328690565
25 0 0.000358790505697204
26 0 0.000410676334140381
27 0 0.000367324525634483
28 0 0.000388244631121637
29 0 0.000375106242342382
30 0 0.000361802421223634
31 0 0.000345321771503704
32 0 0.000361300428370348
33 0 0.000348584200932422
34 0 0.000374771531135409
35 0 0.000394186819278164
36 0 0.000356113331251628
37 0 0.000418378046368462
38 0 0.000444669242032125
39 0 0.000396865115620648
40 0 0.000442994416738340
41 0 0.000501212705521614
42 0 0.000521409343250845
43 0 0.000452038840073277
44 0 0.000522163661496933
45 0 0.000563409256980729
46 0 0.000566427962638061
47 0 0.000653762279619885
48 0 0.0006165866937069
49 0 0.000684907492607523
50 0 0.000735131697624736
51 0 0.000755548466961575
52 0 0.000846597564432061
53 0 0.000842644323593156
54 0 0.000839700532605847
55 0 0.00100722776808559
56 0 0.00107112100893947
57 0 0.00116468177140272
58 0 0.00134202820605489
59 0 0.00115649452020805
60 0 0.00153056901865700
61 0 0.00156235558072226
62 0 0.0017248527611613
63 0 0.00201271514876722
64 0 0.00204825084026161
65 0 0.00215622153422623
66 0 0.00250943006631887
67 0 0.00251251419048903
68 0 0.00290453686117198
69 0 0.00316959174088804
70 0 0.00329013944846257
71 0 0.00376846787732354
72 0 0.00423047477068061
73 0 0.0042657555043516
74 0 0.00511479434118445
75 0 0.00556912252431419
76 0 0.00633907379404242
77 0 0.00686314574756242
78 0 0.00798264764247547
79 0 0.00955646479256134
80 0 0.0101141700215834
81 0 0.0107362343800089
82 0 0.0121538199007709
83 0 0.0135492037270236
84 0 0.0150620139394541
85 0 0.0186796609505785
86 0 0.0178382872472636
87 0 0.0190171476275164
88 0 0.0243512053479049
89 0 0.0265804861869775
90 0 0.0284628816186638
91 0 0.031256683811246
92 0 0.0333548656585801
93 0 0.0380268335657721
94 0 0.0384984995326191
95 0 0.0505143168756578
96 0 0.0496603452191445
97 0 0.060882203285165
98 0 0.0650456657465327
99 0 0.0542283800220198
100 0 0.0213173256538157

death 1 F married
1 0 0.00430760370374861
2 0 0.000692044691958826
3 0 0.00029665019574554
4 0 0.000220266649856748
5 0 0.000182432938505062
6 0 0.000172663876141788
7 0 0.000166318722898851
8 0 0.000143196057629469
9 0 0.000136602584745793
10 0 0.000132262838281938
11 0 0.000133598122818213
12 0 0.000134265772442244
13 0 0.000139189839873821
14 0 0.000158220947017451
15 0 0.000162394968203805
16 0 0.000196128092673442
17 0 0.000271571931924619
18 0 0.000281685999003578
19 0 0.000282103959876823
20 0 0.000290129181409804
21 0 0.000316968663482409
22 0 0.000336037036417158
23 0 0.000329931376309656
24 0 0.000370504071305677
25 0 0.000326920516866114
26 0 0.000370922440860122
27 0 0.000352850631526014
28 0 0.000368997956857298
29 0 0.000324160650001626
30 0 0.000357535570355894
31 0 0.000369834684024739
32 0 0.000343230532186878
33 0 0.000351093841729933
34 0 0.000366571491637546
35 0 0.000396279231550500
36 0 0.000393098783936563
37 0 0.000379792328690565
38 0 0.000389751064592048
39 0 0.000392596618172703
40 0 0.000418378046368462
41 0 0.000374436821161228
42 0 0.000459995327095175
43 0 0.000481606986691752
44 0 0.000473481069821813
45 0 0.000452373836004161
46 0 0.00048504187108922
47 0 0.000542364957238362
48 0 0.000600143657420005
49 0 0.000653258671178714
50 0 0.000595781718671473
51 0 0.000721691062242735
52 0 0.000834401949237229
53 0 0.000789082254479823
54 0 0.00083465425572249
55 0 0.000843148983056374
56 0 0.000987933767105154
57 0 0.0009067585200625
58 0 0.00101270497817763
59 0 0.00114611380947527
60 0 0.00133585455123797
61 0 0.00131040322973863
62 0 0.00155989702275083
63 0 0.00163470089985096
64 0 0.00173776318149221
65 0 0.00179732778070674
66 0 0.00209181596327634
67 0 0.00217815545594979
68 0 0.00257661918092633
69 0 0.00280366478425975
70 0 0.00317545997827584
71 0 0.00349187126132344
72 0 0.0037362458927912
73 0 0.00448438324914424
74 0 0.00493757199062816
75 0 0.0050064114001449
76 0 0.00619021443326184
77 0 0.00670525460808902
78 0 0.00813221611356019
79 0 0.00796744963434382
80 0 0.00905136029725462
81 0 0.00977530722130826
82 0 0.0109432948117392
83 0 0.0125933230959067
84 0 0.0139716781797630
85 0 0.0161957045172264
86 0 0.0175978679551025
87 0 0.0188514809001823
88 0 0.0220813993565158
89 0 0.0226291780340780
90 0 0.0286084030126007
91 0 0.0262025844446474
92 0 0.0240472380163658
93 0 0.0350935676547501
94 0 0.0317926959362311
95 0 0.0443487029045931
96 0 0.0453795343459131
97 0 0.0368540795414838
98 0 0.0516584840967059
99 0 0.0479043483199636
100 0 0.0206176911396413

death 1 F single
1 0 0.00430760370374861
2 0 0.000692044691958826
3 0 0.00029665019574554
4 0 0.000220266649856748
5 0 0.000182432938505062
6 0 0.000172663876141788
7 0 0.000166318722898851
8 0 0.000143196057629469
9 0 0.000136602584745793
10 0 0.000132262838281938
11 0 0.000133598122818213
12 0 0.000134265772442244
13 0 0.000139189839873821
14 0 0.000158220947017451
15 0 0.000162394968203805
16 0 0.000196128092673442
17 0 0.000271571931924619
18 0 0.000281685999003578
19 0 0.000282103959876823
20 0 0.000290129181409804
21 0 0.000316968663482409
22 0 0.000336037036417158
23 0 0.000329931376309656
24 0 0.000370504071305677
25 0 0.000326920516866114
26 0 0.000370922440860122
27 0 0.000352850631526014
28 0 0.000368997956857298
29 0 0.000324160650001626
30 0 0.000357535570355894
31 0 0.000369834684024739
32 0 0.000343230532186878
33 0 0.000351093841729933
34 0 0.000366571491637546
35 0 0.000396279231550500
36 0 0.000393098783936563
37 0 0.000379792328690565
38 0 0.000389751064592048
39 0 0.000392596618172703
40 0 0.000418378046368462
41 0 0.000374436821161228
42 0 0.000459995327095175
43 0 0.000481606986691752
44 0 0.000473481069821813
45 0 0.000452373836004161
46 0 0.00048504187108922
47 0 0.000542364957238362
48 0 0.000600143657420005
49 0 0.000653258671178714
50 0 0.000595781718671473
51 0 0.000721691062242735
52 0 0.000834401949237229
53 0 0.000789082254479823
54 0 0.00083465425572249
55 0 0.000843148983056374
56 0 0.000987933767105154
57 0 0.0009067585200625
58 0 0.00101270497817763
59 0 0.00114611380947527
60 0 0.00133585455123797
61 0 0.00131040322973863
62 0 0.00155989702275083
63 0 0.00163470089985096
64 0 0.00173776318149221
65 0 0.00179732778070674
66 0 0.00209181596327634
67 0 0.00217815545594979
68 0 0.00257661918092633
69 0 0.00280366478425975
70 0 0.00317545997827584
71 0 0.00349187126132344
72 0 0.0037362458927912
73 0 0.00448438324914424
74 0 0.00493757199062816
75 0 0.0050064114001449
76 0 0.00619021443326184
77 0 0.00670525460808902
78 0 0.00813221611356019
79 0 0.00796744963434382
80 0 0.00905136029725462
81 0 0.00977530722130826
82 0 0.0109432948117392
83 0 0.0125933230959067
84 0 0.0139716781797630
85 0 0.0161957045172264
86 0 0.0175978679551025
87 0 0.0188514809001823
88 0 0.0220813993565158
89 0 0.0226291780340780
90 0 0.0286084030126007
91 0 0.0262025844446474
92 0 0.0240472380163658
93 0 0.0350935676547501
94 0 0.0317926959362311
95 0 0.0443487029045931
96 0 0.0453795343459131
97 0 0.0368540795414838
98 0 0.0516584840967059
99 0 0.0479043483199636
100 0 0.0206176911396413

death 1 F divorced
1 0 0.00430760370374861
2 0 0.000692044691958826
3 0 0.00029665019574554
4 0 0.000220266649856748
5 0 0.000182432938505062
6 0 0.000172663876141788
7 0 0.000166318722898851
8 0 0.000143196057629469
9 0 0.000136602584745793
10 0 0.000132262838281938
11 0 0.000133598122818213
12 0 0.000134265772442244
13 0 0.000139189839873821
14 0 0.000158220947017451
15 0 0.000162394968203805
16 0 0.000196128092673442
17 0 0.000271571931924619
18 0 0.000281685999003578
19 0 0.000282103959876823
20 0 0.000290129181409804
21 0 0.000316968663482409
22 0 0.000336037036417158
23 0 0.000329931376309656
24 0 0.000370504071305677
25 0 0.000326920516866114
26 0 0.000370922440860122
27 0 0.000352850631526014
28 0 0.000368997956857298
29 0 0.000324160650001626
30 0 0.000357535570355894
31 0 0.000369834684024739
32 0 0.000343230532186878
33 0 0.000351093841729933
34 0 0.000366571491637546
35 0 0.000396279231550500
36 0 0.000393098783936563
37 0 0.000379792328690565
38 0 0.000389751064592048
39 0 0.000392596618172703
40 0 0.000418378046368462
41 0 0.000374436821161228
42 0 0.000459995327095175
43 0 0.000481606986691752
44 0 0.000473481069821813
45 0 0.000452373836004161
46 0 0.00048504187108922
47 0 0.000542364957238362
48 0 0.000600143657420005
49 0 0.000653258671178714
50 0 0.000595781718671473
51 0 0.000721691062242735
52 0 0.000834401949237229
53 0 0.000789082254479823
54 0 0.00083465425572249
55 0 0.000843148983056374
56 0 0.000987933767105154
57 0 0.0009067585200625
58 0 0.00101270497817763
59 0 0.00114611380947527
60 0 0.00133585455123797
61 0 0.00131040322973863
62 0 0.00155989702275083
63 0 0.00163470089985096
64 0 0.00173776318149221
65 0 0.00179732778070674
66 0 0.00209181596327634
67 0 0.00217815545594979
68 0 0.00257661918092633
69 0 0.00280366478425975
70 0 0.00317545997827584
71 0 0.00349187126132344
72 0 0.0037362458927912
73 0 0.00448438324914424
74 0 0.00493757199062816
75 0 0.0050064114001449
76 0 0.00619021443326184
77 0 0.00670525460808902
78 0 0.00813221611356019
79 0 0.00796744963434382
80 0 0.00905136029725462
81 0 0.00977530722130826
82 0 0.0109432948117392
83 0 0.0125933230959067
84 0 0.0139716781797630
85 0 0.0161957045172264
86 0 0.0175978679551025
87 0 0.0188514809001823
88 0 0.0220813993565158
89 0 0.0226291780340780
90 0 0.0286084030126007
91 0 0.0262025844446474
92 0 0.0240472380163658
93 0 0.0350935676547501
94 0 0.0317926959362311
95 0 0.0443487029045931
96 0 0.0453795343459131
97 0 0.0368540795414838
98 0 0.0516584840967059
99 0 0.0479043483199636
100 0 0.0206176911396413

death 1 F widowed
1 0 0.00430760370374861
2 0 0.000692044691958826
3 0 0.00029665019574554
4 0 0.000220266649856748
5 0 0.000182432938505062
6 0 0.000172663876141788
7 0 0.000166318722898851
8 0 0.000143196057629469
9 0 0.000136602584745793
10 0 0.000132262838281938
11 0 0.000133598122818213
12 0 0.000134265772442244
13 0 0.000139189839873821
14 0 0.000158220947017451
15 0 0.000162394968203805
16 0 0.000196128092673442
17 0 0.000271571931924619
18 0 0.000281685999003578
19 0 0.000282103959876823
20 0 0.000290129181409804
21 0 0.000316968663482409
22 0 0.000336037036417158
23 0 0.000329931376309656
24 0 0.000370504071305677
25 0 0.000326920516866114
26 0 0.000370922440860122
27 0 0.000352850631526014
28 0 0.000368997956857298
29 0 0.000324160650001626
30 0 0.000357535570355894
31 0 0.000369834684024739
32 0 0.000343230532186878
33 0 0.000351093841729933
34 0 0.000366571491637546
35 0 0.000396279231550500
36 0 0.000393098783936563
37 0 0.000379792328690565
38 0 0.000389751064592048
39 0 0.000392596618172703
40 0 0.000418378046368462
41 0 0.000374436821161228
42 0 0.000459995327095175
43 0 0.000481606986691752
44 0 0.000473481069821813
45 0 0.000452373836004161
46 0 0.00048504187108922
47 0 0.000542364957238362
48 0 0.000600143657420005
49 0 0.000653258671178714
50 0 0.000595781718671473
51 0 0.000721691062242735
52 0 0.000834401949237229
53 0 0.000789082254479823
54 0 0.00083465425572249
55 0 0.000843148983056374
56 0 0.000987933767105154
57 0 0.0009067585200625
58 0 0.00101270497817763
59 0 0.00114611380947527
60 0 0.00133585455123797
61 0 0.00131040322973863
62 0 0.00155989702275083
63 0 0.00163470089985096
64 0 0.00173776318149221
65 0 0.00179732778070674
66 0 0.00209181596327634
67 0 0.00217815545594979
68 0 0.00257661918092633
69 0 0.00280366478425975
70 0 0.00317545997827584
71 0 0.00349187126132344
72 0 0.0037362458927912
73 0 0.00448438324914424
74 0 0.00493757199062816
75 0 0.0050064114001449
76 0 0.00619021443326184
77 0 0.00670525460808902
78 0 0.00813221611356019
79 0 0.00796744963434382
80 0 0.00905136029725462
81 0 0.00977530722130826
82 0 0.0109432948117392
83 0 0.0125933230959067
84 0 0.0139716781797630
85 0 0.0161957045172264
86 0 0.0175978679551025
87 0 0.0188514809001823
88 0 0.0220813993565158
89 0 0.0226291780340780
90 0 0.0286084030126007
91 0 0.0262025844446474
92 0 0.0240472380163658
93 0 0.0350935676547501
94 0 0.0317926959362311
95 0 0.0443487029045931
96 0 0.0453795343459131
97 0 0.0368540795414838
98 0 0.0516584840967059
99 0 0.0479043483199636
100 0 0.0206176911396413
