*Period monthly mortality rates for SWE in 1821 
* Mon Dec 20 14:19:30 2010
death 1 M married
1 0 0.0208656686962401
2 0 0.00603990747919292
3 0 0.00412916279243458
4 0 0.00239855695877456
5 0 0.00152048440915975
6 0 0.00123282495918975
7 0 0.00105029597806294
8 0 0.000894218194586571
9 0 0.000742944980907878
10 0 0.000626067960101229
11 0 0.000567518075440754
12 0 0.000536496898129513
13 0 0.000517889274233685
14 0 0.000478758644453348
15 0 0.000439393646883834
16 0 0.000426750213132654
17 0 0.000441570839509131
18 0 0.000468538857229195
19 0 0.000487471501872117
20 0 0.000516380714971509
21 0 0.000574394473038975
22 0 0.000638990925307725
23 0 0.000677602939772703
24 0 0.000690449269324822
25 0 0.000702289652271149
26 0 0.000720263111595565
27 0 0.000731183304697902
28 0 0.000730091226313734
29 0 0.000730343243237064
30 0 0.00075344776451558
31 0 0.000805643602844075
32 0 0.000873770236498927
33 0 0.000900446059278193
34 0 0.000900951039996545
35 0 0.000907852724545632
36 0 0.000917111905577861
37 0 0.000938243208175593
38 0 0.00098212109432294
39 0 0.00106150886280998
40 0 0.00117683740276708
41 0 0.00129155186728214
42 0 0.00138415557647908
43 0 0.00144467385546865
44 0 0.00149896302345776
45 0 0.00153819677842837
46 0 0.00156337293453479
47 0 0.00157880419882894
48 0 0.00157397104817814
49 0 0.00166261972859949
50 0 0.00178457885776995
51 0 0.00186220504410040
52 0 0.00201535641196871
53 0 0.00218353306338093
54 0 0.00236972647914024
55 0 0.00248458955780828
56 0 0.00255561723412234
57 0 0.00264668942315138
58 0 0.00275039322303328
59 0 0.00287348072551763
60 0 0.00302619696961481
61 0 0.003221642459873
62 0 0.00350434285168033
63 0 0.00382825221321992
64 0 0.00415410939788441
65 0 0.00448648463685486
66 0 0.00480461910751229
67 0 0.00503098443756222
68 0 0.00537199611565076
69 0 0.00580052152319976
70 0 0.00633317547615853
71 0 0.00682459052348783
72 0 0.00742355748361379
73 0 0.0082825809925342
74 0 0.0090574390536251
75 0 0.00982109028348532
76 0 0.0107494667212548
77 0 0.0118487061373731
78 0 0.0130998031543953
79 0 0.0142972903119465
80 0 0.0156287486313174
81 0 0.0159625423269726
82 0 0.0178671404655826
83 0 0.0200662894668091
84 0 0.0223958044183716
85 0 0.0245856192720230
86 0 0.0261597404367877
87 0 0.0269448144634843
88 0 0.0271154769600234
89 0 0.0269161214400405
90 0 0.0269567444985168
91 0 0.0279996149205752
92 0 0.0300163537135762
93 0 0.033288930878714
94 0 0.0389594343000853
95 0 0.0489220262541682
96 0 0.0666625077553066
97 0 0.092528024366754
98 0 0.101275126342528
99 0 0.0973142493615704
100 0 0.0832844382217013

death 1 M single
1 0 0.0208656686962401
2 0 0.00603990747919292
3 0 0.00412916279243458
4 0 0.00239855695877456
5 0 0.00152048440915975
6 0 0.00123282495918975
7 0 0.00105029597806294
8 0 0.000894218194586571
9 0 0.000742944980907878
10 0 0.000626067960101229
11 0 0.000567518075440754
12 0 0.000536496898129513
13 0 0.000517889274233685
14 0 0.000478758644453348
15 0 0.000439393646883834
16 0 0.000426750213132654
17 0 0.000441570839509131
18 0 0.000468538857229195
19 0 0.000487471501872117
20 0 0.000516380714971509
21 0 0.000574394473038975
22 0 0.000638990925307725
23 0 0.000677602939772703
24 0 0.000690449269324822
25 0 0.000702289652271149
26 0 0.000720263111595565
27 0 0.000731183304697902
28 0 0.000730091226313734
29 0 0.000730343243237064
30 0 0.00075344776451558
31 0 0.000805643602844075
32 0 0.000873770236498927
33 0 0.000900446059278193
34 0 0.000900951039996545
35 0 0.000907852724545632
36 0 0.000917111905577861
37 0 0.000938243208175593
38 0 0.00098212109432294
39 0 0.00106150886280998
40 0 0.00117683740276708
41 0 0.00129155186728214
42 0 0.00138415557647908
43 0 0.00144467385546865
44 0 0.00149896302345776
45 0 0.00153819677842837
46 0 0.00156337293453479
47 0 0.00157880419882894
48 0 0.00157397104817814
49 0 0.00166261972859949
50 0 0.00178457885776995
51 0 0.00186220504410040
52 0 0.00201535641196871
53 0 0.00218353306338093
54 0 0.00236972647914024
55 0 0.00248458955780828
56 0 0.00255561723412234
57 0 0.00264668942315138
58 0 0.00275039322303328
59 0 0.00287348072551763
60 0 0.00302619696961481
61 0 0.003221642459873
62 0 0.00350434285168033
63 0 0.00382825221321992
64 0 0.00415410939788441
65 0 0.00448648463685486
66 0 0.00480461910751229
67 0 0.00503098443756222
68 0 0.00537199611565076
69 0 0.00580052152319976
70 0 0.00633317547615853
71 0 0.00682459052348783
72 0 0.00742355748361379
73 0 0.0082825809925342
74 0 0.0090574390536251
75 0 0.00982109028348532
76 0 0.0107494667212548
77 0 0.0118487061373731
78 0 0.0130998031543953
79 0 0.0142972903119465
80 0 0.0156287486313174
81 0 0.0159625423269726
82 0 0.0178671404655826
83 0 0.0200662894668091
84 0 0.0223958044183716
85 0 0.0245856192720230
86 0 0.0261597404367877
87 0 0.0269448144634843
88 0 0.0271154769600234
89 0 0.0269161214400405
90 0 0.0269567444985168
91 0 0.0279996149205752
92 0 0.0300163537135762
93 0 0.033288930878714
94 0 0.0389594343000853
95 0 0.0489220262541682
96 0 0.0666625077553066
97 0 0.092528024366754
98 0 0.101275126342528
99 0 0.0973142493615704
100 0 0.0832844382217013

death 1 M divorced
1 0 0.0208656686962401
2 0 0.00603990747919292
3 0 0.00412916279243458
4 0 0.00239855695877456
5 0 0.00152048440915975
6 0 0.00123282495918975
7 0 0.00105029597806294
8 0 0.000894218194586571
9 0 0.000742944980907878
10 0 0.000626067960101229
11 0 0.000567518075440754
12 0 0.000536496898129513
13 0 0.000517889274233685
14 0 0.000478758644453348
15 0 0.000439393646883834
16 0 0.000426750213132654
17 0 0.000441570839509131
18 0 0.000468538857229195
19 0 0.000487471501872117
20 0 0.000516380714971509
21 0 0.000574394473038975
22 0 0.000638990925307725
23 0 0.000677602939772703
24 0 0.000690449269324822
25 0 0.000702289652271149
26 0 0.000720263111595565
27 0 0.000731183304697902
28 0 0.000730091226313734
29 0 0.000730343243237064
30 0 0.00075344776451558
31 0 0.000805643602844075
32 0 0.000873770236498927
33 0 0.000900446059278193
34 0 0.000900951039996545
35 0 0.000907852724545632
36 0 0.000917111905577861
37 0 0.000938243208175593
38 0 0.00098212109432294
39 0 0.00106150886280998
40 0 0.00117683740276708
41 0 0.00129155186728214
42 0 0.00138415557647908
43 0 0.00144467385546865
44 0 0.00149896302345776
45 0 0.00153819677842837
46 0 0.00156337293453479
47 0 0.00157880419882894
48 0 0.00157397104817814
49 0 0.00166261972859949
50 0 0.00178457885776995
51 0 0.00186220504410040
52 0 0.00201535641196871
53 0 0.00218353306338093
54 0 0.00236972647914024
55 0 0.00248458955780828
56 0 0.00255561723412234
57 0 0.00264668942315138
58 0 0.00275039322303328
59 0 0.00287348072551763
60 0 0.00302619696961481
61 0 0.003221642459873
62 0 0.00350434285168033
63 0 0.00382825221321992
64 0 0.00415410939788441
65 0 0.00448648463685486
66 0 0.00480461910751229
67 0 0.00503098443756222
68 0 0.00537199611565076
69 0 0.00580052152319976
70 0 0.00633317547615853
71 0 0.00682459052348783
72 0 0.00742355748361379
73 0 0.0082825809925342
74 0 0.0090574390536251
75 0 0.00982109028348532
76 0 0.0107494667212548
77 0 0.0118487061373731
78 0 0.0130998031543953
79 0 0.0142972903119465
80 0 0.0156287486313174
81 0 0.0159625423269726
82 0 0.0178671404655826
83 0 0.0200662894668091
84 0 0.0223958044183716
85 0 0.0245856192720230
86 0 0.0261597404367877
87 0 0.0269448144634843
88 0 0.0271154769600234
89 0 0.0269161214400405
90 0 0.0269567444985168
91 0 0.0279996149205752
92 0 0.0300163537135762
93 0 0.033288930878714
94 0 0.0389594343000853
95 0 0.0489220262541682
96 0 0.0666625077553066
97 0 0.092528024366754
98 0 0.101275126342528
99 0 0.0973142493615704
100 0 0.0832844382217013

death 1 M widowed
1 0 0.0208656686962401
2 0 0.00603990747919292
3 0 0.00412916279243458
4 0 0.00239855695877456
5 0 0.00152048440915975
6 0 0.00123282495918975
7 0 0.00105029597806294
8 0 0.000894218194586571
9 0 0.000742944980907878
10 0 0.000626067960101229
11 0 0.000567518075440754
12 0 0.000536496898129513
13 0 0.000517889274233685
14 0 0.000478758644453348
15 0 0.000439393646883834
16 0 0.000426750213132654
17 0 0.000441570839509131
18 0 0.000468538857229195
19 0 0.000487471501872117
20 0 0.000516380714971509
21 0 0.000574394473038975
22 0 0.000638990925307725
23 0 0.000677602939772703
24 0 0.000690449269324822
25 0 0.000702289652271149
26 0 0.000720263111595565
27 0 0.000731183304697902
28 0 0.000730091226313734
29 0 0.000730343243237064
30 0 0.00075344776451558
31 0 0.000805643602844075
32 0 0.000873770236498927
33 0 0.000900446059278193
34 0 0.000900951039996545
35 0 0.000907852724545632
36 0 0.000917111905577861
37 0 0.000938243208175593
38 0 0.00098212109432294
39 0 0.00106150886280998
40 0 0.00117683740276708
41 0 0.00129155186728214
42 0 0.00138415557647908
43 0 0.00144467385546865
44 0 0.00149896302345776
45 0 0.00153819677842837
46 0 0.00156337293453479
47 0 0.00157880419882894
48 0 0.00157397104817814
49 0 0.00166261972859949
50 0 0.00178457885776995
51 0 0.00186220504410040
52 0 0.00201535641196871
53 0 0.00218353306338093
54 0 0.00236972647914024
55 0 0.00248458955780828
56 0 0.00255561723412234
57 0 0.00264668942315138
58 0 0.00275039322303328
59 0 0.00287348072551763
60 0 0.00302619696961481
61 0 0.003221642459873
62 0 0.00350434285168033
63 0 0.00382825221321992
64 0 0.00415410939788441
65 0 0.00448648463685486
66 0 0.00480461910751229
67 0 0.00503098443756222
68 0 0.00537199611565076
69 0 0.00580052152319976
70 0 0.00633317547615853
71 0 0.00682459052348783
72 0 0.00742355748361379
73 0 0.0082825809925342
74 0 0.0090574390536251
75 0 0.00982109028348532
76 0 0.0107494667212548
77 0 0.0118487061373731
78 0 0.0130998031543953
79 0 0.0142972903119465
80 0 0.0156287486313174
81 0 0.0159625423269726
82 0 0.0178671404655826
83 0 0.0200662894668091
84 0 0.0223958044183716
85 0 0.0245856192720230
86 0 0.0261597404367877
87 0 0.0269448144634843
88 0 0.0271154769600234
89 0 0.0269161214400405
90 0 0.0269567444985168
91 0 0.0279996149205752
92 0 0.0300163537135762
93 0 0.033288930878714
94 0 0.0389594343000853
95 0 0.0489220262541682
96 0 0.0666625077553066
97 0 0.092528024366754
98 0 0.101275126342528
99 0 0.0973142493615704
100 0 0.0832844382217013

death 1 F married
1 0 0.0175628228487307
2 0 0.00580585209712314
3 0 0.0039356676822242
4 0 0.00236946986913855
5 0 0.00158660561652257
6 0 0.00129907503586812
7 0 0.00109616795831491
8 0 0.000929234442118565
9 0 0.000764540022377802
10 0 0.000640249753933064
11 0 0.000580181113280731
12 0 0.000550245518535109
13 0 0.000540017688117067
14 0 0.000512106599737994
15 0 0.000491660673034855
16 0 0.000503307583745283
17 0 0.00052467810087875
18 0 0.000541861965893231
19 0 0.000530461575538266
20 0 0.000515877867449777
21 0 0.000524007576906516
22 0 0.000549239451373862
23 0 0.000564415481056013
24 0 0.000573975165602869
25 0 0.000597459362637887
26 0 0.00064142467638717
27 0 0.00067122243167983
28 0 0.000680877321862394
29 0 0.000684319748238349
30 0 0.0006954035680381
31 0 0.00072127107442832
32 0 0.000755128322586063
33 0 0.000765800591932653
34 0 0.000771851569307924
35 0 0.00079261284708343
36 0 0.00082002163792394
37 0 0.000842896652974212
38 0 0.000874275068928565
39 0 0.000930497299396316
40 0 0.00100318327112126
41 0 0.00106100298856415
42 0 0.00110443412435957
43 0 0.00112527157558184
44 0 0.00114130363857468
45 0 0.00113759069844988
46 0 0.00112181239641185
47 0 0.00110839877710245
48 0 0.00109017967537539
49 0 0.00114940512585915
50 0 0.00124270870087373
51 0 0.00131167139911359
52 0 0.00141969988624335
53 0 0.00153506084404120
54 0 0.00166771223438567
55 0 0.00175245951347736
56 0 0.00180548803145686
57 0 0.00189827747627436
58 0 0.00202285461036311
59 0 0.00218874025691462
60 0 0.00240411878828495
61 0 0.00268582195485512
62 0 0.00301783999174954
63 0 0.0033458908474685
64 0 0.00364884396156206
65 0 0.00391539249956263
66 0 0.00410814668763526
67 0 0.00427667435896417
68 0 0.00459442146752609
69 0 0.00499663688638907
70 0 0.00552491537586619
71 0 0.0060384822756756
72 0 0.00660086406234273
73 0 0.0073221280714234
74 0 0.00790895665585822
75 0 0.0084818720637111
76 0 0.0090974217020644
77 0 0.009713309691042
78 0 0.010535079953501
79 0 0.0115646063934254
80 0 0.0127006824316077
81 0 0.0135657623895354
82 0 0.0154218703775679
83 0 0.0174340034528629
84 0 0.019441818353489
85 0 0.0212400433061130
86 0 0.0226014194307376
87 0 0.0236223850466240
88 0 0.0243831244829161
89 0 0.0249243249594756
90 0 0.0252676425875469
91 0 0.0257327697635112
92 0 0.0265073298614922
93 0 0.0278909162625648
94 0 0.0300756836794949
95 0 0.0337806994201713
96 0 0.0404257414030343
97 0 0.0493627187496994
98 0 0.0598412022388506
99 0 0.0695561392874151
100 0 0.0670435464697603

death 1 F single
1 0 0.0175628228487307
2 0 0.00580585209712314
3 0 0.0039356676822242
4 0 0.00236946986913855
5 0 0.00158660561652257
6 0 0.00129907503586812
7 0 0.00109616795831491
8 0 0.000929234442118565
9 0 0.000764540022377802
10 0 0.000640249753933064
11 0 0.000580181113280731
12 0 0.000550245518535109
13 0 0.000540017688117067
14 0 0.000512106599737994
15 0 0.000491660673034855
16 0 0.000503307583745283
17 0 0.00052467810087875
18 0 0.000541861965893231
19 0 0.000530461575538266
20 0 0.000515877867449777
21 0 0.000524007576906516
22 0 0.000549239451373862
23 0 0.000564415481056013
24 0 0.000573975165602869
25 0 0.000597459362637887
26 0 0.00064142467638717
27 0 0.00067122243167983
28 0 0.000680877321862394
29 0 0.000684319748238349
30 0 0.0006954035680381
31 0 0.00072127107442832
32 0 0.000755128322586063
33 0 0.000765800591932653
34 0 0.000771851569307924
35 0 0.00079261284708343
36 0 0.00082002163792394
37 0 0.000842896652974212
38 0 0.000874275068928565
39 0 0.000930497299396316
40 0 0.00100318327112126
41 0 0.00106100298856415
42 0 0.00110443412435957
43 0 0.00112527157558184
44 0 0.00114130363857468
45 0 0.00113759069844988
46 0 0.00112181239641185
47 0 0.00110839877710245
48 0 0.00109017967537539
49 0 0.00114940512585915
50 0 0.00124270870087373
51 0 0.00131167139911359
52 0 0.00141969988624335
53 0 0.00153506084404120
54 0 0.00166771223438567
55 0 0.00175245951347736
56 0 0.00180548803145686
57 0 0.00189827747627436
58 0 0.00202285461036311
59 0 0.00218874025691462
60 0 0.00240411878828495
61 0 0.00268582195485512
62 0 0.00301783999174954
63 0 0.0033458908474685
64 0 0.00364884396156206
65 0 0.00391539249956263
66 0 0.00410814668763526
67 0 0.00427667435896417
68 0 0.00459442146752609
69 0 0.00499663688638907
70 0 0.00552491537586619
71 0 0.0060384822756756
72 0 0.00660086406234273
73 0 0.0073221280714234
74 0 0.00790895665585822
75 0 0.0084818720637111
76 0 0.0090974217020644
77 0 0.009713309691042
78 0 0.010535079953501
79 0 0.0115646063934254
80 0 0.0127006824316077
81 0 0.0135657623895354
82 0 0.0154218703775679
83 0 0.0174340034528629
84 0 0.019441818353489
85 0 0.0212400433061130
86 0 0.0226014194307376
87 0 0.0236223850466240
88 0 0.0243831244829161
89 0 0.0249243249594756
90 0 0.0252676425875469
91 0 0.0257327697635112
92 0 0.0265073298614922
93 0 0.0278909162625648
94 0 0.0300756836794949
95 0 0.0337806994201713
96 0 0.0404257414030343
97 0 0.0493627187496994
98 0 0.0598412022388506
99 0 0.0695561392874151
100 0 0.0670435464697603

death 1 F divorced
1 0 0.0175628228487307
2 0 0.00580585209712314
3 0 0.0039356676822242
4 0 0.00236946986913855
5 0 0.00158660561652257
6 0 0.00129907503586812
7 0 0.00109616795831491
8 0 0.000929234442118565
9 0 0.000764540022377802
10 0 0.000640249753933064
11 0 0.000580181113280731
12 0 0.000550245518535109
13 0 0.000540017688117067
14 0 0.000512106599737994
15 0 0.000491660673034855
16 0 0.000503307583745283
17 0 0.00052467810087875
18 0 0.000541861965893231
19 0 0.000530461575538266
20 0 0.000515877867449777
21 0 0.000524007576906516
22 0 0.000549239451373862
23 0 0.000564415481056013
24 0 0.000573975165602869
25 0 0.000597459362637887
26 0 0.00064142467638717
27 0 0.00067122243167983
28 0 0.000680877321862394
29 0 0.000684319748238349
30 0 0.0006954035680381
31 0 0.00072127107442832
32 0 0.000755128322586063
33 0 0.000765800591932653
34 0 0.000771851569307924
35 0 0.00079261284708343
36 0 0.00082002163792394
37 0 0.000842896652974212
38 0 0.000874275068928565
39 0 0.000930497299396316
40 0 0.00100318327112126
41 0 0.00106100298856415
42 0 0.00110443412435957
43 0 0.00112527157558184
44 0 0.00114130363857468
45 0 0.00113759069844988
46 0 0.00112181239641185
47 0 0.00110839877710245
48 0 0.00109017967537539
49 0 0.00114940512585915
50 0 0.00124270870087373
51 0 0.00131167139911359
52 0 0.00141969988624335
53 0 0.00153506084404120
54 0 0.00166771223438567
55 0 0.00175245951347736
56 0 0.00180548803145686
57 0 0.00189827747627436
58 0 0.00202285461036311
59 0 0.00218874025691462
60 0 0.00240411878828495
61 0 0.00268582195485512
62 0 0.00301783999174954
63 0 0.0033458908474685
64 0 0.00364884396156206
65 0 0.00391539249956263
66 0 0.00410814668763526
67 0 0.00427667435896417
68 0 0.00459442146752609
69 0 0.00499663688638907
70 0 0.00552491537586619
71 0 0.0060384822756756
72 0 0.00660086406234273
73 0 0.0073221280714234
74 0 0.00790895665585822
75 0 0.0084818720637111
76 0 0.0090974217020644
77 0 0.009713309691042
78 0 0.010535079953501
79 0 0.0115646063934254
80 0 0.0127006824316077
81 0 0.0135657623895354
82 0 0.0154218703775679
83 0 0.0174340034528629
84 0 0.019441818353489
85 0 0.0212400433061130
86 0 0.0226014194307376
87 0 0.0236223850466240
88 0 0.0243831244829161
89 0 0.0249243249594756
90 0 0.0252676425875469
91 0 0.0257327697635112
92 0 0.0265073298614922
93 0 0.0278909162625648
94 0 0.0300756836794949
95 0 0.0337806994201713
96 0 0.0404257414030343
97 0 0.0493627187496994
98 0 0.0598412022388506
99 0 0.0695561392874151
100 0 0.0670435464697603

death 1 F widowed
1 0 0.0175628228487307
2 0 0.00580585209712314
3 0 0.0039356676822242
4 0 0.00236946986913855
5 0 0.00158660561652257
6 0 0.00129907503586812
7 0 0.00109616795831491
8 0 0.000929234442118565
9 0 0.000764540022377802
10 0 0.000640249753933064
11 0 0.000580181113280731
12 0 0.000550245518535109
13 0 0.000540017688117067
14 0 0.000512106599737994
15 0 0.000491660673034855
16 0 0.000503307583745283
17 0 0.00052467810087875
18 0 0.000541861965893231
19 0 0.000530461575538266
20 0 0.000515877867449777
21 0 0.000524007576906516
22 0 0.000549239451373862
23 0 0.000564415481056013
24 0 0.000573975165602869
25 0 0.000597459362637887
26 0 0.00064142467638717
27 0 0.00067122243167983
28 0 0.000680877321862394
29 0 0.000684319748238349
30 0 0.0006954035680381
31 0 0.00072127107442832
32 0 0.000755128322586063
33 0 0.000765800591932653
34 0 0.000771851569307924
35 0 0.00079261284708343
36 0 0.00082002163792394
37 0 0.000842896652974212
38 0 0.000874275068928565
39 0 0.000930497299396316
40 0 0.00100318327112126
41 0 0.00106100298856415
42 0 0.00110443412435957
43 0 0.00112527157558184
44 0 0.00114130363857468
45 0 0.00113759069844988
46 0 0.00112181239641185
47 0 0.00110839877710245
48 0 0.00109017967537539
49 0 0.00114940512585915
50 0 0.00124270870087373
51 0 0.00131167139911359
52 0 0.00141969988624335
53 0 0.00153506084404120
54 0 0.00166771223438567
55 0 0.00175245951347736
56 0 0.00180548803145686
57 0 0.00189827747627436
58 0 0.00202285461036311
59 0 0.00218874025691462
60 0 0.00240411878828495
61 0 0.00268582195485512
62 0 0.00301783999174954
63 0 0.0033458908474685
64 0 0.00364884396156206
65 0 0.00391539249956263
66 0 0.00410814668763526
67 0 0.00427667435896417
68 0 0.00459442146752609
69 0 0.00499663688638907
70 0 0.00552491537586619
71 0 0.0060384822756756
72 0 0.00660086406234273
73 0 0.0073221280714234
74 0 0.00790895665585822
75 0 0.0084818720637111
76 0 0.0090974217020644
77 0 0.009713309691042
78 0 0.010535079953501
79 0 0.0115646063934254
80 0 0.0127006824316077
81 0 0.0135657623895354
82 0 0.0154218703775679
83 0 0.0174340034528629
84 0 0.019441818353489
85 0 0.0212400433061130
86 0 0.0226014194307376
87 0 0.0236223850466240
88 0 0.0243831244829161
89 0 0.0249243249594756
90 0 0.0252676425875469
91 0 0.0257327697635112
92 0 0.0265073298614922
93 0 0.0278909162625648
94 0 0.0300756836794949
95 0 0.0337806994201713
96 0 0.0404257414030343
97 0 0.0493627187496994
98 0 0.0598412022388506
99 0 0.0695561392874151
100 0 0.0670435464697603
