*Period monthly mortality rates for SWE in 1898 
* Mon Dec 20 14:20:28 2010
death 1 M married
1 0 0.00934360432003079
2 0 0.00220410748868127
3 0 0.00115539731583303
4 0 0.00085282216469218
5 0 0.000658210942097504
6 0 0.000531970368603085
7 0 0.000441989536379084
8 0 0.000379624964302883
9 0 0.000398706490146949
10 0 0.000295814142117989
11 0 0.000264551257946888
12 0 0.000246584145851880
13 0 0.000256946139760905
14 0 0.000194374329680724
15 0 0.000243492489403807
16 0 0.000261291843656752
17 0 0.000310362572724987
18 0 0.0004250757180706
19 0 0.000380043375850181
20 0 0.000478758644453348
21 0 0.000499285460211496
22 0 0.000549910161576905
23 0 0.000587813332843412
24 0 0.000558462150689776
25 0 0.000514788374032848
26 0 0.000488141756279648
27 0 0.000547478860646877
28 0 0.000507497485092268
29 0 0.000499788215916785
30 0 0.000574981506700656
31 0 0.000567518075440754
32 0 0.000615663791416088
33 0 0.000504983521099511
34 0 0.000501464088358383
35 0 0.000574981506700656
36 0 0.000606854741366236
37 0 0.000571794798128633
38 0 0.000633284454294114
39 0 0.00063236138236833
40 0 0.000584877787906612
41 0 0.000633536202810703
42 0 0.00068960958445552
43 0 0.00070019018103662
44 0 0.000822292062046648
45 0 0.000776137922165576
46 0 0.00078496340320433
47 0 0.000800178864778012
48 0 0.000819180754502047
49 0 0.000915933411931635
50 0 0.00108166181239622
51 0 0.00100705924378253
52 0 0.000999138954267176
53 0 0.000999475973792907
54 0 0.00119515833824513
55 0 0.00128639589828117
56 0 0.00124490523403287
57 0 0.00134947097820015
58 0 0.00127608483859720
59 0 0.00168808511548935
60 0 0.00163928273250713
61 0 0.00177310635830163
62 0 0.00197727853796414
63 0 0.00191572330117418
64 0 0.00227765011266912
65 0 0.00254636077761816
66 0 0.00252613699376836
67 0 0.0026340779298083
68 0 0.00312679961774698
69 0 0.00341560674041608
70 0 0.00391782876222024
71 0 0.00381816952960246
72 0 0.00435707767481708
73 0 0.00494461198041618
74 0 0.00548701543661279
75 0 0.00548745810120632
76 0 0.00664048956124907
77 0 0.00747042346259841
78 0 0.00770103627283991
79 0 0.00863951412685038
80 0 0.0098489615594457
81 0 0.0112349642152514
82 0 0.0128302596896579
83 0 0.0153730416722824
84 0 0.0180534884619036
85 0 0.0162340087808641
86 0 0.0190911852283056
87 0 0.0229409050333613
88 0 0.0233575297132632
89 0 0.0266386735076374
90 0 0.0312914338949551
91 0 0.0317708218101479
92 0 0.0387558188234639
93 0 0.0488807991616734
94 0 0.0574685818434728
95 0 0.0381163631420313
96 0 0.0598495813289383
97 0 0.0550549605675915
98 0 0.0707367920059954
99 0 0.0470311825383506
100 0 0.0874853212824371

death 1 M single
1 0 0.00934360432003079
2 0 0.00220410748868127
3 0 0.00115539731583303
4 0 0.00085282216469218
5 0 0.000658210942097504
6 0 0.000531970368603085
7 0 0.000441989536379084
8 0 0.000379624964302883
9 0 0.000398706490146949
10 0 0.000295814142117989
11 0 0.000264551257946888
12 0 0.000246584145851880
13 0 0.000256946139760905
14 0 0.000194374329680724
15 0 0.000243492489403807
16 0 0.000261291843656752
17 0 0.000310362572724987
18 0 0.0004250757180706
19 0 0.000380043375850181
20 0 0.000478758644453348
21 0 0.000499285460211496
22 0 0.000549910161576905
23 0 0.000587813332843412
24 0 0.000558462150689776
25 0 0.000514788374032848
26 0 0.000488141756279648
27 0 0.000547478860646877
28 0 0.000507497485092268
29 0 0.000499788215916785
30 0 0.000574981506700656
31 0 0.000567518075440754
32 0 0.000615663791416088
33 0 0.000504983521099511
34 0 0.000501464088358383
35 0 0.000574981506700656
36 0 0.000606854741366236
37 0 0.000571794798128633
38 0 0.000633284454294114
39 0 0.00063236138236833
40 0 0.000584877787906612
41 0 0.000633536202810703
42 0 0.00068960958445552
43 0 0.00070019018103662
44 0 0.000822292062046648
45 0 0.000776137922165576
46 0 0.00078496340320433
47 0 0.000800178864778012
48 0 0.000819180754502047
49 0 0.000915933411931635
50 0 0.00108166181239622
51 0 0.00100705924378253
52 0 0.000999138954267176
53 0 0.000999475973792907
54 0 0.00119515833824513
55 0 0.00128639589828117
56 0 0.00124490523403287
57 0 0.00134947097820015
58 0 0.00127608483859720
59 0 0.00168808511548935
60 0 0.00163928273250713
61 0 0.00177310635830163
62 0 0.00197727853796414
63 0 0.00191572330117418
64 0 0.00227765011266912
65 0 0.00254636077761816
66 0 0.00252613699376836
67 0 0.0026340779298083
68 0 0.00312679961774698
69 0 0.00341560674041608
70 0 0.00391782876222024
71 0 0.00381816952960246
72 0 0.00435707767481708
73 0 0.00494461198041618
74 0 0.00548701543661279
75 0 0.00548745810120632
76 0 0.00664048956124907
77 0 0.00747042346259841
78 0 0.00770103627283991
79 0 0.00863951412685038
80 0 0.0098489615594457
81 0 0.0112349642152514
82 0 0.0128302596896579
83 0 0.0153730416722824
84 0 0.0180534884619036
85 0 0.0162340087808641
86 0 0.0190911852283056
87 0 0.0229409050333613
88 0 0.0233575297132632
89 0 0.0266386735076374
90 0 0.0312914338949551
91 0 0.0317708218101479
92 0 0.0387558188234639
93 0 0.0488807991616734
94 0 0.0574685818434728
95 0 0.0381163631420313
96 0 0.0598495813289383
97 0 0.0550549605675915
98 0 0.0707367920059954
99 0 0.0470311825383506
100 0 0.0874853212824371

death 1 M divorced
1 0 0.00934360432003079
2 0 0.00220410748868127
3 0 0.00115539731583303
4 0 0.00085282216469218
5 0 0.000658210942097504
6 0 0.000531970368603085
7 0 0.000441989536379084
8 0 0.000379624964302883
9 0 0.000398706490146949
10 0 0.000295814142117989
11 0 0.000264551257946888
12 0 0.000246584145851880
13 0 0.000256946139760905
14 0 0.000194374329680724
15 0 0.000243492489403807
16 0 0.000261291843656752
17 0 0.000310362572724987
18 0 0.0004250757180706
19 0 0.000380043375850181
20 0 0.000478758644453348
21 0 0.000499285460211496
22 0 0.000549910161576905
23 0 0.000587813332843412
24 0 0.000558462150689776
25 0 0.000514788374032848
26 0 0.000488141756279648
27 0 0.000547478860646877
28 0 0.000507497485092268
29 0 0.000499788215916785
30 0 0.000574981506700656
31 0 0.000567518075440754
32 0 0.000615663791416088
33 0 0.000504983521099511
34 0 0.000501464088358383
35 0 0.000574981506700656
36 0 0.000606854741366236
37 0 0.000571794798128633
38 0 0.000633284454294114
39 0 0.00063236138236833
40 0 0.000584877787906612
41 0 0.000633536202810703
42 0 0.00068960958445552
43 0 0.00070019018103662
44 0 0.000822292062046648
45 0 0.000776137922165576
46 0 0.00078496340320433
47 0 0.000800178864778012
48 0 0.000819180754502047
49 0 0.000915933411931635
50 0 0.00108166181239622
51 0 0.00100705924378253
52 0 0.000999138954267176
53 0 0.000999475973792907
54 0 0.00119515833824513
55 0 0.00128639589828117
56 0 0.00124490523403287
57 0 0.00134947097820015
58 0 0.00127608483859720
59 0 0.00168808511548935
60 0 0.00163928273250713
61 0 0.00177310635830163
62 0 0.00197727853796414
63 0 0.00191572330117418
64 0 0.00227765011266912
65 0 0.00254636077761816
66 0 0.00252613699376836
67 0 0.0026340779298083
68 0 0.00312679961774698
69 0 0.00341560674041608
70 0 0.00391782876222024
71 0 0.00381816952960246
72 0 0.00435707767481708
73 0 0.00494461198041618
74 0 0.00548701543661279
75 0 0.00548745810120632
76 0 0.00664048956124907
77 0 0.00747042346259841
78 0 0.00770103627283991
79 0 0.00863951412685038
80 0 0.0098489615594457
81 0 0.0112349642152514
82 0 0.0128302596896579
83 0 0.0153730416722824
84 0 0.0180534884619036
85 0 0.0162340087808641
86 0 0.0190911852283056
87 0 0.0229409050333613
88 0 0.0233575297132632
89 0 0.0266386735076374
90 0 0.0312914338949551
91 0 0.0317708218101479
92 0 0.0387558188234639
93 0 0.0488807991616734
94 0 0.0574685818434728
95 0 0.0381163631420313
96 0 0.0598495813289383
97 0 0.0550549605675915
98 0 0.0707367920059954
99 0 0.0470311825383506
100 0 0.0874853212824371

death 1 M widowed
1 0 0.00934360432003079
2 0 0.00220410748868127
3 0 0.00115539731583303
4 0 0.00085282216469218
5 0 0.000658210942097504
6 0 0.000531970368603085
7 0 0.000441989536379084
8 0 0.000379624964302883
9 0 0.000398706490146949
10 0 0.000295814142117989
11 0 0.000264551257946888
12 0 0.000246584145851880
13 0 0.000256946139760905
14 0 0.000194374329680724
15 0 0.000243492489403807
16 0 0.000261291843656752
17 0 0.000310362572724987
18 0 0.0004250757180706
19 0 0.000380043375850181
20 0 0.000478758644453348
21 0 0.000499285460211496
22 0 0.000549910161576905
23 0 0.000587813332843412
24 0 0.000558462150689776
25 0 0.000514788374032848
26 0 0.000488141756279648
27 0 0.000547478860646877
28 0 0.000507497485092268
29 0 0.000499788215916785
30 0 0.000574981506700656
31 0 0.000567518075440754
32 0 0.000615663791416088
33 0 0.000504983521099511
34 0 0.000501464088358383
35 0 0.000574981506700656
36 0 0.000606854741366236
37 0 0.000571794798128633
38 0 0.000633284454294114
39 0 0.00063236138236833
40 0 0.000584877787906612
41 0 0.000633536202810703
42 0 0.00068960958445552
43 0 0.00070019018103662
44 0 0.000822292062046648
45 0 0.000776137922165576
46 0 0.00078496340320433
47 0 0.000800178864778012
48 0 0.000819180754502047
49 0 0.000915933411931635
50 0 0.00108166181239622
51 0 0.00100705924378253
52 0 0.000999138954267176
53 0 0.000999475973792907
54 0 0.00119515833824513
55 0 0.00128639589828117
56 0 0.00124490523403287
57 0 0.00134947097820015
58 0 0.00127608483859720
59 0 0.00168808511548935
60 0 0.00163928273250713
61 0 0.00177310635830163
62 0 0.00197727853796414
63 0 0.00191572330117418
64 0 0.00227765011266912
65 0 0.00254636077761816
66 0 0.00252613699376836
67 0 0.0026340779298083
68 0 0.00312679961774698
69 0 0.00341560674041608
70 0 0.00391782876222024
71 0 0.00381816952960246
72 0 0.00435707767481708
73 0 0.00494461198041618
74 0 0.00548701543661279
75 0 0.00548745810120632
76 0 0.00664048956124907
77 0 0.00747042346259841
78 0 0.00770103627283991
79 0 0.00863951412685038
80 0 0.0098489615594457
81 0 0.0112349642152514
82 0 0.0128302596896579
83 0 0.0153730416722824
84 0 0.0180534884619036
85 0 0.0162340087808641
86 0 0.0190911852283056
87 0 0.0229409050333613
88 0 0.0233575297132632
89 0 0.0266386735076374
90 0 0.0312914338949551
91 0 0.0317708218101479
92 0 0.0387558188234639
93 0 0.0488807991616734
94 0 0.0574685818434728
95 0 0.0381163631420313
96 0 0.0598495813289383
97 0 0.0550549605675915
98 0 0.0707367920059954
99 0 0.0470311825383506
100 0 0.0874853212824371

death 1 F married
1 0 0.00772535518648743
2 0 0.00201893502026318
3 0 0.00102703155113815
4 0 0.000831710723668277
5 0 0.000659386096860004
6 0 0.000543538614539152
7 0 0.000438137597943755
8 0 0.000386989288972184
9 0 0.000325916919218017
10 0 0.000330767743858096
11 0 0.000274413787488048
12 0 0.000287704821035684
13 0 0.000248255355288274
14 0 0.000262796174188673
15 0 0.000303589737709498
16 0 0.000326753249821787
17 0 0.000365149111112628
18 0 0.000354858432879190
19 0 0.000376110383360384
20 0 0.000401468621898604
21 0 0.000415029395628541
22 0 0.000402556757458705
23 0 0.000409922940820429
24 0 0.000475072687031841
25 0 0.000477166962678743
26 0 0.000454802593437997
27 0 0.000544628452750495
28 0 0.000462843081220354
29 0 0.000572884975325261
30 0 0.000551503118152441
31 0 0.000475323997560895
32 0 0.000465272118502225
33 0 0.000554437584954437
34 0 0.000436797831544045
35 0 0.000493755331044232
36 0 0.000544712287000482
37 0 0.000526354432457965
38 0 0.000525600079420041
39 0 0.000552173845065895
40 0 0.000634123618728832
41 0 0.000652167529133219
42 0 0.000598046545344788
43 0 0.00063101874903615
44 0 0.000684907492607523
45 0 0.000662575879270988
46 0 0.000611133316141932
47 0 0.000735299718151783
48 0 0.00066190433682467
49 0 0.000749666622527734
50 0 0.000699434383269582
51 0 0.00081724675217254
52 0 0.000796900179736437
53 0 0.00082901957783299
54 0 0.000980183619398112
55 0 0.000940348188843698
56 0 0.000952979097470386
57 0 0.00101548584203948
58 0 0.00121069603734414
59 0 0.00128056408952160
60 0 0.00122927721177013
61 0 0.00136765759066371
62 0 0.00144958480009905
63 0 0.00160899601698750
64 0 0.00166228023837334
65 0 0.00210418169803639
66 0 0.00212226428940099
67 0 0.00227602657728632
68 0 0.00255244593428117
69 0 0.00261537840002579
70 0 0.00327190883780160
71 0 0.00344589710481713
72 0 0.00380669749631857
73 0 0.00426462001907779
74 0 0.00485436562841313
75 0 0.00533203903785484
76 0 0.00586504259058318
77 0 0.00638815200646625
78 0 0.00669448711532716
79 0 0.0078237866931391
80 0 0.00882489677931131
81 0 0.0100955333824289
82 0 0.0110338220632598
83 0 0.0116384143865276
84 0 0.0120499686932772
85 0 0.0148363011204873
86 0 0.0188889886188544
87 0 0.0183354783774751
88 0 0.0225083467296655
89 0 0.0239602547202694
90 0 0.0263221887426976
91 0 0.0262177633376839
92 0 0.03103998270258
93 0 0.0318677512370221
94 0 0.032744353976624
95 0 0.0471599599825462
96 0 0.0304650569232975
97 0 0.0578804043103599
98 0 0.0458941283142531
99 0 0.0389173836301029
100 0 0.0691744734494958

death 1 F single
1 0 0.00772535518648743
2 0 0.00201893502026318
3 0 0.00102703155113815
4 0 0.000831710723668277
5 0 0.000659386096860004
6 0 0.000543538614539152
7 0 0.000438137597943755
8 0 0.000386989288972184
9 0 0.000325916919218017
10 0 0.000330767743858096
11 0 0.000274413787488048
12 0 0.000287704821035684
13 0 0.000248255355288274
14 0 0.000262796174188673
15 0 0.000303589737709498
16 0 0.000326753249821787
17 0 0.000365149111112628
18 0 0.000354858432879190
19 0 0.000376110383360384
20 0 0.000401468621898604
21 0 0.000415029395628541
22 0 0.000402556757458705
23 0 0.000409922940820429
24 0 0.000475072687031841
25 0 0.000477166962678743
26 0 0.000454802593437997
27 0 0.000544628452750495
28 0 0.000462843081220354
29 0 0.000572884975325261
30 0 0.000551503118152441
31 0 0.000475323997560895
32 0 0.000465272118502225
33 0 0.000554437584954437
34 0 0.000436797831544045
35 0 0.000493755331044232
36 0 0.000544712287000482
37 0 0.000526354432457965
38 0 0.000525600079420041
39 0 0.000552173845065895
40 0 0.000634123618728832
41 0 0.000652167529133219
42 0 0.000598046545344788
43 0 0.00063101874903615
44 0 0.000684907492607523
45 0 0.000662575879270988
46 0 0.000611133316141932
47 0 0.000735299718151783
48 0 0.00066190433682467
49 0 0.000749666622527734
50 0 0.000699434383269582
51 0 0.00081724675217254
52 0 0.000796900179736437
53 0 0.00082901957783299
54 0 0.000980183619398112
55 0 0.000940348188843698
56 0 0.000952979097470386
57 0 0.00101548584203948
58 0 0.00121069603734414
59 0 0.00128056408952160
60 0 0.00122927721177013
61 0 0.00136765759066371
62 0 0.00144958480009905
63 0 0.00160899601698750
64 0 0.00166228023837334
65 0 0.00210418169803639
66 0 0.00212226428940099
67 0 0.00227602657728632
68 0 0.00255244593428117
69 0 0.00261537840002579
70 0 0.00327190883780160
71 0 0.00344589710481713
72 0 0.00380669749631857
73 0 0.00426462001907779
74 0 0.00485436562841313
75 0 0.00533203903785484
76 0 0.00586504259058318
77 0 0.00638815200646625
78 0 0.00669448711532716
79 0 0.0078237866931391
80 0 0.00882489677931131
81 0 0.0100955333824289
82 0 0.0110338220632598
83 0 0.0116384143865276
84 0 0.0120499686932772
85 0 0.0148363011204873
86 0 0.0188889886188544
87 0 0.0183354783774751
88 0 0.0225083467296655
89 0 0.0239602547202694
90 0 0.0263221887426976
91 0 0.0262177633376839
92 0 0.03103998270258
93 0 0.0318677512370221
94 0 0.032744353976624
95 0 0.0471599599825462
96 0 0.0304650569232975
97 0 0.0578804043103599
98 0 0.0458941283142531
99 0 0.0389173836301029
100 0 0.0691744734494958

death 1 F divorced
1 0 0.00772535518648743
2 0 0.00201893502026318
3 0 0.00102703155113815
4 0 0.000831710723668277
5 0 0.000659386096860004
6 0 0.000543538614539152
7 0 0.000438137597943755
8 0 0.000386989288972184
9 0 0.000325916919218017
10 0 0.000330767743858096
11 0 0.000274413787488048
12 0 0.000287704821035684
13 0 0.000248255355288274
14 0 0.000262796174188673
15 0 0.000303589737709498
16 0 0.000326753249821787
17 0 0.000365149111112628
18 0 0.000354858432879190
19 0 0.000376110383360384
20 0 0.000401468621898604
21 0 0.000415029395628541
22 0 0.000402556757458705
23 0 0.000409922940820429
24 0 0.000475072687031841
25 0 0.000477166962678743
26 0 0.000454802593437997
27 0 0.000544628452750495
28 0 0.000462843081220354
29 0 0.000572884975325261
30 0 0.000551503118152441
31 0 0.000475323997560895
32 0 0.000465272118502225
33 0 0.000554437584954437
34 0 0.000436797831544045
35 0 0.000493755331044232
36 0 0.000544712287000482
37 0 0.000526354432457965
38 0 0.000525600079420041
39 0 0.000552173845065895
40 0 0.000634123618728832
41 0 0.000652167529133219
42 0 0.000598046545344788
43 0 0.00063101874903615
44 0 0.000684907492607523
45 0 0.000662575879270988
46 0 0.000611133316141932
47 0 0.000735299718151783
48 0 0.00066190433682467
49 0 0.000749666622527734
50 0 0.000699434383269582
51 0 0.00081724675217254
52 0 0.000796900179736437
53 0 0.00082901957783299
54 0 0.000980183619398112
55 0 0.000940348188843698
56 0 0.000952979097470386
57 0 0.00101548584203948
58 0 0.00121069603734414
59 0 0.00128056408952160
60 0 0.00122927721177013
61 0 0.00136765759066371
62 0 0.00144958480009905
63 0 0.00160899601698750
64 0 0.00166228023837334
65 0 0.00210418169803639
66 0 0.00212226428940099
67 0 0.00227602657728632
68 0 0.00255244593428117
69 0 0.00261537840002579
70 0 0.00327190883780160
71 0 0.00344589710481713
72 0 0.00380669749631857
73 0 0.00426462001907779
74 0 0.00485436562841313
75 0 0.00533203903785484
76 0 0.00586504259058318
77 0 0.00638815200646625
78 0 0.00669448711532716
79 0 0.0078237866931391
80 0 0.00882489677931131
81 0 0.0100955333824289
82 0 0.0110338220632598
83 0 0.0116384143865276
84 0 0.0120499686932772
85 0 0.0148363011204873
86 0 0.0188889886188544
87 0 0.0183354783774751
88 0 0.0225083467296655
89 0 0.0239602547202694
90 0 0.0263221887426976
91 0 0.0262177633376839
92 0 0.03103998270258
93 0 0.0318677512370221
94 0 0.032744353976624
95 0 0.0471599599825462
96 0 0.0304650569232975
97 0 0.0578804043103599
98 0 0.0458941283142531
99 0 0.0389173836301029
100 0 0.0691744734494958

death 1 F widowed
1 0 0.00772535518648743
2 0 0.00201893502026318
3 0 0.00102703155113815
4 0 0.000831710723668277
5 0 0.000659386096860004
6 0 0.000543538614539152
7 0 0.000438137597943755
8 0 0.000386989288972184
9 0 0.000325916919218017
10 0 0.000330767743858096
11 0 0.000274413787488048
12 0 0.000287704821035684
13 0 0.000248255355288274
14 0 0.000262796174188673
15 0 0.000303589737709498
16 0 0.000326753249821787
17 0 0.000365149111112628
18 0 0.000354858432879190
19 0 0.000376110383360384
20 0 0.000401468621898604
21 0 0.000415029395628541
22 0 0.000402556757458705
23 0 0.000409922940820429
24 0 0.000475072687031841
25 0 0.000477166962678743
26 0 0.000454802593437997
27 0 0.000544628452750495
28 0 0.000462843081220354
29 0 0.000572884975325261
30 0 0.000551503118152441
31 0 0.000475323997560895
32 0 0.000465272118502225
33 0 0.000554437584954437
34 0 0.000436797831544045
35 0 0.000493755331044232
36 0 0.000544712287000482
37 0 0.000526354432457965
38 0 0.000525600079420041
39 0 0.000552173845065895
40 0 0.000634123618728832
41 0 0.000652167529133219
42 0 0.000598046545344788
43 0 0.00063101874903615
44 0 0.000684907492607523
45 0 0.000662575879270988
46 0 0.000611133316141932
47 0 0.000735299718151783
48 0 0.00066190433682467
49 0 0.000749666622527734
50 0 0.000699434383269582
51 0 0.00081724675217254
52 0 0.000796900179736437
53 0 0.00082901957783299
54 0 0.000980183619398112
55 0 0.000940348188843698
56 0 0.000952979097470386
57 0 0.00101548584203948
58 0 0.00121069603734414
59 0 0.00128056408952160
60 0 0.00122927721177013
61 0 0.00136765759066371
62 0 0.00144958480009905
63 0 0.00160899601698750
64 0 0.00166228023837334
65 0 0.00210418169803639
66 0 0.00212226428940099
67 0 0.00227602657728632
68 0 0.00255244593428117
69 0 0.00261537840002579
70 0 0.00327190883780160
71 0 0.00344589710481713
72 0 0.00380669749631857
73 0 0.00426462001907779
74 0 0.00485436562841313
75 0 0.00533203903785484
76 0 0.00586504259058318
77 0 0.00638815200646625
78 0 0.00669448711532716
79 0 0.0078237866931391
80 0 0.00882489677931131
81 0 0.0100955333824289
82 0 0.0110338220632598
83 0 0.0116384143865276
84 0 0.0120499686932772
85 0 0.0148363011204873
86 0 0.0188889886188544
87 0 0.0183354783774751
88 0 0.0225083467296655
89 0 0.0239602547202694
90 0 0.0263221887426976
91 0 0.0262177633376839
92 0 0.03103998270258
93 0 0.0318677512370221
94 0 0.032744353976624
95 0 0.0471599599825462
96 0 0.0304650569232975
97 0 0.0578804043103599
98 0 0.0458941283142531
99 0 0.0389173836301029
100 0 0.0691744734494958
