*Period monthly mortality rates for SWE in 1879 
* Mon Dec 20 14:20:14 2010
death 1 M married
1 0 0.0119001202585326
2 0 0.00337563895977366
3 0 0.00231551236217065
4 0 0.00160365235144189
5 0 0.00132097184916580
6 0 0.00106159317545829
7 0 0.000811529073068473
8 0 0.000774120789743704
9 0 0.000659805798673418
10 0 0.000521493156080077
11 0 0.00046954403123467
12 0 0.000392345536331384
13 0 0.000358372191991307
14 0 0.000311616856823238
15 0 0.000230959824340626
16 0 0.000288122809589786
17 0 0.000311365998618696
18 0 0.00032232078532024
19 0 0.000438640015436365
20 0 0.000438974961974647
21 0 0.000585632633260058
22 0 0.00048956606331152
23 0 0.000492330958344223
24 0 0.000523420872490021
25 0 0.000611636691127293
26 0 0.000562822298083021
27 0 0.000533311539027581
28 0 0.000610881629695026
29 0 0.000640669367350966
30 0 0.0004708005143782
31 0 0.000548987936324186
32 0 0.000620614013417398
33 0 0.000696327280732212
34 0 0.000541191315097778
35 0 0.000567853497395965
36 0 0.000554772958623606
37 0 0.000634627121110287
38 0 0.000694983701736596
39 0 0.000741432680082754
40 0 0.00071085599776366
41 0 0.000677686896813579
42 0 0.000692968370500591
43 0 0.000819937549231486
44 0 0.00077008665927003
45 0 0.000866198086739045
46 0 0.000879323547553157
47 0 0.000834233745303226
48 0 0.000899520268586418
49 0 0.00100958714116395
50 0 0.00101599146279940
51 0 0.00123138894948738
52 0 0.00114813922082424
53 0 0.00119693152819544
54 0 0.00137704838423380
55 0 0.00135505345775822
56 0 0.00150574086220534
57 0 0.0015701555847093
58 0 0.00155141974733963
59 0 0.00183141869839853
60 0 0.00195249817190035
61 0 0.00197753404090539
62 0 0.00213403696991665
63 0 0.00228414454482373
64 0 0.00278664885099855
65 0 0.00246729087844988
66 0 0.00313137119906826
67 0 0.00335730466594675
68 0 0.00397971440660605
69 0 0.00397597047237519
70 0 0.00433347364414782
71 0 0.00453377876479433
72 0 0.00560998241617061
73 0 0.00616746511954092
74 0 0.0065417271107997
75 0 0.0072506896940735
76 0 0.007134035314735
77 0 0.0081983348205813
78 0 0.00905108399989263
79 0 0.0117368561920723
80 0 0.0130849677982554
81 0 0.0127474046595917
82 0 0.0152000822271137
83 0 0.0173996290573766
84 0 0.0173687034071158
85 0 0.0176191448143802
86 0 0.0226241401144633
87 0 0.0198820322720434
88 0 0.0269079090720294
89 0 0.0263110143652696
90 0 0.0321201491661829
91 0 0.0488962750988007
92 0 0.0301392541584194
93 0 0.0369897091091566
94 0 0.0461842512079075
95 0 0.0579665107111059
96 0 0.0830734553242852
97 0 0.0626111859477001
98 0 0.0869815482443274
99 0 0.296169679729702
100 0 0

death 1 M single
1 0 0.0119001202585326
2 0 0.00337563895977366
3 0 0.00231551236217065
4 0 0.00160365235144189
5 0 0.00132097184916580
6 0 0.00106159317545829
7 0 0.000811529073068473
8 0 0.000774120789743704
9 0 0.000659805798673418
10 0 0.000521493156080077
11 0 0.00046954403123467
12 0 0.000392345536331384
13 0 0.000358372191991307
14 0 0.000311616856823238
15 0 0.000230959824340626
16 0 0.000288122809589786
17 0 0.000311365998618696
18 0 0.00032232078532024
19 0 0.000438640015436365
20 0 0.000438974961974647
21 0 0.000585632633260058
22 0 0.00048956606331152
23 0 0.000492330958344223
24 0 0.000523420872490021
25 0 0.000611636691127293
26 0 0.000562822298083021
27 0 0.000533311539027581
28 0 0.000610881629695026
29 0 0.000640669367350966
30 0 0.0004708005143782
31 0 0.000548987936324186
32 0 0.000620614013417398
33 0 0.000696327280732212
34 0 0.000541191315097778
35 0 0.000567853497395965
36 0 0.000554772958623606
37 0 0.000634627121110287
38 0 0.000694983701736596
39 0 0.000741432680082754
40 0 0.00071085599776366
41 0 0.000677686896813579
42 0 0.000692968370500591
43 0 0.000819937549231486
44 0 0.00077008665927003
45 0 0.000866198086739045
46 0 0.000879323547553157
47 0 0.000834233745303226
48 0 0.000899520268586418
49 0 0.00100958714116395
50 0 0.00101599146279940
51 0 0.00123138894948738
52 0 0.00114813922082424
53 0 0.00119693152819544
54 0 0.00137704838423380
55 0 0.00135505345775822
56 0 0.00150574086220534
57 0 0.0015701555847093
58 0 0.00155141974733963
59 0 0.00183141869839853
60 0 0.00195249817190035
61 0 0.00197753404090539
62 0 0.00213403696991665
63 0 0.00228414454482373
64 0 0.00278664885099855
65 0 0.00246729087844988
66 0 0.00313137119906826
67 0 0.00335730466594675
68 0 0.00397971440660605
69 0 0.00397597047237519
70 0 0.00433347364414782
71 0 0.00453377876479433
72 0 0.00560998241617061
73 0 0.00616746511954092
74 0 0.0065417271107997
75 0 0.0072506896940735
76 0 0.007134035314735
77 0 0.0081983348205813
78 0 0.00905108399989263
79 0 0.0117368561920723
80 0 0.0130849677982554
81 0 0.0127474046595917
82 0 0.0152000822271137
83 0 0.0173996290573766
84 0 0.0173687034071158
85 0 0.0176191448143802
86 0 0.0226241401144633
87 0 0.0198820322720434
88 0 0.0269079090720294
89 0 0.0263110143652696
90 0 0.0321201491661829
91 0 0.0488962750988007
92 0 0.0301392541584194
93 0 0.0369897091091566
94 0 0.0461842512079075
95 0 0.0579665107111059
96 0 0.0830734553242852
97 0 0.0626111859477001
98 0 0.0869815482443274
99 0 0.296169679729702
100 0 0

death 1 M divorced
1 0 0.0119001202585326
2 0 0.00337563895977366
3 0 0.00231551236217065
4 0 0.00160365235144189
5 0 0.00132097184916580
6 0 0.00106159317545829
7 0 0.000811529073068473
8 0 0.000774120789743704
9 0 0.000659805798673418
10 0 0.000521493156080077
11 0 0.00046954403123467
12 0 0.000392345536331384
13 0 0.000358372191991307
14 0 0.000311616856823238
15 0 0.000230959824340626
16 0 0.000288122809589786
17 0 0.000311365998618696
18 0 0.00032232078532024
19 0 0.000438640015436365
20 0 0.000438974961974647
21 0 0.000585632633260058
22 0 0.00048956606331152
23 0 0.000492330958344223
24 0 0.000523420872490021
25 0 0.000611636691127293
26 0 0.000562822298083021
27 0 0.000533311539027581
28 0 0.000610881629695026
29 0 0.000640669367350966
30 0 0.0004708005143782
31 0 0.000548987936324186
32 0 0.000620614013417398
33 0 0.000696327280732212
34 0 0.000541191315097778
35 0 0.000567853497395965
36 0 0.000554772958623606
37 0 0.000634627121110287
38 0 0.000694983701736596
39 0 0.000741432680082754
40 0 0.00071085599776366
41 0 0.000677686896813579
42 0 0.000692968370500591
43 0 0.000819937549231486
44 0 0.00077008665927003
45 0 0.000866198086739045
46 0 0.000879323547553157
47 0 0.000834233745303226
48 0 0.000899520268586418
49 0 0.00100958714116395
50 0 0.00101599146279940
51 0 0.00123138894948738
52 0 0.00114813922082424
53 0 0.00119693152819544
54 0 0.00137704838423380
55 0 0.00135505345775822
56 0 0.00150574086220534
57 0 0.0015701555847093
58 0 0.00155141974733963
59 0 0.00183141869839853
60 0 0.00195249817190035
61 0 0.00197753404090539
62 0 0.00213403696991665
63 0 0.00228414454482373
64 0 0.00278664885099855
65 0 0.00246729087844988
66 0 0.00313137119906826
67 0 0.00335730466594675
68 0 0.00397971440660605
69 0 0.00397597047237519
70 0 0.00433347364414782
71 0 0.00453377876479433
72 0 0.00560998241617061
73 0 0.00616746511954092
74 0 0.0065417271107997
75 0 0.0072506896940735
76 0 0.007134035314735
77 0 0.0081983348205813
78 0 0.00905108399989263
79 0 0.0117368561920723
80 0 0.0130849677982554
81 0 0.0127474046595917
82 0 0.0152000822271137
83 0 0.0173996290573766
84 0 0.0173687034071158
85 0 0.0176191448143802
86 0 0.0226241401144633
87 0 0.0198820322720434
88 0 0.0269079090720294
89 0 0.0263110143652696
90 0 0.0321201491661829
91 0 0.0488962750988007
92 0 0.0301392541584194
93 0 0.0369897091091566
94 0 0.0461842512079075
95 0 0.0579665107111059
96 0 0.0830734553242852
97 0 0.0626111859477001
98 0 0.0869815482443274
99 0 0.296169679729702
100 0 0

death 1 M widowed
1 0 0.0119001202585326
2 0 0.00337563895977366
3 0 0.00231551236217065
4 0 0.00160365235144189
5 0 0.00132097184916580
6 0 0.00106159317545829
7 0 0.000811529073068473
8 0 0.000774120789743704
9 0 0.000659805798673418
10 0 0.000521493156080077
11 0 0.00046954403123467
12 0 0.000392345536331384
13 0 0.000358372191991307
14 0 0.000311616856823238
15 0 0.000230959824340626
16 0 0.000288122809589786
17 0 0.000311365998618696
18 0 0.00032232078532024
19 0 0.000438640015436365
20 0 0.000438974961974647
21 0 0.000585632633260058
22 0 0.00048956606331152
23 0 0.000492330958344223
24 0 0.000523420872490021
25 0 0.000611636691127293
26 0 0.000562822298083021
27 0 0.000533311539027581
28 0 0.000610881629695026
29 0 0.000640669367350966
30 0 0.0004708005143782
31 0 0.000548987936324186
32 0 0.000620614013417398
33 0 0.000696327280732212
34 0 0.000541191315097778
35 0 0.000567853497395965
36 0 0.000554772958623606
37 0 0.000634627121110287
38 0 0.000694983701736596
39 0 0.000741432680082754
40 0 0.00071085599776366
41 0 0.000677686896813579
42 0 0.000692968370500591
43 0 0.000819937549231486
44 0 0.00077008665927003
45 0 0.000866198086739045
46 0 0.000879323547553157
47 0 0.000834233745303226
48 0 0.000899520268586418
49 0 0.00100958714116395
50 0 0.00101599146279940
51 0 0.00123138894948738
52 0 0.00114813922082424
53 0 0.00119693152819544
54 0 0.00137704838423380
55 0 0.00135505345775822
56 0 0.00150574086220534
57 0 0.0015701555847093
58 0 0.00155141974733963
59 0 0.00183141869839853
60 0 0.00195249817190035
61 0 0.00197753404090539
62 0 0.00213403696991665
63 0 0.00228414454482373
64 0 0.00278664885099855
65 0 0.00246729087844988
66 0 0.00313137119906826
67 0 0.00335730466594675
68 0 0.00397971440660605
69 0 0.00397597047237519
70 0 0.00433347364414782
71 0 0.00453377876479433
72 0 0.00560998241617061
73 0 0.00616746511954092
74 0 0.0065417271107997
75 0 0.0072506896940735
76 0 0.007134035314735
77 0 0.0081983348205813
78 0 0.00905108399989263
79 0 0.0117368561920723
80 0 0.0130849677982554
81 0 0.0127474046595917
82 0 0.0152000822271137
83 0 0.0173996290573766
84 0 0.0173687034071158
85 0 0.0176191448143802
86 0 0.0226241401144633
87 0 0.0198820322720434
88 0 0.0269079090720294
89 0 0.0263110143652696
90 0 0.0321201491661829
91 0 0.0488962750988007
92 0 0.0301392541584194
93 0 0.0369897091091566
94 0 0.0461842512079075
95 0 0.0579665107111059
96 0 0.0830734553242852
97 0 0.0626111859477001
98 0 0.0869815482443274
99 0 0.296169679729702
100 0 0

death 1 F married
1 0 0.00983177325263918
2 0 0.00307609640743145
3 0 0.0021207288350068
4 0 0.00162519857684029
5 0 0.00132114095707669
6 0 0.00106564027463363
7 0 0.000912818895187795
8 0 0.000722615042269448
9 0 0.00067667941744376
10 0 0.000561816091651512
11 0 0.000449191424523154
12 0 0.000440565974892282
13 0 0.000392596618172703
14 0 0.000336789817438232
15 0 0.000299743661043461
16 0 0.000377616615691689
17 0 0.000375106242342382
18 0 0.000385985027738345
19 0 0.000371340812340581
20 0 0.000349420740164308
21 0 0.000379959693386556
22 0 0.00041921522833499
23 0 0.000364814436577543
24 0 0.000455137599557953
25 0 0.000453713832077818
26 0 0.000450782616331691
27 0 0.000524845732644996
28 0 0.000480434129074503
29 0 0.000563157702703099
30 0 0.00055066471647347
31 0 0.000528198432916849
32 0 0.000537502824204728
33 0 0.000530210112463236
34 0 0.00048520942974728
35 0 0.000569446768594051
36 0 0.000605009143862967
37 0 0.000589155327833768
38 0 0.000598633731846654
39 0 0.00056089374554491
40 0 0.000730847279181379
41 0 0.000685663169526673
42 0 0.000743617122689222
43 0 0.000701617816197153
44 0 0.000708756328549609
45 0 0.000647803091996413
46 0 0.000696831127978581
47 0 0.000765128285993177
48 0 0.000697502928654115
49 0 0.000777314603430446
50 0 0.00083835483135819
51 0 0.00094700024843597
52 0 0.000855093408841934
53 0 0.000863253532303099
54 0 0.00112982776873882
55 0 0.00115050225783153
56 0 0.00108798688180778
57 0 0.00116096787525644
58 0 0.00141208207677057
59 0 0.00139930252111520
60 0 0.00141165888387595
61 0 0.00169470728665744
62 0 0.00175415866487916
63 0 0.00206137785320648
64 0 0.00219616742720719
65 0 0.00252373786107229
66 0 0.00257001804489598
67 0 0.00286109565046166
68 0 0.0032208653636413
69 0 0.00334831184033135
70 0 0.00360417743527752
71 0 0.00419084401077707
72 0 0.00457101838403884
73 0 0.00478001963049035
74 0 0.0055830358584934
75 0 0.00653841300344415
76 0 0.00673621830367765
77 0 0.00758307372058409
78 0 0.0079767319456504
79 0 0.00997662934663612
80 0 0.00969336447514302
81 0 0.010536671675067
82 0 0.0115077994328963
83 0 0.0127871424863241
84 0 0.0155543559815062
85 0 0.0155818869310603
86 0 0.0163866905095307
87 0 0.0197017855838167
88 0 0.0208099894015752
89 0 0.0257388754902832
90 0 0.0320364129627322
91 0 0.0302708564823283
92 0 0.0302606902965971
93 0 0.0239001021569240
94 0 0.0400882765981709
95 0 0.0360141145212854
96 0 0.0518250211855309
97 0 0.0527017126126206
98 0 0.236732504137738
99 0 0.0096952196576684
100 0 0.136287754048230

death 1 F single
1 0 0.00983177325263918
2 0 0.00307609640743145
3 0 0.0021207288350068
4 0 0.00162519857684029
5 0 0.00132114095707669
6 0 0.00106564027463363
7 0 0.000912818895187795
8 0 0.000722615042269448
9 0 0.00067667941744376
10 0 0.000561816091651512
11 0 0.000449191424523154
12 0 0.000440565974892282
13 0 0.000392596618172703
14 0 0.000336789817438232
15 0 0.000299743661043461
16 0 0.000377616615691689
17 0 0.000375106242342382
18 0 0.000385985027738345
19 0 0.000371340812340581
20 0 0.000349420740164308
21 0 0.000379959693386556
22 0 0.00041921522833499
23 0 0.000364814436577543
24 0 0.000455137599557953
25 0 0.000453713832077818
26 0 0.000450782616331691
27 0 0.000524845732644996
28 0 0.000480434129074503
29 0 0.000563157702703099
30 0 0.00055066471647347
31 0 0.000528198432916849
32 0 0.000537502824204728
33 0 0.000530210112463236
34 0 0.00048520942974728
35 0 0.000569446768594051
36 0 0.000605009143862967
37 0 0.000589155327833768
38 0 0.000598633731846654
39 0 0.00056089374554491
40 0 0.000730847279181379
41 0 0.000685663169526673
42 0 0.000743617122689222
43 0 0.000701617816197153
44 0 0.000708756328549609
45 0 0.000647803091996413
46 0 0.000696831127978581
47 0 0.000765128285993177
48 0 0.000697502928654115
49 0 0.000777314603430446
50 0 0.00083835483135819
51 0 0.00094700024843597
52 0 0.000855093408841934
53 0 0.000863253532303099
54 0 0.00112982776873882
55 0 0.00115050225783153
56 0 0.00108798688180778
57 0 0.00116096787525644
58 0 0.00141208207677057
59 0 0.00139930252111520
60 0 0.00141165888387595
61 0 0.00169470728665744
62 0 0.00175415866487916
63 0 0.00206137785320648
64 0 0.00219616742720719
65 0 0.00252373786107229
66 0 0.00257001804489598
67 0 0.00286109565046166
68 0 0.0032208653636413
69 0 0.00334831184033135
70 0 0.00360417743527752
71 0 0.00419084401077707
72 0 0.00457101838403884
73 0 0.00478001963049035
74 0 0.0055830358584934
75 0 0.00653841300344415
76 0 0.00673621830367765
77 0 0.00758307372058409
78 0 0.0079767319456504
79 0 0.00997662934663612
80 0 0.00969336447514302
81 0 0.010536671675067
82 0 0.0115077994328963
83 0 0.0127871424863241
84 0 0.0155543559815062
85 0 0.0155818869310603
86 0 0.0163866905095307
87 0 0.0197017855838167
88 0 0.0208099894015752
89 0 0.0257388754902832
90 0 0.0320364129627322
91 0 0.0302708564823283
92 0 0.0302606902965971
93 0 0.0239001021569240
94 0 0.0400882765981709
95 0 0.0360141145212854
96 0 0.0518250211855309
97 0 0.0527017126126206
98 0 0.236732504137738
99 0 0.0096952196576684
100 0 0.136287754048230

death 1 F divorced
1 0 0.00983177325263918
2 0 0.00307609640743145
3 0 0.0021207288350068
4 0 0.00162519857684029
5 0 0.00132114095707669
6 0 0.00106564027463363
7 0 0.000912818895187795
8 0 0.000722615042269448
9 0 0.00067667941744376
10 0 0.000561816091651512
11 0 0.000449191424523154
12 0 0.000440565974892282
13 0 0.000392596618172703
14 0 0.000336789817438232
15 0 0.000299743661043461
16 0 0.000377616615691689
17 0 0.000375106242342382
18 0 0.000385985027738345
19 0 0.000371340812340581
20 0 0.000349420740164308
21 0 0.000379959693386556
22 0 0.00041921522833499
23 0 0.000364814436577543
24 0 0.000455137599557953
25 0 0.000453713832077818
26 0 0.000450782616331691
27 0 0.000524845732644996
28 0 0.000480434129074503
29 0 0.000563157702703099
30 0 0.00055066471647347
31 0 0.000528198432916849
32 0 0.000537502824204728
33 0 0.000530210112463236
34 0 0.00048520942974728
35 0 0.000569446768594051
36 0 0.000605009143862967
37 0 0.000589155327833768
38 0 0.000598633731846654
39 0 0.00056089374554491
40 0 0.000730847279181379
41 0 0.000685663169526673
42 0 0.000743617122689222
43 0 0.000701617816197153
44 0 0.000708756328549609
45 0 0.000647803091996413
46 0 0.000696831127978581
47 0 0.000765128285993177
48 0 0.000697502928654115
49 0 0.000777314603430446
50 0 0.00083835483135819
51 0 0.00094700024843597
52 0 0.000855093408841934
53 0 0.000863253532303099
54 0 0.00112982776873882
55 0 0.00115050225783153
56 0 0.00108798688180778
57 0 0.00116096787525644
58 0 0.00141208207677057
59 0 0.00139930252111520
60 0 0.00141165888387595
61 0 0.00169470728665744
62 0 0.00175415866487916
63 0 0.00206137785320648
64 0 0.00219616742720719
65 0 0.00252373786107229
66 0 0.00257001804489598
67 0 0.00286109565046166
68 0 0.0032208653636413
69 0 0.00334831184033135
70 0 0.00360417743527752
71 0 0.00419084401077707
72 0 0.00457101838403884
73 0 0.00478001963049035
74 0 0.0055830358584934
75 0 0.00653841300344415
76 0 0.00673621830367765
77 0 0.00758307372058409
78 0 0.0079767319456504
79 0 0.00997662934663612
80 0 0.00969336447514302
81 0 0.010536671675067
82 0 0.0115077994328963
83 0 0.0127871424863241
84 0 0.0155543559815062
85 0 0.0155818869310603
86 0 0.0163866905095307
87 0 0.0197017855838167
88 0 0.0208099894015752
89 0 0.0257388754902832
90 0 0.0320364129627322
91 0 0.0302708564823283
92 0 0.0302606902965971
93 0 0.0239001021569240
94 0 0.0400882765981709
95 0 0.0360141145212854
96 0 0.0518250211855309
97 0 0.0527017126126206
98 0 0.236732504137738
99 0 0.0096952196576684
100 0 0.136287754048230

death 1 F widowed
1 0 0.00983177325263918
2 0 0.00307609640743145
3 0 0.0021207288350068
4 0 0.00162519857684029
5 0 0.00132114095707669
6 0 0.00106564027463363
7 0 0.000912818895187795
8 0 0.000722615042269448
9 0 0.00067667941744376
10 0 0.000561816091651512
11 0 0.000449191424523154
12 0 0.000440565974892282
13 0 0.000392596618172703
14 0 0.000336789817438232
15 0 0.000299743661043461
16 0 0.000377616615691689
17 0 0.000375106242342382
18 0 0.000385985027738345
19 0 0.000371340812340581
20 0 0.000349420740164308
21 0 0.000379959693386556
22 0 0.00041921522833499
23 0 0.000364814436577543
24 0 0.000455137599557953
25 0 0.000453713832077818
26 0 0.000450782616331691
27 0 0.000524845732644996
28 0 0.000480434129074503
29 0 0.000563157702703099
30 0 0.00055066471647347
31 0 0.000528198432916849
32 0 0.000537502824204728
33 0 0.000530210112463236
34 0 0.00048520942974728
35 0 0.000569446768594051
36 0 0.000605009143862967
37 0 0.000589155327833768
38 0 0.000598633731846654
39 0 0.00056089374554491
40 0 0.000730847279181379
41 0 0.000685663169526673
42 0 0.000743617122689222
43 0 0.000701617816197153
44 0 0.000708756328549609
45 0 0.000647803091996413
46 0 0.000696831127978581
47 0 0.000765128285993177
48 0 0.000697502928654115
49 0 0.000777314603430446
50 0 0.00083835483135819
51 0 0.00094700024843597
52 0 0.000855093408841934
53 0 0.000863253532303099
54 0 0.00112982776873882
55 0 0.00115050225783153
56 0 0.00108798688180778
57 0 0.00116096787525644
58 0 0.00141208207677057
59 0 0.00139930252111520
60 0 0.00141165888387595
61 0 0.00169470728665744
62 0 0.00175415866487916
63 0 0.00206137785320648
64 0 0.00219616742720719
65 0 0.00252373786107229
66 0 0.00257001804489598
67 0 0.00286109565046166
68 0 0.0032208653636413
69 0 0.00334831184033135
70 0 0.00360417743527752
71 0 0.00419084401077707
72 0 0.00457101838403884
73 0 0.00478001963049035
74 0 0.0055830358584934
75 0 0.00653841300344415
76 0 0.00673621830367765
77 0 0.00758307372058409
78 0 0.0079767319456504
79 0 0.00997662934663612
80 0 0.00969336447514302
81 0 0.010536671675067
82 0 0.0115077994328963
83 0 0.0127871424863241
84 0 0.0155543559815062
85 0 0.0155818869310603
86 0 0.0163866905095307
87 0 0.0197017855838167
88 0 0.0208099894015752
89 0 0.0257388754902832
90 0 0.0320364129627322
91 0 0.0302708564823283
92 0 0.0302606902965971
93 0 0.0239001021569240
94 0 0.0400882765981709
95 0 0.0360141145212854
96 0 0.0518250211855309
97 0 0.0527017126126206
98 0 0.236732504137738
99 0 0.0096952196576684
100 0 0.136287754048230
