*Period monthly mortality rates for SWE in 1787 
* Mon Dec 20 14:19:04 2010
death 1 M married
1 0 0.0216307319224899
2 0 0.00402639597840915
3 0 0.00275262656301145
4 0 0.00162706502605992
5 0 0.00113345601197923
6 0 0.00098599616817463
7 0 0.00079101565724149
8 0 0.000635298461959422
9 0 0.000520403595330454
10 0 0.000458403973955357
11 0 0.000434871951950688
12 0 0.000439644858755250
13 0 0.000444752984107177
14 0 0.000435290617955442
15 0 0.000434704486088955
16 0 0.000435458084897422
17 0 0.000423066364725555
18 0 0.00042901083041369
19 0 0.000450531373667462
20 0 0.000495347303426596
21 0 0.000540269178336716
22 0 0.000585297145662134
23 0 0.000631438319821043
24 0 0.000676343593469908
25 0 0.000719339155490273
26 0 0.000748070187608252
27 0 0.00074311301588692
28 0 0.000752859576536036
29 0 0.000776390066867694
30 0 0.00081136091148426
31 0 0.000848195731906198
32 0 0.000899183619765376
33 0 0.000929066062474893
34 0 0.00095693714363232
35 0 0.000967801603661278
36 0 0.000972771053437516
37 0 0.000952389615991422
38 0 0.000962579762985083
39 0 0.00101894097333877
40 0 0.00110527765300006
41 0 0.00121753684566028
42 0 0.00137713299039288
43 0 0.00150548668411876
44 0 0.00160042934020199
45 0 0.00164369508628082
46 0 0.00165048374174981
47 0 0.00162579244288319
48 0 0.00165676370017553
49 0 0.00174073623581295
50 0 0.00186969059611053
51 0 0.00201262994800877
52 0 0.00217337562807507
53 0 0.00229559638702581
54 0 0.00239924147323078
55 0 0.00245718723594279
56 0 0.00247294255926023
57 0 0.00247833767408401
58 0 0.00258519280224401
59 0 0.00279790650991729
60 0 0.00311067154077338
61 0 0.00348563610994024
62 0 0.00389416498453832
63 0 0.00426619223324942
64 0 0.00463800063616882
65 0 0.00497682692267187
66 0 0.00529236463521698
67 0 0.00561734093164201
68 0 0.00593361336926757
69 0 0.00622064501925834
70 0 0.00653626337721003
71 0 0.00681668379417544
72 0 0.00727515842150306
73 0 0.0078507742302929
74 0 0.00868930971987003
75 0 0.00989171428419244
76 0 0.0115492649746335
77 0 0.0127247600497022
78 0 0.0138740595535012
79 0 0.0148140065993795
80 0 0.0155208945046634
81 0 0.0169201732427063
82 0 0.0185953091307168
83 0 0.0200911845543864
84 0 0.0213442635564373
85 0 0.0223719663123403
86 0 0.0234034736686058
87 0 0.0248228520020058
88 0 0.0271815774095312
89 0 0.0317697520195034
90 0 0.0405713705463876
91 0 0.0348328644092212
92 0 0.0369174564316125
93 0 0.0391423190915079
94 0 0.041671611540117
95 0 0.0454846010911103
96 0 0.0499846309502889
97 0 0.0546770188504889
98 0 0.0599449307814783
99 0 0.0813935091615706
100 0 1

death 1 M single
1 0 0.0216307319224899
2 0 0.00402639597840915
3 0 0.00275262656301145
4 0 0.00162706502605992
5 0 0.00113345601197923
6 0 0.00098599616817463
7 0 0.00079101565724149
8 0 0.000635298461959422
9 0 0.000520403595330454
10 0 0.000458403973955357
11 0 0.000434871951950688
12 0 0.000439644858755250
13 0 0.000444752984107177
14 0 0.000435290617955442
15 0 0.000434704486088955
16 0 0.000435458084897422
17 0 0.000423066364725555
18 0 0.00042901083041369
19 0 0.000450531373667462
20 0 0.000495347303426596
21 0 0.000540269178336716
22 0 0.000585297145662134
23 0 0.000631438319821043
24 0 0.000676343593469908
25 0 0.000719339155490273
26 0 0.000748070187608252
27 0 0.00074311301588692
28 0 0.000752859576536036
29 0 0.000776390066867694
30 0 0.00081136091148426
31 0 0.000848195731906198
32 0 0.000899183619765376
33 0 0.000929066062474893
34 0 0.00095693714363232
35 0 0.000967801603661278
36 0 0.000972771053437516
37 0 0.000952389615991422
38 0 0.000962579762985083
39 0 0.00101894097333877
40 0 0.00110527765300006
41 0 0.00121753684566028
42 0 0.00137713299039288
43 0 0.00150548668411876
44 0 0.00160042934020199
45 0 0.00164369508628082
46 0 0.00165048374174981
47 0 0.00162579244288319
48 0 0.00165676370017553
49 0 0.00174073623581295
50 0 0.00186969059611053
51 0 0.00201262994800877
52 0 0.00217337562807507
53 0 0.00229559638702581
54 0 0.00239924147323078
55 0 0.00245718723594279
56 0 0.00247294255926023
57 0 0.00247833767408401
58 0 0.00258519280224401
59 0 0.00279790650991729
60 0 0.00311067154077338
61 0 0.00348563610994024
62 0 0.00389416498453832
63 0 0.00426619223324942
64 0 0.00463800063616882
65 0 0.00497682692267187
66 0 0.00529236463521698
67 0 0.00561734093164201
68 0 0.00593361336926757
69 0 0.00622064501925834
70 0 0.00653626337721003
71 0 0.00681668379417544
72 0 0.00727515842150306
73 0 0.0078507742302929
74 0 0.00868930971987003
75 0 0.00989171428419244
76 0 0.0115492649746335
77 0 0.0127247600497022
78 0 0.0138740595535012
79 0 0.0148140065993795
80 0 0.0155208945046634
81 0 0.0169201732427063
82 0 0.0185953091307168
83 0 0.0200911845543864
84 0 0.0213442635564373
85 0 0.0223719663123403
86 0 0.0234034736686058
87 0 0.0248228520020058
88 0 0.0271815774095312
89 0 0.0317697520195034
90 0 0.0405713705463876
91 0 0.0348328644092212
92 0 0.0369174564316125
93 0 0.0391423190915079
94 0 0.041671611540117
95 0 0.0454846010911103
96 0 0.0499846309502889
97 0 0.0546770188504889
98 0 0.0599449307814783
99 0 0.0813935091615706
100 0 1

death 1 M divorced
1 0 0.0216307319224899
2 0 0.00402639597840915
3 0 0.00275262656301145
4 0 0.00162706502605992
5 0 0.00113345601197923
6 0 0.00098599616817463
7 0 0.00079101565724149
8 0 0.000635298461959422
9 0 0.000520403595330454
10 0 0.000458403973955357
11 0 0.000434871951950688
12 0 0.000439644858755250
13 0 0.000444752984107177
14 0 0.000435290617955442
15 0 0.000434704486088955
16 0 0.000435458084897422
17 0 0.000423066364725555
18 0 0.00042901083041369
19 0 0.000450531373667462
20 0 0.000495347303426596
21 0 0.000540269178336716
22 0 0.000585297145662134
23 0 0.000631438319821043
24 0 0.000676343593469908
25 0 0.000719339155490273
26 0 0.000748070187608252
27 0 0.00074311301588692
28 0 0.000752859576536036
29 0 0.000776390066867694
30 0 0.00081136091148426
31 0 0.000848195731906198
32 0 0.000899183619765376
33 0 0.000929066062474893
34 0 0.00095693714363232
35 0 0.000967801603661278
36 0 0.000972771053437516
37 0 0.000952389615991422
38 0 0.000962579762985083
39 0 0.00101894097333877
40 0 0.00110527765300006
41 0 0.00121753684566028
42 0 0.00137713299039288
43 0 0.00150548668411876
44 0 0.00160042934020199
45 0 0.00164369508628082
46 0 0.00165048374174981
47 0 0.00162579244288319
48 0 0.00165676370017553
49 0 0.00174073623581295
50 0 0.00186969059611053
51 0 0.00201262994800877
52 0 0.00217337562807507
53 0 0.00229559638702581
54 0 0.00239924147323078
55 0 0.00245718723594279
56 0 0.00247294255926023
57 0 0.00247833767408401
58 0 0.00258519280224401
59 0 0.00279790650991729
60 0 0.00311067154077338
61 0 0.00348563610994024
62 0 0.00389416498453832
63 0 0.00426619223324942
64 0 0.00463800063616882
65 0 0.00497682692267187
66 0 0.00529236463521698
67 0 0.00561734093164201
68 0 0.00593361336926757
69 0 0.00622064501925834
70 0 0.00653626337721003
71 0 0.00681668379417544
72 0 0.00727515842150306
73 0 0.0078507742302929
74 0 0.00868930971987003
75 0 0.00989171428419244
76 0 0.0115492649746335
77 0 0.0127247600497022
78 0 0.0138740595535012
79 0 0.0148140065993795
80 0 0.0155208945046634
81 0 0.0169201732427063
82 0 0.0185953091307168
83 0 0.0200911845543864
84 0 0.0213442635564373
85 0 0.0223719663123403
86 0 0.0234034736686058
87 0 0.0248228520020058
88 0 0.0271815774095312
89 0 0.0317697520195034
90 0 0.0405713705463876
91 0 0.0348328644092212
92 0 0.0369174564316125
93 0 0.0391423190915079
94 0 0.041671611540117
95 0 0.0454846010911103
96 0 0.0499846309502889
97 0 0.0546770188504889
98 0 0.0599449307814783
99 0 0.0813935091615706
100 0 1

death 1 M widowed
1 0 0.0216307319224899
2 0 0.00402639597840915
3 0 0.00275262656301145
4 0 0.00162706502605992
5 0 0.00113345601197923
6 0 0.00098599616817463
7 0 0.00079101565724149
8 0 0.000635298461959422
9 0 0.000520403595330454
10 0 0.000458403973955357
11 0 0.000434871951950688
12 0 0.000439644858755250
13 0 0.000444752984107177
14 0 0.000435290617955442
15 0 0.000434704486088955
16 0 0.000435458084897422
17 0 0.000423066364725555
18 0 0.00042901083041369
19 0 0.000450531373667462
20 0 0.000495347303426596
21 0 0.000540269178336716
22 0 0.000585297145662134
23 0 0.000631438319821043
24 0 0.000676343593469908
25 0 0.000719339155490273
26 0 0.000748070187608252
27 0 0.00074311301588692
28 0 0.000752859576536036
29 0 0.000776390066867694
30 0 0.00081136091148426
31 0 0.000848195731906198
32 0 0.000899183619765376
33 0 0.000929066062474893
34 0 0.00095693714363232
35 0 0.000967801603661278
36 0 0.000972771053437516
37 0 0.000952389615991422
38 0 0.000962579762985083
39 0 0.00101894097333877
40 0 0.00110527765300006
41 0 0.00121753684566028
42 0 0.00137713299039288
43 0 0.00150548668411876
44 0 0.00160042934020199
45 0 0.00164369508628082
46 0 0.00165048374174981
47 0 0.00162579244288319
48 0 0.00165676370017553
49 0 0.00174073623581295
50 0 0.00186969059611053
51 0 0.00201262994800877
52 0 0.00217337562807507
53 0 0.00229559638702581
54 0 0.00239924147323078
55 0 0.00245718723594279
56 0 0.00247294255926023
57 0 0.00247833767408401
58 0 0.00258519280224401
59 0 0.00279790650991729
60 0 0.00311067154077338
61 0 0.00348563610994024
62 0 0.00389416498453832
63 0 0.00426619223324942
64 0 0.00463800063616882
65 0 0.00497682692267187
66 0 0.00529236463521698
67 0 0.00561734093164201
68 0 0.00593361336926757
69 0 0.00622064501925834
70 0 0.00653626337721003
71 0 0.00681668379417544
72 0 0.00727515842150306
73 0 0.0078507742302929
74 0 0.00868930971987003
75 0 0.00989171428419244
76 0 0.0115492649746335
77 0 0.0127247600497022
78 0 0.0138740595535012
79 0 0.0148140065993795
80 0 0.0155208945046634
81 0 0.0169201732427063
82 0 0.0185953091307168
83 0 0.0200911845543864
84 0 0.0213442635564373
85 0 0.0223719663123403
86 0 0.0234034736686058
87 0 0.0248228520020058
88 0 0.0271815774095312
89 0 0.0317697520195034
90 0 0.0405713705463876
91 0 0.0348328644092212
92 0 0.0369174564316125
93 0 0.0391423190915079
94 0 0.041671611540117
95 0 0.0454846010911103
96 0 0.0499846309502889
97 0 0.0546770188504889
98 0 0.0599449307814783
99 0 0.0813935091615706
100 0 1

death 1 F married
1 0 0.0180090022090396
2 0 0.00382503606289841
3 0 0.00258493558180883
4 0 0.00153938337644977
5 0 0.00111506315790089
6 0 0.00096855963774678
7 0 0.000747229969972119
8 0 0.000576574902901528
9 0 0.000457733938865612
10 0 0.000400380499367969
11 0 0.00038740773442858
12 0 0.000401217515542784
13 0 0.000418126893282467
14 0 0.0004250757180706
15 0 0.000444752984107177
16 0 0.000465439640708332
17 0 0.000457315169443362
18 0 0.000457231415790571
19 0 0.000461837981338142
20 0 0.000478256005091326
21 0 0.000487471501872117
22 0 0.000502804808566792
23 0 0.000528198432916849
24 0 0.000561899941761923
25 0 0.000604841364130748
26 0 0.00064746737474719
27 0 0.000671474285346196
28 0 0.000696243306462785
29 0 0.000724295030031907
30 0 0.000753615818923636
31 0 0.000777146505173687
32 0 0.00081001563001759
33 0 0.000829187772111828
34 0 0.000854841045576316
35 0 0.00087360195964592
36 0 0.000894134037177197
37 0 0.000884204010302314
38 0 0.00089295584163318
39 0 0.000932770486746448
40 0 0.0009925673234773
41 0 0.00107179558371540
42 0 0.00119406066658112
43 0 0.00128943872982246
44 0 0.00135167009583625
45 0 0.00136867276476038
46 0 0.00134997846215734
47 0 0.0012962009428229
48 0 0.00128876253622245
49 0 0.00133010412713430
50 0 0.00141385950847139
51 0 0.00150701176331458
52 0 0.00161060766041032
53 0 0.00168918877712887
54 0 0.00176435424144183
55 0 0.00182291602389728
56 0 0.00186901006586437
57 0 0.00191580841098082
58 0 0.00203273954609617
59 0 0.00221443914681207
60 0 0.00245573171919455
61 0 0.00272806284865601
62 0 0.00308885576879725
63 0 0.00344148273562017
64 0 0.00383138155019203
65 0 0.00423964294591339
66 0 0.00463870228338237
67 0 0.00492270181315435
68 0 0.0052384035824139
69 0 0.00558090884072893
70 0 0.00594776089836657
71 0 0.00630297497413601
72 0 0.00682800500702696
73 0 0.00745540198475858
74 0 0.00829463563581512
75 0 0.0094455776496123
76 0 0.0110107581338388
77 0 0.0122892926902743
78 0 0.0135181281763761
79 0 0.0145801995847809
80 0 0.0153576276133861
81 0 0.0155550491029218
82 0 0.0166303823878983
83 0 0.0175725449681229
84 0 0.0183614274332828
85 0 0.0190207502602846
86 0 0.0195201429879498
87 0 0.0200838923856896
88 0 0.0212592520468905
89 0 0.0234625330529463
90 0 0.0269806093965527
91 0 0.0288619762942044
92 0 0.0305835420043746
93 0 0.032311179646507
94 0 0.0338640449983103
95 0 0.0357190783925946
96 0 0.0378869117656392
97 0 0.0402220849041468
98 0 0.0435829159963695
99 0 0.0462829994362741
100 0 0.0493140132599493

death 1 F single
1 0 0.0180090022090396
2 0 0.00382503606289841
3 0 0.00258493558180883
4 0 0.00153938337644977
5 0 0.00111506315790089
6 0 0.00096855963774678
7 0 0.000747229969972119
8 0 0.000576574902901528
9 0 0.000457733938865612
10 0 0.000400380499367969
11 0 0.00038740773442858
12 0 0.000401217515542784
13 0 0.000418126893282467
14 0 0.0004250757180706
15 0 0.000444752984107177
16 0 0.000465439640708332
17 0 0.000457315169443362
18 0 0.000457231415790571
19 0 0.000461837981338142
20 0 0.000478256005091326
21 0 0.000487471501872117
22 0 0.000502804808566792
23 0 0.000528198432916849
24 0 0.000561899941761923
25 0 0.000604841364130748
26 0 0.00064746737474719
27 0 0.000671474285346196
28 0 0.000696243306462785
29 0 0.000724295030031907
30 0 0.000753615818923636
31 0 0.000777146505173687
32 0 0.00081001563001759
33 0 0.000829187772111828
34 0 0.000854841045576316
35 0 0.00087360195964592
36 0 0.000894134037177197
37 0 0.000884204010302314
38 0 0.00089295584163318
39 0 0.000932770486746448
40 0 0.0009925673234773
41 0 0.00107179558371540
42 0 0.00119406066658112
43 0 0.00128943872982246
44 0 0.00135167009583625
45 0 0.00136867276476038
46 0 0.00134997846215734
47 0 0.0012962009428229
48 0 0.00128876253622245
49 0 0.00133010412713430
50 0 0.00141385950847139
51 0 0.00150701176331458
52 0 0.00161060766041032
53 0 0.00168918877712887
54 0 0.00176435424144183
55 0 0.00182291602389728
56 0 0.00186901006586437
57 0 0.00191580841098082
58 0 0.00203273954609617
59 0 0.00221443914681207
60 0 0.00245573171919455
61 0 0.00272806284865601
62 0 0.00308885576879725
63 0 0.00344148273562017
64 0 0.00383138155019203
65 0 0.00423964294591339
66 0 0.00463870228338237
67 0 0.00492270181315435
68 0 0.0052384035824139
69 0 0.00558090884072893
70 0 0.00594776089836657
71 0 0.00630297497413601
72 0 0.00682800500702696
73 0 0.00745540198475858
74 0 0.00829463563581512
75 0 0.0094455776496123
76 0 0.0110107581338388
77 0 0.0122892926902743
78 0 0.0135181281763761
79 0 0.0145801995847809
80 0 0.0153576276133861
81 0 0.0155550491029218
82 0 0.0166303823878983
83 0 0.0175725449681229
84 0 0.0183614274332828
85 0 0.0190207502602846
86 0 0.0195201429879498
87 0 0.0200838923856896
88 0 0.0212592520468905
89 0 0.0234625330529463
90 0 0.0269806093965527
91 0 0.0288619762942044
92 0 0.0305835420043746
93 0 0.032311179646507
94 0 0.0338640449983103
95 0 0.0357190783925946
96 0 0.0378869117656392
97 0 0.0402220849041468
98 0 0.0435829159963695
99 0 0.0462829994362741
100 0 0.0493140132599493

death 1 F divorced
1 0 0.0180090022090396
2 0 0.00382503606289841
3 0 0.00258493558180883
4 0 0.00153938337644977
5 0 0.00111506315790089
6 0 0.00096855963774678
7 0 0.000747229969972119
8 0 0.000576574902901528
9 0 0.000457733938865612
10 0 0.000400380499367969
11 0 0.00038740773442858
12 0 0.000401217515542784
13 0 0.000418126893282467
14 0 0.0004250757180706
15 0 0.000444752984107177
16 0 0.000465439640708332
17 0 0.000457315169443362
18 0 0.000457231415790571
19 0 0.000461837981338142
20 0 0.000478256005091326
21 0 0.000487471501872117
22 0 0.000502804808566792
23 0 0.000528198432916849
24 0 0.000561899941761923
25 0 0.000604841364130748
26 0 0.00064746737474719
27 0 0.000671474285346196
28 0 0.000696243306462785
29 0 0.000724295030031907
30 0 0.000753615818923636
31 0 0.000777146505173687
32 0 0.00081001563001759
33 0 0.000829187772111828
34 0 0.000854841045576316
35 0 0.00087360195964592
36 0 0.000894134037177197
37 0 0.000884204010302314
38 0 0.00089295584163318
39 0 0.000932770486746448
40 0 0.0009925673234773
41 0 0.00107179558371540
42 0 0.00119406066658112
43 0 0.00128943872982246
44 0 0.00135167009583625
45 0 0.00136867276476038
46 0 0.00134997846215734
47 0 0.0012962009428229
48 0 0.00128876253622245
49 0 0.00133010412713430
50 0 0.00141385950847139
51 0 0.00150701176331458
52 0 0.00161060766041032
53 0 0.00168918877712887
54 0 0.00176435424144183
55 0 0.00182291602389728
56 0 0.00186901006586437
57 0 0.00191580841098082
58 0 0.00203273954609617
59 0 0.00221443914681207
60 0 0.00245573171919455
61 0 0.00272806284865601
62 0 0.00308885576879725
63 0 0.00344148273562017
64 0 0.00383138155019203
65 0 0.00423964294591339
66 0 0.00463870228338237
67 0 0.00492270181315435
68 0 0.0052384035824139
69 0 0.00558090884072893
70 0 0.00594776089836657
71 0 0.00630297497413601
72 0 0.00682800500702696
73 0 0.00745540198475858
74 0 0.00829463563581512
75 0 0.0094455776496123
76 0 0.0110107581338388
77 0 0.0122892926902743
78 0 0.0135181281763761
79 0 0.0145801995847809
80 0 0.0153576276133861
81 0 0.0155550491029218
82 0 0.0166303823878983
83 0 0.0175725449681229
84 0 0.0183614274332828
85 0 0.0190207502602846
86 0 0.0195201429879498
87 0 0.0200838923856896
88 0 0.0212592520468905
89 0 0.0234625330529463
90 0 0.0269806093965527
91 0 0.0288619762942044
92 0 0.0305835420043746
93 0 0.032311179646507
94 0 0.0338640449983103
95 0 0.0357190783925946
96 0 0.0378869117656392
97 0 0.0402220849041468
98 0 0.0435829159963695
99 0 0.0462829994362741
100 0 0.0493140132599493

death 1 F widowed
1 0 0.0180090022090396
2 0 0.00382503606289841
3 0 0.00258493558180883
4 0 0.00153938337644977
5 0 0.00111506315790089
6 0 0.00096855963774678
7 0 0.000747229969972119
8 0 0.000576574902901528
9 0 0.000457733938865612
10 0 0.000400380499367969
11 0 0.00038740773442858
12 0 0.000401217515542784
13 0 0.000418126893282467
14 0 0.0004250757180706
15 0 0.000444752984107177
16 0 0.000465439640708332
17 0 0.000457315169443362
18 0 0.000457231415790571
19 0 0.000461837981338142
20 0 0.000478256005091326
21 0 0.000487471501872117
22 0 0.000502804808566792
23 0 0.000528198432916849
24 0 0.000561899941761923
25 0 0.000604841364130748
26 0 0.00064746737474719
27 0 0.000671474285346196
28 0 0.000696243306462785
29 0 0.000724295030031907
30 0 0.000753615818923636
31 0 0.000777146505173687
32 0 0.00081001563001759
33 0 0.000829187772111828
34 0 0.000854841045576316
35 0 0.00087360195964592
36 0 0.000894134037177197
37 0 0.000884204010302314
38 0 0.00089295584163318
39 0 0.000932770486746448
40 0 0.0009925673234773
41 0 0.00107179558371540
42 0 0.00119406066658112
43 0 0.00128943872982246
44 0 0.00135167009583625
45 0 0.00136867276476038
46 0 0.00134997846215734
47 0 0.0012962009428229
48 0 0.00128876253622245
49 0 0.00133010412713430
50 0 0.00141385950847139
51 0 0.00150701176331458
52 0 0.00161060766041032
53 0 0.00168918877712887
54 0 0.00176435424144183
55 0 0.00182291602389728
56 0 0.00186901006586437
57 0 0.00191580841098082
58 0 0.00203273954609617
59 0 0.00221443914681207
60 0 0.00245573171919455
61 0 0.00272806284865601
62 0 0.00308885576879725
63 0 0.00344148273562017
64 0 0.00383138155019203
65 0 0.00423964294591339
66 0 0.00463870228338237
67 0 0.00492270181315435
68 0 0.0052384035824139
69 0 0.00558090884072893
70 0 0.00594776089836657
71 0 0.00630297497413601
72 0 0.00682800500702696
73 0 0.00745540198475858
74 0 0.00829463563581512
75 0 0.0094455776496123
76 0 0.0110107581338388
77 0 0.0122892926902743
78 0 0.0135181281763761
79 0 0.0145801995847809
80 0 0.0153576276133861
81 0 0.0155550491029218
82 0 0.0166303823878983
83 0 0.0175725449681229
84 0 0.0183614274332828
85 0 0.0190207502602846
86 0 0.0195201429879498
87 0 0.0200838923856896
88 0 0.0212592520468905
89 0 0.0234625330529463
90 0 0.0269806093965527
91 0 0.0288619762942044
92 0 0.0305835420043746
93 0 0.032311179646507
94 0 0.0338640449983103
95 0 0.0357190783925946
96 0 0.0378869117656392
97 0 0.0402220849041468
98 0 0.0435829159963695
99 0 0.0462829994362741
100 0 0.0493140132599493
