*Period monthly mortality rates for SWE in 1884 
* Mon Dec 20 14:20:18 2010
death 1 M married
1 0 0.0122103692493643
2 0 0.00313370020652404
3 0 0.00198094081554445
4 0 0.00159084579870272
5 0 0.00133086519176462
6 0 0.00104574377338396
7 0 0.000874106791140195
8 0 0.000660980974066083
9 0 0.000525516262802506
10 0 0.000454802593437997
11 0 0.000394437906206968
12 0 0.000368663268147551
13 0 0.000321233610061755
14 0 0.000332607779559124
15 0 0.000304342250008527
16 0 0.000285029739811149
17 0 0.000308272137695687
18 0 0.000387156666923572
19 0 0.000494928360621705
20 0 0.000496352774039144
21 0 0.000552090003930972
22 0 0.000525516262802506
23 0 0.000623298992407317
24 0 0.000524259022816276
25 0 0.000537083686986684
26 0 0.000608532589812638
27 0 0.000570117627983535
28 0 0.000528701348627925
29 0 0.000540939822325726
30 0 0.000546388988245217
31 0 0.000477418279000164
32 0 0.000582864897623492
33 0 0.000548987936324186
34 0 0.000650740670847139
35 0 0.000682136731014693
36 0 0.000651412130778461
37 0 0.00066878788223379
38 0 0.000719087169092525
39 0 0.000596704419019489
40 0 0.000666017612221514
41 0 0.000755464437931064
42 0 0.000764203873450775
43 0 0.000812285804050128
44 0 0.000849289231116712
45 0 0.000797152382076671
46 0 0.000885550391004353
47 0 0.000918542954134627
48 0 0.00105771487465256
49 0 0.00111219488342795
50 0 0.00101674989921752
51 0 0.00118274697806786
52 0 0.00117818812892800
53 0 0.00126408491574892
54 0 0.00137493325588200
55 0 0.00155845583007264
56 0 0.00143248231385107
57 0 0.00164369508628082
58 0 0.00163410697551569
59 0 0.00187462459303922
60 0 0.00202524053072606
61 0 0.00222981073331185
62 0 0.00214453129914172
63 0 0.00228764831317374
64 0 0.00266539541228128
65 0 0.00279592987320199
66 0 0.00304860091803616
67 0 0.00323994932094074
68 0 0.00363704638893469
69 0 0.00394384865501185
70 0 0.00443002679998861
71 0 0.00446626080513146
72 0 0.00513419360768852
73 0 0.00574403675947377
74 0 0.0067981775667385
75 0 0.00722162477231736
76 0 0.00794916081672759
77 0 0.00927719424224138
78 0 0.0107329500578986
79 0 0.0109780081072741
80 0 0.0125510855663267
81 0 0.0136920379795121
82 0 0.0158561730065007
83 0 0.0174999584406649
84 0 0.0210609262942560
85 0 0.0195497525159458
86 0 0.0238100040113239
87 0 0.0237046975739809
88 0 0.0281498504033105
89 0 0.0305163691840861
90 0 0.0288553060797765
91 0 0.0314629027936061
92 0 0.0408437145116329
93 0 0.0508274827820255
94 0 0.0532619518615616
95 0 0.0608562640839627
96 0 0.0882425052379116
97 0 0.0922876048960667
98 0 0.0159927862285498
99 0 0.042426996080451
100 0 0

death 1 M single
1 0 0.0122103692493643
2 0 0.00313370020652404
3 0 0.00198094081554445
4 0 0.00159084579870272
5 0 0.00133086519176462
6 0 0.00104574377338396
7 0 0.000874106791140195
8 0 0.000660980974066083
9 0 0.000525516262802506
10 0 0.000454802593437997
11 0 0.000394437906206968
12 0 0.000368663268147551
13 0 0.000321233610061755
14 0 0.000332607779559124
15 0 0.000304342250008527
16 0 0.000285029739811149
17 0 0.000308272137695687
18 0 0.000387156666923572
19 0 0.000494928360621705
20 0 0.000496352774039144
21 0 0.000552090003930972
22 0 0.000525516262802506
23 0 0.000623298992407317
24 0 0.000524259022816276
25 0 0.000537083686986684
26 0 0.000608532589812638
27 0 0.000570117627983535
28 0 0.000528701348627925
29 0 0.000540939822325726
30 0 0.000546388988245217
31 0 0.000477418279000164
32 0 0.000582864897623492
33 0 0.000548987936324186
34 0 0.000650740670847139
35 0 0.000682136731014693
36 0 0.000651412130778461
37 0 0.00066878788223379
38 0 0.000719087169092525
39 0 0.000596704419019489
40 0 0.000666017612221514
41 0 0.000755464437931064
42 0 0.000764203873450775
43 0 0.000812285804050128
44 0 0.000849289231116712
45 0 0.000797152382076671
46 0 0.000885550391004353
47 0 0.000918542954134627
48 0 0.00105771487465256
49 0 0.00111219488342795
50 0 0.00101674989921752
51 0 0.00118274697806786
52 0 0.00117818812892800
53 0 0.00126408491574892
54 0 0.00137493325588200
55 0 0.00155845583007264
56 0 0.00143248231385107
57 0 0.00164369508628082
58 0 0.00163410697551569
59 0 0.00187462459303922
60 0 0.00202524053072606
61 0 0.00222981073331185
62 0 0.00214453129914172
63 0 0.00228764831317374
64 0 0.00266539541228128
65 0 0.00279592987320199
66 0 0.00304860091803616
67 0 0.00323994932094074
68 0 0.00363704638893469
69 0 0.00394384865501185
70 0 0.00443002679998861
71 0 0.00446626080513146
72 0 0.00513419360768852
73 0 0.00574403675947377
74 0 0.0067981775667385
75 0 0.00722162477231736
76 0 0.00794916081672759
77 0 0.00927719424224138
78 0 0.0107329500578986
79 0 0.0109780081072741
80 0 0.0125510855663267
81 0 0.0136920379795121
82 0 0.0158561730065007
83 0 0.0174999584406649
84 0 0.0210609262942560
85 0 0.0195497525159458
86 0 0.0238100040113239
87 0 0.0237046975739809
88 0 0.0281498504033105
89 0 0.0305163691840861
90 0 0.0288553060797765
91 0 0.0314629027936061
92 0 0.0408437145116329
93 0 0.0508274827820255
94 0 0.0532619518615616
95 0 0.0608562640839627
96 0 0.0882425052379116
97 0 0.0922876048960667
98 0 0.0159927862285498
99 0 0.042426996080451
100 0 0

death 1 M divorced
1 0 0.0122103692493643
2 0 0.00313370020652404
3 0 0.00198094081554445
4 0 0.00159084579870272
5 0 0.00133086519176462
6 0 0.00104574377338396
7 0 0.000874106791140195
8 0 0.000660980974066083
9 0 0.000525516262802506
10 0 0.000454802593437997
11 0 0.000394437906206968
12 0 0.000368663268147551
13 0 0.000321233610061755
14 0 0.000332607779559124
15 0 0.000304342250008527
16 0 0.000285029739811149
17 0 0.000308272137695687
18 0 0.000387156666923572
19 0 0.000494928360621705
20 0 0.000496352774039144
21 0 0.000552090003930972
22 0 0.000525516262802506
23 0 0.000623298992407317
24 0 0.000524259022816276
25 0 0.000537083686986684
26 0 0.000608532589812638
27 0 0.000570117627983535
28 0 0.000528701348627925
29 0 0.000540939822325726
30 0 0.000546388988245217
31 0 0.000477418279000164
32 0 0.000582864897623492
33 0 0.000548987936324186
34 0 0.000650740670847139
35 0 0.000682136731014693
36 0 0.000651412130778461
37 0 0.00066878788223379
38 0 0.000719087169092525
39 0 0.000596704419019489
40 0 0.000666017612221514
41 0 0.000755464437931064
42 0 0.000764203873450775
43 0 0.000812285804050128
44 0 0.000849289231116712
45 0 0.000797152382076671
46 0 0.000885550391004353
47 0 0.000918542954134627
48 0 0.00105771487465256
49 0 0.00111219488342795
50 0 0.00101674989921752
51 0 0.00118274697806786
52 0 0.00117818812892800
53 0 0.00126408491574892
54 0 0.00137493325588200
55 0 0.00155845583007264
56 0 0.00143248231385107
57 0 0.00164369508628082
58 0 0.00163410697551569
59 0 0.00187462459303922
60 0 0.00202524053072606
61 0 0.00222981073331185
62 0 0.00214453129914172
63 0 0.00228764831317374
64 0 0.00266539541228128
65 0 0.00279592987320199
66 0 0.00304860091803616
67 0 0.00323994932094074
68 0 0.00363704638893469
69 0 0.00394384865501185
70 0 0.00443002679998861
71 0 0.00446626080513146
72 0 0.00513419360768852
73 0 0.00574403675947377
74 0 0.0067981775667385
75 0 0.00722162477231736
76 0 0.00794916081672759
77 0 0.00927719424224138
78 0 0.0107329500578986
79 0 0.0109780081072741
80 0 0.0125510855663267
81 0 0.0136920379795121
82 0 0.0158561730065007
83 0 0.0174999584406649
84 0 0.0210609262942560
85 0 0.0195497525159458
86 0 0.0238100040113239
87 0 0.0237046975739809
88 0 0.0281498504033105
89 0 0.0305163691840861
90 0 0.0288553060797765
91 0 0.0314629027936061
92 0 0.0408437145116329
93 0 0.0508274827820255
94 0 0.0532619518615616
95 0 0.0608562640839627
96 0 0.0882425052379116
97 0 0.0922876048960667
98 0 0.0159927862285498
99 0 0.042426996080451
100 0 0

death 1 M widowed
1 0 0.0122103692493643
2 0 0.00313370020652404
3 0 0.00198094081554445
4 0 0.00159084579870272
5 0 0.00133086519176462
6 0 0.00104574377338396
7 0 0.000874106791140195
8 0 0.000660980974066083
9 0 0.000525516262802506
10 0 0.000454802593437997
11 0 0.000394437906206968
12 0 0.000368663268147551
13 0 0.000321233610061755
14 0 0.000332607779559124
15 0 0.000304342250008527
16 0 0.000285029739811149
17 0 0.000308272137695687
18 0 0.000387156666923572
19 0 0.000494928360621705
20 0 0.000496352774039144
21 0 0.000552090003930972
22 0 0.000525516262802506
23 0 0.000623298992407317
24 0 0.000524259022816276
25 0 0.000537083686986684
26 0 0.000608532589812638
27 0 0.000570117627983535
28 0 0.000528701348627925
29 0 0.000540939822325726
30 0 0.000546388988245217
31 0 0.000477418279000164
32 0 0.000582864897623492
33 0 0.000548987936324186
34 0 0.000650740670847139
35 0 0.000682136731014693
36 0 0.000651412130778461
37 0 0.00066878788223379
38 0 0.000719087169092525
39 0 0.000596704419019489
40 0 0.000666017612221514
41 0 0.000755464437931064
42 0 0.000764203873450775
43 0 0.000812285804050128
44 0 0.000849289231116712
45 0 0.000797152382076671
46 0 0.000885550391004353
47 0 0.000918542954134627
48 0 0.00105771487465256
49 0 0.00111219488342795
50 0 0.00101674989921752
51 0 0.00118274697806786
52 0 0.00117818812892800
53 0 0.00126408491574892
54 0 0.00137493325588200
55 0 0.00155845583007264
56 0 0.00143248231385107
57 0 0.00164369508628082
58 0 0.00163410697551569
59 0 0.00187462459303922
60 0 0.00202524053072606
61 0 0.00222981073331185
62 0 0.00214453129914172
63 0 0.00228764831317374
64 0 0.00266539541228128
65 0 0.00279592987320199
66 0 0.00304860091803616
67 0 0.00323994932094074
68 0 0.00363704638893469
69 0 0.00394384865501185
70 0 0.00443002679998861
71 0 0.00446626080513146
72 0 0.00513419360768852
73 0 0.00574403675947377
74 0 0.0067981775667385
75 0 0.00722162477231736
76 0 0.00794916081672759
77 0 0.00927719424224138
78 0 0.0107329500578986
79 0 0.0109780081072741
80 0 0.0125510855663267
81 0 0.0136920379795121
82 0 0.0158561730065007
83 0 0.0174999584406649
84 0 0.0210609262942560
85 0 0.0195497525159458
86 0 0.0238100040113239
87 0 0.0237046975739809
88 0 0.0281498504033105
89 0 0.0305163691840861
90 0 0.0288553060797765
91 0 0.0314629027936061
92 0 0.0408437145116329
93 0 0.0508274827820255
94 0 0.0532619518615616
95 0 0.0608562640839627
96 0 0.0882425052379116
97 0 0.0922876048960667
98 0 0.0159927862285498
99 0 0.042426996080451
100 0 0

death 1 F married
1 0 0.00983892690592125
2 0 0.00295643553346359
3 0 0.00188619501736609
4 0 0.00152378932582331
5 0 0.00123206471592996
6 0 0.000947842316036063
7 0 0.000758405500250192
8 0 0.000689777520808565
9 0 0.000553263786860714
10 0 0.00049258231660998
11 0 0.000411848291720140
12 0 0.000398706490146949
13 0 0.000319477431348081
14 0 0.000316717790504795
15 0 0.000430266753204012
16 0 0.000361551424450379
17 0 0.000459492791513805
18 0 0.000386738222623251
19 0 0.000450615121144970
20 0 0.00039401942837769
21 0 0.000415029395628541
22 0 0.000434620753273829
23 0 0.000430852856446617
24 0 0.000458990258711767
25 0 0.000470716748294797
26 0 0.00045128510374437
27 0 0.000524761916723238
28 0 0.000462173013396905
29 0 0.000528785168183776
30 0 0.000439226172688656
31 0 0.000567182654723775
32 0 0.000460414108869212
33 0 0.000538508761416812
34 0 0.000548652584007603
35 0 0.000580516581988211
36 0 0.000558042916774637
37 0 0.000623298992407317
38 0 0.000634543203852922
39 0 0.000619691070215644
40 0 0.000678862303532979
41 0 0.0006807933618731
42 0 0.000653846214631493
43 0 0.00069372411447488
44 0 0.000747229969972119
45 0 0.000755968613280311
46 0 0.000695823436280163
47 0 0.000765800591932653
48 0 0.000794126000207895
49 0 0.000778659400683002
50 0 0.000859636067526703
51 0 0.000860140821404731
52 0 0.000851223915815491
53 0 0.000941695402074783
54 0 0.00104801984720004
55 0 0.00118477320671262
56 0 0.00107930056608174
57 0 0.00121018933130412
58 0 0.00136156678446098
59 0 0.00138872477961227
60 0 0.00153590838319184
61 0 0.001660582806291
62 0 0.00168706636281135
63 0 0.00207561513764676
64 0 0.00237280585579425
65 0 0.00223186047501023
66 0 0.00255270306256894
67 0 0.00294326440003234
68 0 0.003047825304203
69 0 0.00349022583247127
70 0 0.00394602457008086
71 0 0.00427676171511171
72 0 0.00435209408907888
73 0 0.00502948696470795
74 0 0.00584753025371665
75 0 0.0062461753520634
76 0 0.00632003969759454
77 0 0.00756785228520496
78 0 0.00843301413413433
79 0 0.00943420046836652
80 0 0.0108154698037498
81 0 0.0121057857002116
82 0 0.0117357175200304
83 0 0.0148428825025991
84 0 0.0146214441465393
85 0 0.0169395797146135
86 0 0.0163242482274363
87 0 0.0208085190997854
88 0 0.0222536187749316
89 0 0.0251967761015887
90 0 0.0262537119784855
91 0 0.0343301672215069
92 0 0.0349641669417018
93 0 0.0377554847082058
94 0 0.0365530679183751
95 0 0.0488167553465553
96 0 0.0399318386879698
97 0 0.0688304860257413
98 0 0.107603648259924
99 0 0.117695862012264
100 0 0.080966727977896

death 1 F single
1 0 0.00983892690592125
2 0 0.00295643553346359
3 0 0.00188619501736609
4 0 0.00152378932582331
5 0 0.00123206471592996
6 0 0.000947842316036063
7 0 0.000758405500250192
8 0 0.000689777520808565
9 0 0.000553263786860714
10 0 0.00049258231660998
11 0 0.000411848291720140
12 0 0.000398706490146949
13 0 0.000319477431348081
14 0 0.000316717790504795
15 0 0.000430266753204012
16 0 0.000361551424450379
17 0 0.000459492791513805
18 0 0.000386738222623251
19 0 0.000450615121144970
20 0 0.00039401942837769
21 0 0.000415029395628541
22 0 0.000434620753273829
23 0 0.000430852856446617
24 0 0.000458990258711767
25 0 0.000470716748294797
26 0 0.00045128510374437
27 0 0.000524761916723238
28 0 0.000462173013396905
29 0 0.000528785168183776
30 0 0.000439226172688656
31 0 0.000567182654723775
32 0 0.000460414108869212
33 0 0.000538508761416812
34 0 0.000548652584007603
35 0 0.000580516581988211
36 0 0.000558042916774637
37 0 0.000623298992407317
38 0 0.000634543203852922
39 0 0.000619691070215644
40 0 0.000678862303532979
41 0 0.0006807933618731
42 0 0.000653846214631493
43 0 0.00069372411447488
44 0 0.000747229969972119
45 0 0.000755968613280311
46 0 0.000695823436280163
47 0 0.000765800591932653
48 0 0.000794126000207895
49 0 0.000778659400683002
50 0 0.000859636067526703
51 0 0.000860140821404731
52 0 0.000851223915815491
53 0 0.000941695402074783
54 0 0.00104801984720004
55 0 0.00118477320671262
56 0 0.00107930056608174
57 0 0.00121018933130412
58 0 0.00136156678446098
59 0 0.00138872477961227
60 0 0.00153590838319184
61 0 0.001660582806291
62 0 0.00168706636281135
63 0 0.00207561513764676
64 0 0.00237280585579425
65 0 0.00223186047501023
66 0 0.00255270306256894
67 0 0.00294326440003234
68 0 0.003047825304203
69 0 0.00349022583247127
70 0 0.00394602457008086
71 0 0.00427676171511171
72 0 0.00435209408907888
73 0 0.00502948696470795
74 0 0.00584753025371665
75 0 0.0062461753520634
76 0 0.00632003969759454
77 0 0.00756785228520496
78 0 0.00843301413413433
79 0 0.00943420046836652
80 0 0.0108154698037498
81 0 0.0121057857002116
82 0 0.0117357175200304
83 0 0.0148428825025991
84 0 0.0146214441465393
85 0 0.0169395797146135
86 0 0.0163242482274363
87 0 0.0208085190997854
88 0 0.0222536187749316
89 0 0.0251967761015887
90 0 0.0262537119784855
91 0 0.0343301672215069
92 0 0.0349641669417018
93 0 0.0377554847082058
94 0 0.0365530679183751
95 0 0.0488167553465553
96 0 0.0399318386879698
97 0 0.0688304860257413
98 0 0.107603648259924
99 0 0.117695862012264
100 0 0.080966727977896

death 1 F divorced
1 0 0.00983892690592125
2 0 0.00295643553346359
3 0 0.00188619501736609
4 0 0.00152378932582331
5 0 0.00123206471592996
6 0 0.000947842316036063
7 0 0.000758405500250192
8 0 0.000689777520808565
9 0 0.000553263786860714
10 0 0.00049258231660998
11 0 0.000411848291720140
12 0 0.000398706490146949
13 0 0.000319477431348081
14 0 0.000316717790504795
15 0 0.000430266753204012
16 0 0.000361551424450379
17 0 0.000459492791513805
18 0 0.000386738222623251
19 0 0.000450615121144970
20 0 0.00039401942837769
21 0 0.000415029395628541
22 0 0.000434620753273829
23 0 0.000430852856446617
24 0 0.000458990258711767
25 0 0.000470716748294797
26 0 0.00045128510374437
27 0 0.000524761916723238
28 0 0.000462173013396905
29 0 0.000528785168183776
30 0 0.000439226172688656
31 0 0.000567182654723775
32 0 0.000460414108869212
33 0 0.000538508761416812
34 0 0.000548652584007603
35 0 0.000580516581988211
36 0 0.000558042916774637
37 0 0.000623298992407317
38 0 0.000634543203852922
39 0 0.000619691070215644
40 0 0.000678862303532979
41 0 0.0006807933618731
42 0 0.000653846214631493
43 0 0.00069372411447488
44 0 0.000747229969972119
45 0 0.000755968613280311
46 0 0.000695823436280163
47 0 0.000765800591932653
48 0 0.000794126000207895
49 0 0.000778659400683002
50 0 0.000859636067526703
51 0 0.000860140821404731
52 0 0.000851223915815491
53 0 0.000941695402074783
54 0 0.00104801984720004
55 0 0.00118477320671262
56 0 0.00107930056608174
57 0 0.00121018933130412
58 0 0.00136156678446098
59 0 0.00138872477961227
60 0 0.00153590838319184
61 0 0.001660582806291
62 0 0.00168706636281135
63 0 0.00207561513764676
64 0 0.00237280585579425
65 0 0.00223186047501023
66 0 0.00255270306256894
67 0 0.00294326440003234
68 0 0.003047825304203
69 0 0.00349022583247127
70 0 0.00394602457008086
71 0 0.00427676171511171
72 0 0.00435209408907888
73 0 0.00502948696470795
74 0 0.00584753025371665
75 0 0.0062461753520634
76 0 0.00632003969759454
77 0 0.00756785228520496
78 0 0.00843301413413433
79 0 0.00943420046836652
80 0 0.0108154698037498
81 0 0.0121057857002116
82 0 0.0117357175200304
83 0 0.0148428825025991
84 0 0.0146214441465393
85 0 0.0169395797146135
86 0 0.0163242482274363
87 0 0.0208085190997854
88 0 0.0222536187749316
89 0 0.0251967761015887
90 0 0.0262537119784855
91 0 0.0343301672215069
92 0 0.0349641669417018
93 0 0.0377554847082058
94 0 0.0365530679183751
95 0 0.0488167553465553
96 0 0.0399318386879698
97 0 0.0688304860257413
98 0 0.107603648259924
99 0 0.117695862012264
100 0 0.080966727977896

death 1 F widowed
1 0 0.00983892690592125
2 0 0.00295643553346359
3 0 0.00188619501736609
4 0 0.00152378932582331
5 0 0.00123206471592996
6 0 0.000947842316036063
7 0 0.000758405500250192
8 0 0.000689777520808565
9 0 0.000553263786860714
10 0 0.00049258231660998
11 0 0.000411848291720140
12 0 0.000398706490146949
13 0 0.000319477431348081
14 0 0.000316717790504795
15 0 0.000430266753204012
16 0 0.000361551424450379
17 0 0.000459492791513805
18 0 0.000386738222623251
19 0 0.000450615121144970
20 0 0.00039401942837769
21 0 0.000415029395628541
22 0 0.000434620753273829
23 0 0.000430852856446617
24 0 0.000458990258711767
25 0 0.000470716748294797
26 0 0.00045128510374437
27 0 0.000524761916723238
28 0 0.000462173013396905
29 0 0.000528785168183776
30 0 0.000439226172688656
31 0 0.000567182654723775
32 0 0.000460414108869212
33 0 0.000538508761416812
34 0 0.000548652584007603
35 0 0.000580516581988211
36 0 0.000558042916774637
37 0 0.000623298992407317
38 0 0.000634543203852922
39 0 0.000619691070215644
40 0 0.000678862303532979
41 0 0.0006807933618731
42 0 0.000653846214631493
43 0 0.00069372411447488
44 0 0.000747229969972119
45 0 0.000755968613280311
46 0 0.000695823436280163
47 0 0.000765800591932653
48 0 0.000794126000207895
49 0 0.000778659400683002
50 0 0.000859636067526703
51 0 0.000860140821404731
52 0 0.000851223915815491
53 0 0.000941695402074783
54 0 0.00104801984720004
55 0 0.00118477320671262
56 0 0.00107930056608174
57 0 0.00121018933130412
58 0 0.00136156678446098
59 0 0.00138872477961227
60 0 0.00153590838319184
61 0 0.001660582806291
62 0 0.00168706636281135
63 0 0.00207561513764676
64 0 0.00237280585579425
65 0 0.00223186047501023
66 0 0.00255270306256894
67 0 0.00294326440003234
68 0 0.003047825304203
69 0 0.00349022583247127
70 0 0.00394602457008086
71 0 0.00427676171511171
72 0 0.00435209408907888
73 0 0.00502948696470795
74 0 0.00584753025371665
75 0 0.0062461753520634
76 0 0.00632003969759454
77 0 0.00756785228520496
78 0 0.00843301413413433
79 0 0.00943420046836652
80 0 0.0108154698037498
81 0 0.0121057857002116
82 0 0.0117357175200304
83 0 0.0148428825025991
84 0 0.0146214441465393
85 0 0.0169395797146135
86 0 0.0163242482274363
87 0 0.0208085190997854
88 0 0.0222536187749316
89 0 0.0251967761015887
90 0 0.0262537119784855
91 0 0.0343301672215069
92 0 0.0349641669417018
93 0 0.0377554847082058
94 0 0.0365530679183751
95 0 0.0488167553465553
96 0 0.0399318386879698
97 0 0.0688304860257413
98 0 0.107603648259924
99 0 0.117695862012264
100 0 0.080966727977896
