*Period monthly mortality rates for SWE in 1865 
* Mon Dec 20 14:20:03 2010
death 1 M married
1 0 0.0144853406039206
2 0 0.00399948146272489
3 0 0.0028741688348608
4 0 0.00224193904547032
5 0 0.0017818593193345
6 0 0.00125724059963561
7 0 0.00100663793439315
8 0 0.000808418134153
9 0 0.000603834692244343
10 0 0.000489063364162656
11 0 0.000499453045137543
12 0 0.000386068715750643
13 0 0.000344234321053238
14 0 0.000354021843591124
15 0 0.000326920516866114
16 0 0.000431438963469644
17 0 0.000302168342589226
18 0 0.000427503745977664
19 0 0.000422564033331740
20 0 0.000516213098821661
21 0 0.000538341104441398
22 0 0.000619271553677914
23 0 0.000582277813024334
24 0 0.00062883701218952
25 0 0.00069313631306267
26 0 0.000560474500409858
27 0 0.000625061052993647
28 0 0.000589071452566148
29 0 0.000578252192249828
30 0 0.000640417599067633
31 0 0.000652587197599863
32 0 0.000627830074392377
33 0 0.000660141561520167
34 0 0.000675420083942946
35 0 0.000683732007671689
36 0 0.00072076709161395
37 0 0.000843569534750843
38 0 0.000727319086299194
39 0 0.000723035036297337
40 0 0.000903391819715216
41 0 0.000919132215976393
42 0 0.000889168888036695
43 0 0.000864515472515537
44 0 0.000918795494455837
45 0 0.00099223032958795
46 0 0.00111759406355749
47 0 0.00101776115762786
48 0 0.00123806236351109
49 0 0.00105122330699237
50 0 0.00126400041487362
51 0 0.00126526793626192
52 0 0.00137823287763639
53 0 0.00154633376209989
54 0 0.00155633647064402
55 0 0.00175160994970658
56 0 0.00200530298208190
57 0 0.00195147644642135
58 0 0.00220222913180823
59 0 0.00213335445396512
60 0 0.00244990988580174
61 0 0.00243852414487356
62 0 0.00262824463508826
63 0 0.00287907176513202
64 0 0.00336923883193163
65 0 0.00348797424141878
66 0 0.00365413601908904
67 0 0.00407806988040482
68 0 0.00395681788173674
69 0 0.00460424029354167
70 0 0.00463878998966649
71 0 0.0056457167195938
72 0 0.00590594755943052
73 0 0.0064952511445946
74 0 0.00793824388743403
75 0 0.00738584714273527
76 0 0.00822771620268947
77 0 0.0111197284073401
78 0 0.0105847174683819
79 0 0.0123426792929846
80 0 0.0129448273453764
81 0 0.0149448083034931
82 0 0.0162232340484454
83 0 0.0171156369905666
84 0 0.0173155686355709
85 0 0.0271514538423134
86 0 0.0268334700528653
87 0 0.0241501167841019
88 0 0.0275995131111767
89 0 0.0329691541710520
90 0 0.0272799170698304
91 0 0.0440784588816528
92 0 0.0389173836301029
93 0 0.0409043803927754
94 0 0.0743186212824202
95 0 0.0355877589269397
96 0 0.126122994824565
97 0 0.0167002597675663
98 0 0.181818753208241
99 0 0
100 0 0.0704184002020894

death 1 M single
1 0 0.0144853406039206
2 0 0.00399948146272489
3 0 0.0028741688348608
4 0 0.00224193904547032
5 0 0.0017818593193345
6 0 0.00125724059963561
7 0 0.00100663793439315
8 0 0.000808418134153
9 0 0.000603834692244343
10 0 0.000489063364162656
11 0 0.000499453045137543
12 0 0.000386068715750643
13 0 0.000344234321053238
14 0 0.000354021843591124
15 0 0.000326920516866114
16 0 0.000431438963469644
17 0 0.000302168342589226
18 0 0.000427503745977664
19 0 0.000422564033331740
20 0 0.000516213098821661
21 0 0.000538341104441398
22 0 0.000619271553677914
23 0 0.000582277813024334
24 0 0.00062883701218952
25 0 0.00069313631306267
26 0 0.000560474500409858
27 0 0.000625061052993647
28 0 0.000589071452566148
29 0 0.000578252192249828
30 0 0.000640417599067633
31 0 0.000652587197599863
32 0 0.000627830074392377
33 0 0.000660141561520167
34 0 0.000675420083942946
35 0 0.000683732007671689
36 0 0.00072076709161395
37 0 0.000843569534750843
38 0 0.000727319086299194
39 0 0.000723035036297337
40 0 0.000903391819715216
41 0 0.000919132215976393
42 0 0.000889168888036695
43 0 0.000864515472515537
44 0 0.000918795494455837
45 0 0.00099223032958795
46 0 0.00111759406355749
47 0 0.00101776115762786
48 0 0.00123806236351109
49 0 0.00105122330699237
50 0 0.00126400041487362
51 0 0.00126526793626192
52 0 0.00137823287763639
53 0 0.00154633376209989
54 0 0.00155633647064402
55 0 0.00175160994970658
56 0 0.00200530298208190
57 0 0.00195147644642135
58 0 0.00220222913180823
59 0 0.00213335445396512
60 0 0.00244990988580174
61 0 0.00243852414487356
62 0 0.00262824463508826
63 0 0.00287907176513202
64 0 0.00336923883193163
65 0 0.00348797424141878
66 0 0.00365413601908904
67 0 0.00407806988040482
68 0 0.00395681788173674
69 0 0.00460424029354167
70 0 0.00463878998966649
71 0 0.0056457167195938
72 0 0.00590594755943052
73 0 0.0064952511445946
74 0 0.00793824388743403
75 0 0.00738584714273527
76 0 0.00822771620268947
77 0 0.0111197284073401
78 0 0.0105847174683819
79 0 0.0123426792929846
80 0 0.0129448273453764
81 0 0.0149448083034931
82 0 0.0162232340484454
83 0 0.0171156369905666
84 0 0.0173155686355709
85 0 0.0271514538423134
86 0 0.0268334700528653
87 0 0.0241501167841019
88 0 0.0275995131111767
89 0 0.0329691541710520
90 0 0.0272799170698304
91 0 0.0440784588816528
92 0 0.0389173836301029
93 0 0.0409043803927754
94 0 0.0743186212824202
95 0 0.0355877589269397
96 0 0.126122994824565
97 0 0.0167002597675663
98 0 0.181818753208241
99 0 0
100 0 0.0704184002020894

death 1 M divorced
1 0 0.0144853406039206
2 0 0.00399948146272489
3 0 0.0028741688348608
4 0 0.00224193904547032
5 0 0.0017818593193345
6 0 0.00125724059963561
7 0 0.00100663793439315
8 0 0.000808418134153
9 0 0.000603834692244343
10 0 0.000489063364162656
11 0 0.000499453045137543
12 0 0.000386068715750643
13 0 0.000344234321053238
14 0 0.000354021843591124
15 0 0.000326920516866114
16 0 0.000431438963469644
17 0 0.000302168342589226
18 0 0.000427503745977664
19 0 0.000422564033331740
20 0 0.000516213098821661
21 0 0.000538341104441398
22 0 0.000619271553677914
23 0 0.000582277813024334
24 0 0.00062883701218952
25 0 0.00069313631306267
26 0 0.000560474500409858
27 0 0.000625061052993647
28 0 0.000589071452566148
29 0 0.000578252192249828
30 0 0.000640417599067633
31 0 0.000652587197599863
32 0 0.000627830074392377
33 0 0.000660141561520167
34 0 0.000675420083942946
35 0 0.000683732007671689
36 0 0.00072076709161395
37 0 0.000843569534750843
38 0 0.000727319086299194
39 0 0.000723035036297337
40 0 0.000903391819715216
41 0 0.000919132215976393
42 0 0.000889168888036695
43 0 0.000864515472515537
44 0 0.000918795494455837
45 0 0.00099223032958795
46 0 0.00111759406355749
47 0 0.00101776115762786
48 0 0.00123806236351109
49 0 0.00105122330699237
50 0 0.00126400041487362
51 0 0.00126526793626192
52 0 0.00137823287763639
53 0 0.00154633376209989
54 0 0.00155633647064402
55 0 0.00175160994970658
56 0 0.00200530298208190
57 0 0.00195147644642135
58 0 0.00220222913180823
59 0 0.00213335445396512
60 0 0.00244990988580174
61 0 0.00243852414487356
62 0 0.00262824463508826
63 0 0.00287907176513202
64 0 0.00336923883193163
65 0 0.00348797424141878
66 0 0.00365413601908904
67 0 0.00407806988040482
68 0 0.00395681788173674
69 0 0.00460424029354167
70 0 0.00463878998966649
71 0 0.0056457167195938
72 0 0.00590594755943052
73 0 0.0064952511445946
74 0 0.00793824388743403
75 0 0.00738584714273527
76 0 0.00822771620268947
77 0 0.0111197284073401
78 0 0.0105847174683819
79 0 0.0123426792929846
80 0 0.0129448273453764
81 0 0.0149448083034931
82 0 0.0162232340484454
83 0 0.0171156369905666
84 0 0.0173155686355709
85 0 0.0271514538423134
86 0 0.0268334700528653
87 0 0.0241501167841019
88 0 0.0275995131111767
89 0 0.0329691541710520
90 0 0.0272799170698304
91 0 0.0440784588816528
92 0 0.0389173836301029
93 0 0.0409043803927754
94 0 0.0743186212824202
95 0 0.0355877589269397
96 0 0.126122994824565
97 0 0.0167002597675663
98 0 0.181818753208241
99 0 0
100 0 0.0704184002020894

death 1 M widowed
1 0 0.0144853406039206
2 0 0.00399948146272489
3 0 0.0028741688348608
4 0 0.00224193904547032
5 0 0.0017818593193345
6 0 0.00125724059963561
7 0 0.00100663793439315
8 0 0.000808418134153
9 0 0.000603834692244343
10 0 0.000489063364162656
11 0 0.000499453045137543
12 0 0.000386068715750643
13 0 0.000344234321053238
14 0 0.000354021843591124
15 0 0.000326920516866114
16 0 0.000431438963469644
17 0 0.000302168342589226
18 0 0.000427503745977664
19 0 0.000422564033331740
20 0 0.000516213098821661
21 0 0.000538341104441398
22 0 0.000619271553677914
23 0 0.000582277813024334
24 0 0.00062883701218952
25 0 0.00069313631306267
26 0 0.000560474500409858
27 0 0.000625061052993647
28 0 0.000589071452566148
29 0 0.000578252192249828
30 0 0.000640417599067633
31 0 0.000652587197599863
32 0 0.000627830074392377
33 0 0.000660141561520167
34 0 0.000675420083942946
35 0 0.000683732007671689
36 0 0.00072076709161395
37 0 0.000843569534750843
38 0 0.000727319086299194
39 0 0.000723035036297337
40 0 0.000903391819715216
41 0 0.000919132215976393
42 0 0.000889168888036695
43 0 0.000864515472515537
44 0 0.000918795494455837
45 0 0.00099223032958795
46 0 0.00111759406355749
47 0 0.00101776115762786
48 0 0.00123806236351109
49 0 0.00105122330699237
50 0 0.00126400041487362
51 0 0.00126526793626192
52 0 0.00137823287763639
53 0 0.00154633376209989
54 0 0.00155633647064402
55 0 0.00175160994970658
56 0 0.00200530298208190
57 0 0.00195147644642135
58 0 0.00220222913180823
59 0 0.00213335445396512
60 0 0.00244990988580174
61 0 0.00243852414487356
62 0 0.00262824463508826
63 0 0.00287907176513202
64 0 0.00336923883193163
65 0 0.00348797424141878
66 0 0.00365413601908904
67 0 0.00407806988040482
68 0 0.00395681788173674
69 0 0.00460424029354167
70 0 0.00463878998966649
71 0 0.0056457167195938
72 0 0.00590594755943052
73 0 0.0064952511445946
74 0 0.00793824388743403
75 0 0.00738584714273527
76 0 0.00822771620268947
77 0 0.0111197284073401
78 0 0.0105847174683819
79 0 0.0123426792929846
80 0 0.0129448273453764
81 0 0.0149448083034931
82 0 0.0162232340484454
83 0 0.0171156369905666
84 0 0.0173155686355709
85 0 0.0271514538423134
86 0 0.0268334700528653
87 0 0.0241501167841019
88 0 0.0275995131111767
89 0 0.0329691541710520
90 0 0.0272799170698304
91 0 0.0440784588816528
92 0 0.0389173836301029
93 0 0.0409043803927754
94 0 0.0743186212824202
95 0 0.0355877589269397
96 0 0.126122994824565
97 0 0.0167002597675663
98 0 0.181818753208241
99 0 0
100 0 0.0704184002020894

death 1 F married
1 0 0.0117749151174967
2 0 0.00359611378854729
3 0 0.00269354747700612
4 0 0.00200973316982433
5 0 0.00155777762967146
6 0 0.00126442292003692
7 0 0.00087604200452851
8 0 0.00074521347935208
9 0 0.000529791008884839
10 0 0.000502385831376517
11 0 0.000387909871519487
12 0 0.000385231839096112
13 0 0.000301499458460142
14 0 0.000285865694235499
15 0 0.000337458961358394
16 0 0.000367324525634483
17 0 0.000384227597283848
18 0 0.00035502575166102
19 0 0.000341306634516481
20 0 0.000383055995862303
21 0 0.000443580602079829
22 0 0.000388495701632463
23 0 0.000385482901283263
24 0 0.000418629200148568
25 0 0.000473062227821175
26 0 0.000539598539297748
27 0 0.00041871291822948
28 0 0.000531383612767389
29 0 0.000456226377977709
30 0 0.000529539547665658
31 0 0.000527695519989324
32 0 0.000567014944829691
33 0 0.000647635233216759
34 0 0.000582110075264319
35 0 0.00068482352889343
36 0 0.000684235785067489
37 0 0.000665094207655925
38 0 0.0006805414823704
39 0 0.000731351317922235
40 0 0.000718919178548938
41 0 0.000814051534190452
42 0 0.000751851263145698
43 0 0.000819517106936729
44 0 0.00076462405980382
45 0 0.000726983075076015
46 0 0.000848363961697074
47 0 0.000719339155490273
48 0 0.000863674177092544
49 0 0.000900025244157554
50 0 0.000972265673243378
51 0 0.00108587847638697
52 0 0.00100975567015793
53 0 0.00100225643260132
54 0 0.00118291582872798
55 0 0.00129374958241413
56 0 0.00153828153491553
57 0 0.00135995955652246
58 0 0.00154455373459050
59 0 0.00182274597853338
60 0 0.00194909246504693
61 0 0.00203256910704486
62 0 0.00196263090573201
63 0 0.00238692100342874
64 0 0.00220769355072448
65 0 0.0030795447063382
66 0 0.00269294657945129
67 0 0.00350001224377783
68 0 0.00347879525700323
69 0 0.00401141344848921
70 0 0.00450662541053282
71 0 0.00503239384642507
72 0 0.004661333323562
73 0 0.00556114769313198
74 0 0.00610041028191166
75 0 0.0066954740820463
76 0 0.00798000828364087
77 0 0.00843557531536832
78 0 0.0092280878277824
79 0 0.00998556264061223
80 0 0.0119450009906754
81 0 0.0127451975183559
82 0 0.0129909070894484
83 0 0.0135244198639398
84 0 0.0163741985643973
85 0 0.0181770872019047
86 0 0.0197241927417282
87 0 0.0173095096426498
88 0 0.0248759376640671
89 0 0.0298017473517090
90 0 0.0224118426165284
91 0 0.0325733711655198
92 0 0.0272957338807119
93 0 0.0375094630064218
94 0 0.0329129002136126
95 0 0.0564175256322891
96 0 0.0355748488074437
97 0 0.0680655675482267
98 0 0.0412538983624592
99 0 0.0498305238409867
100 0 0.0569239750920416

death 1 F single
1 0 0.0117749151174967
2 0 0.00359611378854729
3 0 0.00269354747700612
4 0 0.00200973316982433
5 0 0.00155777762967146
6 0 0.00126442292003692
7 0 0.00087604200452851
8 0 0.00074521347935208
9 0 0.000529791008884839
10 0 0.000502385831376517
11 0 0.000387909871519487
12 0 0.000385231839096112
13 0 0.000301499458460142
14 0 0.000285865694235499
15 0 0.000337458961358394
16 0 0.000367324525634483
17 0 0.000384227597283848
18 0 0.00035502575166102
19 0 0.000341306634516481
20 0 0.000383055995862303
21 0 0.000443580602079829
22 0 0.000388495701632463
23 0 0.000385482901283263
24 0 0.000418629200148568
25 0 0.000473062227821175
26 0 0.000539598539297748
27 0 0.00041871291822948
28 0 0.000531383612767389
29 0 0.000456226377977709
30 0 0.000529539547665658
31 0 0.000527695519989324
32 0 0.000567014944829691
33 0 0.000647635233216759
34 0 0.000582110075264319
35 0 0.00068482352889343
36 0 0.000684235785067489
37 0 0.000665094207655925
38 0 0.0006805414823704
39 0 0.000731351317922235
40 0 0.000718919178548938
41 0 0.000814051534190452
42 0 0.000751851263145698
43 0 0.000819517106936729
44 0 0.00076462405980382
45 0 0.000726983075076015
46 0 0.000848363961697074
47 0 0.000719339155490273
48 0 0.000863674177092544
49 0 0.000900025244157554
50 0 0.000972265673243378
51 0 0.00108587847638697
52 0 0.00100975567015793
53 0 0.00100225643260132
54 0 0.00118291582872798
55 0 0.00129374958241413
56 0 0.00153828153491553
57 0 0.00135995955652246
58 0 0.00154455373459050
59 0 0.00182274597853338
60 0 0.00194909246504693
61 0 0.00203256910704486
62 0 0.00196263090573201
63 0 0.00238692100342874
64 0 0.00220769355072448
65 0 0.0030795447063382
66 0 0.00269294657945129
67 0 0.00350001224377783
68 0 0.00347879525700323
69 0 0.00401141344848921
70 0 0.00450662541053282
71 0 0.00503239384642507
72 0 0.004661333323562
73 0 0.00556114769313198
74 0 0.00610041028191166
75 0 0.0066954740820463
76 0 0.00798000828364087
77 0 0.00843557531536832
78 0 0.0092280878277824
79 0 0.00998556264061223
80 0 0.0119450009906754
81 0 0.0127451975183559
82 0 0.0129909070894484
83 0 0.0135244198639398
84 0 0.0163741985643973
85 0 0.0181770872019047
86 0 0.0197241927417282
87 0 0.0173095096426498
88 0 0.0248759376640671
89 0 0.0298017473517090
90 0 0.0224118426165284
91 0 0.0325733711655198
92 0 0.0272957338807119
93 0 0.0375094630064218
94 0 0.0329129002136126
95 0 0.0564175256322891
96 0 0.0355748488074437
97 0 0.0680655675482267
98 0 0.0412538983624592
99 0 0.0498305238409867
100 0 0.0569239750920416

death 1 F divorced
1 0 0.0117749151174967
2 0 0.00359611378854729
3 0 0.00269354747700612
4 0 0.00200973316982433
5 0 0.00155777762967146
6 0 0.00126442292003692
7 0 0.00087604200452851
8 0 0.00074521347935208
9 0 0.000529791008884839
10 0 0.000502385831376517
11 0 0.000387909871519487
12 0 0.000385231839096112
13 0 0.000301499458460142
14 0 0.000285865694235499
15 0 0.000337458961358394
16 0 0.000367324525634483
17 0 0.000384227597283848
18 0 0.00035502575166102
19 0 0.000341306634516481
20 0 0.000383055995862303
21 0 0.000443580602079829
22 0 0.000388495701632463
23 0 0.000385482901283263
24 0 0.000418629200148568
25 0 0.000473062227821175
26 0 0.000539598539297748
27 0 0.00041871291822948
28 0 0.000531383612767389
29 0 0.000456226377977709
30 0 0.000529539547665658
31 0 0.000527695519989324
32 0 0.000567014944829691
33 0 0.000647635233216759
34 0 0.000582110075264319
35 0 0.00068482352889343
36 0 0.000684235785067489
37 0 0.000665094207655925
38 0 0.0006805414823704
39 0 0.000731351317922235
40 0 0.000718919178548938
41 0 0.000814051534190452
42 0 0.000751851263145698
43 0 0.000819517106936729
44 0 0.00076462405980382
45 0 0.000726983075076015
46 0 0.000848363961697074
47 0 0.000719339155490273
48 0 0.000863674177092544
49 0 0.000900025244157554
50 0 0.000972265673243378
51 0 0.00108587847638697
52 0 0.00100975567015793
53 0 0.00100225643260132
54 0 0.00118291582872798
55 0 0.00129374958241413
56 0 0.00153828153491553
57 0 0.00135995955652246
58 0 0.00154455373459050
59 0 0.00182274597853338
60 0 0.00194909246504693
61 0 0.00203256910704486
62 0 0.00196263090573201
63 0 0.00238692100342874
64 0 0.00220769355072448
65 0 0.0030795447063382
66 0 0.00269294657945129
67 0 0.00350001224377783
68 0 0.00347879525700323
69 0 0.00401141344848921
70 0 0.00450662541053282
71 0 0.00503239384642507
72 0 0.004661333323562
73 0 0.00556114769313198
74 0 0.00610041028191166
75 0 0.0066954740820463
76 0 0.00798000828364087
77 0 0.00843557531536832
78 0 0.0092280878277824
79 0 0.00998556264061223
80 0 0.0119450009906754
81 0 0.0127451975183559
82 0 0.0129909070894484
83 0 0.0135244198639398
84 0 0.0163741985643973
85 0 0.0181770872019047
86 0 0.0197241927417282
87 0 0.0173095096426498
88 0 0.0248759376640671
89 0 0.0298017473517090
90 0 0.0224118426165284
91 0 0.0325733711655198
92 0 0.0272957338807119
93 0 0.0375094630064218
94 0 0.0329129002136126
95 0 0.0564175256322891
96 0 0.0355748488074437
97 0 0.0680655675482267
98 0 0.0412538983624592
99 0 0.0498305238409867
100 0 0.0569239750920416

death 1 F widowed
1 0 0.0117749151174967
2 0 0.00359611378854729
3 0 0.00269354747700612
4 0 0.00200973316982433
5 0 0.00155777762967146
6 0 0.00126442292003692
7 0 0.00087604200452851
8 0 0.00074521347935208
9 0 0.000529791008884839
10 0 0.000502385831376517
11 0 0.000387909871519487
12 0 0.000385231839096112
13 0 0.000301499458460142
14 0 0.000285865694235499
15 0 0.000337458961358394
16 0 0.000367324525634483
17 0 0.000384227597283848
18 0 0.00035502575166102
19 0 0.000341306634516481
20 0 0.000383055995862303
21 0 0.000443580602079829
22 0 0.000388495701632463
23 0 0.000385482901283263
24 0 0.000418629200148568
25 0 0.000473062227821175
26 0 0.000539598539297748
27 0 0.00041871291822948
28 0 0.000531383612767389
29 0 0.000456226377977709
30 0 0.000529539547665658
31 0 0.000527695519989324
32 0 0.000567014944829691
33 0 0.000647635233216759
34 0 0.000582110075264319
35 0 0.00068482352889343
36 0 0.000684235785067489
37 0 0.000665094207655925
38 0 0.0006805414823704
39 0 0.000731351317922235
40 0 0.000718919178548938
41 0 0.000814051534190452
42 0 0.000751851263145698
43 0 0.000819517106936729
44 0 0.00076462405980382
45 0 0.000726983075076015
46 0 0.000848363961697074
47 0 0.000719339155490273
48 0 0.000863674177092544
49 0 0.000900025244157554
50 0 0.000972265673243378
51 0 0.00108587847638697
52 0 0.00100975567015793
53 0 0.00100225643260132
54 0 0.00118291582872798
55 0 0.00129374958241413
56 0 0.00153828153491553
57 0 0.00135995955652246
58 0 0.00154455373459050
59 0 0.00182274597853338
60 0 0.00194909246504693
61 0 0.00203256910704486
62 0 0.00196263090573201
63 0 0.00238692100342874
64 0 0.00220769355072448
65 0 0.0030795447063382
66 0 0.00269294657945129
67 0 0.00350001224377783
68 0 0.00347879525700323
69 0 0.00401141344848921
70 0 0.00450662541053282
71 0 0.00503239384642507
72 0 0.004661333323562
73 0 0.00556114769313198
74 0 0.00610041028191166
75 0 0.0066954740820463
76 0 0.00798000828364087
77 0 0.00843557531536832
78 0 0.0092280878277824
79 0 0.00998556264061223
80 0 0.0119450009906754
81 0 0.0127451975183559
82 0 0.0129909070894484
83 0 0.0135244198639398
84 0 0.0163741985643973
85 0 0.0181770872019047
86 0 0.0197241927417282
87 0 0.0173095096426498
88 0 0.0248759376640671
89 0 0.0298017473517090
90 0 0.0224118426165284
91 0 0.0325733711655198
92 0 0.0272957338807119
93 0 0.0375094630064218
94 0 0.0329129002136126
95 0 0.0564175256322891
96 0 0.0355748488074437
97 0 0.0680655675482267
98 0 0.0412538983624592
99 0 0.0498305238409867
100 0 0.0569239750920416
