*Period monthly mortality rates for SWE in 1887 
* Mon Dec 20 14:20:20 2010
death 1 M married
1 0 0.0107366097387445
2 0 0.00301499707184427
3 0 0.00176290979845095
4 0 0.00135801400287627
5 0 0.00104995876989089
6 0 0.00081598546848971
7 0 0.000612140068901645
8 0 0.00063915876811671
9 0 0.000501883061298392
10 0 0.000442910676283992
11 0 0.000407495382611311
12 0 0.000331353205721863
13 0 0.000307519592855909
14 0 0.000304425862870827
15 0 0.000264551257946888
16 0 0.000296399378849732
17 0 0.000385566588833153
18 0 0.000453043831570965
19 0 0.000439561121387544
20 0 0.000473732375948943
21 0 0.000485628327743903
22 0 0.000602576368071484
23 0 0.000612895140792546
24 0 0.000535993939268176
25 0 0.000603918581142282
26 0 0.000542281125154087
27 0 0.000557288300602088
28 0 0.00052568389611507
29 0 0.000559719864041797
30 0 0.000601653608087616
31 0 0.000549490967119759
32 0 0.000561564541784798
33 0 0.000553682998724825
34 0 0.000506324293239824
35 0 0.000502637217458912
36 0 0.000562990000238295
37 0 0.000574646058429495
38 0 0.0006540140848873
39 0 0.000570704634012653
40 0 0.000635130626282066
41 0 0.000799506304352327
42 0 0.000738912234653388
43 0 0.00071052004742822
44 0 0.00083490656290841
45 0 0.000738828221010124
46 0 0.000816826322332265
47 0 0.00077017070182761
48 0 0.000935127926316337
49 0 0.00089606967732181
50 0 0.00100453141676293
51 0 0.00105923245089490
52 0 0.00107112100893947
53 0 0.00114577624530932
54 0 0.00117692182256346
55 0 0.00120706470653908
56 0 0.00119422953828108
57 0 0.00147820903994822
58 0 0.00157159696316933
59 0 0.00169351865625089
60 0 0.00159415327831969
61 0 0.00189870294429262
62 0 0.00207646774055514
63 0 0.00210409641133458
64 0 0.00226295390410669
65 0 0.00243492894470054
66 0 0.00281200203853738
67 0 0.00307411369496846
68 0 0.00324953599247413
69 0 0.00360010216925455
70 0 0.00380782725326800
71 0 0.00400017817779097
72 0 0.00457592639436433
73 0 0.00496987245321712
74 0 0.0064577475248454
75 0 0.00556132490396
76 0 0.00720429858923566
77 0 0.00806842333294111
78 0 0.0086710573120522
79 0 0.00902281404931904
80 0 0.00993941682956867
81 0 0.0129293444761542
82 0 0.0134777750766544
83 0 0.0147488245104330
84 0 0.016665264122802
85 0 0.0188985479019993
86 0 0.0170053718580304
87 0 0.0227838846921437
88 0 0.0222753965613294
89 0 0.0306838689944128
90 0 0.0300037701691311
91 0 0.0345868015913786
92 0 0.0428309632187932
93 0 0.0430160788359732
94 0 0.0476461918490151
95 0 0.0607130752760221
96 0 0.0703921696302265
97 0 0.0401055306606394
98 0 0.131917662919699
99 0 0
100 0 0

death 1 M single
1 0 0.0107366097387445
2 0 0.00301499707184427
3 0 0.00176290979845095
4 0 0.00135801400287627
5 0 0.00104995876989089
6 0 0.00081598546848971
7 0 0.000612140068901645
8 0 0.00063915876811671
9 0 0.000501883061298392
10 0 0.000442910676283992
11 0 0.000407495382611311
12 0 0.000331353205721863
13 0 0.000307519592855909
14 0 0.000304425862870827
15 0 0.000264551257946888
16 0 0.000296399378849732
17 0 0.000385566588833153
18 0 0.000453043831570965
19 0 0.000439561121387544
20 0 0.000473732375948943
21 0 0.000485628327743903
22 0 0.000602576368071484
23 0 0.000612895140792546
24 0 0.000535993939268176
25 0 0.000603918581142282
26 0 0.000542281125154087
27 0 0.000557288300602088
28 0 0.00052568389611507
29 0 0.000559719864041797
30 0 0.000601653608087616
31 0 0.000549490967119759
32 0 0.000561564541784798
33 0 0.000553682998724825
34 0 0.000506324293239824
35 0 0.000502637217458912
36 0 0.000562990000238295
37 0 0.000574646058429495
38 0 0.0006540140848873
39 0 0.000570704634012653
40 0 0.000635130626282066
41 0 0.000799506304352327
42 0 0.000738912234653388
43 0 0.00071052004742822
44 0 0.00083490656290841
45 0 0.000738828221010124
46 0 0.000816826322332265
47 0 0.00077017070182761
48 0 0.000935127926316337
49 0 0.00089606967732181
50 0 0.00100453141676293
51 0 0.00105923245089490
52 0 0.00107112100893947
53 0 0.00114577624530932
54 0 0.00117692182256346
55 0 0.00120706470653908
56 0 0.00119422953828108
57 0 0.00147820903994822
58 0 0.00157159696316933
59 0 0.00169351865625089
60 0 0.00159415327831969
61 0 0.00189870294429262
62 0 0.00207646774055514
63 0 0.00210409641133458
64 0 0.00226295390410669
65 0 0.00243492894470054
66 0 0.00281200203853738
67 0 0.00307411369496846
68 0 0.00324953599247413
69 0 0.00360010216925455
70 0 0.00380782725326800
71 0 0.00400017817779097
72 0 0.00457592639436433
73 0 0.00496987245321712
74 0 0.0064577475248454
75 0 0.00556132490396
76 0 0.00720429858923566
77 0 0.00806842333294111
78 0 0.0086710573120522
79 0 0.00902281404931904
80 0 0.00993941682956867
81 0 0.0129293444761542
82 0 0.0134777750766544
83 0 0.0147488245104330
84 0 0.016665264122802
85 0 0.0188985479019993
86 0 0.0170053718580304
87 0 0.0227838846921437
88 0 0.0222753965613294
89 0 0.0306838689944128
90 0 0.0300037701691311
91 0 0.0345868015913786
92 0 0.0428309632187932
93 0 0.0430160788359732
94 0 0.0476461918490151
95 0 0.0607130752760221
96 0 0.0703921696302265
97 0 0.0401055306606394
98 0 0.131917662919699
99 0 0
100 0 0

death 1 M divorced
1 0 0.0107366097387445
2 0 0.00301499707184427
3 0 0.00176290979845095
4 0 0.00135801400287627
5 0 0.00104995876989089
6 0 0.00081598546848971
7 0 0.000612140068901645
8 0 0.00063915876811671
9 0 0.000501883061298392
10 0 0.000442910676283992
11 0 0.000407495382611311
12 0 0.000331353205721863
13 0 0.000307519592855909
14 0 0.000304425862870827
15 0 0.000264551257946888
16 0 0.000296399378849732
17 0 0.000385566588833153
18 0 0.000453043831570965
19 0 0.000439561121387544
20 0 0.000473732375948943
21 0 0.000485628327743903
22 0 0.000602576368071484
23 0 0.000612895140792546
24 0 0.000535993939268176
25 0 0.000603918581142282
26 0 0.000542281125154087
27 0 0.000557288300602088
28 0 0.00052568389611507
29 0 0.000559719864041797
30 0 0.000601653608087616
31 0 0.000549490967119759
32 0 0.000561564541784798
33 0 0.000553682998724825
34 0 0.000506324293239824
35 0 0.000502637217458912
36 0 0.000562990000238295
37 0 0.000574646058429495
38 0 0.0006540140848873
39 0 0.000570704634012653
40 0 0.000635130626282066
41 0 0.000799506304352327
42 0 0.000738912234653388
43 0 0.00071052004742822
44 0 0.00083490656290841
45 0 0.000738828221010124
46 0 0.000816826322332265
47 0 0.00077017070182761
48 0 0.000935127926316337
49 0 0.00089606967732181
50 0 0.00100453141676293
51 0 0.00105923245089490
52 0 0.00107112100893947
53 0 0.00114577624530932
54 0 0.00117692182256346
55 0 0.00120706470653908
56 0 0.00119422953828108
57 0 0.00147820903994822
58 0 0.00157159696316933
59 0 0.00169351865625089
60 0 0.00159415327831969
61 0 0.00189870294429262
62 0 0.00207646774055514
63 0 0.00210409641133458
64 0 0.00226295390410669
65 0 0.00243492894470054
66 0 0.00281200203853738
67 0 0.00307411369496846
68 0 0.00324953599247413
69 0 0.00360010216925455
70 0 0.00380782725326800
71 0 0.00400017817779097
72 0 0.00457592639436433
73 0 0.00496987245321712
74 0 0.0064577475248454
75 0 0.00556132490396
76 0 0.00720429858923566
77 0 0.00806842333294111
78 0 0.0086710573120522
79 0 0.00902281404931904
80 0 0.00993941682956867
81 0 0.0129293444761542
82 0 0.0134777750766544
83 0 0.0147488245104330
84 0 0.016665264122802
85 0 0.0188985479019993
86 0 0.0170053718580304
87 0 0.0227838846921437
88 0 0.0222753965613294
89 0 0.0306838689944128
90 0 0.0300037701691311
91 0 0.0345868015913786
92 0 0.0428309632187932
93 0 0.0430160788359732
94 0 0.0476461918490151
95 0 0.0607130752760221
96 0 0.0703921696302265
97 0 0.0401055306606394
98 0 0.131917662919699
99 0 0
100 0 0

death 1 M widowed
1 0 0.0107366097387445
2 0 0.00301499707184427
3 0 0.00176290979845095
4 0 0.00135801400287627
5 0 0.00104995876989089
6 0 0.00081598546848971
7 0 0.000612140068901645
8 0 0.00063915876811671
9 0 0.000501883061298392
10 0 0.000442910676283992
11 0 0.000407495382611311
12 0 0.000331353205721863
13 0 0.000307519592855909
14 0 0.000304425862870827
15 0 0.000264551257946888
16 0 0.000296399378849732
17 0 0.000385566588833153
18 0 0.000453043831570965
19 0 0.000439561121387544
20 0 0.000473732375948943
21 0 0.000485628327743903
22 0 0.000602576368071484
23 0 0.000612895140792546
24 0 0.000535993939268176
25 0 0.000603918581142282
26 0 0.000542281125154087
27 0 0.000557288300602088
28 0 0.00052568389611507
29 0 0.000559719864041797
30 0 0.000601653608087616
31 0 0.000549490967119759
32 0 0.000561564541784798
33 0 0.000553682998724825
34 0 0.000506324293239824
35 0 0.000502637217458912
36 0 0.000562990000238295
37 0 0.000574646058429495
38 0 0.0006540140848873
39 0 0.000570704634012653
40 0 0.000635130626282066
41 0 0.000799506304352327
42 0 0.000738912234653388
43 0 0.00071052004742822
44 0 0.00083490656290841
45 0 0.000738828221010124
46 0 0.000816826322332265
47 0 0.00077017070182761
48 0 0.000935127926316337
49 0 0.00089606967732181
50 0 0.00100453141676293
51 0 0.00105923245089490
52 0 0.00107112100893947
53 0 0.00114577624530932
54 0 0.00117692182256346
55 0 0.00120706470653908
56 0 0.00119422953828108
57 0 0.00147820903994822
58 0 0.00157159696316933
59 0 0.00169351865625089
60 0 0.00159415327831969
61 0 0.00189870294429262
62 0 0.00207646774055514
63 0 0.00210409641133458
64 0 0.00226295390410669
65 0 0.00243492894470054
66 0 0.00281200203853738
67 0 0.00307411369496846
68 0 0.00324953599247413
69 0 0.00360010216925455
70 0 0.00380782725326800
71 0 0.00400017817779097
72 0 0.00457592639436433
73 0 0.00496987245321712
74 0 0.0064577475248454
75 0 0.00556132490396
76 0 0.00720429858923566
77 0 0.00806842333294111
78 0 0.0086710573120522
79 0 0.00902281404931904
80 0 0.00993941682956867
81 0 0.0129293444761542
82 0 0.0134777750766544
83 0 0.0147488245104330
84 0 0.016665264122802
85 0 0.0188985479019993
86 0 0.0170053718580304
87 0 0.0227838846921437
88 0 0.0222753965613294
89 0 0.0306838689944128
90 0 0.0300037701691311
91 0 0.0345868015913786
92 0 0.0428309632187932
93 0 0.0430160788359732
94 0 0.0476461918490151
95 0 0.0607130752760221
96 0 0.0703921696302265
97 0 0.0401055306606394
98 0 0.131917662919699
99 0 0
100 0 0

death 1 F married
1 0 0.00875629746088069
2 0 0.00272926511333305
3 0 0.00170447162562026
4 0 0.00128318413117323
5 0 0.00102905430821343
6 0 0.000799590374133241
7 0 0.000668368138923126
8 0 0.000558210610108523
9 0 0.000478674871033258
10 0 0.000420471015746493
11 0 0.000403226385818134
12 0 0.000298740363463668
13 0 0.000301833899909343
14 0 0.000317470411515197
15 0 0.00030885745465703
16 0 0.000340637462264981
17 0 0.000410676334140381
18 0 0.000382888625463651
19 0 0.000359794466447849
20 0 0.000405486417962009
21 0 0.000441905796850772
22 0 0.000453378831206885
23 0 0.000445841638105238
24 0 0.000494844572292541
25 0 0.000474151221038555
26 0 0.000552676893500359
27 0 0.000480601679235804
28 0 0.000471386879124513
29 0 0.000529036627315183
30 0 0.000476077933318386
31 0 0.000553682998724825
32 0 0.000525013364720439
33 0 0.000505570106476561
34 0 0.000555192177450925
35 0 0.000496268984396475
36 0 0.000634962790914684
37 0 0.000544125448874722
38 0 0.00058252942024517
39 0 0.000598046545344788
40 0 0.000685747134016812
41 0 0.000641592523692336
42 0 0.000692716457239673
43 0 0.000601821381932988
44 0 0.000660645208116928
45 0 0.00063823563650478
46 0 0.000665933665964125
47 0 0.000762691218672451
48 0 0.000755464437931064
49 0 0.000659386096860004
50 0 0.000755716525255856
51 0 0.000842728433309015
52 0 0.000851392151215102
53 0 0.000745465538231738
54 0 0.000961232239933385
55 0 0.00101969943438962
56 0 0.00116122109062289
57 0 0.0011840133656722
58 0 0.00116670759696291
59 0 0.00130778240249607
60 0 0.00134862517790868
61 0 0.00142486343170722
62 0 0.00182155566990816
63 0 0.00180489298836972
64 0 0.00201569722572481
65 0 0.00207280160489887
66 0 0.00221734246916327
67 0 0.00251174314961267
68 0 0.00280976723536819
69 0 0.00312317701896936
70 0 0.00355493968834752
71 0 0.00392461583955117
72 0 0.00401515884855064
73 0 0.00437080581235560
74 0 0.00506146780288064
75 0 0.00523054614778851
76 0 0.00616577030191889
77 0 0.006757944103287
78 0 0.00685775241810693
79 0 0.00760473245086324
80 0 0.0101711288726862
81 0 0.0105626113428445
82 0 0.0115168861336814
83 0 0.0129912919886289
84 0 0.0143890181505698
85 0 0.0167594526355083
86 0 0.0162432880629788
87 0 0.0194817480748180
88 0 0.0203040662400689
89 0 0.0202794247868514
90 0 0.0265133772491241
91 0 0.0308406310693743
92 0 0.0294802346047999
93 0 0.0307671508441978
94 0 0.0401396566928295
95 0 0.0426260539997457
96 0 0.0396260417375733
97 0 0.0563925892073649
98 0 0.0551706282429416
99 0 0.0530745470182663
100 0 0.0530939828914149

death 1 F single
1 0 0.00875629746088069
2 0 0.00272926511333305
3 0 0.00170447162562026
4 0 0.00128318413117323
5 0 0.00102905430821343
6 0 0.000799590374133241
7 0 0.000668368138923126
8 0 0.000558210610108523
9 0 0.000478674871033258
10 0 0.000420471015746493
11 0 0.000403226385818134
12 0 0.000298740363463668
13 0 0.000301833899909343
14 0 0.000317470411515197
15 0 0.00030885745465703
16 0 0.000340637462264981
17 0 0.000410676334140381
18 0 0.000382888625463651
19 0 0.000359794466447849
20 0 0.000405486417962009
21 0 0.000441905796850772
22 0 0.000453378831206885
23 0 0.000445841638105238
24 0 0.000494844572292541
25 0 0.000474151221038555
26 0 0.000552676893500359
27 0 0.000480601679235804
28 0 0.000471386879124513
29 0 0.000529036627315183
30 0 0.000476077933318386
31 0 0.000553682998724825
32 0 0.000525013364720439
33 0 0.000505570106476561
34 0 0.000555192177450925
35 0 0.000496268984396475
36 0 0.000634962790914684
37 0 0.000544125448874722
38 0 0.00058252942024517
39 0 0.000598046545344788
40 0 0.000685747134016812
41 0 0.000641592523692336
42 0 0.000692716457239673
43 0 0.000601821381932988
44 0 0.000660645208116928
45 0 0.00063823563650478
46 0 0.000665933665964125
47 0 0.000762691218672451
48 0 0.000755464437931064
49 0 0.000659386096860004
50 0 0.000755716525255856
51 0 0.000842728433309015
52 0 0.000851392151215102
53 0 0.000745465538231738
54 0 0.000961232239933385
55 0 0.00101969943438962
56 0 0.00116122109062289
57 0 0.0011840133656722
58 0 0.00116670759696291
59 0 0.00130778240249607
60 0 0.00134862517790868
61 0 0.00142486343170722
62 0 0.00182155566990816
63 0 0.00180489298836972
64 0 0.00201569722572481
65 0 0.00207280160489887
66 0 0.00221734246916327
67 0 0.00251174314961267
68 0 0.00280976723536819
69 0 0.00312317701896936
70 0 0.00355493968834752
71 0 0.00392461583955117
72 0 0.00401515884855064
73 0 0.00437080581235560
74 0 0.00506146780288064
75 0 0.00523054614778851
76 0 0.00616577030191889
77 0 0.006757944103287
78 0 0.00685775241810693
79 0 0.00760473245086324
80 0 0.0101711288726862
81 0 0.0105626113428445
82 0 0.0115168861336814
83 0 0.0129912919886289
84 0 0.0143890181505698
85 0 0.0167594526355083
86 0 0.0162432880629788
87 0 0.0194817480748180
88 0 0.0203040662400689
89 0 0.0202794247868514
90 0 0.0265133772491241
91 0 0.0308406310693743
92 0 0.0294802346047999
93 0 0.0307671508441978
94 0 0.0401396566928295
95 0 0.0426260539997457
96 0 0.0396260417375733
97 0 0.0563925892073649
98 0 0.0551706282429416
99 0 0.0530745470182663
100 0 0.0530939828914149

death 1 F divorced
1 0 0.00875629746088069
2 0 0.00272926511333305
3 0 0.00170447162562026
4 0 0.00128318413117323
5 0 0.00102905430821343
6 0 0.000799590374133241
7 0 0.000668368138923126
8 0 0.000558210610108523
9 0 0.000478674871033258
10 0 0.000420471015746493
11 0 0.000403226385818134
12 0 0.000298740363463668
13 0 0.000301833899909343
14 0 0.000317470411515197
15 0 0.00030885745465703
16 0 0.000340637462264981
17 0 0.000410676334140381
18 0 0.000382888625463651
19 0 0.000359794466447849
20 0 0.000405486417962009
21 0 0.000441905796850772
22 0 0.000453378831206885
23 0 0.000445841638105238
24 0 0.000494844572292541
25 0 0.000474151221038555
26 0 0.000552676893500359
27 0 0.000480601679235804
28 0 0.000471386879124513
29 0 0.000529036627315183
30 0 0.000476077933318386
31 0 0.000553682998724825
32 0 0.000525013364720439
33 0 0.000505570106476561
34 0 0.000555192177450925
35 0 0.000496268984396475
36 0 0.000634962790914684
37 0 0.000544125448874722
38 0 0.00058252942024517
39 0 0.000598046545344788
40 0 0.000685747134016812
41 0 0.000641592523692336
42 0 0.000692716457239673
43 0 0.000601821381932988
44 0 0.000660645208116928
45 0 0.00063823563650478
46 0 0.000665933665964125
47 0 0.000762691218672451
48 0 0.000755464437931064
49 0 0.000659386096860004
50 0 0.000755716525255856
51 0 0.000842728433309015
52 0 0.000851392151215102
53 0 0.000745465538231738
54 0 0.000961232239933385
55 0 0.00101969943438962
56 0 0.00116122109062289
57 0 0.0011840133656722
58 0 0.00116670759696291
59 0 0.00130778240249607
60 0 0.00134862517790868
61 0 0.00142486343170722
62 0 0.00182155566990816
63 0 0.00180489298836972
64 0 0.00201569722572481
65 0 0.00207280160489887
66 0 0.00221734246916327
67 0 0.00251174314961267
68 0 0.00280976723536819
69 0 0.00312317701896936
70 0 0.00355493968834752
71 0 0.00392461583955117
72 0 0.00401515884855064
73 0 0.00437080581235560
74 0 0.00506146780288064
75 0 0.00523054614778851
76 0 0.00616577030191889
77 0 0.006757944103287
78 0 0.00685775241810693
79 0 0.00760473245086324
80 0 0.0101711288726862
81 0 0.0105626113428445
82 0 0.0115168861336814
83 0 0.0129912919886289
84 0 0.0143890181505698
85 0 0.0167594526355083
86 0 0.0162432880629788
87 0 0.0194817480748180
88 0 0.0203040662400689
89 0 0.0202794247868514
90 0 0.0265133772491241
91 0 0.0308406310693743
92 0 0.0294802346047999
93 0 0.0307671508441978
94 0 0.0401396566928295
95 0 0.0426260539997457
96 0 0.0396260417375733
97 0 0.0563925892073649
98 0 0.0551706282429416
99 0 0.0530745470182663
100 0 0.0530939828914149

death 1 F widowed
1 0 0.00875629746088069
2 0 0.00272926511333305
3 0 0.00170447162562026
4 0 0.00128318413117323
5 0 0.00102905430821343
6 0 0.000799590374133241
7 0 0.000668368138923126
8 0 0.000558210610108523
9 0 0.000478674871033258
10 0 0.000420471015746493
11 0 0.000403226385818134
12 0 0.000298740363463668
13 0 0.000301833899909343
14 0 0.000317470411515197
15 0 0.00030885745465703
16 0 0.000340637462264981
17 0 0.000410676334140381
18 0 0.000382888625463651
19 0 0.000359794466447849
20 0 0.000405486417962009
21 0 0.000441905796850772
22 0 0.000453378831206885
23 0 0.000445841638105238
24 0 0.000494844572292541
25 0 0.000474151221038555
26 0 0.000552676893500359
27 0 0.000480601679235804
28 0 0.000471386879124513
29 0 0.000529036627315183
30 0 0.000476077933318386
31 0 0.000553682998724825
32 0 0.000525013364720439
33 0 0.000505570106476561
34 0 0.000555192177450925
35 0 0.000496268984396475
36 0 0.000634962790914684
37 0 0.000544125448874722
38 0 0.00058252942024517
39 0 0.000598046545344788
40 0 0.000685747134016812
41 0 0.000641592523692336
42 0 0.000692716457239673
43 0 0.000601821381932988
44 0 0.000660645208116928
45 0 0.00063823563650478
46 0 0.000665933665964125
47 0 0.000762691218672451
48 0 0.000755464437931064
49 0 0.000659386096860004
50 0 0.000755716525255856
51 0 0.000842728433309015
52 0 0.000851392151215102
53 0 0.000745465538231738
54 0 0.000961232239933385
55 0 0.00101969943438962
56 0 0.00116122109062289
57 0 0.0011840133656722
58 0 0.00116670759696291
59 0 0.00130778240249607
60 0 0.00134862517790868
61 0 0.00142486343170722
62 0 0.00182155566990816
63 0 0.00180489298836972
64 0 0.00201569722572481
65 0 0.00207280160489887
66 0 0.00221734246916327
67 0 0.00251174314961267
68 0 0.00280976723536819
69 0 0.00312317701896936
70 0 0.00355493968834752
71 0 0.00392461583955117
72 0 0.00401515884855064
73 0 0.00437080581235560
74 0 0.00506146780288064
75 0 0.00523054614778851
76 0 0.00616577030191889
77 0 0.006757944103287
78 0 0.00685775241810693
79 0 0.00760473245086324
80 0 0.0101711288726862
81 0 0.0105626113428445
82 0 0.0115168861336814
83 0 0.0129912919886289
84 0 0.0143890181505698
85 0 0.0167594526355083
86 0 0.0162432880629788
87 0 0.0194817480748180
88 0 0.0203040662400689
89 0 0.0202794247868514
90 0 0.0265133772491241
91 0 0.0308406310693743
92 0 0.0294802346047999
93 0 0.0307671508441978
94 0 0.0401396566928295
95 0 0.0426260539997457
96 0 0.0396260417375733
97 0 0.0563925892073649
98 0 0.0551706282429416
99 0 0.0530745470182663
100 0 0.0530939828914149
