*Period monthly mortality rates for SWE in 1974 
* Mon Dec 20 14:21:26 2010
death 1 M married
1 0 0.000893292467371909
2 0 0.000064522892696206
3 0 0.0000433436645435048
4 0 0.0000220026624491165
5 0 0.0000330059910157443
6 0 0.000051431212605757
7 0 0.000029087986492371
8 0 0.0000212524839984241
9 0 0.0000119174477761774
10 0 0.0000211691312194118
11 0 0.0000220026624491165
12 0 0.0000293380668423548
13 0 0.0000198354971484571
14 0 0.0000280876719723766
15 0 0.0000373410013059239
16 0 0.0000321723588899703
17 0 0.000064189323299324
18 0 0.0000676084676455302
19 0 0.0000969683657060516
20 0 0.0000877923788568102
21 0 0.0000895440866287567
22 0 0.000103141823518449
23 0 0.0000778666723819654
24 0 0.0000922134205262326
25 0 0.0000793679701798222
26 0 0.000089377255862777
27 0 0.0000852065862204654
28 0 0.0000880426207575669
29 0 0.0000868748311146916
30 0 0.0000835383719416383
31 0 0.000110817517928963
32 0 0.000103392107678624
33 0 0.000116991916414344
34 0 0.000129008164400313
35 0 0.000165483867288763
36 0 0.000143780312471864
37 0 0.000110817517928963
38 0 0.000132763567684435
39 0 0.000169574733048905
40 0 0.000178091003384173
41 0 0.000219932508424892
42 0 0.000226782653323099
43 0 0.000246333467086801
44 0 0.000235638483810918
45 0 0.000286200078158272
46 0 0.00026530344707576
47 0 0.000358455854578388
48 0 0.000370002030382732
49 0 0.000385566588833153
50 0 0.00046384819222034
51 0 0.000481355658785043
52 0 0.000573975165602869
53 0 0.000565254009631366
54 0 0.000604505805596012
55 0 0.000742356860928717
56 0 0.000732359403794014
57 0 0.00078160121408355
58 0 0.000872339893185692
59 0 0.00102332328017607
60 0 0.00114214750977637
61 0 0.00123628837014877
62 0 0.00130566888724559
63 0 0.00148405355940129
64 0 0.00161909046592079
65 0 0.00184459941857629
66 0 0.00206922087123074
67 0 0.00220666894710275
68 0 0.00250120624797223
69 0 0.00273373080743899
70 0 0.00308911442307691
71 0 0.0033224624374355
72 0 0.00390495211622766
73 0 0.00407580362728555
74 0 0.00458828524224530
75 0 0.00506931056120008
76 0 0.00565990795450055
77 0 0.00636696196615638
78 0 0.00722794243738301
79 0 0.00785422776391975
80 0 0.00831829299215336
81 0 0.00932078476558229
82 0 0.0101443695702960
83 0 0.0114098917468646
84 0 0.0127311882353314
85 0 0.0142337513214995
86 0 0.0146953595740472
87 0 0.0175637342524676
88 0 0.0190320737679832
89 0 0.0196072396449539
90 0 0.0226148153573771
91 0 0.0244719463491205
92 0 0.0241891634714394
93 0 0.0310645059576494
94 0 0.0335863311435807
95 0 0.0334370811987393
96 0 0.0454542910122352
97 0 0.0358426261032632
98 0 0.0445873030872306
99 0 0.07174533835459
100 0 0.0615367777096498

death 1 M single
1 0 0.000893292467371909
2 0 0.000064522892696206
3 0 0.0000433436645435048
4 0 0.0000220026624491165
5 0 0.0000330059910157443
6 0 0.000051431212605757
7 0 0.000029087986492371
8 0 0.0000212524839984241
9 0 0.0000119174477761774
10 0 0.0000211691312194118
11 0 0.0000220026624491165
12 0 0.0000293380668423548
13 0 0.0000198354971484571
14 0 0.0000280876719723766
15 0 0.0000373410013059239
16 0 0.0000321723588899703
17 0 0.000064189323299324
18 0 0.0000676084676455302
19 0 0.0000969683657060516
20 0 0.0000877923788568102
21 0 0.0000895440866287567
22 0 0.000103141823518449
23 0 0.0000778666723819654
24 0 0.0000922134205262326
25 0 0.0000793679701798222
26 0 0.000089377255862777
27 0 0.0000852065862204654
28 0 0.0000880426207575669
29 0 0.0000868748311146916
30 0 0.0000835383719416383
31 0 0.000110817517928963
32 0 0.000103392107678624
33 0 0.000116991916414344
34 0 0.000129008164400313
35 0 0.000165483867288763
36 0 0.000143780312471864
37 0 0.000110817517928963
38 0 0.000132763567684435
39 0 0.000169574733048905
40 0 0.000178091003384173
41 0 0.000219932508424892
42 0 0.000226782653323099
43 0 0.000246333467086801
44 0 0.000235638483810918
45 0 0.000286200078158272
46 0 0.00026530344707576
47 0 0.000358455854578388
48 0 0.000370002030382732
49 0 0.000385566588833153
50 0 0.00046384819222034
51 0 0.000481355658785043
52 0 0.000573975165602869
53 0 0.000565254009631366
54 0 0.000604505805596012
55 0 0.000742356860928717
56 0 0.000732359403794014
57 0 0.00078160121408355
58 0 0.000872339893185692
59 0 0.00102332328017607
60 0 0.00114214750977637
61 0 0.00123628837014877
62 0 0.00130566888724559
63 0 0.00148405355940129
64 0 0.00161909046592079
65 0 0.00184459941857629
66 0 0.00206922087123074
67 0 0.00220666894710275
68 0 0.00250120624797223
69 0 0.00273373080743899
70 0 0.00308911442307691
71 0 0.0033224624374355
72 0 0.00390495211622766
73 0 0.00407580362728555
74 0 0.00458828524224530
75 0 0.00506931056120008
76 0 0.00565990795450055
77 0 0.00636696196615638
78 0 0.00722794243738301
79 0 0.00785422776391975
80 0 0.00831829299215336
81 0 0.00932078476558229
82 0 0.0101443695702960
83 0 0.0114098917468646
84 0 0.0127311882353314
85 0 0.0142337513214995
86 0 0.0146953595740472
87 0 0.0175637342524676
88 0 0.0190320737679832
89 0 0.0196072396449539
90 0 0.0226148153573771
91 0 0.0244719463491205
92 0 0.0241891634714394
93 0 0.0310645059576494
94 0 0.0335863311435807
95 0 0.0334370811987393
96 0 0.0454542910122352
97 0 0.0358426261032632
98 0 0.0445873030872306
99 0 0.07174533835459
100 0 0.0615367777096498

death 1 M divorced
1 0 0.000893292467371909
2 0 0.000064522892696206
3 0 0.0000433436645435048
4 0 0.0000220026624491165
5 0 0.0000330059910157443
6 0 0.000051431212605757
7 0 0.000029087986492371
8 0 0.0000212524839984241
9 0 0.0000119174477761774
10 0 0.0000211691312194118
11 0 0.0000220026624491165
12 0 0.0000293380668423548
13 0 0.0000198354971484571
14 0 0.0000280876719723766
15 0 0.0000373410013059239
16 0 0.0000321723588899703
17 0 0.000064189323299324
18 0 0.0000676084676455302
19 0 0.0000969683657060516
20 0 0.0000877923788568102
21 0 0.0000895440866287567
22 0 0.000103141823518449
23 0 0.0000778666723819654
24 0 0.0000922134205262326
25 0 0.0000793679701798222
26 0 0.000089377255862777
27 0 0.0000852065862204654
28 0 0.0000880426207575669
29 0 0.0000868748311146916
30 0 0.0000835383719416383
31 0 0.000110817517928963
32 0 0.000103392107678624
33 0 0.000116991916414344
34 0 0.000129008164400313
35 0 0.000165483867288763
36 0 0.000143780312471864
37 0 0.000110817517928963
38 0 0.000132763567684435
39 0 0.000169574733048905
40 0 0.000178091003384173
41 0 0.000219932508424892
42 0 0.000226782653323099
43 0 0.000246333467086801
44 0 0.000235638483810918
45 0 0.000286200078158272
46 0 0.00026530344707576
47 0 0.000358455854578388
48 0 0.000370002030382732
49 0 0.000385566588833153
50 0 0.00046384819222034
51 0 0.000481355658785043
52 0 0.000573975165602869
53 0 0.000565254009631366
54 0 0.000604505805596012
55 0 0.000742356860928717
56 0 0.000732359403794014
57 0 0.00078160121408355
58 0 0.000872339893185692
59 0 0.00102332328017607
60 0 0.00114214750977637
61 0 0.00123628837014877
62 0 0.00130566888724559
63 0 0.00148405355940129
64 0 0.00161909046592079
65 0 0.00184459941857629
66 0 0.00206922087123074
67 0 0.00220666894710275
68 0 0.00250120624797223
69 0 0.00273373080743899
70 0 0.00308911442307691
71 0 0.0033224624374355
72 0 0.00390495211622766
73 0 0.00407580362728555
74 0 0.00458828524224530
75 0 0.00506931056120008
76 0 0.00565990795450055
77 0 0.00636696196615638
78 0 0.00722794243738301
79 0 0.00785422776391975
80 0 0.00831829299215336
81 0 0.00932078476558229
82 0 0.0101443695702960
83 0 0.0114098917468646
84 0 0.0127311882353314
85 0 0.0142337513214995
86 0 0.0146953595740472
87 0 0.0175637342524676
88 0 0.0190320737679832
89 0 0.0196072396449539
90 0 0.0226148153573771
91 0 0.0244719463491205
92 0 0.0241891634714394
93 0 0.0310645059576494
94 0 0.0335863311435807
95 0 0.0334370811987393
96 0 0.0454542910122352
97 0 0.0358426261032632
98 0 0.0445873030872306
99 0 0.07174533835459
100 0 0.0615367777096498

death 1 M widowed
1 0 0.000893292467371909
2 0 0.000064522892696206
3 0 0.0000433436645435048
4 0 0.0000220026624491165
5 0 0.0000330059910157443
6 0 0.000051431212605757
7 0 0.000029087986492371
8 0 0.0000212524839984241
9 0 0.0000119174477761774
10 0 0.0000211691312194118
11 0 0.0000220026624491165
12 0 0.0000293380668423548
13 0 0.0000198354971484571
14 0 0.0000280876719723766
15 0 0.0000373410013059239
16 0 0.0000321723588899703
17 0 0.000064189323299324
18 0 0.0000676084676455302
19 0 0.0000969683657060516
20 0 0.0000877923788568102
21 0 0.0000895440866287567
22 0 0.000103141823518449
23 0 0.0000778666723819654
24 0 0.0000922134205262326
25 0 0.0000793679701798222
26 0 0.000089377255862777
27 0 0.0000852065862204654
28 0 0.0000880426207575669
29 0 0.0000868748311146916
30 0 0.0000835383719416383
31 0 0.000110817517928963
32 0 0.000103392107678624
33 0 0.000116991916414344
34 0 0.000129008164400313
35 0 0.000165483867288763
36 0 0.000143780312471864
37 0 0.000110817517928963
38 0 0.000132763567684435
39 0 0.000169574733048905
40 0 0.000178091003384173
41 0 0.000219932508424892
42 0 0.000226782653323099
43 0 0.000246333467086801
44 0 0.000235638483810918
45 0 0.000286200078158272
46 0 0.00026530344707576
47 0 0.000358455854578388
48 0 0.000370002030382732
49 0 0.000385566588833153
50 0 0.00046384819222034
51 0 0.000481355658785043
52 0 0.000573975165602869
53 0 0.000565254009631366
54 0 0.000604505805596012
55 0 0.000742356860928717
56 0 0.000732359403794014
57 0 0.00078160121408355
58 0 0.000872339893185692
59 0 0.00102332328017607
60 0 0.00114214750977637
61 0 0.00123628837014877
62 0 0.00130566888724559
63 0 0.00148405355940129
64 0 0.00161909046592079
65 0 0.00184459941857629
66 0 0.00206922087123074
67 0 0.00220666894710275
68 0 0.00250120624797223
69 0 0.00273373080743899
70 0 0.00308911442307691
71 0 0.0033224624374355
72 0 0.00390495211622766
73 0 0.00407580362728555
74 0 0.00458828524224530
75 0 0.00506931056120008
76 0 0.00565990795450055
77 0 0.00636696196615638
78 0 0.00722794243738301
79 0 0.00785422776391975
80 0 0.00831829299215336
81 0 0.00932078476558229
82 0 0.0101443695702960
83 0 0.0114098917468646
84 0 0.0127311882353314
85 0 0.0142337513214995
86 0 0.0146953595740472
87 0 0.0175637342524676
88 0 0.0190320737679832
89 0 0.0196072396449539
90 0 0.0226148153573771
91 0 0.0244719463491205
92 0 0.0241891634714394
93 0 0.0310645059576494
94 0 0.0335863311435807
95 0 0.0334370811987393
96 0 0.0454542910122352
97 0 0.0358426261032632
98 0 0.0445873030872306
99 0 0.07174533835459
100 0 0.0615367777096498

death 1 F married
1 0 0.000715223465183934
2 0 0.0000555169485870755
3 0 0.0000289212666413352
4 0 0.0000169182408257251
5 0 0.0000268372943009743
6 0 0.0000325058108229248
7 0 0.0000350067393084519
8 0 0.0000239198132818697
9 0 0.0000181684820722561
10 0 0.00000558350479551439
11 0 0.0000159180602082865
12 0 0.0000139177319852246
13 0 0.0000144178099145131
14 0 0.0000213358368539307
15 0 0.0000164181491414395
16 0 0.0000292547066492732
17 0 0.0000335895380524365
18 0 0.0000300049511388067
19 0 0.0000362572293529650
20 0 0.0000393418450113092
21 0 0.0000433436645435048
22 0 0.0000225861388573056
23 0 0.0000283377495704507
24 0 0.0000362572293529650
25 0 0.0000412593615545243
26 0 0.0000300883120198936
27 0 0.0000381746808312267
28 0 0.0000376744721986011
29 0 0.0000461783933035642
30 0 0.0000365906962700446
31 0 0.0000601031975223654
32 0 0.0000478459221029404
33 0 0.0000466786487315352
34 0 0.0000490132104630225
35 0 0.0000720285277485688
36 0 0.0000500137552731372
37 0 0.0000879592067141166
38 0 0.0000978860153381111
39 0 0.0000988036742339826
40 0 0.0000934646977746034
41 0 0.0000843724752541686
42 0 0.000103809249477060
43 0 0.000152961953217901
44 0 0.000133765034764477
45 0 0.000180512441619984
46 0 0.000153128900725608
47 0 0.000167320559752993
48 0 0.000238646320656399
49 0 0.000236223333179519
50 0 0.000226782653323099
51 0 0.000248840285851037
52 0 0.000250845790646381
53 0 0.000330935018291512
54 0 0.000345070820244819
55 0 0.000407160552085450
56 0 0.00041343882975442
57 0 0.00043294611317346
58 0 0.000543454781371966
59 0 0.000517554036677637
60 0 0.000515458829974169
61 0 0.000649901352911764
62 0 0.000660897032462415
63 0 0.000664422646594276
64 0 0.000779247755741452
65 0 0.00098591192568065
66 0 0.00102694727057107
67 0 0.00120807808657331
68 0 0.00124025878426814
69 0 0.00147863254320468
70 0 0.00163105256889573
71 0 0.00185463505703110
72 0 0.00202933082590562
73 0 0.00237887937732739
74 0 0.00269921327832801
75 0 0.00309377032634739
76 0 0.00335341342992823
77 0 0.00402613463396784
78 0 0.00441453987563512
79 0 0.00487537988500186
80 0 0.00558897404796821
81 0 0.00624438977946196
82 0 0.00709572474084885
83 0 0.00809256814878656
84 0 0.0087645596725977
85 0 0.00957480487299567
86 0 0.0114716510354820
87 0 0.0131306377153513
88 0 0.0131398901505388
89 0 0.0160558935999046
90 0 0.0168075380651379
91 0 0.0198535589549463
92 0 0.0214292506181395
93 0 0.0229836204390653
94 0 0.0289044244647432
95 0 0.0281742678459072
96 0 0.0299993430527405
97 0 0.0285195720747561
98 0 0.0480438845579662
99 0 0.0496762533029327
100 0 0.0365526913591465

death 1 F single
1 0 0.000715223465183934
2 0 0.0000555169485870755
3 0 0.0000289212666413352
4 0 0.0000169182408257251
5 0 0.0000268372943009743
6 0 0.0000325058108229248
7 0 0.0000350067393084519
8 0 0.0000239198132818697
9 0 0.0000181684820722561
10 0 0.00000558350479551439
11 0 0.0000159180602082865
12 0 0.0000139177319852246
13 0 0.0000144178099145131
14 0 0.0000213358368539307
15 0 0.0000164181491414395
16 0 0.0000292547066492732
17 0 0.0000335895380524365
18 0 0.0000300049511388067
19 0 0.0000362572293529650
20 0 0.0000393418450113092
21 0 0.0000433436645435048
22 0 0.0000225861388573056
23 0 0.0000283377495704507
24 0 0.0000362572293529650
25 0 0.0000412593615545243
26 0 0.0000300883120198936
27 0 0.0000381746808312267
28 0 0.0000376744721986011
29 0 0.0000461783933035642
30 0 0.0000365906962700446
31 0 0.0000601031975223654
32 0 0.0000478459221029404
33 0 0.0000466786487315352
34 0 0.0000490132104630225
35 0 0.0000720285277485688
36 0 0.0000500137552731372
37 0 0.0000879592067141166
38 0 0.0000978860153381111
39 0 0.0000988036742339826
40 0 0.0000934646977746034
41 0 0.0000843724752541686
42 0 0.000103809249477060
43 0 0.000152961953217901
44 0 0.000133765034764477
45 0 0.000180512441619984
46 0 0.000153128900725608
47 0 0.000167320559752993
48 0 0.000238646320656399
49 0 0.000236223333179519
50 0 0.000226782653323099
51 0 0.000248840285851037
52 0 0.000250845790646381
53 0 0.000330935018291512
54 0 0.000345070820244819
55 0 0.000407160552085450
56 0 0.00041343882975442
57 0 0.00043294611317346
58 0 0.000543454781371966
59 0 0.000517554036677637
60 0 0.000515458829974169
61 0 0.000649901352911764
62 0 0.000660897032462415
63 0 0.000664422646594276
64 0 0.000779247755741452
65 0 0.00098591192568065
66 0 0.00102694727057107
67 0 0.00120807808657331
68 0 0.00124025878426814
69 0 0.00147863254320468
70 0 0.00163105256889573
71 0 0.00185463505703110
72 0 0.00202933082590562
73 0 0.00237887937732739
74 0 0.00269921327832801
75 0 0.00309377032634739
76 0 0.00335341342992823
77 0 0.00402613463396784
78 0 0.00441453987563512
79 0 0.00487537988500186
80 0 0.00558897404796821
81 0 0.00624438977946196
82 0 0.00709572474084885
83 0 0.00809256814878656
84 0 0.0087645596725977
85 0 0.00957480487299567
86 0 0.0114716510354820
87 0 0.0131306377153513
88 0 0.0131398901505388
89 0 0.0160558935999046
90 0 0.0168075380651379
91 0 0.0198535589549463
92 0 0.0214292506181395
93 0 0.0229836204390653
94 0 0.0289044244647432
95 0 0.0281742678459072
96 0 0.0299993430527405
97 0 0.0285195720747561
98 0 0.0480438845579662
99 0 0.0496762533029327
100 0 0.0365526913591465

death 1 F divorced
1 0 0.000715223465183934
2 0 0.0000555169485870755
3 0 0.0000289212666413352
4 0 0.0000169182408257251
5 0 0.0000268372943009743
6 0 0.0000325058108229248
7 0 0.0000350067393084519
8 0 0.0000239198132818697
9 0 0.0000181684820722561
10 0 0.00000558350479551439
11 0 0.0000159180602082865
12 0 0.0000139177319852246
13 0 0.0000144178099145131
14 0 0.0000213358368539307
15 0 0.0000164181491414395
16 0 0.0000292547066492732
17 0 0.0000335895380524365
18 0 0.0000300049511388067
19 0 0.0000362572293529650
20 0 0.0000393418450113092
21 0 0.0000433436645435048
22 0 0.0000225861388573056
23 0 0.0000283377495704507
24 0 0.0000362572293529650
25 0 0.0000412593615545243
26 0 0.0000300883120198936
27 0 0.0000381746808312267
28 0 0.0000376744721986011
29 0 0.0000461783933035642
30 0 0.0000365906962700446
31 0 0.0000601031975223654
32 0 0.0000478459221029404
33 0 0.0000466786487315352
34 0 0.0000490132104630225
35 0 0.0000720285277485688
36 0 0.0000500137552731372
37 0 0.0000879592067141166
38 0 0.0000978860153381111
39 0 0.0000988036742339826
40 0 0.0000934646977746034
41 0 0.0000843724752541686
42 0 0.000103809249477060
43 0 0.000152961953217901
44 0 0.000133765034764477
45 0 0.000180512441619984
46 0 0.000153128900725608
47 0 0.000167320559752993
48 0 0.000238646320656399
49 0 0.000236223333179519
50 0 0.000226782653323099
51 0 0.000248840285851037
52 0 0.000250845790646381
53 0 0.000330935018291512
54 0 0.000345070820244819
55 0 0.000407160552085450
56 0 0.00041343882975442
57 0 0.00043294611317346
58 0 0.000543454781371966
59 0 0.000517554036677637
60 0 0.000515458829974169
61 0 0.000649901352911764
62 0 0.000660897032462415
63 0 0.000664422646594276
64 0 0.000779247755741452
65 0 0.00098591192568065
66 0 0.00102694727057107
67 0 0.00120807808657331
68 0 0.00124025878426814
69 0 0.00147863254320468
70 0 0.00163105256889573
71 0 0.00185463505703110
72 0 0.00202933082590562
73 0 0.00237887937732739
74 0 0.00269921327832801
75 0 0.00309377032634739
76 0 0.00335341342992823
77 0 0.00402613463396784
78 0 0.00441453987563512
79 0 0.00487537988500186
80 0 0.00558897404796821
81 0 0.00624438977946196
82 0 0.00709572474084885
83 0 0.00809256814878656
84 0 0.0087645596725977
85 0 0.00957480487299567
86 0 0.0114716510354820
87 0 0.0131306377153513
88 0 0.0131398901505388
89 0 0.0160558935999046
90 0 0.0168075380651379
91 0 0.0198535589549463
92 0 0.0214292506181395
93 0 0.0229836204390653
94 0 0.0289044244647432
95 0 0.0281742678459072
96 0 0.0299993430527405
97 0 0.0285195720747561
98 0 0.0480438845579662
99 0 0.0496762533029327
100 0 0.0365526913591465

death 1 F widowed
1 0 0.000715223465183934
2 0 0.0000555169485870755
3 0 0.0000289212666413352
4 0 0.0000169182408257251
5 0 0.0000268372943009743
6 0 0.0000325058108229248
7 0 0.0000350067393084519
8 0 0.0000239198132818697
9 0 0.0000181684820722561
10 0 0.00000558350479551439
11 0 0.0000159180602082865
12 0 0.0000139177319852246
13 0 0.0000144178099145131
14 0 0.0000213358368539307
15 0 0.0000164181491414395
16 0 0.0000292547066492732
17 0 0.0000335895380524365
18 0 0.0000300049511388067
19 0 0.0000362572293529650
20 0 0.0000393418450113092
21 0 0.0000433436645435048
22 0 0.0000225861388573056
23 0 0.0000283377495704507
24 0 0.0000362572293529650
25 0 0.0000412593615545243
26 0 0.0000300883120198936
27 0 0.0000381746808312267
28 0 0.0000376744721986011
29 0 0.0000461783933035642
30 0 0.0000365906962700446
31 0 0.0000601031975223654
32 0 0.0000478459221029404
33 0 0.0000466786487315352
34 0 0.0000490132104630225
35 0 0.0000720285277485688
36 0 0.0000500137552731372
37 0 0.0000879592067141166
38 0 0.0000978860153381111
39 0 0.0000988036742339826
40 0 0.0000934646977746034
41 0 0.0000843724752541686
42 0 0.000103809249477060
43 0 0.000152961953217901
44 0 0.000133765034764477
45 0 0.000180512441619984
46 0 0.000153128900725608
47 0 0.000167320559752993
48 0 0.000238646320656399
49 0 0.000236223333179519
50 0 0.000226782653323099
51 0 0.000248840285851037
52 0 0.000250845790646381
53 0 0.000330935018291512
54 0 0.000345070820244819
55 0 0.000407160552085450
56 0 0.00041343882975442
57 0 0.00043294611317346
58 0 0.000543454781371966
59 0 0.000517554036677637
60 0 0.000515458829974169
61 0 0.000649901352911764
62 0 0.000660897032462415
63 0 0.000664422646594276
64 0 0.000779247755741452
65 0 0.00098591192568065
66 0 0.00102694727057107
67 0 0.00120807808657331
68 0 0.00124025878426814
69 0 0.00147863254320468
70 0 0.00163105256889573
71 0 0.00185463505703110
72 0 0.00202933082590562
73 0 0.00237887937732739
74 0 0.00269921327832801
75 0 0.00309377032634739
76 0 0.00335341342992823
77 0 0.00402613463396784
78 0 0.00441453987563512
79 0 0.00487537988500186
80 0 0.00558897404796821
81 0 0.00624438977946196
82 0 0.00709572474084885
83 0 0.00809256814878656
84 0 0.0087645596725977
85 0 0.00957480487299567
86 0 0.0114716510354820
87 0 0.0131306377153513
88 0 0.0131398901505388
89 0 0.0160558935999046
90 0 0.0168075380651379
91 0 0.0198535589549463
92 0 0.0214292506181395
93 0 0.0229836204390653
94 0 0.0289044244647432
95 0 0.0281742678459072
96 0 0.0299993430527405
97 0 0.0285195720747561
98 0 0.0480438845579662
99 0 0.0496762533029327
100 0 0.0365526913591465
