*Period monthly mortality rates for SWE in 1939 
* Mon Dec 20 14:20:59 2010
death 1 M married
1 0 0.00404016118515849
2 0 0.000427420019797342
3 0 0.000255274770512681
4 0 0.000166151751163413
5 0 0.000143947243116505
6 0 0.00011448873134412
7 0 0.000121915048155730
8 0 0.000122248829450888
9 0 0.0000877923788568102
10 0 0.0000852899977380472
11 0 0.0000780334820239537
12 0 0.0000800352216044908
13 0 0.0000679420495892646
14 0 0.0000822872313233081
15 0 0.000079701595279924
16 0 0.000129091616121069
17 0 0.000138188313023702
18 0 0.000137103338055500
19 0 0.000195209450695066
20 0 0.000204229246621002
21 0 0.000248756724111621
22 0 0.000261709710751346
23 0 0.000231043369719131
24 0 0.000223942286686207
25 0 0.000199886270181415
26 0 0.000238061455696048
27 0 0.000236724635633734
28 0 0.000212999350899690
29 0 0.000227450987784983
30 0 0.000229623108727428
31 0 0.000267058579253132
32 0 0.000219932508424892
33 0 0.000221770301502278
34 0 0.000255441906054421
35 0 0.000284528170847342
36 0 0.000236808186311555
37 0 0.000256779001452934
38 0 0.000262378302098853
39 0 0.00026931522757212
40 0 0.000360714773546156
41 0 0.000342226754407760
42 0 0.000353185262004341
43 0 0.00047096804677671
44 0 0.000419968698699424
45 0 0.000496520353556296
46 0 0.00051160377586934
47 0 0.000457901447174835
48 0 0.000499788215916785
49 0 0.000595781718671473
50 0 0.000593516948454109
51 0 0.000700274158954461
52 0 0.000710016124254476
53 0 0.000812790294873467
54 0 0.000871161980310786
55 0 0.000900698549286427
56 0 0.000967296251119243
57 0 0.00110333754884095
58 0 0.00117607762813121
59 0 0.00123223365832648
60 0 0.00129493298952044
61 0 0.00157346231044864
62 0 0.00171771884305938
63 0 0.00175517817099125
64 0 0.00203614839436494
65 0 0.00212354385458235
66 0 0.00240112391462588
67 0 0.00254961757123728
68 0 0.00289584695337963
69 0 0.00314051505361534
70 0 0.00328262211720265
71 0 0.0036558711872261
72 0 0.00430847756755792
73 0 0.00460538004771571
74 0 0.00520706619826417
75 0 0.00590683700353534
76 0 0.00654978896073177
77 0 0.00734019983278589
78 0 0.00799511738218439
79 0 0.00935506247104168
80 0 0.0100021288031384
81 0 0.0109245796525771
82 0 0.0131569518298955
83 0 0.0147719862049980
84 0 0.0163862907402568
85 0 0.0169829327029105
86 0 0.0196476581999218
87 0 0.0212616798202880
88 0 0.0244784036226346
89 0 0.0249837454898497
90 0 0.0316368425819068
91 0 0.0384124243801872
92 0 0.0380424084461871
93 0 0.0391084513588283
94 0 0.0481783382468304
95 0 0.0726141303550392
96 0 0.0663150736726291
97 0 0.083292246602025
98 0 0.054707341634194
99 0 0.0340856296627233
100 0 1

death 1 M single
1 0 0.00404016118515849
2 0 0.000427420019797342
3 0 0.000255274770512681
4 0 0.000166151751163413
5 0 0.000143947243116505
6 0 0.00011448873134412
7 0 0.000121915048155730
8 0 0.000122248829450888
9 0 0.0000877923788568102
10 0 0.0000852899977380472
11 0 0.0000780334820239537
12 0 0.0000800352216044908
13 0 0.0000679420495892646
14 0 0.0000822872313233081
15 0 0.000079701595279924
16 0 0.000129091616121069
17 0 0.000138188313023702
18 0 0.000137103338055500
19 0 0.000195209450695066
20 0 0.000204229246621002
21 0 0.000248756724111621
22 0 0.000261709710751346
23 0 0.000231043369719131
24 0 0.000223942286686207
25 0 0.000199886270181415
26 0 0.000238061455696048
27 0 0.000236724635633734
28 0 0.000212999350899690
29 0 0.000227450987784983
30 0 0.000229623108727428
31 0 0.000267058579253132
32 0 0.000219932508424892
33 0 0.000221770301502278
34 0 0.000255441906054421
35 0 0.000284528170847342
36 0 0.000236808186311555
37 0 0.000256779001452934
38 0 0.000262378302098853
39 0 0.00026931522757212
40 0 0.000360714773546156
41 0 0.000342226754407760
42 0 0.000353185262004341
43 0 0.00047096804677671
44 0 0.000419968698699424
45 0 0.000496520353556296
46 0 0.00051160377586934
47 0 0.000457901447174835
48 0 0.000499788215916785
49 0 0.000595781718671473
50 0 0.000593516948454109
51 0 0.000700274158954461
52 0 0.000710016124254476
53 0 0.000812790294873467
54 0 0.000871161980310786
55 0 0.000900698549286427
56 0 0.000967296251119243
57 0 0.00110333754884095
58 0 0.00117607762813121
59 0 0.00123223365832648
60 0 0.00129493298952044
61 0 0.00157346231044864
62 0 0.00171771884305938
63 0 0.00175517817099125
64 0 0.00203614839436494
65 0 0.00212354385458235
66 0 0.00240112391462588
67 0 0.00254961757123728
68 0 0.00289584695337963
69 0 0.00314051505361534
70 0 0.00328262211720265
71 0 0.0036558711872261
72 0 0.00430847756755792
73 0 0.00460538004771571
74 0 0.00520706619826417
75 0 0.00590683700353534
76 0 0.00654978896073177
77 0 0.00734019983278589
78 0 0.00799511738218439
79 0 0.00935506247104168
80 0 0.0100021288031384
81 0 0.0109245796525771
82 0 0.0131569518298955
83 0 0.0147719862049980
84 0 0.0163862907402568
85 0 0.0169829327029105
86 0 0.0196476581999218
87 0 0.0212616798202880
88 0 0.0244784036226346
89 0 0.0249837454898497
90 0 0.0316368425819068
91 0 0.0384124243801872
92 0 0.0380424084461871
93 0 0.0391084513588283
94 0 0.0481783382468304
95 0 0.0726141303550392
96 0 0.0663150736726291
97 0 0.083292246602025
98 0 0.054707341634194
99 0 0.0340856296627233
100 0 1

death 1 M divorced
1 0 0.00404016118515849
2 0 0.000427420019797342
3 0 0.000255274770512681
4 0 0.000166151751163413
5 0 0.000143947243116505
6 0 0.00011448873134412
7 0 0.000121915048155730
8 0 0.000122248829450888
9 0 0.0000877923788568102
10 0 0.0000852899977380472
11 0 0.0000780334820239537
12 0 0.0000800352216044908
13 0 0.0000679420495892646
14 0 0.0000822872313233081
15 0 0.000079701595279924
16 0 0.000129091616121069
17 0 0.000138188313023702
18 0 0.000137103338055500
19 0 0.000195209450695066
20 0 0.000204229246621002
21 0 0.000248756724111621
22 0 0.000261709710751346
23 0 0.000231043369719131
24 0 0.000223942286686207
25 0 0.000199886270181415
26 0 0.000238061455696048
27 0 0.000236724635633734
28 0 0.000212999350899690
29 0 0.000227450987784983
30 0 0.000229623108727428
31 0 0.000267058579253132
32 0 0.000219932508424892
33 0 0.000221770301502278
34 0 0.000255441906054421
35 0 0.000284528170847342
36 0 0.000236808186311555
37 0 0.000256779001452934
38 0 0.000262378302098853
39 0 0.00026931522757212
40 0 0.000360714773546156
41 0 0.000342226754407760
42 0 0.000353185262004341
43 0 0.00047096804677671
44 0 0.000419968698699424
45 0 0.000496520353556296
46 0 0.00051160377586934
47 0 0.000457901447174835
48 0 0.000499788215916785
49 0 0.000595781718671473
50 0 0.000593516948454109
51 0 0.000700274158954461
52 0 0.000710016124254476
53 0 0.000812790294873467
54 0 0.000871161980310786
55 0 0.000900698549286427
56 0 0.000967296251119243
57 0 0.00110333754884095
58 0 0.00117607762813121
59 0 0.00123223365832648
60 0 0.00129493298952044
61 0 0.00157346231044864
62 0 0.00171771884305938
63 0 0.00175517817099125
64 0 0.00203614839436494
65 0 0.00212354385458235
66 0 0.00240112391462588
67 0 0.00254961757123728
68 0 0.00289584695337963
69 0 0.00314051505361534
70 0 0.00328262211720265
71 0 0.0036558711872261
72 0 0.00430847756755792
73 0 0.00460538004771571
74 0 0.00520706619826417
75 0 0.00590683700353534
76 0 0.00654978896073177
77 0 0.00734019983278589
78 0 0.00799511738218439
79 0 0.00935506247104168
80 0 0.0100021288031384
81 0 0.0109245796525771
82 0 0.0131569518298955
83 0 0.0147719862049980
84 0 0.0163862907402568
85 0 0.0169829327029105
86 0 0.0196476581999218
87 0 0.0212616798202880
88 0 0.0244784036226346
89 0 0.0249837454898497
90 0 0.0316368425819068
91 0 0.0384124243801872
92 0 0.0380424084461871
93 0 0.0391084513588283
94 0 0.0481783382468304
95 0 0.0726141303550392
96 0 0.0663150736726291
97 0 0.083292246602025
98 0 0.054707341634194
99 0 0.0340856296627233
100 0 1

death 1 M widowed
1 0 0.00404016118515849
2 0 0.000427420019797342
3 0 0.000255274770512681
4 0 0.000166151751163413
5 0 0.000143947243116505
6 0 0.00011448873134412
7 0 0.000121915048155730
8 0 0.000122248829450888
9 0 0.0000877923788568102
10 0 0.0000852899977380472
11 0 0.0000780334820239537
12 0 0.0000800352216044908
13 0 0.0000679420495892646
14 0 0.0000822872313233081
15 0 0.000079701595279924
16 0 0.000129091616121069
17 0 0.000138188313023702
18 0 0.000137103338055500
19 0 0.000195209450695066
20 0 0.000204229246621002
21 0 0.000248756724111621
22 0 0.000261709710751346
23 0 0.000231043369719131
24 0 0.000223942286686207
25 0 0.000199886270181415
26 0 0.000238061455696048
27 0 0.000236724635633734
28 0 0.000212999350899690
29 0 0.000227450987784983
30 0 0.000229623108727428
31 0 0.000267058579253132
32 0 0.000219932508424892
33 0 0.000221770301502278
34 0 0.000255441906054421
35 0 0.000284528170847342
36 0 0.000236808186311555
37 0 0.000256779001452934
38 0 0.000262378302098853
39 0 0.00026931522757212
40 0 0.000360714773546156
41 0 0.000342226754407760
42 0 0.000353185262004341
43 0 0.00047096804677671
44 0 0.000419968698699424
45 0 0.000496520353556296
46 0 0.00051160377586934
47 0 0.000457901447174835
48 0 0.000499788215916785
49 0 0.000595781718671473
50 0 0.000593516948454109
51 0 0.000700274158954461
52 0 0.000710016124254476
53 0 0.000812790294873467
54 0 0.000871161980310786
55 0 0.000900698549286427
56 0 0.000967296251119243
57 0 0.00110333754884095
58 0 0.00117607762813121
59 0 0.00123223365832648
60 0 0.00129493298952044
61 0 0.00157346231044864
62 0 0.00171771884305938
63 0 0.00175517817099125
64 0 0.00203614839436494
65 0 0.00212354385458235
66 0 0.00240112391462588
67 0 0.00254961757123728
68 0 0.00289584695337963
69 0 0.00314051505361534
70 0 0.00328262211720265
71 0 0.0036558711872261
72 0 0.00430847756755792
73 0 0.00460538004771571
74 0 0.00520706619826417
75 0 0.00590683700353534
76 0 0.00654978896073177
77 0 0.00734019983278589
78 0 0.00799511738218439
79 0 0.00935506247104168
80 0 0.0100021288031384
81 0 0.0109245796525771
82 0 0.0131569518298955
83 0 0.0147719862049980
84 0 0.0163862907402568
85 0 0.0169829327029105
86 0 0.0196476581999218
87 0 0.0212616798202880
88 0 0.0244784036226346
89 0 0.0249837454898497
90 0 0.0316368425819068
91 0 0.0384124243801872
92 0 0.0380424084461871
93 0 0.0391084513588283
94 0 0.0481783382468304
95 0 0.0726141303550392
96 0 0.0663150736726291
97 0 0.083292246602025
98 0 0.054707341634194
99 0 0.0340856296627233
100 0 1

death 1 F married
1 0 0.00296831702118894
2 0 0.000335618827433160
3 0 0.000159974012569397
4 0 0.000121831603023481
5 0 0.000129675780311311
6 0 0.000089627502126488
7 0 0.0000622713230208349
8 0 0.0000702771574714323
9 0 0.0000866245924288078
10 0 0.000064522892696206
11 0 0.0000518481160275419
12 0 0.0000601031975223654
13 0 0.0000628550579520049
14 0 0.0000763653993783864
15 0 0.0000790343463041854
16 0 0.000100472168688359
17 0 0.000110817517928963
18 0 0.000160057492724741
19 0 0.000131094480403271
20 0 0.000180762938912449
21 0 0.000142027559210889
22 0 0.000168739847532073
23 0 0.00022210444969073
24 0 0.00020815480772729
25 0 0.000200637924330671
26 0 0.000188361684879013
27 0 0.000227952241856566
28 0 0.000200053303899606
29 0 0.000204479809285618
30 0 0.000217092355850212
31 0 0.000228620584918904
32 0 0.000191869012675761
33 0 0.000209574733285867
34 0 0.0002413200369763
35 0 0.000211913482563775
36 0 0.000243074706058000
37 0 0.000247586867826111
38 0 0.000270568945294536
39 0 0.000229957285787674
40 0 0.000292804412739711
41 0 0.000264049801986133
42 0 0.000292219199157229
43 0 0.000332105947945971
44 0 0.000361802421223634
45 0 0.000434788218981241
46 0 0.000424991994127377
47 0 0.000395860745241672
48 0 0.000436044221624798
49 0 0.000476077933318386
50 0 0.000560474500409858
51 0 0.000560726047258764
52 0 0.000633200538276979
53 0 0.000693304255935168
54 0 0.000738156114660882
55 0 0.000762439111991697
56 0 0.000791351905400806
57 0 0.000918037875598743
58 0 0.000908946942211108
59 0 0.000977909245051034
60 0 0.00117692182256346
61 0 0.00123544362358696
62 0 0.0012738030410111
63 0 0.0014836300308525
64 0 0.00159381404409409
65 0 0.00189436326411041
66 0 0.00211185782956225
67 0 0.00232175303102578
68 0 0.00240394764998297
69 0 0.00276061549870155
70 0 0.00292923451351168
71 0 0.00326534326032546
72 0 0.00385007289768835
73 0 0.00450548689945462
74 0 0.00478379697263542
75 0 0.00559411488520645
76 0 0.00594678206717492
77 0 0.00663555783922332
78 0 0.00768243854316053
79 0 0.00848306181922276
80 0 0.00930258869799627
81 0 0.0110077461390498
82 0 0.0117312578601496
83 0 0.0137982936841663
84 0 0.0151287055789978
85 0 0.0168156719794254
86 0 0.0179021019260047
87 0 0.0190734682747056
88 0 0.0244985445804822
89 0 0.0238122852238677
90 0 0.0299772108040632
91 0 0.0286627772313975
92 0 0.0355146680527121
93 0 0.0443337435150483
94 0 0.0452543431264502
95 0 0.0502785323005166
96 0 0.0456633398268601
97 0 0.0534407692773806
98 0 0.0599360489261906
99 0 0.0537389125684898
100 0 0.059368867761833

death 1 F single
1 0 0.00296831702118894
2 0 0.000335618827433160
3 0 0.000159974012569397
4 0 0.000121831603023481
5 0 0.000129675780311311
6 0 0.000089627502126488
7 0 0.0000622713230208349
8 0 0.0000702771574714323
9 0 0.0000866245924288078
10 0 0.000064522892696206
11 0 0.0000518481160275419
12 0 0.0000601031975223654
13 0 0.0000628550579520049
14 0 0.0000763653993783864
15 0 0.0000790343463041854
16 0 0.000100472168688359
17 0 0.000110817517928963
18 0 0.000160057492724741
19 0 0.000131094480403271
20 0 0.000180762938912449
21 0 0.000142027559210889
22 0 0.000168739847532073
23 0 0.00022210444969073
24 0 0.00020815480772729
25 0 0.000200637924330671
26 0 0.000188361684879013
27 0 0.000227952241856566
28 0 0.000200053303899606
29 0 0.000204479809285618
30 0 0.000217092355850212
31 0 0.000228620584918904
32 0 0.000191869012675761
33 0 0.000209574733285867
34 0 0.0002413200369763
35 0 0.000211913482563775
36 0 0.000243074706058000
37 0 0.000247586867826111
38 0 0.000270568945294536
39 0 0.000229957285787674
40 0 0.000292804412739711
41 0 0.000264049801986133
42 0 0.000292219199157229
43 0 0.000332105947945971
44 0 0.000361802421223634
45 0 0.000434788218981241
46 0 0.000424991994127377
47 0 0.000395860745241672
48 0 0.000436044221624798
49 0 0.000476077933318386
50 0 0.000560474500409858
51 0 0.000560726047258764
52 0 0.000633200538276979
53 0 0.000693304255935168
54 0 0.000738156114660882
55 0 0.000762439111991697
56 0 0.000791351905400806
57 0 0.000918037875598743
58 0 0.000908946942211108
59 0 0.000977909245051034
60 0 0.00117692182256346
61 0 0.00123544362358696
62 0 0.0012738030410111
63 0 0.0014836300308525
64 0 0.00159381404409409
65 0 0.00189436326411041
66 0 0.00211185782956225
67 0 0.00232175303102578
68 0 0.00240394764998297
69 0 0.00276061549870155
70 0 0.00292923451351168
71 0 0.00326534326032546
72 0 0.00385007289768835
73 0 0.00450548689945462
74 0 0.00478379697263542
75 0 0.00559411488520645
76 0 0.00594678206717492
77 0 0.00663555783922332
78 0 0.00768243854316053
79 0 0.00848306181922276
80 0 0.00930258869799627
81 0 0.0110077461390498
82 0 0.0117312578601496
83 0 0.0137982936841663
84 0 0.0151287055789978
85 0 0.0168156719794254
86 0 0.0179021019260047
87 0 0.0190734682747056
88 0 0.0244985445804822
89 0 0.0238122852238677
90 0 0.0299772108040632
91 0 0.0286627772313975
92 0 0.0355146680527121
93 0 0.0443337435150483
94 0 0.0452543431264502
95 0 0.0502785323005166
96 0 0.0456633398268601
97 0 0.0534407692773806
98 0 0.0599360489261906
99 0 0.0537389125684898
100 0 0.059368867761833

death 1 F divorced
1 0 0.00296831702118894
2 0 0.000335618827433160
3 0 0.000159974012569397
4 0 0.000121831603023481
5 0 0.000129675780311311
6 0 0.000089627502126488
7 0 0.0000622713230208349
8 0 0.0000702771574714323
9 0 0.0000866245924288078
10 0 0.000064522892696206
11 0 0.0000518481160275419
12 0 0.0000601031975223654
13 0 0.0000628550579520049
14 0 0.0000763653993783864
15 0 0.0000790343463041854
16 0 0.000100472168688359
17 0 0.000110817517928963
18 0 0.000160057492724741
19 0 0.000131094480403271
20 0 0.000180762938912449
21 0 0.000142027559210889
22 0 0.000168739847532073
23 0 0.00022210444969073
24 0 0.00020815480772729
25 0 0.000200637924330671
26 0 0.000188361684879013
27 0 0.000227952241856566
28 0 0.000200053303899606
29 0 0.000204479809285618
30 0 0.000217092355850212
31 0 0.000228620584918904
32 0 0.000191869012675761
33 0 0.000209574733285867
34 0 0.0002413200369763
35 0 0.000211913482563775
36 0 0.000243074706058000
37 0 0.000247586867826111
38 0 0.000270568945294536
39 0 0.000229957285787674
40 0 0.000292804412739711
41 0 0.000264049801986133
42 0 0.000292219199157229
43 0 0.000332105947945971
44 0 0.000361802421223634
45 0 0.000434788218981241
46 0 0.000424991994127377
47 0 0.000395860745241672
48 0 0.000436044221624798
49 0 0.000476077933318386
50 0 0.000560474500409858
51 0 0.000560726047258764
52 0 0.000633200538276979
53 0 0.000693304255935168
54 0 0.000738156114660882
55 0 0.000762439111991697
56 0 0.000791351905400806
57 0 0.000918037875598743
58 0 0.000908946942211108
59 0 0.000977909245051034
60 0 0.00117692182256346
61 0 0.00123544362358696
62 0 0.0012738030410111
63 0 0.0014836300308525
64 0 0.00159381404409409
65 0 0.00189436326411041
66 0 0.00211185782956225
67 0 0.00232175303102578
68 0 0.00240394764998297
69 0 0.00276061549870155
70 0 0.00292923451351168
71 0 0.00326534326032546
72 0 0.00385007289768835
73 0 0.00450548689945462
74 0 0.00478379697263542
75 0 0.00559411488520645
76 0 0.00594678206717492
77 0 0.00663555783922332
78 0 0.00768243854316053
79 0 0.00848306181922276
80 0 0.00930258869799627
81 0 0.0110077461390498
82 0 0.0117312578601496
83 0 0.0137982936841663
84 0 0.0151287055789978
85 0 0.0168156719794254
86 0 0.0179021019260047
87 0 0.0190734682747056
88 0 0.0244985445804822
89 0 0.0238122852238677
90 0 0.0299772108040632
91 0 0.0286627772313975
92 0 0.0355146680527121
93 0 0.0443337435150483
94 0 0.0452543431264502
95 0 0.0502785323005166
96 0 0.0456633398268601
97 0 0.0534407692773806
98 0 0.0599360489261906
99 0 0.0537389125684898
100 0 0.059368867761833

death 1 F widowed
1 0 0.00296831702118894
2 0 0.000335618827433160
3 0 0.000159974012569397
4 0 0.000121831603023481
5 0 0.000129675780311311
6 0 0.000089627502126488
7 0 0.0000622713230208349
8 0 0.0000702771574714323
9 0 0.0000866245924288078
10 0 0.000064522892696206
11 0 0.0000518481160275419
12 0 0.0000601031975223654
13 0 0.0000628550579520049
14 0 0.0000763653993783864
15 0 0.0000790343463041854
16 0 0.000100472168688359
17 0 0.000110817517928963
18 0 0.000160057492724741
19 0 0.000131094480403271
20 0 0.000180762938912449
21 0 0.000142027559210889
22 0 0.000168739847532073
23 0 0.00022210444969073
24 0 0.00020815480772729
25 0 0.000200637924330671
26 0 0.000188361684879013
27 0 0.000227952241856566
28 0 0.000200053303899606
29 0 0.000204479809285618
30 0 0.000217092355850212
31 0 0.000228620584918904
32 0 0.000191869012675761
33 0 0.000209574733285867
34 0 0.0002413200369763
35 0 0.000211913482563775
36 0 0.000243074706058000
37 0 0.000247586867826111
38 0 0.000270568945294536
39 0 0.000229957285787674
40 0 0.000292804412739711
41 0 0.000264049801986133
42 0 0.000292219199157229
43 0 0.000332105947945971
44 0 0.000361802421223634
45 0 0.000434788218981241
46 0 0.000424991994127377
47 0 0.000395860745241672
48 0 0.000436044221624798
49 0 0.000476077933318386
50 0 0.000560474500409858
51 0 0.000560726047258764
52 0 0.000633200538276979
53 0 0.000693304255935168
54 0 0.000738156114660882
55 0 0.000762439111991697
56 0 0.000791351905400806
57 0 0.000918037875598743
58 0 0.000908946942211108
59 0 0.000977909245051034
60 0 0.00117692182256346
61 0 0.00123544362358696
62 0 0.0012738030410111
63 0 0.0014836300308525
64 0 0.00159381404409409
65 0 0.00189436326411041
66 0 0.00211185782956225
67 0 0.00232175303102578
68 0 0.00240394764998297
69 0 0.00276061549870155
70 0 0.00292923451351168
71 0 0.00326534326032546
72 0 0.00385007289768835
73 0 0.00450548689945462
74 0 0.00478379697263542
75 0 0.00559411488520645
76 0 0.00594678206717492
77 0 0.00663555783922332
78 0 0.00768243854316053
79 0 0.00848306181922276
80 0 0.00930258869799627
81 0 0.0110077461390498
82 0 0.0117312578601496
83 0 0.0137982936841663
84 0 0.0151287055789978
85 0 0.0168156719794254
86 0 0.0179021019260047
87 0 0.0190734682747056
88 0 0.0244985445804822
89 0 0.0238122852238677
90 0 0.0299772108040632
91 0 0.0286627772313975
92 0 0.0355146680527121
93 0 0.0443337435150483
94 0 0.0452543431264502
95 0 0.0502785323005166
96 0 0.0456633398268601
97 0 0.0534407692773806
98 0 0.0599360489261906
99 0 0.0537389125684898
100 0 0.059368867761833
