*Period monthly mortality rates for SWE in 2021 
* Mon Dec 20 14:21:52 2010
death 1 M married
1 0 0.000287955613937352
2 0 0.0000291713465325749
3 0 0.00000916712885190574
4 0 0.00000666691112360951
5 0 0.00000583352049443597
6 0 0.00000500013750526218
7 0 0.00000500013750526218
8 0 0.00000500013750526218
9 0 0.00000416676215586609
10 0 0.00000416676215586609
11 0 0.00000500013750526218
12 0 0.00000500013750526218
13 0 0.00000500013750526218
14 0 0.00000750030939278279
15 0 0.00000833371530217786
16 0 0.0000116674153447516
17 0 0.0000158347123201397
18 0 0.0000200022003373768
19 0 0.0000250034381590325
20 0 0.0000341730888351321
21 0 0.0000400088026996093
22 0 0.0000425099376131222
23 0 0.0000441773991204375
24 0 0.0000425099376131222
25 0 0.0000425099376131222
26 0 0.0000416762183291786
27 0 0.0000416762183291786
28 0 0.0000391751063537615
29 0 0.0000383414176537977
30 0 0.0000383414176537977
31 0 0.0000391751063537615
32 0 0.0000366740631904117
33 0 0.0000383414176537977
34 0 0.0000408425066913409
35 0 0.0000408425066913409
36 0 0.0000450111413439203
37 0 0.0000483461867075707
38 0 0.0000500137552731372
39 0 0.0000550166445189015
40 0 0.0000591859292243813
41 0 0.0000633554051622243
42 0 0.0000691929927806312
43 0 0.0000766990134587475
44 0 0.000086708005247571
45 0 0.0000925470927749528
46 0 0.000102557829824601
47 0 0.000113404039220888
48 0 0.000122582611971733
49 0 0.000138438693701781
50 0 0.000150958607041618
51 0 0.000165149927191854
52 0 0.000187693637785924
53 0 0.000205231501423930
54 0 0.000235304285861493
55 0 0.000253686998195723
56 0 0.000277088556254523
57 0 0.00030718513048289
58 0 0.000344819869678825
59 0 0.000364061423379858
60 0 0.00040925326311303
61 0 0.000439393646883834
62 0 0.000487136376522423
63 0 0.000541610471264886
64 0 0.000595278431522073
65 0 0.00067583985983688
66 0 0.000744709363691087
67 0 0.000817835357218133
68 0 0.000915428347907032
69 0 0.00100385734144059
70 0 0.00111346028746862
71 0 0.00124177941437953
72 0 0.00136605025489300
73 0 0.00153031477103693
74 0 0.00170931173088207
75 0 0.00191504242559526
76 0 0.00216731585123109
77 0 0.00238435444954277
78 0 0.00274953426076796
79 0 0.00311877834369390
80 0 0.00350425623749351
81 0 0.00399582379657859
82 0 0.00460397727538631
83 0 0.00533018305410038
84 0 0.00606494128081647
85 0 0.00708644250795543
86 0 0.00817890457017834
87 0 0.009477034248919
88 0 0.010842993221433
89 0 0.0126201508938752
90 0 0.0144429850843665
91 0 0.0165917076421122
92 0 0.0193774099029003
93 0 0.0225555670679889
94 0 0.0252754833284179
95 0 0.0289268646703384
96 0 0.0317891291317086
97 0 0.0371218852433575
98 0 0.0415677265142735
99 0 0.0455776830384074
100 0 0.051132585482473

death 1 M single
1 0 0.000287955613937352
2 0 0.0000291713465325749
3 0 0.00000916712885190574
4 0 0.00000666691112360951
5 0 0.00000583352049443597
6 0 0.00000500013750526218
7 0 0.00000500013750526218
8 0 0.00000500013750526218
9 0 0.00000416676215586609
10 0 0.00000416676215586609
11 0 0.00000500013750526218
12 0 0.00000500013750526218
13 0 0.00000500013750526218
14 0 0.00000750030939278279
15 0 0.00000833371530217786
16 0 0.0000116674153447516
17 0 0.0000158347123201397
18 0 0.0000200022003373768
19 0 0.0000250034381590325
20 0 0.0000341730888351321
21 0 0.0000400088026996093
22 0 0.0000425099376131222
23 0 0.0000441773991204375
24 0 0.0000425099376131222
25 0 0.0000425099376131222
26 0 0.0000416762183291786
27 0 0.0000416762183291786
28 0 0.0000391751063537615
29 0 0.0000383414176537977
30 0 0.0000383414176537977
31 0 0.0000391751063537615
32 0 0.0000366740631904117
33 0 0.0000383414176537977
34 0 0.0000408425066913409
35 0 0.0000408425066913409
36 0 0.0000450111413439203
37 0 0.0000483461867075707
38 0 0.0000500137552731372
39 0 0.0000550166445189015
40 0 0.0000591859292243813
41 0 0.0000633554051622243
42 0 0.0000691929927806312
43 0 0.0000766990134587475
44 0 0.000086708005247571
45 0 0.0000925470927749528
46 0 0.000102557829824601
47 0 0.000113404039220888
48 0 0.000122582611971733
49 0 0.000138438693701781
50 0 0.000150958607041618
51 0 0.000165149927191854
52 0 0.000187693637785924
53 0 0.000205231501423930
54 0 0.000235304285861493
55 0 0.000253686998195723
56 0 0.000277088556254523
57 0 0.00030718513048289
58 0 0.000344819869678825
59 0 0.000364061423379858
60 0 0.00040925326311303
61 0 0.000439393646883834
62 0 0.000487136376522423
63 0 0.000541610471264886
64 0 0.000595278431522073
65 0 0.00067583985983688
66 0 0.000744709363691087
67 0 0.000817835357218133
68 0 0.000915428347907032
69 0 0.00100385734144059
70 0 0.00111346028746862
71 0 0.00124177941437953
72 0 0.00136605025489300
73 0 0.00153031477103693
74 0 0.00170931173088207
75 0 0.00191504242559526
76 0 0.00216731585123109
77 0 0.00238435444954277
78 0 0.00274953426076796
79 0 0.00311877834369390
80 0 0.00350425623749351
81 0 0.00399582379657859
82 0 0.00460397727538631
83 0 0.00533018305410038
84 0 0.00606494128081647
85 0 0.00708644250795543
86 0 0.00817890457017834
87 0 0.009477034248919
88 0 0.010842993221433
89 0 0.0126201508938752
90 0 0.0144429850843665
91 0 0.0165917076421122
92 0 0.0193774099029003
93 0 0.0225555670679889
94 0 0.0252754833284179
95 0 0.0289268646703384
96 0 0.0317891291317086
97 0 0.0371218852433575
98 0 0.0415677265142735
99 0 0.0455776830384074
100 0 0.051132585482473

death 1 M divorced
1 0 0.000287955613937352
2 0 0.0000291713465325749
3 0 0.00000916712885190574
4 0 0.00000666691112360951
5 0 0.00000583352049443597
6 0 0.00000500013750526218
7 0 0.00000500013750526218
8 0 0.00000500013750526218
9 0 0.00000416676215586609
10 0 0.00000416676215586609
11 0 0.00000500013750526218
12 0 0.00000500013750526218
13 0 0.00000500013750526218
14 0 0.00000750030939278279
15 0 0.00000833371530217786
16 0 0.0000116674153447516
17 0 0.0000158347123201397
18 0 0.0000200022003373768
19 0 0.0000250034381590325
20 0 0.0000341730888351321
21 0 0.0000400088026996093
22 0 0.0000425099376131222
23 0 0.0000441773991204375
24 0 0.0000425099376131222
25 0 0.0000425099376131222
26 0 0.0000416762183291786
27 0 0.0000416762183291786
28 0 0.0000391751063537615
29 0 0.0000383414176537977
30 0 0.0000383414176537977
31 0 0.0000391751063537615
32 0 0.0000366740631904117
33 0 0.0000383414176537977
34 0 0.0000408425066913409
35 0 0.0000408425066913409
36 0 0.0000450111413439203
37 0 0.0000483461867075707
38 0 0.0000500137552731372
39 0 0.0000550166445189015
40 0 0.0000591859292243813
41 0 0.0000633554051622243
42 0 0.0000691929927806312
43 0 0.0000766990134587475
44 0 0.000086708005247571
45 0 0.0000925470927749528
46 0 0.000102557829824601
47 0 0.000113404039220888
48 0 0.000122582611971733
49 0 0.000138438693701781
50 0 0.000150958607041618
51 0 0.000165149927191854
52 0 0.000187693637785924
53 0 0.000205231501423930
54 0 0.000235304285861493
55 0 0.000253686998195723
56 0 0.000277088556254523
57 0 0.00030718513048289
58 0 0.000344819869678825
59 0 0.000364061423379858
60 0 0.00040925326311303
61 0 0.000439393646883834
62 0 0.000487136376522423
63 0 0.000541610471264886
64 0 0.000595278431522073
65 0 0.00067583985983688
66 0 0.000744709363691087
67 0 0.000817835357218133
68 0 0.000915428347907032
69 0 0.00100385734144059
70 0 0.00111346028746862
71 0 0.00124177941437953
72 0 0.00136605025489300
73 0 0.00153031477103693
74 0 0.00170931173088207
75 0 0.00191504242559526
76 0 0.00216731585123109
77 0 0.00238435444954277
78 0 0.00274953426076796
79 0 0.00311877834369390
80 0 0.00350425623749351
81 0 0.00399582379657859
82 0 0.00460397727538631
83 0 0.00533018305410038
84 0 0.00606494128081647
85 0 0.00708644250795543
86 0 0.00817890457017834
87 0 0.009477034248919
88 0 0.010842993221433
89 0 0.0126201508938752
90 0 0.0144429850843665
91 0 0.0165917076421122
92 0 0.0193774099029003
93 0 0.0225555670679889
94 0 0.0252754833284179
95 0 0.0289268646703384
96 0 0.0317891291317086
97 0 0.0371218852433575
98 0 0.0415677265142735
99 0 0.0455776830384074
100 0 0.051132585482473

death 1 M widowed
1 0 0.000287955613937352
2 0 0.0000291713465325749
3 0 0.00000916712885190574
4 0 0.00000666691112360951
5 0 0.00000583352049443597
6 0 0.00000500013750526218
7 0 0.00000500013750526218
8 0 0.00000500013750526218
9 0 0.00000416676215586609
10 0 0.00000416676215586609
11 0 0.00000500013750526218
12 0 0.00000500013750526218
13 0 0.00000500013750526218
14 0 0.00000750030939278279
15 0 0.00000833371530217786
16 0 0.0000116674153447516
17 0 0.0000158347123201397
18 0 0.0000200022003373768
19 0 0.0000250034381590325
20 0 0.0000341730888351321
21 0 0.0000400088026996093
22 0 0.0000425099376131222
23 0 0.0000441773991204375
24 0 0.0000425099376131222
25 0 0.0000425099376131222
26 0 0.0000416762183291786
27 0 0.0000416762183291786
28 0 0.0000391751063537615
29 0 0.0000383414176537977
30 0 0.0000383414176537977
31 0 0.0000391751063537615
32 0 0.0000366740631904117
33 0 0.0000383414176537977
34 0 0.0000408425066913409
35 0 0.0000408425066913409
36 0 0.0000450111413439203
37 0 0.0000483461867075707
38 0 0.0000500137552731372
39 0 0.0000550166445189015
40 0 0.0000591859292243813
41 0 0.0000633554051622243
42 0 0.0000691929927806312
43 0 0.0000766990134587475
44 0 0.000086708005247571
45 0 0.0000925470927749528
46 0 0.000102557829824601
47 0 0.000113404039220888
48 0 0.000122582611971733
49 0 0.000138438693701781
50 0 0.000150958607041618
51 0 0.000165149927191854
52 0 0.000187693637785924
53 0 0.000205231501423930
54 0 0.000235304285861493
55 0 0.000253686998195723
56 0 0.000277088556254523
57 0 0.00030718513048289
58 0 0.000344819869678825
59 0 0.000364061423379858
60 0 0.00040925326311303
61 0 0.000439393646883834
62 0 0.000487136376522423
63 0 0.000541610471264886
64 0 0.000595278431522073
65 0 0.00067583985983688
66 0 0.000744709363691087
67 0 0.000817835357218133
68 0 0.000915428347907032
69 0 0.00100385734144059
70 0 0.00111346028746862
71 0 0.00124177941437953
72 0 0.00136605025489300
73 0 0.00153031477103693
74 0 0.00170931173088207
75 0 0.00191504242559526
76 0 0.00216731585123109
77 0 0.00238435444954277
78 0 0.00274953426076796
79 0 0.00311877834369390
80 0 0.00350425623749351
81 0 0.00399582379657859
82 0 0.00460397727538631
83 0 0.00533018305410038
84 0 0.00606494128081647
85 0 0.00708644250795543
86 0 0.00817890457017834
87 0 0.009477034248919
88 0 0.010842993221433
89 0 0.0126201508938752
90 0 0.0144429850843665
91 0 0.0165917076421122
92 0 0.0193774099029003
93 0 0.0225555670679889
94 0 0.0252754833284179
95 0 0.0289268646703384
96 0 0.0317891291317086
97 0 0.0371218852433575
98 0 0.0415677265142735
99 0 0.0455776830384074
100 0 0.051132585482473

death 1 F married
1 0 0.000285447716062204
2 0 0.0000308385633891461
3 0 0.0000100005500421885
4 0 0.00000666691112360951
5 0 0.00000500013750526218
6 0 0.00000583352049443597
7 0 0.00000500013750526218
8 0 0.00000333339444602565
9 0 0.00000416676215586609
10 0 0.00000416676215586609
11 0 0.00000416676215586609
12 0 0.00000416676215586609
13 0 0.00000416676215586609
14 0 0.00000500013750526218
15 0 0.00000666691112360951
16 0 0.00000916712885190574
17 0 0.0000100005500421885
18 0 0.0000116674153447516
19 0 0.000012500859457365
20 0 0.0000141677706060328
21 0 0.0000166681946396352
22 0 0.0000175016846010179
23 0 0.0000158347123201397
24 0 0.0000166681946396352
25 0 0.0000141677706060328
26 0 0.0000141677706060328
27 0 0.0000158347123201397
28 0 0.0000150012376423092
29 0 0.0000150012376423092
30 0 0.0000158347123201397
31 0 0.0000183351822042876
32 0 0.0000191686874497776
33 0 0.0000191686874497776
34 0 0.0000208357208674181
35 0 0.0000216692490401238
36 0 0.0000250034381590325
37 0 0.0000291713465325749
38 0 0.0000300049511388067
39 0 0.0000325058108229248
40 0 0.0000333394460065861
41 0 0.0000350067393084519
42 0 0.0000383414176537977
43 0 0.0000466786487315352
44 0 0.0000500137552731372
45 0 0.00005668433545436
46 0 0.000065857182524165
47 0 0.0000733629277510639
48 0 0.0000817033715945215
49 0 0.0000967180992323957
50 0 0.000110066606177961
51 0 0.000125086019946985
52 0 0.000140107915847287
53 0 0.000150123892499576
54 0 0.000163480245109926
55 0 0.00018184843515745
56 0 0.000202725885138699
57 0 0.000228620584918904
58 0 0.000251180045748089
59 0 0.000277088556254523
60 0 0.000297151831613829
61 0 0.000338128110205616
62 0 0.000373265345959606
63 0 0.000395023778405612
64 0 0.000440231022489468
65 0 0.000474570068058955
66 0 0.000530713039309183
67 0 0.000570117627983535
68 0 0.000623802434801979
69 0 0.000684235785067489
70 0 0.000741348664108354
71 0 0.000832972225725759
72 0 0.000913744821442353
73 0 0.00100975567015793
74 0 0.00112695902787396
75 0 0.00126459192265271
76 0 0.00141174352229712
77 0 0.00158965852772508
78 0 0.00180871833344454
79 0 0.00204023918136498
80 0 0.00235185105209867
81 0 0.00269629448797448
82 0 0.00313085364998411
83 0 0.00354930679324894
84 0 0.00413090708677033
85 0 0.00474348418198844
86 0 0.00559571037689699
87 0 0.00652945656499027
88 0 0.00759340401449071
89 0 0.00888674520205102
90 0 0.0103800689220127
91 0 0.0119432890259864
92 0 0.0141452037525466
93 0 0.0160952338062309
94 0 0.0185831190488639
95 0 0.0210728281296645
96 0 0.0239676542350666
97 0 0.0270051564325775
98 0 0.0307725569001446
99 0 0.0346149127170633
100 0 0.0375829682932751

death 1 F single
1 0 0.000285447716062204
2 0 0.0000308385633891461
3 0 0.0000100005500421885
4 0 0.00000666691112360951
5 0 0.00000500013750526218
6 0 0.00000583352049443597
7 0 0.00000500013750526218
8 0 0.00000333339444602565
9 0 0.00000416676215586609
10 0 0.00000416676215586609
11 0 0.00000416676215586609
12 0 0.00000416676215586609
13 0 0.00000416676215586609
14 0 0.00000500013750526218
15 0 0.00000666691112360951
16 0 0.00000916712885190574
17 0 0.0000100005500421885
18 0 0.0000116674153447516
19 0 0.000012500859457365
20 0 0.0000141677706060328
21 0 0.0000166681946396352
22 0 0.0000175016846010179
23 0 0.0000158347123201397
24 0 0.0000166681946396352
25 0 0.0000141677706060328
26 0 0.0000141677706060328
27 0 0.0000158347123201397
28 0 0.0000150012376423092
29 0 0.0000150012376423092
30 0 0.0000158347123201397
31 0 0.0000183351822042876
32 0 0.0000191686874497776
33 0 0.0000191686874497776
34 0 0.0000208357208674181
35 0 0.0000216692490401238
36 0 0.0000250034381590325
37 0 0.0000291713465325749
38 0 0.0000300049511388067
39 0 0.0000325058108229248
40 0 0.0000333394460065861
41 0 0.0000350067393084519
42 0 0.0000383414176537977
43 0 0.0000466786487315352
44 0 0.0000500137552731372
45 0 0.00005668433545436
46 0 0.000065857182524165
47 0 0.0000733629277510639
48 0 0.0000817033715945215
49 0 0.0000967180992323957
50 0 0.000110066606177961
51 0 0.000125086019946985
52 0 0.000140107915847287
53 0 0.000150123892499576
54 0 0.000163480245109926
55 0 0.00018184843515745
56 0 0.000202725885138699
57 0 0.000228620584918904
58 0 0.000251180045748089
59 0 0.000277088556254523
60 0 0.000297151831613829
61 0 0.000338128110205616
62 0 0.000373265345959606
63 0 0.000395023778405612
64 0 0.000440231022489468
65 0 0.000474570068058955
66 0 0.000530713039309183
67 0 0.000570117627983535
68 0 0.000623802434801979
69 0 0.000684235785067489
70 0 0.000741348664108354
71 0 0.000832972225725759
72 0 0.000913744821442353
73 0 0.00100975567015793
74 0 0.00112695902787396
75 0 0.00126459192265271
76 0 0.00141174352229712
77 0 0.00158965852772508
78 0 0.00180871833344454
79 0 0.00204023918136498
80 0 0.00235185105209867
81 0 0.00269629448797448
82 0 0.00313085364998411
83 0 0.00354930679324894
84 0 0.00413090708677033
85 0 0.00474348418198844
86 0 0.00559571037689699
87 0 0.00652945656499027
88 0 0.00759340401449071
89 0 0.00888674520205102
90 0 0.0103800689220127
91 0 0.0119432890259864
92 0 0.0141452037525466
93 0 0.0160952338062309
94 0 0.0185831190488639
95 0 0.0210728281296645
96 0 0.0239676542350666
97 0 0.0270051564325775
98 0 0.0307725569001446
99 0 0.0346149127170633
100 0 0.0375829682932751

death 1 F divorced
1 0 0.000285447716062204
2 0 0.0000308385633891461
3 0 0.0000100005500421885
4 0 0.00000666691112360951
5 0 0.00000500013750526218
6 0 0.00000583352049443597
7 0 0.00000500013750526218
8 0 0.00000333339444602565
9 0 0.00000416676215586609
10 0 0.00000416676215586609
11 0 0.00000416676215586609
12 0 0.00000416676215586609
13 0 0.00000416676215586609
14 0 0.00000500013750526218
15 0 0.00000666691112360951
16 0 0.00000916712885190574
17 0 0.0000100005500421885
18 0 0.0000116674153447516
19 0 0.000012500859457365
20 0 0.0000141677706060328
21 0 0.0000166681946396352
22 0 0.0000175016846010179
23 0 0.0000158347123201397
24 0 0.0000166681946396352
25 0 0.0000141677706060328
26 0 0.0000141677706060328
27 0 0.0000158347123201397
28 0 0.0000150012376423092
29 0 0.0000150012376423092
30 0 0.0000158347123201397
31 0 0.0000183351822042876
32 0 0.0000191686874497776
33 0 0.0000191686874497776
34 0 0.0000208357208674181
35 0 0.0000216692490401238
36 0 0.0000250034381590325
37 0 0.0000291713465325749
38 0 0.0000300049511388067
39 0 0.0000325058108229248
40 0 0.0000333394460065861
41 0 0.0000350067393084519
42 0 0.0000383414176537977
43 0 0.0000466786487315352
44 0 0.0000500137552731372
45 0 0.00005668433545436
46 0 0.000065857182524165
47 0 0.0000733629277510639
48 0 0.0000817033715945215
49 0 0.0000967180992323957
50 0 0.000110066606177961
51 0 0.000125086019946985
52 0 0.000140107915847287
53 0 0.000150123892499576
54 0 0.000163480245109926
55 0 0.00018184843515745
56 0 0.000202725885138699
57 0 0.000228620584918904
58 0 0.000251180045748089
59 0 0.000277088556254523
60 0 0.000297151831613829
61 0 0.000338128110205616
62 0 0.000373265345959606
63 0 0.000395023778405612
64 0 0.000440231022489468
65 0 0.000474570068058955
66 0 0.000530713039309183
67 0 0.000570117627983535
68 0 0.000623802434801979
69 0 0.000684235785067489
70 0 0.000741348664108354
71 0 0.000832972225725759
72 0 0.000913744821442353
73 0 0.00100975567015793
74 0 0.00112695902787396
75 0 0.00126459192265271
76 0 0.00141174352229712
77 0 0.00158965852772508
78 0 0.00180871833344454
79 0 0.00204023918136498
80 0 0.00235185105209867
81 0 0.00269629448797448
82 0 0.00313085364998411
83 0 0.00354930679324894
84 0 0.00413090708677033
85 0 0.00474348418198844
86 0 0.00559571037689699
87 0 0.00652945656499027
88 0 0.00759340401449071
89 0 0.00888674520205102
90 0 0.0103800689220127
91 0 0.0119432890259864
92 0 0.0141452037525466
93 0 0.0160952338062309
94 0 0.0185831190488639
95 0 0.0210728281296645
96 0 0.0239676542350666
97 0 0.0270051564325775
98 0 0.0307725569001446
99 0 0.0346149127170633
100 0 0.0375829682932751

death 1 F widowed
1 0 0.000285447716062204
2 0 0.0000308385633891461
3 0 0.0000100005500421885
4 0 0.00000666691112360951
5 0 0.00000500013750526218
6 0 0.00000583352049443597
7 0 0.00000500013750526218
8 0 0.00000333339444602565
9 0 0.00000416676215586609
10 0 0.00000416676215586609
11 0 0.00000416676215586609
12 0 0.00000416676215586609
13 0 0.00000416676215586609
14 0 0.00000500013750526218
15 0 0.00000666691112360951
16 0 0.00000916712885190574
17 0 0.0000100005500421885
18 0 0.0000116674153447516
19 0 0.000012500859457365
20 0 0.0000141677706060328
21 0 0.0000166681946396352
22 0 0.0000175016846010179
23 0 0.0000158347123201397
24 0 0.0000166681946396352
25 0 0.0000141677706060328
26 0 0.0000141677706060328
27 0 0.0000158347123201397
28 0 0.0000150012376423092
29 0 0.0000150012376423092
30 0 0.0000158347123201397
31 0 0.0000183351822042876
32 0 0.0000191686874497776
33 0 0.0000191686874497776
34 0 0.0000208357208674181
35 0 0.0000216692490401238
36 0 0.0000250034381590325
37 0 0.0000291713465325749
38 0 0.0000300049511388067
39 0 0.0000325058108229248
40 0 0.0000333394460065861
41 0 0.0000350067393084519
42 0 0.0000383414176537977
43 0 0.0000466786487315352
44 0 0.0000500137552731372
45 0 0.00005668433545436
46 0 0.000065857182524165
47 0 0.0000733629277510639
48 0 0.0000817033715945215
49 0 0.0000967180992323957
50 0 0.000110066606177961
51 0 0.000125086019946985
52 0 0.000140107915847287
53 0 0.000150123892499576
54 0 0.000163480245109926
55 0 0.00018184843515745
56 0 0.000202725885138699
57 0 0.000228620584918904
58 0 0.000251180045748089
59 0 0.000277088556254523
60 0 0.000297151831613829
61 0 0.000338128110205616
62 0 0.000373265345959606
63 0 0.000395023778405612
64 0 0.000440231022489468
65 0 0.000474570068058955
66 0 0.000530713039309183
67 0 0.000570117627983535
68 0 0.000623802434801979
69 0 0.000684235785067489
70 0 0.000741348664108354
71 0 0.000832972225725759
72 0 0.000913744821442353
73 0 0.00100975567015793
74 0 0.00112695902787396
75 0 0.00126459192265271
76 0 0.00141174352229712
77 0 0.00158965852772508
78 0 0.00180871833344454
79 0 0.00204023918136498
80 0 0.00235185105209867
81 0 0.00269629448797448
82 0 0.00313085364998411
83 0 0.00354930679324894
84 0 0.00413090708677033
85 0 0.00474348418198844
86 0 0.00559571037689699
87 0 0.00652945656499027
88 0 0.00759340401449071
89 0 0.00888674520205102
90 0 0.0103800689220127
91 0 0.0119432890259864
92 0 0.0141452037525466
93 0 0.0160952338062309
94 0 0.0185831190488639
95 0 0.0210728281296645
96 0 0.0239676542350666
97 0 0.0270051564325775
98 0 0.0307725569001446
99 0 0.0346149127170633
100 0 0.0375829682932751
