*Period monthly mortality rates for SWE in 1957 
* Mon Dec 20 14:21:13 2010
death 1 M married
1 0 0.00167866208953227
2 0 0.000145032299780024
3 0 0.0000822872313233081
4 0 0.0000812863312270595
5 0 0.0000750309553007034
6 0 0.0000510976912450056
7 0 0.0000440940253185751
8 0 0.0000631886224529143
9 0 0.0000674416771326847
10 0 0.000043260291506364
11 0 0.0000421764489819676
12 0 0.0000438439043720651
13 0 0.0000399254327210219
14 0 0.0000452612655020834
15 0 0.0000515979737450989
16 0 0.0000497636180382122
17 0 0.000074864151168419
18 0 0.000079201158088904
19 0 0.0000973854780267347
20 0 0.000100972722996695
21 0 0.000116908475801369
22 0 0.0000779500771647124
23 0 0.000097302055409476
24 0 0.000100388743238256
25 0 0.0000868748311146916
26 0 0.000133514666960100
27 0 0.0000998047672314817
28 0 0.0000824540490774739
29 0 0.0000989705223012338
30 0 0.000116407833732235
31 0 0.000135601086402315
32 0 0.000127255695963391
33 0 0.000121748157967727
34 0 0.000142361414369185
35 0 0.000117659444075380
36 0 0.000159807052488747
37 0 0.000122332274966164
38 0 0.000151209022899002
39 0 0.000160641855959098
40 0 0.000173582290280749
41 0 0.000175419146399181
42 0 0.000198800558495416
43 0 0.000195543501249285
44 0 0.000227534529938289
45 0 0.000290212781196897
46 0 0.000292553606457302
47 0 0.000328593204242056
48 0 0.000323742495666912
49 0 0.000365818463880507
50 0 0.000431690153350983
51 0 0.000529958650084206
52 0 0.000505989098349979
53 0 0.000575820132796667
54 0 0.000619607166753133
55 0 0.000741600712264479
56 0 0.000706236789549508
57 0 0.000878734543921178
58 0 0.00092039493279672
59 0 0.00103841014577843
60 0 0.00129544016871652
61 0 0.00127743704200534
62 0 0.00150345328504820
63 0 0.00156752724761855
64 0 0.00181543432931186
65 0 0.00202660394196275
66 0 0.00215255217413224
67 0 0.00235492982187135
68 0 0.00249683764780595
69 0 0.00291830475715915
70 0 0.00301180966162462
71 0 0.00334623669963119
72 0 0.0037152339548433
73 0 0.00438130006045678
74 0 0.00455813612327471
75 0 0.00517115190557627
76 0 0.00579963312477738
77 0 0.00636874996318237
78 0 0.00759793521834384
79 0 0.00814716837838259
80 0 0.0089683250417728
81 0 0.0102035863703024
82 0 0.0111551698478601
83 0 0.0126432483853454
84 0 0.0130876649532814
85 0 0.0161306049633584
86 0 0.0183811496753418
87 0 0.0200946224981042
88 0 0.0228328633058268
89 0 0.0230086997555974
90 0 0.0305942146519594
91 0 0.0255978851048164
92 0 0.0318413377947279
93 0 0.0382105894801615
94 0 0.0343328595793768
95 0 0.0452908270192756
96 0 0.0554241176467448
97 0 0.0538819355521736
98 0 0.05044227686844
99 0 0.0502785323005166
100 0 0.109101281859661

death 1 M single
1 0 0.00167866208953227
2 0 0.000145032299780024
3 0 0.0000822872313233081
4 0 0.0000812863312270595
5 0 0.0000750309553007034
6 0 0.0000510976912450056
7 0 0.0000440940253185751
8 0 0.0000631886224529143
9 0 0.0000674416771326847
10 0 0.000043260291506364
11 0 0.0000421764489819676
12 0 0.0000438439043720651
13 0 0.0000399254327210219
14 0 0.0000452612655020834
15 0 0.0000515979737450989
16 0 0.0000497636180382122
17 0 0.000074864151168419
18 0 0.000079201158088904
19 0 0.0000973854780267347
20 0 0.000100972722996695
21 0 0.000116908475801369
22 0 0.0000779500771647124
23 0 0.000097302055409476
24 0 0.000100388743238256
25 0 0.0000868748311146916
26 0 0.000133514666960100
27 0 0.0000998047672314817
28 0 0.0000824540490774739
29 0 0.0000989705223012338
30 0 0.000116407833732235
31 0 0.000135601086402315
32 0 0.000127255695963391
33 0 0.000121748157967727
34 0 0.000142361414369185
35 0 0.000117659444075380
36 0 0.000159807052488747
37 0 0.000122332274966164
38 0 0.000151209022899002
39 0 0.000160641855959098
40 0 0.000173582290280749
41 0 0.000175419146399181
42 0 0.000198800558495416
43 0 0.000195543501249285
44 0 0.000227534529938289
45 0 0.000290212781196897
46 0 0.000292553606457302
47 0 0.000328593204242056
48 0 0.000323742495666912
49 0 0.000365818463880507
50 0 0.000431690153350983
51 0 0.000529958650084206
52 0 0.000505989098349979
53 0 0.000575820132796667
54 0 0.000619607166753133
55 0 0.000741600712264479
56 0 0.000706236789549508
57 0 0.000878734543921178
58 0 0.00092039493279672
59 0 0.00103841014577843
60 0 0.00129544016871652
61 0 0.00127743704200534
62 0 0.00150345328504820
63 0 0.00156752724761855
64 0 0.00181543432931186
65 0 0.00202660394196275
66 0 0.00215255217413224
67 0 0.00235492982187135
68 0 0.00249683764780595
69 0 0.00291830475715915
70 0 0.00301180966162462
71 0 0.00334623669963119
72 0 0.0037152339548433
73 0 0.00438130006045678
74 0 0.00455813612327471
75 0 0.00517115190557627
76 0 0.00579963312477738
77 0 0.00636874996318237
78 0 0.00759793521834384
79 0 0.00814716837838259
80 0 0.0089683250417728
81 0 0.0102035863703024
82 0 0.0111551698478601
83 0 0.0126432483853454
84 0 0.0130876649532814
85 0 0.0161306049633584
86 0 0.0183811496753418
87 0 0.0200946224981042
88 0 0.0228328633058268
89 0 0.0230086997555974
90 0 0.0305942146519594
91 0 0.0255978851048164
92 0 0.0318413377947279
93 0 0.0382105894801615
94 0 0.0343328595793768
95 0 0.0452908270192756
96 0 0.0554241176467448
97 0 0.0538819355521736
98 0 0.05044227686844
99 0 0.0502785323005166
100 0 0.109101281859661

death 1 M divorced
1 0 0.00167866208953227
2 0 0.000145032299780024
3 0 0.0000822872313233081
4 0 0.0000812863312270595
5 0 0.0000750309553007034
6 0 0.0000510976912450056
7 0 0.0000440940253185751
8 0 0.0000631886224529143
9 0 0.0000674416771326847
10 0 0.000043260291506364
11 0 0.0000421764489819676
12 0 0.0000438439043720651
13 0 0.0000399254327210219
14 0 0.0000452612655020834
15 0 0.0000515979737450989
16 0 0.0000497636180382122
17 0 0.000074864151168419
18 0 0.000079201158088904
19 0 0.0000973854780267347
20 0 0.000100972722996695
21 0 0.000116908475801369
22 0 0.0000779500771647124
23 0 0.000097302055409476
24 0 0.000100388743238256
25 0 0.0000868748311146916
26 0 0.000133514666960100
27 0 0.0000998047672314817
28 0 0.0000824540490774739
29 0 0.0000989705223012338
30 0 0.000116407833732235
31 0 0.000135601086402315
32 0 0.000127255695963391
33 0 0.000121748157967727
34 0 0.000142361414369185
35 0 0.000117659444075380
36 0 0.000159807052488747
37 0 0.000122332274966164
38 0 0.000151209022899002
39 0 0.000160641855959098
40 0 0.000173582290280749
41 0 0.000175419146399181
42 0 0.000198800558495416
43 0 0.000195543501249285
44 0 0.000227534529938289
45 0 0.000290212781196897
46 0 0.000292553606457302
47 0 0.000328593204242056
48 0 0.000323742495666912
49 0 0.000365818463880507
50 0 0.000431690153350983
51 0 0.000529958650084206
52 0 0.000505989098349979
53 0 0.000575820132796667
54 0 0.000619607166753133
55 0 0.000741600712264479
56 0 0.000706236789549508
57 0 0.000878734543921178
58 0 0.00092039493279672
59 0 0.00103841014577843
60 0 0.00129544016871652
61 0 0.00127743704200534
62 0 0.00150345328504820
63 0 0.00156752724761855
64 0 0.00181543432931186
65 0 0.00202660394196275
66 0 0.00215255217413224
67 0 0.00235492982187135
68 0 0.00249683764780595
69 0 0.00291830475715915
70 0 0.00301180966162462
71 0 0.00334623669963119
72 0 0.0037152339548433
73 0 0.00438130006045678
74 0 0.00455813612327471
75 0 0.00517115190557627
76 0 0.00579963312477738
77 0 0.00636874996318237
78 0 0.00759793521834384
79 0 0.00814716837838259
80 0 0.0089683250417728
81 0 0.0102035863703024
82 0 0.0111551698478601
83 0 0.0126432483853454
84 0 0.0130876649532814
85 0 0.0161306049633584
86 0 0.0183811496753418
87 0 0.0200946224981042
88 0 0.0228328633058268
89 0 0.0230086997555974
90 0 0.0305942146519594
91 0 0.0255978851048164
92 0 0.0318413377947279
93 0 0.0382105894801615
94 0 0.0343328595793768
95 0 0.0452908270192756
96 0 0.0554241176467448
97 0 0.0538819355521736
98 0 0.05044227686844
99 0 0.0502785323005166
100 0 0.109101281859661

death 1 M widowed
1 0 0.00167866208953227
2 0 0.000145032299780024
3 0 0.0000822872313233081
4 0 0.0000812863312270595
5 0 0.0000750309553007034
6 0 0.0000510976912450056
7 0 0.0000440940253185751
8 0 0.0000631886224529143
9 0 0.0000674416771326847
10 0 0.000043260291506364
11 0 0.0000421764489819676
12 0 0.0000438439043720651
13 0 0.0000399254327210219
14 0 0.0000452612655020834
15 0 0.0000515979737450989
16 0 0.0000497636180382122
17 0 0.000074864151168419
18 0 0.000079201158088904
19 0 0.0000973854780267347
20 0 0.000100972722996695
21 0 0.000116908475801369
22 0 0.0000779500771647124
23 0 0.000097302055409476
24 0 0.000100388743238256
25 0 0.0000868748311146916
26 0 0.000133514666960100
27 0 0.0000998047672314817
28 0 0.0000824540490774739
29 0 0.0000989705223012338
30 0 0.000116407833732235
31 0 0.000135601086402315
32 0 0.000127255695963391
33 0 0.000121748157967727
34 0 0.000142361414369185
35 0 0.000117659444075380
36 0 0.000159807052488747
37 0 0.000122332274966164
38 0 0.000151209022899002
39 0 0.000160641855959098
40 0 0.000173582290280749
41 0 0.000175419146399181
42 0 0.000198800558495416
43 0 0.000195543501249285
44 0 0.000227534529938289
45 0 0.000290212781196897
46 0 0.000292553606457302
47 0 0.000328593204242056
48 0 0.000323742495666912
49 0 0.000365818463880507
50 0 0.000431690153350983
51 0 0.000529958650084206
52 0 0.000505989098349979
53 0 0.000575820132796667
54 0 0.000619607166753133
55 0 0.000741600712264479
56 0 0.000706236789549508
57 0 0.000878734543921178
58 0 0.00092039493279672
59 0 0.00103841014577843
60 0 0.00129544016871652
61 0 0.00127743704200534
62 0 0.00150345328504820
63 0 0.00156752724761855
64 0 0.00181543432931186
65 0 0.00202660394196275
66 0 0.00215255217413224
67 0 0.00235492982187135
68 0 0.00249683764780595
69 0 0.00291830475715915
70 0 0.00301180966162462
71 0 0.00334623669963119
72 0 0.0037152339548433
73 0 0.00438130006045678
74 0 0.00455813612327471
75 0 0.00517115190557627
76 0 0.00579963312477738
77 0 0.00636874996318237
78 0 0.00759793521834384
79 0 0.00814716837838259
80 0 0.0089683250417728
81 0 0.0102035863703024
82 0 0.0111551698478601
83 0 0.0126432483853454
84 0 0.0130876649532814
85 0 0.0161306049633584
86 0 0.0183811496753418
87 0 0.0200946224981042
88 0 0.0228328633058268
89 0 0.0230086997555974
90 0 0.0305942146519594
91 0 0.0255978851048164
92 0 0.0318413377947279
93 0 0.0382105894801615
94 0 0.0343328595793768
95 0 0.0452908270192756
96 0 0.0554241176467448
97 0 0.0538819355521736
98 0 0.05044227686844
99 0 0.0502785323005166
100 0 0.109101281859661

death 1 F married
1 0 0.00132418495333730
2 0 0.0000910455773008856
3 0 0.0000656070016896715
4 0 0.0000486796979735082
5 0 0.0000413427327564664
6 0 0.0000318389081800374
7 0 0.0000358403974268784
8 0 0.0000355902991885371
9 0 0.0000295881478802329
10 0 0.0000219193089822101
11 0 0.0000241698794146705
12 0 0.0000343398183181298
13 0 0.0000197521456686278
14 0 0.0000162514525247071
15 0 0.0000348400086022105
16 0 0.0000338396307862920
17 0 0.0000350901047763141
18 0 0.0000212524839984241
19 0 0.0000553501802583733
20 0 0.0000370908989392182
21 0 0.0000305051175717441
22 0 0.0000392584756443437
23 0 0.0000622713230208349
24 0 0.0000423431931446672
25 0 0.0000451778907062383
26 0 0.0000246700137440659
27 0 0.0000520148779317164
28 0 0.000064522892696206
29 0 0.000061687591838111
30 0 0.0000534323664680425
31 0 0.0000721119271748227
32 0 0.0000509309310233741
33 0 0.0000741135363607759
34 0 0.0000805356633871712
35 0 0.0000819535967333529
36 0 0.0000976357463379207
37 0 0.0000812029233832057
38 0 0.0000847895297806378
39 0 0.0000983865554056162
40 0 0.000132680112592487
41 0 0.000148371016911675
42 0 0.000131011026843764
43 0 0.000159890532490770
44 0 0.000178675482569335
45 0 0.000188445191110831
46 0 0.000189029736882174
47 0 0.000209825310687139
48 0 0.000247503307238994
49 0 0.000306432594644024
50 0 0.000311031522089777
51 0 0.000327840491113007
52 0 0.000351177497616817
53 0 0.0003934335626542
54 0 0.000458152710217652
55 0 0.000429596925555664
56 0 0.00053180272369191
57 0 0.000597711011904756
58 0 0.000631941807320624
59 0 0.000724715031827028
60 0 0.000736307847840512
61 0 0.000865693299199166
62 0 0.00094624239427088
63 0 0.00108866158188137
64 0 0.00121914155433844
65 0 0.00136300485463026
66 0 0.00141597554396811
67 0 0.00168197277094984
68 0 0.00191912775571046
69 0 0.00200854040568987
70 0 0.00247499780325067
71 0 0.00274403709497750
72 0 0.00330560810342895
73 0 0.00326223341597809
74 0 0.00375135666292759
75 0 0.00442075182643065
76 0 0.00510862271979018
77 0 0.00574945279309635
78 0 0.00642240633800084
79 0 0.0066169093980658
80 0 0.00753370400387365
81 0 0.00920797300522058
82 0 0.0105456607490473
83 0 0.0109069025773358
84 0 0.0119944718406294
85 0 0.0129385761759963
86 0 0.0158183280880251
87 0 0.0174538252933055
88 0 0.0197168268043277
89 0 0.0220805470871374
90 0 0.0254041263315259
91 0 0.0252419165786275
92 0 0.0277277211513682
93 0 0.0356722181312706
94 0 0.0383493649659293
95 0 0.0376775114332617
96 0 0.0384635974517157
97 0 0.0523720387793088
98 0 0.0641562174600216
99 0 0.0633635880378456
100 0 0.0755901530281767

death 1 F single
1 0 0.00132418495333730
2 0 0.0000910455773008856
3 0 0.0000656070016896715
4 0 0.0000486796979735082
5 0 0.0000413427327564664
6 0 0.0000318389081800374
7 0 0.0000358403974268784
8 0 0.0000355902991885371
9 0 0.0000295881478802329
10 0 0.0000219193089822101
11 0 0.0000241698794146705
12 0 0.0000343398183181298
13 0 0.0000197521456686278
14 0 0.0000162514525247071
15 0 0.0000348400086022105
16 0 0.0000338396307862920
17 0 0.0000350901047763141
18 0 0.0000212524839984241
19 0 0.0000553501802583733
20 0 0.0000370908989392182
21 0 0.0000305051175717441
22 0 0.0000392584756443437
23 0 0.0000622713230208349
24 0 0.0000423431931446672
25 0 0.0000451778907062383
26 0 0.0000246700137440659
27 0 0.0000520148779317164
28 0 0.000064522892696206
29 0 0.000061687591838111
30 0 0.0000534323664680425
31 0 0.0000721119271748227
32 0 0.0000509309310233741
33 0 0.0000741135363607759
34 0 0.0000805356633871712
35 0 0.0000819535967333529
36 0 0.0000976357463379207
37 0 0.0000812029233832057
38 0 0.0000847895297806378
39 0 0.0000983865554056162
40 0 0.000132680112592487
41 0 0.000148371016911675
42 0 0.000131011026843764
43 0 0.000159890532490770
44 0 0.000178675482569335
45 0 0.000188445191110831
46 0 0.000189029736882174
47 0 0.000209825310687139
48 0 0.000247503307238994
49 0 0.000306432594644024
50 0 0.000311031522089777
51 0 0.000327840491113007
52 0 0.000351177497616817
53 0 0.0003934335626542
54 0 0.000458152710217652
55 0 0.000429596925555664
56 0 0.00053180272369191
57 0 0.000597711011904756
58 0 0.000631941807320624
59 0 0.000724715031827028
60 0 0.000736307847840512
61 0 0.000865693299199166
62 0 0.00094624239427088
63 0 0.00108866158188137
64 0 0.00121914155433844
65 0 0.00136300485463026
66 0 0.00141597554396811
67 0 0.00168197277094984
68 0 0.00191912775571046
69 0 0.00200854040568987
70 0 0.00247499780325067
71 0 0.00274403709497750
72 0 0.00330560810342895
73 0 0.00326223341597809
74 0 0.00375135666292759
75 0 0.00442075182643065
76 0 0.00510862271979018
77 0 0.00574945279309635
78 0 0.00642240633800084
79 0 0.0066169093980658
80 0 0.00753370400387365
81 0 0.00920797300522058
82 0 0.0105456607490473
83 0 0.0109069025773358
84 0 0.0119944718406294
85 0 0.0129385761759963
86 0 0.0158183280880251
87 0 0.0174538252933055
88 0 0.0197168268043277
89 0 0.0220805470871374
90 0 0.0254041263315259
91 0 0.0252419165786275
92 0 0.0277277211513682
93 0 0.0356722181312706
94 0 0.0383493649659293
95 0 0.0376775114332617
96 0 0.0384635974517157
97 0 0.0523720387793088
98 0 0.0641562174600216
99 0 0.0633635880378456
100 0 0.0755901530281767

death 1 F divorced
1 0 0.00132418495333730
2 0 0.0000910455773008856
3 0 0.0000656070016896715
4 0 0.0000486796979735082
5 0 0.0000413427327564664
6 0 0.0000318389081800374
7 0 0.0000358403974268784
8 0 0.0000355902991885371
9 0 0.0000295881478802329
10 0 0.0000219193089822101
11 0 0.0000241698794146705
12 0 0.0000343398183181298
13 0 0.0000197521456686278
14 0 0.0000162514525247071
15 0 0.0000348400086022105
16 0 0.0000338396307862920
17 0 0.0000350901047763141
18 0 0.0000212524839984241
19 0 0.0000553501802583733
20 0 0.0000370908989392182
21 0 0.0000305051175717441
22 0 0.0000392584756443437
23 0 0.0000622713230208349
24 0 0.0000423431931446672
25 0 0.0000451778907062383
26 0 0.0000246700137440659
27 0 0.0000520148779317164
28 0 0.000064522892696206
29 0 0.000061687591838111
30 0 0.0000534323664680425
31 0 0.0000721119271748227
32 0 0.0000509309310233741
33 0 0.0000741135363607759
34 0 0.0000805356633871712
35 0 0.0000819535967333529
36 0 0.0000976357463379207
37 0 0.0000812029233832057
38 0 0.0000847895297806378
39 0 0.0000983865554056162
40 0 0.000132680112592487
41 0 0.000148371016911675
42 0 0.000131011026843764
43 0 0.000159890532490770
44 0 0.000178675482569335
45 0 0.000188445191110831
46 0 0.000189029736882174
47 0 0.000209825310687139
48 0 0.000247503307238994
49 0 0.000306432594644024
50 0 0.000311031522089777
51 0 0.000327840491113007
52 0 0.000351177497616817
53 0 0.0003934335626542
54 0 0.000458152710217652
55 0 0.000429596925555664
56 0 0.00053180272369191
57 0 0.000597711011904756
58 0 0.000631941807320624
59 0 0.000724715031827028
60 0 0.000736307847840512
61 0 0.000865693299199166
62 0 0.00094624239427088
63 0 0.00108866158188137
64 0 0.00121914155433844
65 0 0.00136300485463026
66 0 0.00141597554396811
67 0 0.00168197277094984
68 0 0.00191912775571046
69 0 0.00200854040568987
70 0 0.00247499780325067
71 0 0.00274403709497750
72 0 0.00330560810342895
73 0 0.00326223341597809
74 0 0.00375135666292759
75 0 0.00442075182643065
76 0 0.00510862271979018
77 0 0.00574945279309635
78 0 0.00642240633800084
79 0 0.0066169093980658
80 0 0.00753370400387365
81 0 0.00920797300522058
82 0 0.0105456607490473
83 0 0.0109069025773358
84 0 0.0119944718406294
85 0 0.0129385761759963
86 0 0.0158183280880251
87 0 0.0174538252933055
88 0 0.0197168268043277
89 0 0.0220805470871374
90 0 0.0254041263315259
91 0 0.0252419165786275
92 0 0.0277277211513682
93 0 0.0356722181312706
94 0 0.0383493649659293
95 0 0.0376775114332617
96 0 0.0384635974517157
97 0 0.0523720387793088
98 0 0.0641562174600216
99 0 0.0633635880378456
100 0 0.0755901530281767

death 1 F widowed
1 0 0.00132418495333730
2 0 0.0000910455773008856
3 0 0.0000656070016896715
4 0 0.0000486796979735082
5 0 0.0000413427327564664
6 0 0.0000318389081800374
7 0 0.0000358403974268784
8 0 0.0000355902991885371
9 0 0.0000295881478802329
10 0 0.0000219193089822101
11 0 0.0000241698794146705
12 0 0.0000343398183181298
13 0 0.0000197521456686278
14 0 0.0000162514525247071
15 0 0.0000348400086022105
16 0 0.0000338396307862920
17 0 0.0000350901047763141
18 0 0.0000212524839984241
19 0 0.0000553501802583733
20 0 0.0000370908989392182
21 0 0.0000305051175717441
22 0 0.0000392584756443437
23 0 0.0000622713230208349
24 0 0.0000423431931446672
25 0 0.0000451778907062383
26 0 0.0000246700137440659
27 0 0.0000520148779317164
28 0 0.000064522892696206
29 0 0.000061687591838111
30 0 0.0000534323664680425
31 0 0.0000721119271748227
32 0 0.0000509309310233741
33 0 0.0000741135363607759
34 0 0.0000805356633871712
35 0 0.0000819535967333529
36 0 0.0000976357463379207
37 0 0.0000812029233832057
38 0 0.0000847895297806378
39 0 0.0000983865554056162
40 0 0.000132680112592487
41 0 0.000148371016911675
42 0 0.000131011026843764
43 0 0.000159890532490770
44 0 0.000178675482569335
45 0 0.000188445191110831
46 0 0.000189029736882174
47 0 0.000209825310687139
48 0 0.000247503307238994
49 0 0.000306432594644024
50 0 0.000311031522089777
51 0 0.000327840491113007
52 0 0.000351177497616817
53 0 0.0003934335626542
54 0 0.000458152710217652
55 0 0.000429596925555664
56 0 0.00053180272369191
57 0 0.000597711011904756
58 0 0.000631941807320624
59 0 0.000724715031827028
60 0 0.000736307847840512
61 0 0.000865693299199166
62 0 0.00094624239427088
63 0 0.00108866158188137
64 0 0.00121914155433844
65 0 0.00136300485463026
66 0 0.00141597554396811
67 0 0.00168197277094984
68 0 0.00191912775571046
69 0 0.00200854040568987
70 0 0.00247499780325067
71 0 0.00274403709497750
72 0 0.00330560810342895
73 0 0.00326223341597809
74 0 0.00375135666292759
75 0 0.00442075182643065
76 0 0.00510862271979018
77 0 0.00574945279309635
78 0 0.00642240633800084
79 0 0.0066169093980658
80 0 0.00753370400387365
81 0 0.00920797300522058
82 0 0.0105456607490473
83 0 0.0109069025773358
84 0 0.0119944718406294
85 0 0.0129385761759963
86 0 0.0158183280880251
87 0 0.0174538252933055
88 0 0.0197168268043277
89 0 0.0220805470871374
90 0 0.0254041263315259
91 0 0.0252419165786275
92 0 0.0277277211513682
93 0 0.0356722181312706
94 0 0.0383493649659293
95 0 0.0376775114332617
96 0 0.0384635974517157
97 0 0.0523720387793088
98 0 0.0641562174600216
99 0 0.0633635880378456
100 0 0.0755901530281767
