*Period monthly mortality rates for SWE in 1773 
* Mon Dec 20 14:18:54 2010
death 1 M married
1 0 0.0288465665615495
2 0 0.0146496698963072
3 0 0.00780443696565258
4 0 0.00626072908480435
5 0 0.00693004981377032
6 0 0.0066896421624335
7 0 0.00495367677414738
8 0 0.00363487788467964
9 0 0.00283108606326954
10 0 0.00245033794905636
11 0 0.00238683545046225
12 0 0.0024310771026701
13 0 0.00239633232247261
14 0 0.00231209299969004
15 0 0.00216006172118044
16 0 0.00193632220276463
17 0 0.00168265190001449
18 0 0.00150150465368104
19 0 0.00142257789174793
20 0 0.00147075570601685
21 0 0.00159924194385774
22 0 0.00176367450069981
23 0 0.00190074521855188
24 0 0.00198588086600138
25 0 0.00203325086517125
26 0 0.00203435873305347
27 0 0.00197625653339450
28 0 0.00195726637627136
29 0 0.00195854361642156
30 0 0.00197710820306973
31 0 0.0019903101054477
32 0 0.00208772284998149
33 0 0.00217704583060252
34 0 0.00224817465403904
35 0 0.00228816107111462
36 0 0.00229824589975924
37 0 0.00219087443898558
38 0 0.00213659645047004
39 0 0.00216151250078322
40 0 0.00228004274409865
41 0 0.00243886655232362
42 0 0.00276181819514987
43 0 0.00303765675902401
44 0 0.00325497752753690
45 0 0.00338091508079863
46 0 0.0034270293455404
47 0 0.00323709942497941
48 0 0.00317407918234991
49 0 0.00325584129331324
50 0 0.00349126504721664
51 0 0.00379218571799778
52 0 0.00434658623458606
53 0 0.0048423219999465
54 0 0.00524343623066403
55 0 0.00548843197094129
56 0 0.00557993397431189
57 0 0.00516779945621926
58 0 0.00498633516382352
59 0 0.00500966980613049
60 0 0.00524334793617576
61 0 0.00563117301556748
62 0 0.00673442301688543
63 0 0.00787458812345854
64 0 0.00881405700084092
65 0 0.00932198565062525
66 0 0.00953849884127955
67 0 0.00930148042687207
68 0 0.00936467365739024
69 0 0.00979480628745433
70 0 0.0108263654395733
71 0 0.0124184682739491
72 0 0.0147796426584615
73 0 0.0168706203921513
74 0 0.0184871931007896
75 0 0.0191266296990547
76 0 0.0185024401727411
77 0 0.0177444771547909
78 0 0.017790456151482
79 0 0.0181689303213394
80 0 0.0192037494752417
81 0 0.0261869618316314
82 0 0.0292301938928504
83 0 0.0315580706159061
84 0 0.0332383942162776
85 0 0.0340469522452829
86 0 0.0332186952086559
87 0 0.0315297346946172
88 0 0.0311580635524754
89 0 0.0331092829634818
90 0 0.0343830504543992
91 0 0.0402578279927054
92 0 0.0411187632924109
93 0 0.0421958489445972
94 0 0.0431685445303331
95 0 0.0439403726674491
96 0 0.0452945733821619
97 0 0.0470028743417907
98 0 0.0495040472659585
99 0 0.0513021247423651
100 0 0.0523819784319872

death 1 M single
1 0 0.0288465665615495
2 0 0.0146496698963072
3 0 0.00780443696565258
4 0 0.00626072908480435
5 0 0.00693004981377032
6 0 0.0066896421624335
7 0 0.00495367677414738
8 0 0.00363487788467964
9 0 0.00283108606326954
10 0 0.00245033794905636
11 0 0.00238683545046225
12 0 0.0024310771026701
13 0 0.00239633232247261
14 0 0.00231209299969004
15 0 0.00216006172118044
16 0 0.00193632220276463
17 0 0.00168265190001449
18 0 0.00150150465368104
19 0 0.00142257789174793
20 0 0.00147075570601685
21 0 0.00159924194385774
22 0 0.00176367450069981
23 0 0.00190074521855188
24 0 0.00198588086600138
25 0 0.00203325086517125
26 0 0.00203435873305347
27 0 0.00197625653339450
28 0 0.00195726637627136
29 0 0.00195854361642156
30 0 0.00197710820306973
31 0 0.0019903101054477
32 0 0.00208772284998149
33 0 0.00217704583060252
34 0 0.00224817465403904
35 0 0.00228816107111462
36 0 0.00229824589975924
37 0 0.00219087443898558
38 0 0.00213659645047004
39 0 0.00216151250078322
40 0 0.00228004274409865
41 0 0.00243886655232362
42 0 0.00276181819514987
43 0 0.00303765675902401
44 0 0.00325497752753690
45 0 0.00338091508079863
46 0 0.0034270293455404
47 0 0.00323709942497941
48 0 0.00317407918234991
49 0 0.00325584129331324
50 0 0.00349126504721664
51 0 0.00379218571799778
52 0 0.00434658623458606
53 0 0.0048423219999465
54 0 0.00524343623066403
55 0 0.00548843197094129
56 0 0.00557993397431189
57 0 0.00516779945621926
58 0 0.00498633516382352
59 0 0.00500966980613049
60 0 0.00524334793617576
61 0 0.00563117301556748
62 0 0.00673442301688543
63 0 0.00787458812345854
64 0 0.00881405700084092
65 0 0.00932198565062525
66 0 0.00953849884127955
67 0 0.00930148042687207
68 0 0.00936467365739024
69 0 0.00979480628745433
70 0 0.0108263654395733
71 0 0.0124184682739491
72 0 0.0147796426584615
73 0 0.0168706203921513
74 0 0.0184871931007896
75 0 0.0191266296990547
76 0 0.0185024401727411
77 0 0.0177444771547909
78 0 0.017790456151482
79 0 0.0181689303213394
80 0 0.0192037494752417
81 0 0.0261869618316314
82 0 0.0292301938928504
83 0 0.0315580706159061
84 0 0.0332383942162776
85 0 0.0340469522452829
86 0 0.0332186952086559
87 0 0.0315297346946172
88 0 0.0311580635524754
89 0 0.0331092829634818
90 0 0.0343830504543992
91 0 0.0402578279927054
92 0 0.0411187632924109
93 0 0.0421958489445972
94 0 0.0431685445303331
95 0 0.0439403726674491
96 0 0.0452945733821619
97 0 0.0470028743417907
98 0 0.0495040472659585
99 0 0.0513021247423651
100 0 0.0523819784319872

death 1 M divorced
1 0 0.0288465665615495
2 0 0.0146496698963072
3 0 0.00780443696565258
4 0 0.00626072908480435
5 0 0.00693004981377032
6 0 0.0066896421624335
7 0 0.00495367677414738
8 0 0.00363487788467964
9 0 0.00283108606326954
10 0 0.00245033794905636
11 0 0.00238683545046225
12 0 0.0024310771026701
13 0 0.00239633232247261
14 0 0.00231209299969004
15 0 0.00216006172118044
16 0 0.00193632220276463
17 0 0.00168265190001449
18 0 0.00150150465368104
19 0 0.00142257789174793
20 0 0.00147075570601685
21 0 0.00159924194385774
22 0 0.00176367450069981
23 0 0.00190074521855188
24 0 0.00198588086600138
25 0 0.00203325086517125
26 0 0.00203435873305347
27 0 0.00197625653339450
28 0 0.00195726637627136
29 0 0.00195854361642156
30 0 0.00197710820306973
31 0 0.0019903101054477
32 0 0.00208772284998149
33 0 0.00217704583060252
34 0 0.00224817465403904
35 0 0.00228816107111462
36 0 0.00229824589975924
37 0 0.00219087443898558
38 0 0.00213659645047004
39 0 0.00216151250078322
40 0 0.00228004274409865
41 0 0.00243886655232362
42 0 0.00276181819514987
43 0 0.00303765675902401
44 0 0.00325497752753690
45 0 0.00338091508079863
46 0 0.0034270293455404
47 0 0.00323709942497941
48 0 0.00317407918234991
49 0 0.00325584129331324
50 0 0.00349126504721664
51 0 0.00379218571799778
52 0 0.00434658623458606
53 0 0.0048423219999465
54 0 0.00524343623066403
55 0 0.00548843197094129
56 0 0.00557993397431189
57 0 0.00516779945621926
58 0 0.00498633516382352
59 0 0.00500966980613049
60 0 0.00524334793617576
61 0 0.00563117301556748
62 0 0.00673442301688543
63 0 0.00787458812345854
64 0 0.00881405700084092
65 0 0.00932198565062525
66 0 0.00953849884127955
67 0 0.00930148042687207
68 0 0.00936467365739024
69 0 0.00979480628745433
70 0 0.0108263654395733
71 0 0.0124184682739491
72 0 0.0147796426584615
73 0 0.0168706203921513
74 0 0.0184871931007896
75 0 0.0191266296990547
76 0 0.0185024401727411
77 0 0.0177444771547909
78 0 0.017790456151482
79 0 0.0181689303213394
80 0 0.0192037494752417
81 0 0.0261869618316314
82 0 0.0292301938928504
83 0 0.0315580706159061
84 0 0.0332383942162776
85 0 0.0340469522452829
86 0 0.0332186952086559
87 0 0.0315297346946172
88 0 0.0311580635524754
89 0 0.0331092829634818
90 0 0.0343830504543992
91 0 0.0402578279927054
92 0 0.0411187632924109
93 0 0.0421958489445972
94 0 0.0431685445303331
95 0 0.0439403726674491
96 0 0.0452945733821619
97 0 0.0470028743417907
98 0 0.0495040472659585
99 0 0.0513021247423651
100 0 0.0523819784319872

death 1 M widowed
1 0 0.0288465665615495
2 0 0.0146496698963072
3 0 0.00780443696565258
4 0 0.00626072908480435
5 0 0.00693004981377032
6 0 0.0066896421624335
7 0 0.00495367677414738
8 0 0.00363487788467964
9 0 0.00283108606326954
10 0 0.00245033794905636
11 0 0.00238683545046225
12 0 0.0024310771026701
13 0 0.00239633232247261
14 0 0.00231209299969004
15 0 0.00216006172118044
16 0 0.00193632220276463
17 0 0.00168265190001449
18 0 0.00150150465368104
19 0 0.00142257789174793
20 0 0.00147075570601685
21 0 0.00159924194385774
22 0 0.00176367450069981
23 0 0.00190074521855188
24 0 0.00198588086600138
25 0 0.00203325086517125
26 0 0.00203435873305347
27 0 0.00197625653339450
28 0 0.00195726637627136
29 0 0.00195854361642156
30 0 0.00197710820306973
31 0 0.0019903101054477
32 0 0.00208772284998149
33 0 0.00217704583060252
34 0 0.00224817465403904
35 0 0.00228816107111462
36 0 0.00229824589975924
37 0 0.00219087443898558
38 0 0.00213659645047004
39 0 0.00216151250078322
40 0 0.00228004274409865
41 0 0.00243886655232362
42 0 0.00276181819514987
43 0 0.00303765675902401
44 0 0.00325497752753690
45 0 0.00338091508079863
46 0 0.0034270293455404
47 0 0.00323709942497941
48 0 0.00317407918234991
49 0 0.00325584129331324
50 0 0.00349126504721664
51 0 0.00379218571799778
52 0 0.00434658623458606
53 0 0.0048423219999465
54 0 0.00524343623066403
55 0 0.00548843197094129
56 0 0.00557993397431189
57 0 0.00516779945621926
58 0 0.00498633516382352
59 0 0.00500966980613049
60 0 0.00524334793617576
61 0 0.00563117301556748
62 0 0.00673442301688543
63 0 0.00787458812345854
64 0 0.00881405700084092
65 0 0.00932198565062525
66 0 0.00953849884127955
67 0 0.00930148042687207
68 0 0.00936467365739024
69 0 0.00979480628745433
70 0 0.0108263654395733
71 0 0.0124184682739491
72 0 0.0147796426584615
73 0 0.0168706203921513
74 0 0.0184871931007896
75 0 0.0191266296990547
76 0 0.0185024401727411
77 0 0.0177444771547909
78 0 0.017790456151482
79 0 0.0181689303213394
80 0 0.0192037494752417
81 0 0.0261869618316314
82 0 0.0292301938928504
83 0 0.0315580706159061
84 0 0.0332383942162776
85 0 0.0340469522452829
86 0 0.0332186952086559
87 0 0.0315297346946172
88 0 0.0311580635524754
89 0 0.0331092829634818
90 0 0.0343830504543992
91 0 0.0402578279927054
92 0 0.0411187632924109
93 0 0.0421958489445972
94 0 0.0431685445303331
95 0 0.0439403726674491
96 0 0.0452945733821619
97 0 0.0470028743417907
98 0 0.0495040472659585
99 0 0.0513021247423651
100 0 0.0523819784319872

death 1 F married
1 0 0.0264698228911547
2 0 0.0141660650147203
3 0 0.00748381821454036
4 0 0.00605130991665159
5 0 0.0068261180396354
6 0 0.00657603974723664
7 0 0.00467782772472058
8 0 0.00326162873641567
9 0 0.00239325214690966
10 0 0.00196263090573201
11 0 0.00185301907417346
12 0 0.00186994579626865
13 0 0.00185922800755001
14 0 0.00184187808080083
15 0 0.00182274597853338
16 0 0.00179486284926933
17 0 0.00167008883487818
18 0 0.00154853765404783
19 0 0.00144695995181410
20 0 0.00139600213348323
21 0 0.00136901115864863
22 0 0.00142731833501852
23 0 0.00148185123252631
24 0 0.00152506047965839
25 0 0.00156981644016285
26 0 0.00160271936273404
27 0 0.00159211789198432
28 0 0.00162214446999731
29 0 0.00168367060314012
30 0 0.00177438100884342
31 0 0.00186943539667006
32 0 0.00199916923308463
33 0 0.00207229006286469
34 0 0.0020948859194454
35 0 0.00206751580963294
36 0 0.00199789142090367
37 0 0.00188670551124581
38 0 0.00186254528306817
39 0 0.00193972743030135
40 0 0.00213181881184898
41 0 0.00238683545046225
42 0 0.00273484726533624
43 0 0.00301723694068157
44 0 0.00322760041905745
45 0 0.00333672624615866
46 0 0.00334208656080714
47 0 0.00316329243837021
48 0 0.00309540857142265
49 0 0.00315017748736102
50 0 0.00333698560892137
51 0 0.00359828136497242
52 0 0.00406865658515121
53 0 0.00445960806483847
54 0 0.00473505501937999
55 0 0.00486913664638045
56 0 0.00488135972877102
57 0 0.00464194747251723
58 0 0.00464852591568199
59 0 0.00486966422734392
60 0 0.00527893759989539
61 0 0.00581171609158282
62 0 0.0067697967431014
63 0 0.00765078585949419
64 0 0.00830541312095934
65 0 0.00857920935324519
66 0 0.00854879732940261
67 0 0.008259572057423
68 0 0.00832770285558249
69 0 0.00881424071503656
70 0 0.00986578140424543
71 0 0.0114629473109676
72 0 0.0134984815935655
73 0 0.0151686261110259
74 0 0.0163500191171621
75 0 0.0167175119459687
76 0 0.0159711966097253
77 0 0.0155501973657384
78 0 0.0159556791807469
79 0 0.0171218843852264
80 0 0.0193003463496103
81 0 0.0227189437532773
82 0 0.0261843955231394
83 0 0.0292498291741878
84 0 0.0318297992741181
85 0 0.0334753697581551
86 0 0.0335891221432497
87 0 0.033254229134866
88 0 0.0332629335113547
89 0 0.0337921319430022
90 0 0.0341213939779387
91 0 0.0391724491411294
92 0 0.0405545497158822
93 0 0.0418780196176231
94 0 0.0431822213268143
95 0 0.0442480168907851
96 0 0.0452705717098099
97 0 0.0463701989313197
98 0 0.0476360697597026
99 0 0.0490054084403261
100 0 0.0506932773364801

death 1 F single
1 0 0.0264698228911547
2 0 0.0141660650147203
3 0 0.00748381821454036
4 0 0.00605130991665159
5 0 0.0068261180396354
6 0 0.00657603974723664
7 0 0.00467782772472058
8 0 0.00326162873641567
9 0 0.00239325214690966
10 0 0.00196263090573201
11 0 0.00185301907417346
12 0 0.00186994579626865
13 0 0.00185922800755001
14 0 0.00184187808080083
15 0 0.00182274597853338
16 0 0.00179486284926933
17 0 0.00167008883487818
18 0 0.00154853765404783
19 0 0.00144695995181410
20 0 0.00139600213348323
21 0 0.00136901115864863
22 0 0.00142731833501852
23 0 0.00148185123252631
24 0 0.00152506047965839
25 0 0.00156981644016285
26 0 0.00160271936273404
27 0 0.00159211789198432
28 0 0.00162214446999731
29 0 0.00168367060314012
30 0 0.00177438100884342
31 0 0.00186943539667006
32 0 0.00199916923308463
33 0 0.00207229006286469
34 0 0.0020948859194454
35 0 0.00206751580963294
36 0 0.00199789142090367
37 0 0.00188670551124581
38 0 0.00186254528306817
39 0 0.00193972743030135
40 0 0.00213181881184898
41 0 0.00238683545046225
42 0 0.00273484726533624
43 0 0.00301723694068157
44 0 0.00322760041905745
45 0 0.00333672624615866
46 0 0.00334208656080714
47 0 0.00316329243837021
48 0 0.00309540857142265
49 0 0.00315017748736102
50 0 0.00333698560892137
51 0 0.00359828136497242
52 0 0.00406865658515121
53 0 0.00445960806483847
54 0 0.00473505501937999
55 0 0.00486913664638045
56 0 0.00488135972877102
57 0 0.00464194747251723
58 0 0.00464852591568199
59 0 0.00486966422734392
60 0 0.00527893759989539
61 0 0.00581171609158282
62 0 0.0067697967431014
63 0 0.00765078585949419
64 0 0.00830541312095934
65 0 0.00857920935324519
66 0 0.00854879732940261
67 0 0.008259572057423
68 0 0.00832770285558249
69 0 0.00881424071503656
70 0 0.00986578140424543
71 0 0.0114629473109676
72 0 0.0134984815935655
73 0 0.0151686261110259
74 0 0.0163500191171621
75 0 0.0167175119459687
76 0 0.0159711966097253
77 0 0.0155501973657384
78 0 0.0159556791807469
79 0 0.0171218843852264
80 0 0.0193003463496103
81 0 0.0227189437532773
82 0 0.0261843955231394
83 0 0.0292498291741878
84 0 0.0318297992741181
85 0 0.0334753697581551
86 0 0.0335891221432497
87 0 0.033254229134866
88 0 0.0332629335113547
89 0 0.0337921319430022
90 0 0.0341213939779387
91 0 0.0391724491411294
92 0 0.0405545497158822
93 0 0.0418780196176231
94 0 0.0431822213268143
95 0 0.0442480168907851
96 0 0.0452705717098099
97 0 0.0463701989313197
98 0 0.0476360697597026
99 0 0.0490054084403261
100 0 0.0506932773364801

death 1 F divorced
1 0 0.0264698228911547
2 0 0.0141660650147203
3 0 0.00748381821454036
4 0 0.00605130991665159
5 0 0.0068261180396354
6 0 0.00657603974723664
7 0 0.00467782772472058
8 0 0.00326162873641567
9 0 0.00239325214690966
10 0 0.00196263090573201
11 0 0.00185301907417346
12 0 0.00186994579626865
13 0 0.00185922800755001
14 0 0.00184187808080083
15 0 0.00182274597853338
16 0 0.00179486284926933
17 0 0.00167008883487818
18 0 0.00154853765404783
19 0 0.00144695995181410
20 0 0.00139600213348323
21 0 0.00136901115864863
22 0 0.00142731833501852
23 0 0.00148185123252631
24 0 0.00152506047965839
25 0 0.00156981644016285
26 0 0.00160271936273404
27 0 0.00159211789198432
28 0 0.00162214446999731
29 0 0.00168367060314012
30 0 0.00177438100884342
31 0 0.00186943539667006
32 0 0.00199916923308463
33 0 0.00207229006286469
34 0 0.0020948859194454
35 0 0.00206751580963294
36 0 0.00199789142090367
37 0 0.00188670551124581
38 0 0.00186254528306817
39 0 0.00193972743030135
40 0 0.00213181881184898
41 0 0.00238683545046225
42 0 0.00273484726533624
43 0 0.00301723694068157
44 0 0.00322760041905745
45 0 0.00333672624615866
46 0 0.00334208656080714
47 0 0.00316329243837021
48 0 0.00309540857142265
49 0 0.00315017748736102
50 0 0.00333698560892137
51 0 0.00359828136497242
52 0 0.00406865658515121
53 0 0.00445960806483847
54 0 0.00473505501937999
55 0 0.00486913664638045
56 0 0.00488135972877102
57 0 0.00464194747251723
58 0 0.00464852591568199
59 0 0.00486966422734392
60 0 0.00527893759989539
61 0 0.00581171609158282
62 0 0.0067697967431014
63 0 0.00765078585949419
64 0 0.00830541312095934
65 0 0.00857920935324519
66 0 0.00854879732940261
67 0 0.008259572057423
68 0 0.00832770285558249
69 0 0.00881424071503656
70 0 0.00986578140424543
71 0 0.0114629473109676
72 0 0.0134984815935655
73 0 0.0151686261110259
74 0 0.0163500191171621
75 0 0.0167175119459687
76 0 0.0159711966097253
77 0 0.0155501973657384
78 0 0.0159556791807469
79 0 0.0171218843852264
80 0 0.0193003463496103
81 0 0.0227189437532773
82 0 0.0261843955231394
83 0 0.0292498291741878
84 0 0.0318297992741181
85 0 0.0334753697581551
86 0 0.0335891221432497
87 0 0.033254229134866
88 0 0.0332629335113547
89 0 0.0337921319430022
90 0 0.0341213939779387
91 0 0.0391724491411294
92 0 0.0405545497158822
93 0 0.0418780196176231
94 0 0.0431822213268143
95 0 0.0442480168907851
96 0 0.0452705717098099
97 0 0.0463701989313197
98 0 0.0476360697597026
99 0 0.0490054084403261
100 0 0.0506932773364801

death 1 F widowed
1 0 0.0264698228911547
2 0 0.0141660650147203
3 0 0.00748381821454036
4 0 0.00605130991665159
5 0 0.0068261180396354
6 0 0.00657603974723664
7 0 0.00467782772472058
8 0 0.00326162873641567
9 0 0.00239325214690966
10 0 0.00196263090573201
11 0 0.00185301907417346
12 0 0.00186994579626865
13 0 0.00185922800755001
14 0 0.00184187808080083
15 0 0.00182274597853338
16 0 0.00179486284926933
17 0 0.00167008883487818
18 0 0.00154853765404783
19 0 0.00144695995181410
20 0 0.00139600213348323
21 0 0.00136901115864863
22 0 0.00142731833501852
23 0 0.00148185123252631
24 0 0.00152506047965839
25 0 0.00156981644016285
26 0 0.00160271936273404
27 0 0.00159211789198432
28 0 0.00162214446999731
29 0 0.00168367060314012
30 0 0.00177438100884342
31 0 0.00186943539667006
32 0 0.00199916923308463
33 0 0.00207229006286469
34 0 0.0020948859194454
35 0 0.00206751580963294
36 0 0.00199789142090367
37 0 0.00188670551124581
38 0 0.00186254528306817
39 0 0.00193972743030135
40 0 0.00213181881184898
41 0 0.00238683545046225
42 0 0.00273484726533624
43 0 0.00301723694068157
44 0 0.00322760041905745
45 0 0.00333672624615866
46 0 0.00334208656080714
47 0 0.00316329243837021
48 0 0.00309540857142265
49 0 0.00315017748736102
50 0 0.00333698560892137
51 0 0.00359828136497242
52 0 0.00406865658515121
53 0 0.00445960806483847
54 0 0.00473505501937999
55 0 0.00486913664638045
56 0 0.00488135972877102
57 0 0.00464194747251723
58 0 0.00464852591568199
59 0 0.00486966422734392
60 0 0.00527893759989539
61 0 0.00581171609158282
62 0 0.0067697967431014
63 0 0.00765078585949419
64 0 0.00830541312095934
65 0 0.00857920935324519
66 0 0.00854879732940261
67 0 0.008259572057423
68 0 0.00832770285558249
69 0 0.00881424071503656
70 0 0.00986578140424543
71 0 0.0114629473109676
72 0 0.0134984815935655
73 0 0.0151686261110259
74 0 0.0163500191171621
75 0 0.0167175119459687
76 0 0.0159711966097253
77 0 0.0155501973657384
78 0 0.0159556791807469
79 0 0.0171218843852264
80 0 0.0193003463496103
81 0 0.0227189437532773
82 0 0.0261843955231394
83 0 0.0292498291741878
84 0 0.0318297992741181
85 0 0.0334753697581551
86 0 0.0335891221432497
87 0 0.033254229134866
88 0 0.0332629335113547
89 0 0.0337921319430022
90 0 0.0341213939779387
91 0 0.0391724491411294
92 0 0.0405545497158822
93 0 0.0418780196176231
94 0 0.0431822213268143
95 0 0.0442480168907851
96 0 0.0452705717098099
97 0 0.0463701989313197
98 0 0.0476360697597026
99 0 0.0490054084403261
100 0 0.0506932773364801
