*Period monthly mortality rates for SWE in 1987 
* Mon Dec 20 14:21:36 2010
death 1 M married
1 0 0.000566763380568935
2 0 0.0000370075316366014
3 0 0.0000316721832838152
4 0 0.0000172516368102116
5 0 0.0000155846691144435
6 0 0.0000240031685829756
7 0 0.0000100838925813918
8 0 0.0000116674153447516
9 0 0.0000068335901662886
10 0 0.0000135843482271802
11 0 0.0000148345436237207
12 0 0.0000206690161500545
13 0 0.0000165014975644917
14 0 0.0000146678499107766
15 0 0.000024753369733177
16 0 0.0000357570312710109
17 0 0.0000493467241761136
18 0 0.0000401755428862671
19 0 0.0000626048853796801
20 0 0.0000862909419191427
21 0 0.0000852065862204654
22 0 0.0000894606712074086
23 0 0.0000736131299322595
24 0 0.0000771994368748974
25 0 0.0000619377618860106
26 0 0.0000771160327809328
27 0 0.000096551255299393
28 0 0.0000958838826297104
29 0 0.000101556706507022
30 0 0.0000864577670208755
31 0 0.000104810397603572
32 0 0.0000832047327596896
33 0 0.00011882762927784
34 0 0.0000878757927471607
35 0 0.000108731667270212
36 0 0.000107730475954915
37 0 0.000120329603741309
38 0 0.000107396747967003
39 0 0.000140107915847287
40 0 0.000148704895369889
41 0 0.000155633150138890
42 0 0.000136185292428426
43 0 0.000171745471282514
44 0 0.000191869012675761
45 0 0.000212080538386394
46 0 0.000217175888482690
47 0 0.000270067456130230
48 0 0.000299325619039115
49 0 0.000360965768008592
50 0 0.000372344911752420
51 0 0.000396697719786565
52 0 0.000471386879124513
53 0 0.000450280131697789
54 0 0.000566427962638061
55 0 0.000623802434801979
56 0 0.000627830074392377
57 0 0.000714971490202165
58 0 0.000806568437197397
59 0 0.000893124154346614
60 0 0.00100967140562180
61 0 0.00111008591587791
62 0 0.00113261222154470
63 0 0.00116079906540434
64 0 0.00138948633582681
65 0 0.00157329273183915
66 0 0.00176792296387229
67 0 0.00198196287288122
68 0 0.00210674033637659
69 0 0.00222878587983211
70 0 0.00247842331341519
71 0 0.00295729645849563
72 0 0.00320308031602345
73 0 0.00358709722727368
74 0 0.00409105834820445
75 0 0.00439398223385434
76 0 0.00494355594701978
77 0 0.00538800157918817
78 0 0.00605460620182374
79 0 0.00658544888313761
80 0 0.00764788416345685
81 0 0.00811188865734447
82 0 0.00929926392553615
83 0 0.00998025839037475
84 0 0.0111669553370793
85 0 0.0129912919886289
86 0 0.0139265503833507
87 0 0.0152529612908273
88 0 0.0175263743235242
89 0 0.0194938546583519
90 0 0.0201780072111959
91 0 0.0236978624029798
92 0 0.0279288033364363
93 0 0.0278560017227381
94 0 0.0302332357685288
95 0 0.0380674361945947
96 0 0.0344503022317556
97 0 0.0394629024840289
98 0 0.0569044469620598
99 0 0.0638405520197035
100 0 0.0385070988759799

death 1 M single
1 0 0.000566763380568935
2 0 0.0000370075316366014
3 0 0.0000316721832838152
4 0 0.0000172516368102116
5 0 0.0000155846691144435
6 0 0.0000240031685829756
7 0 0.0000100838925813918
8 0 0.0000116674153447516
9 0 0.0000068335901662886
10 0 0.0000135843482271802
11 0 0.0000148345436237207
12 0 0.0000206690161500545
13 0 0.0000165014975644917
14 0 0.0000146678499107766
15 0 0.000024753369733177
16 0 0.0000357570312710109
17 0 0.0000493467241761136
18 0 0.0000401755428862671
19 0 0.0000626048853796801
20 0 0.0000862909419191427
21 0 0.0000852065862204654
22 0 0.0000894606712074086
23 0 0.0000736131299322595
24 0 0.0000771994368748974
25 0 0.0000619377618860106
26 0 0.0000771160327809328
27 0 0.000096551255299393
28 0 0.0000958838826297104
29 0 0.000101556706507022
30 0 0.0000864577670208755
31 0 0.000104810397603572
32 0 0.0000832047327596896
33 0 0.00011882762927784
34 0 0.0000878757927471607
35 0 0.000108731667270212
36 0 0.000107730475954915
37 0 0.000120329603741309
38 0 0.000107396747967003
39 0 0.000140107915847287
40 0 0.000148704895369889
41 0 0.000155633150138890
42 0 0.000136185292428426
43 0 0.000171745471282514
44 0 0.000191869012675761
45 0 0.000212080538386394
46 0 0.000217175888482690
47 0 0.000270067456130230
48 0 0.000299325619039115
49 0 0.000360965768008592
50 0 0.000372344911752420
51 0 0.000396697719786565
52 0 0.000471386879124513
53 0 0.000450280131697789
54 0 0.000566427962638061
55 0 0.000623802434801979
56 0 0.000627830074392377
57 0 0.000714971490202165
58 0 0.000806568437197397
59 0 0.000893124154346614
60 0 0.00100967140562180
61 0 0.00111008591587791
62 0 0.00113261222154470
63 0 0.00116079906540434
64 0 0.00138948633582681
65 0 0.00157329273183915
66 0 0.00176792296387229
67 0 0.00198196287288122
68 0 0.00210674033637659
69 0 0.00222878587983211
70 0 0.00247842331341519
71 0 0.00295729645849563
72 0 0.00320308031602345
73 0 0.00358709722727368
74 0 0.00409105834820445
75 0 0.00439398223385434
76 0 0.00494355594701978
77 0 0.00538800157918817
78 0 0.00605460620182374
79 0 0.00658544888313761
80 0 0.00764788416345685
81 0 0.00811188865734447
82 0 0.00929926392553615
83 0 0.00998025839037475
84 0 0.0111669553370793
85 0 0.0129912919886289
86 0 0.0139265503833507
87 0 0.0152529612908273
88 0 0.0175263743235242
89 0 0.0194938546583519
90 0 0.0201780072111959
91 0 0.0236978624029798
92 0 0.0279288033364363
93 0 0.0278560017227381
94 0 0.0302332357685288
95 0 0.0380674361945947
96 0 0.0344503022317556
97 0 0.0394629024840289
98 0 0.0569044469620598
99 0 0.0638405520197035
100 0 0.0385070988759799

death 1 M divorced
1 0 0.000566763380568935
2 0 0.0000370075316366014
3 0 0.0000316721832838152
4 0 0.0000172516368102116
5 0 0.0000155846691144435
6 0 0.0000240031685829756
7 0 0.0000100838925813918
8 0 0.0000116674153447516
9 0 0.0000068335901662886
10 0 0.0000135843482271802
11 0 0.0000148345436237207
12 0 0.0000206690161500545
13 0 0.0000165014975644917
14 0 0.0000146678499107766
15 0 0.000024753369733177
16 0 0.0000357570312710109
17 0 0.0000493467241761136
18 0 0.0000401755428862671
19 0 0.0000626048853796801
20 0 0.0000862909419191427
21 0 0.0000852065862204654
22 0 0.0000894606712074086
23 0 0.0000736131299322595
24 0 0.0000771994368748974
25 0 0.0000619377618860106
26 0 0.0000771160327809328
27 0 0.000096551255299393
28 0 0.0000958838826297104
29 0 0.000101556706507022
30 0 0.0000864577670208755
31 0 0.000104810397603572
32 0 0.0000832047327596896
33 0 0.00011882762927784
34 0 0.0000878757927471607
35 0 0.000108731667270212
36 0 0.000107730475954915
37 0 0.000120329603741309
38 0 0.000107396747967003
39 0 0.000140107915847287
40 0 0.000148704895369889
41 0 0.000155633150138890
42 0 0.000136185292428426
43 0 0.000171745471282514
44 0 0.000191869012675761
45 0 0.000212080538386394
46 0 0.000217175888482690
47 0 0.000270067456130230
48 0 0.000299325619039115
49 0 0.000360965768008592
50 0 0.000372344911752420
51 0 0.000396697719786565
52 0 0.000471386879124513
53 0 0.000450280131697789
54 0 0.000566427962638061
55 0 0.000623802434801979
56 0 0.000627830074392377
57 0 0.000714971490202165
58 0 0.000806568437197397
59 0 0.000893124154346614
60 0 0.00100967140562180
61 0 0.00111008591587791
62 0 0.00113261222154470
63 0 0.00116079906540434
64 0 0.00138948633582681
65 0 0.00157329273183915
66 0 0.00176792296387229
67 0 0.00198196287288122
68 0 0.00210674033637659
69 0 0.00222878587983211
70 0 0.00247842331341519
71 0 0.00295729645849563
72 0 0.00320308031602345
73 0 0.00358709722727368
74 0 0.00409105834820445
75 0 0.00439398223385434
76 0 0.00494355594701978
77 0 0.00538800157918817
78 0 0.00605460620182374
79 0 0.00658544888313761
80 0 0.00764788416345685
81 0 0.00811188865734447
82 0 0.00929926392553615
83 0 0.00998025839037475
84 0 0.0111669553370793
85 0 0.0129912919886289
86 0 0.0139265503833507
87 0 0.0152529612908273
88 0 0.0175263743235242
89 0 0.0194938546583519
90 0 0.0201780072111959
91 0 0.0236978624029798
92 0 0.0279288033364363
93 0 0.0278560017227381
94 0 0.0302332357685288
95 0 0.0380674361945947
96 0 0.0344503022317556
97 0 0.0394629024840289
98 0 0.0569044469620598
99 0 0.0638405520197035
100 0 0.0385070988759799

death 1 M widowed
1 0 0.000566763380568935
2 0 0.0000370075316366014
3 0 0.0000316721832838152
4 0 0.0000172516368102116
5 0 0.0000155846691144435
6 0 0.0000240031685829756
7 0 0.0000100838925813918
8 0 0.0000116674153447516
9 0 0.0000068335901662886
10 0 0.0000135843482271802
11 0 0.0000148345436237207
12 0 0.0000206690161500545
13 0 0.0000165014975644917
14 0 0.0000146678499107766
15 0 0.000024753369733177
16 0 0.0000357570312710109
17 0 0.0000493467241761136
18 0 0.0000401755428862671
19 0 0.0000626048853796801
20 0 0.0000862909419191427
21 0 0.0000852065862204654
22 0 0.0000894606712074086
23 0 0.0000736131299322595
24 0 0.0000771994368748974
25 0 0.0000619377618860106
26 0 0.0000771160327809328
27 0 0.000096551255299393
28 0 0.0000958838826297104
29 0 0.000101556706507022
30 0 0.0000864577670208755
31 0 0.000104810397603572
32 0 0.0000832047327596896
33 0 0.00011882762927784
34 0 0.0000878757927471607
35 0 0.000108731667270212
36 0 0.000107730475954915
37 0 0.000120329603741309
38 0 0.000107396747967003
39 0 0.000140107915847287
40 0 0.000148704895369889
41 0 0.000155633150138890
42 0 0.000136185292428426
43 0 0.000171745471282514
44 0 0.000191869012675761
45 0 0.000212080538386394
46 0 0.000217175888482690
47 0 0.000270067456130230
48 0 0.000299325619039115
49 0 0.000360965768008592
50 0 0.000372344911752420
51 0 0.000396697719786565
52 0 0.000471386879124513
53 0 0.000450280131697789
54 0 0.000566427962638061
55 0 0.000623802434801979
56 0 0.000627830074392377
57 0 0.000714971490202165
58 0 0.000806568437197397
59 0 0.000893124154346614
60 0 0.00100967140562180
61 0 0.00111008591587791
62 0 0.00113261222154470
63 0 0.00116079906540434
64 0 0.00138948633582681
65 0 0.00157329273183915
66 0 0.00176792296387229
67 0 0.00198196287288122
68 0 0.00210674033637659
69 0 0.00222878587983211
70 0 0.00247842331341519
71 0 0.00295729645849563
72 0 0.00320308031602345
73 0 0.00358709722727368
74 0 0.00409105834820445
75 0 0.00439398223385434
76 0 0.00494355594701978
77 0 0.00538800157918817
78 0 0.00605460620182374
79 0 0.00658544888313761
80 0 0.00764788416345685
81 0 0.00811188865734447
82 0 0.00929926392553615
83 0 0.00998025839037475
84 0 0.0111669553370793
85 0 0.0129912919886289
86 0 0.0139265503833507
87 0 0.0152529612908273
88 0 0.0175263743235242
89 0 0.0194938546583519
90 0 0.0201780072111959
91 0 0.0236978624029798
92 0 0.0279288033364363
93 0 0.0278560017227381
94 0 0.0302332357685288
95 0 0.0380674361945947
96 0 0.0344503022317556
97 0 0.0394629024840289
98 0 0.0569044469620598
99 0 0.0638405520197035
100 0 0.0385070988759799

death 1 F married
1 0 0.000469711561316588
2 0 0.0000340063596577789
3 0 0.0000230029100131146
4 0 0.0000273374433057416
5 0 0.0000165014975644917
6 0 0.00000358340395678614
7 0 0.0000105839494215498
8 0 0.0000105006064238244
9 0 0.00000891710398476242
10 0 0.000012500859457365
11 0 0.0000173349859974303
12 0 0.00000666691112360951
13 0 0.00000783367083967423
14 0 0.0000122508254212228
15 0 0.00000458344887555029
16 0 0.0000180851321208708
17 0 0.0000212524839984241
18 0 0.0000327559005753875
19 0 0.0000214191897858207
20 0 0.0000258370045466139
21 0 0.000033089354648852
22 0 0.0000204189596471060
23 0 0.0000230029100131146
24 0 0.000034923373917084
25 0 0.0000252535072726712
26 0 0.0000305051175717441
27 0 0.0000294214271118198
28 0 0.0000448443922874686
29 0 0.0000336729022206717
30 0 0.0000375077365993848
31 0 0.0000503472726570697
32 0 0.0000400088026996093
33 0 0.0000462617690170086
34 0 0.000054766493517322
35 0 0.0000596862562395328
36 0 0.0000581852834553587
37 0 0.0000627716670180689
38 0 0.0000640225390599047
39 0 0.0000780334820239537
40 0 0.0000787841292010372
41 0 0.0000916294970381148
42 0 0.0000876255513057034
43 0 0.000111651871594565
44 0 0.000124919123936973
45 0 0.00011332060190139
46 0 0.000142695270753612
47 0 0.000163730695466935
48 0 0.000193956772050918
49 0 0.000174584207198181
50 0 0.00018184843515745
51 0 0.000251096481857505
52 0 0.00027073610896422
53 0 0.000273912277107935
54 0 0.000262712599617076
55 0 0.000295897747134677
56 0 0.000351595778206204
57 0 0.000355444049963238
58 0 0.000369834684024739
59 0 0.000457147662214941
60 0 0.000452122588940229
61 0 0.000529874829445887
62 0 0.000615160394118019
63 0 0.000632277467203735
64 0 0.000754876236893409
65 0 0.000786056141463654
66 0 0.000896658793379634
67 0 0.000883530827435419
68 0 0.00104313057379313
69 0 0.00108933628696772
70 0 0.00128867801237664
71 0 0.00143375218971142
72 0 0.00166474157128449
73 0 0.00183779622715541
74 0 0.00201884981366340
75 0 0.00233252560676311
76 0 0.00247165805541938
77 0 0.00281423689680071
78 0 0.00335531579110204
79 0 0.00371861984677346
80 0 0.00449760529247534
81 0 0.00503168913924845
82 0 0.00549471810979785
83 0 0.00634148685327618
84 0 0.0070537370035727
85 0 0.00810888094764051
86 0 0.00931348742384952
87 0 0.0108499458609760
88 0 0.0116942607088744
89 0 0.0136092555429346
90 0 0.0149210119610936
91 0 0.0163244479732149
92 0 0.0183063712908276
93 0 0.0214930442378566
94 0 0.0231950249471856
95 0 0.027710237602817
96 0 0.0303980913382936
97 0 0.0327135909726709
98 0 0.0364317740884315
99 0 0.0333692690095926
100 0 0.0458217838781126

death 1 F single
1 0 0.000469711561316588
2 0 0.0000340063596577789
3 0 0.0000230029100131146
4 0 0.0000273374433057416
5 0 0.0000165014975644917
6 0 0.00000358340395678614
7 0 0.0000105839494215498
8 0 0.0000105006064238244
9 0 0.00000891710398476242
10 0 0.000012500859457365
11 0 0.0000173349859974303
12 0 0.00000666691112360951
13 0 0.00000783367083967423
14 0 0.0000122508254212228
15 0 0.00000458344887555029
16 0 0.0000180851321208708
17 0 0.0000212524839984241
18 0 0.0000327559005753875
19 0 0.0000214191897858207
20 0 0.0000258370045466139
21 0 0.000033089354648852
22 0 0.0000204189596471060
23 0 0.0000230029100131146
24 0 0.000034923373917084
25 0 0.0000252535072726712
26 0 0.0000305051175717441
27 0 0.0000294214271118198
28 0 0.0000448443922874686
29 0 0.0000336729022206717
30 0 0.0000375077365993848
31 0 0.0000503472726570697
32 0 0.0000400088026996093
33 0 0.0000462617690170086
34 0 0.000054766493517322
35 0 0.0000596862562395328
36 0 0.0000581852834553587
37 0 0.0000627716670180689
38 0 0.0000640225390599047
39 0 0.0000780334820239537
40 0 0.0000787841292010372
41 0 0.0000916294970381148
42 0 0.0000876255513057034
43 0 0.000111651871594565
44 0 0.000124919123936973
45 0 0.00011332060190139
46 0 0.000142695270753612
47 0 0.000163730695466935
48 0 0.000193956772050918
49 0 0.000174584207198181
50 0 0.00018184843515745
51 0 0.000251096481857505
52 0 0.00027073610896422
53 0 0.000273912277107935
54 0 0.000262712599617076
55 0 0.000295897747134677
56 0 0.000351595778206204
57 0 0.000355444049963238
58 0 0.000369834684024739
59 0 0.000457147662214941
60 0 0.000452122588940229
61 0 0.000529874829445887
62 0 0.000615160394118019
63 0 0.000632277467203735
64 0 0.000754876236893409
65 0 0.000786056141463654
66 0 0.000896658793379634
67 0 0.000883530827435419
68 0 0.00104313057379313
69 0 0.00108933628696772
70 0 0.00128867801237664
71 0 0.00143375218971142
72 0 0.00166474157128449
73 0 0.00183779622715541
74 0 0.00201884981366340
75 0 0.00233252560676311
76 0 0.00247165805541938
77 0 0.00281423689680071
78 0 0.00335531579110204
79 0 0.00371861984677346
80 0 0.00449760529247534
81 0 0.00503168913924845
82 0 0.00549471810979785
83 0 0.00634148685327618
84 0 0.0070537370035727
85 0 0.00810888094764051
86 0 0.00931348742384952
87 0 0.0108499458609760
88 0 0.0116942607088744
89 0 0.0136092555429346
90 0 0.0149210119610936
91 0 0.0163244479732149
92 0 0.0183063712908276
93 0 0.0214930442378566
94 0 0.0231950249471856
95 0 0.027710237602817
96 0 0.0303980913382936
97 0 0.0327135909726709
98 0 0.0364317740884315
99 0 0.0333692690095926
100 0 0.0458217838781126

death 1 F divorced
1 0 0.000469711561316588
2 0 0.0000340063596577789
3 0 0.0000230029100131146
4 0 0.0000273374433057416
5 0 0.0000165014975644917
6 0 0.00000358340395678614
7 0 0.0000105839494215498
8 0 0.0000105006064238244
9 0 0.00000891710398476242
10 0 0.000012500859457365
11 0 0.0000173349859974303
12 0 0.00000666691112360951
13 0 0.00000783367083967423
14 0 0.0000122508254212228
15 0 0.00000458344887555029
16 0 0.0000180851321208708
17 0 0.0000212524839984241
18 0 0.0000327559005753875
19 0 0.0000214191897858207
20 0 0.0000258370045466139
21 0 0.000033089354648852
22 0 0.0000204189596471060
23 0 0.0000230029100131146
24 0 0.000034923373917084
25 0 0.0000252535072726712
26 0 0.0000305051175717441
27 0 0.0000294214271118198
28 0 0.0000448443922874686
29 0 0.0000336729022206717
30 0 0.0000375077365993848
31 0 0.0000503472726570697
32 0 0.0000400088026996093
33 0 0.0000462617690170086
34 0 0.000054766493517322
35 0 0.0000596862562395328
36 0 0.0000581852834553587
37 0 0.0000627716670180689
38 0 0.0000640225390599047
39 0 0.0000780334820239537
40 0 0.0000787841292010372
41 0 0.0000916294970381148
42 0 0.0000876255513057034
43 0 0.000111651871594565
44 0 0.000124919123936973
45 0 0.00011332060190139
46 0 0.000142695270753612
47 0 0.000163730695466935
48 0 0.000193956772050918
49 0 0.000174584207198181
50 0 0.00018184843515745
51 0 0.000251096481857505
52 0 0.00027073610896422
53 0 0.000273912277107935
54 0 0.000262712599617076
55 0 0.000295897747134677
56 0 0.000351595778206204
57 0 0.000355444049963238
58 0 0.000369834684024739
59 0 0.000457147662214941
60 0 0.000452122588940229
61 0 0.000529874829445887
62 0 0.000615160394118019
63 0 0.000632277467203735
64 0 0.000754876236893409
65 0 0.000786056141463654
66 0 0.000896658793379634
67 0 0.000883530827435419
68 0 0.00104313057379313
69 0 0.00108933628696772
70 0 0.00128867801237664
71 0 0.00143375218971142
72 0 0.00166474157128449
73 0 0.00183779622715541
74 0 0.00201884981366340
75 0 0.00233252560676311
76 0 0.00247165805541938
77 0 0.00281423689680071
78 0 0.00335531579110204
79 0 0.00371861984677346
80 0 0.00449760529247534
81 0 0.00503168913924845
82 0 0.00549471810979785
83 0 0.00634148685327618
84 0 0.0070537370035727
85 0 0.00810888094764051
86 0 0.00931348742384952
87 0 0.0108499458609760
88 0 0.0116942607088744
89 0 0.0136092555429346
90 0 0.0149210119610936
91 0 0.0163244479732149
92 0 0.0183063712908276
93 0 0.0214930442378566
94 0 0.0231950249471856
95 0 0.027710237602817
96 0 0.0303980913382936
97 0 0.0327135909726709
98 0 0.0364317740884315
99 0 0.0333692690095926
100 0 0.0458217838781126

death 1 F widowed
1 0 0.000469711561316588
2 0 0.0000340063596577789
3 0 0.0000230029100131146
4 0 0.0000273374433057416
5 0 0.0000165014975644917
6 0 0.00000358340395678614
7 0 0.0000105839494215498
8 0 0.0000105006064238244
9 0 0.00000891710398476242
10 0 0.000012500859457365
11 0 0.0000173349859974303
12 0 0.00000666691112360951
13 0 0.00000783367083967423
14 0 0.0000122508254212228
15 0 0.00000458344887555029
16 0 0.0000180851321208708
17 0 0.0000212524839984241
18 0 0.0000327559005753875
19 0 0.0000214191897858207
20 0 0.0000258370045466139
21 0 0.000033089354648852
22 0 0.0000204189596471060
23 0 0.0000230029100131146
24 0 0.000034923373917084
25 0 0.0000252535072726712
26 0 0.0000305051175717441
27 0 0.0000294214271118198
28 0 0.0000448443922874686
29 0 0.0000336729022206717
30 0 0.0000375077365993848
31 0 0.0000503472726570697
32 0 0.0000400088026996093
33 0 0.0000462617690170086
34 0 0.000054766493517322
35 0 0.0000596862562395328
36 0 0.0000581852834553587
37 0 0.0000627716670180689
38 0 0.0000640225390599047
39 0 0.0000780334820239537
40 0 0.0000787841292010372
41 0 0.0000916294970381148
42 0 0.0000876255513057034
43 0 0.000111651871594565
44 0 0.000124919123936973
45 0 0.00011332060190139
46 0 0.000142695270753612
47 0 0.000163730695466935
48 0 0.000193956772050918
49 0 0.000174584207198181
50 0 0.00018184843515745
51 0 0.000251096481857505
52 0 0.00027073610896422
53 0 0.000273912277107935
54 0 0.000262712599617076
55 0 0.000295897747134677
56 0 0.000351595778206204
57 0 0.000355444049963238
58 0 0.000369834684024739
59 0 0.000457147662214941
60 0 0.000452122588940229
61 0 0.000529874829445887
62 0 0.000615160394118019
63 0 0.000632277467203735
64 0 0.000754876236893409
65 0 0.000786056141463654
66 0 0.000896658793379634
67 0 0.000883530827435419
68 0 0.00104313057379313
69 0 0.00108933628696772
70 0 0.00128867801237664
71 0 0.00143375218971142
72 0 0.00166474157128449
73 0 0.00183779622715541
74 0 0.00201884981366340
75 0 0.00233252560676311
76 0 0.00247165805541938
77 0 0.00281423689680071
78 0 0.00335531579110204
79 0 0.00371861984677346
80 0 0.00449760529247534
81 0 0.00503168913924845
82 0 0.00549471810979785
83 0 0.00634148685327618
84 0 0.0070537370035727
85 0 0.00810888094764051
86 0 0.00931348742384952
87 0 0.0108499458609760
88 0 0.0116942607088744
89 0 0.0136092555429346
90 0 0.0149210119610936
91 0 0.0163244479732149
92 0 0.0183063712908276
93 0 0.0214930442378566
94 0 0.0231950249471856
95 0 0.027710237602817
96 0 0.0303980913382936
97 0 0.0327135909726709
98 0 0.0364317740884315
99 0 0.0333692690095926
100 0 0.0458217838781126
