*Period monthly mortality rates for SWE in 1776 
* Mon Dec 20 14:18:56 2010
death 1 M married
1 0 0.0192472876750868
2 0 0.00375318054707541
3 0 0.00257601905779259
4 0 0.00169555631790774
5 0 0.00138813246252889
6 0 0.00117573995255593
7 0 0.000804382480263932
8 0 0.000550413197478394
9 0 0.000410090361018356
10 0 0.000358874168669532
11 0 0.000372846965618789
12 0 0.000415782831286182
13 0 0.000446595329282817
14 0 0.000464350751889553
15 0 0.000458152710217652
16 0 0.000436714096799906
17 0 0.000421559378874448
18 0 0.000439896071321222
19 0 0.000489147147161084
20 0 0.000564750891557497
21 0 0.000650740670847139
22 0 0.000737063952449102
23 0 0.000808418134153
24 0 0.000851392151215102
25 0 0.000865609168215209
26 0 0.000849793927500175
27 0 0.000801944359588358
28 0 0.00078630831369797
29 0 0.000793117228657603
30 0 0.000829440064114007
31 0 0.000890767804740733
32 0 0.000974792602336794
33 0 0.00103495427369915
34 0 0.00106150886280998
35 0 0.00105695609604139
36 0 0.00103613431279392
37 0 0.000979425488287333
38 0 0.000950368565681203
39 0 0.000945147727196671
40 0 0.0009577793033686
41 0 0.000979593961320524
42 0 0.00108377011991723
43 0 0.00119836699304177
44 0 0.00130998051055009
45 0 0.00141081250400499
46 0 0.00151277340486244
47 0 0.00150718121814031
48 0 0.00152056914910947
49 0 0.00154650329035
50 0 0.00158177205044874
51 0 0.00161883597021961
52 0 0.00177497585189013
53 0 0.00194458010036502
54 0 0.00211586673420627
55 0 0.00228739193529026
56 0 0.00248955711517762
57 0 0.00253359184682933
58 0 0.00259248101780929
59 0 0.00268084363381382
60 0 0.00279739086140163
61 0 0.00291382996158140
62 0 0.00328547344529984
63 0 0.00363695964776778
64 0 0.00396813483200453
65 0 0.00427833414018297
66 0 0.0045956487625155
67 0 0.00463308925800621
68 0 0.00473918169878962
69 0 0.00493634004874244
70 0 0.00521995293460475
71 0 0.00555733774434675
72 0 0.00616175638699534
73 0 0.00682153556871867
74 0 0.00758162394942419
75 0 0.00835447609172413
76 0 0.00907346683230692
77 0 0.00936106934230629
78 0 0.0096695287809242
79 0 0.00995904451491214
80 0 0.0105928681312004
81 0 0.0131950390336706
82 0 0.0145067705378655
83 0 0.0157828816225917
84 0 0.0169709607504233
85 0 0.0179912953161737
86 0 0.0192971454178891
87 0 0.0211711581426235
88 0 0.0241215516041178
89 0 0.028280916506527
90 0 0.0326668662183016
91 0 0.0299555498766676
92 0 0.0329177171304761
93 0 0.0360818800863684
94 0 0.0392770150522613
95 0 0.0428230057333394
96 0 0.0477549006766312
97 0 0.0530971720084271
98 0 0.0587528515366053
99 0 0.0688770620236226
100 0 0.0854736151343318

death 1 M single
1 0 0.0192472876750868
2 0 0.00375318054707541
3 0 0.00257601905779259
4 0 0.00169555631790774
5 0 0.00138813246252889
6 0 0.00117573995255593
7 0 0.000804382480263932
8 0 0.000550413197478394
9 0 0.000410090361018356
10 0 0.000358874168669532
11 0 0.000372846965618789
12 0 0.000415782831286182
13 0 0.000446595329282817
14 0 0.000464350751889553
15 0 0.000458152710217652
16 0 0.000436714096799906
17 0 0.000421559378874448
18 0 0.000439896071321222
19 0 0.000489147147161084
20 0 0.000564750891557497
21 0 0.000650740670847139
22 0 0.000737063952449102
23 0 0.000808418134153
24 0 0.000851392151215102
25 0 0.000865609168215209
26 0 0.000849793927500175
27 0 0.000801944359588358
28 0 0.00078630831369797
29 0 0.000793117228657603
30 0 0.000829440064114007
31 0 0.000890767804740733
32 0 0.000974792602336794
33 0 0.00103495427369915
34 0 0.00106150886280998
35 0 0.00105695609604139
36 0 0.00103613431279392
37 0 0.000979425488287333
38 0 0.000950368565681203
39 0 0.000945147727196671
40 0 0.0009577793033686
41 0 0.000979593961320524
42 0 0.00108377011991723
43 0 0.00119836699304177
44 0 0.00130998051055009
45 0 0.00141081250400499
46 0 0.00151277340486244
47 0 0.00150718121814031
48 0 0.00152056914910947
49 0 0.00154650329035
50 0 0.00158177205044874
51 0 0.00161883597021961
52 0 0.00177497585189013
53 0 0.00194458010036502
54 0 0.00211586673420627
55 0 0.00228739193529026
56 0 0.00248955711517762
57 0 0.00253359184682933
58 0 0.00259248101780929
59 0 0.00268084363381382
60 0 0.00279739086140163
61 0 0.00291382996158140
62 0 0.00328547344529984
63 0 0.00363695964776778
64 0 0.00396813483200453
65 0 0.00427833414018297
66 0 0.0045956487625155
67 0 0.00463308925800621
68 0 0.00473918169878962
69 0 0.00493634004874244
70 0 0.00521995293460475
71 0 0.00555733774434675
72 0 0.00616175638699534
73 0 0.00682153556871867
74 0 0.00758162394942419
75 0 0.00835447609172413
76 0 0.00907346683230692
77 0 0.00936106934230629
78 0 0.0096695287809242
79 0 0.00995904451491214
80 0 0.0105928681312004
81 0 0.0131950390336706
82 0 0.0145067705378655
83 0 0.0157828816225917
84 0 0.0169709607504233
85 0 0.0179912953161737
86 0 0.0192971454178891
87 0 0.0211711581426235
88 0 0.0241215516041178
89 0 0.028280916506527
90 0 0.0326668662183016
91 0 0.0299555498766676
92 0 0.0329177171304761
93 0 0.0360818800863684
94 0 0.0392770150522613
95 0 0.0428230057333394
96 0 0.0477549006766312
97 0 0.0530971720084271
98 0 0.0587528515366053
99 0 0.0688770620236226
100 0 0.0854736151343318

death 1 M divorced
1 0 0.0192472876750868
2 0 0.00375318054707541
3 0 0.00257601905779259
4 0 0.00169555631790774
5 0 0.00138813246252889
6 0 0.00117573995255593
7 0 0.000804382480263932
8 0 0.000550413197478394
9 0 0.000410090361018356
10 0 0.000358874168669532
11 0 0.000372846965618789
12 0 0.000415782831286182
13 0 0.000446595329282817
14 0 0.000464350751889553
15 0 0.000458152710217652
16 0 0.000436714096799906
17 0 0.000421559378874448
18 0 0.000439896071321222
19 0 0.000489147147161084
20 0 0.000564750891557497
21 0 0.000650740670847139
22 0 0.000737063952449102
23 0 0.000808418134153
24 0 0.000851392151215102
25 0 0.000865609168215209
26 0 0.000849793927500175
27 0 0.000801944359588358
28 0 0.00078630831369797
29 0 0.000793117228657603
30 0 0.000829440064114007
31 0 0.000890767804740733
32 0 0.000974792602336794
33 0 0.00103495427369915
34 0 0.00106150886280998
35 0 0.00105695609604139
36 0 0.00103613431279392
37 0 0.000979425488287333
38 0 0.000950368565681203
39 0 0.000945147727196671
40 0 0.0009577793033686
41 0 0.000979593961320524
42 0 0.00108377011991723
43 0 0.00119836699304177
44 0 0.00130998051055009
45 0 0.00141081250400499
46 0 0.00151277340486244
47 0 0.00150718121814031
48 0 0.00152056914910947
49 0 0.00154650329035
50 0 0.00158177205044874
51 0 0.00161883597021961
52 0 0.00177497585189013
53 0 0.00194458010036502
54 0 0.00211586673420627
55 0 0.00228739193529026
56 0 0.00248955711517762
57 0 0.00253359184682933
58 0 0.00259248101780929
59 0 0.00268084363381382
60 0 0.00279739086140163
61 0 0.00291382996158140
62 0 0.00328547344529984
63 0 0.00363695964776778
64 0 0.00396813483200453
65 0 0.00427833414018297
66 0 0.0045956487625155
67 0 0.00463308925800621
68 0 0.00473918169878962
69 0 0.00493634004874244
70 0 0.00521995293460475
71 0 0.00555733774434675
72 0 0.00616175638699534
73 0 0.00682153556871867
74 0 0.00758162394942419
75 0 0.00835447609172413
76 0 0.00907346683230692
77 0 0.00936106934230629
78 0 0.0096695287809242
79 0 0.00995904451491214
80 0 0.0105928681312004
81 0 0.0131950390336706
82 0 0.0145067705378655
83 0 0.0157828816225917
84 0 0.0169709607504233
85 0 0.0179912953161737
86 0 0.0192971454178891
87 0 0.0211711581426235
88 0 0.0241215516041178
89 0 0.028280916506527
90 0 0.0326668662183016
91 0 0.0299555498766676
92 0 0.0329177171304761
93 0 0.0360818800863684
94 0 0.0392770150522613
95 0 0.0428230057333394
96 0 0.0477549006766312
97 0 0.0530971720084271
98 0 0.0587528515366053
99 0 0.0688770620236226
100 0 0.0854736151343318

death 1 M widowed
1 0 0.0192472876750868
2 0 0.00375318054707541
3 0 0.00257601905779259
4 0 0.00169555631790774
5 0 0.00138813246252889
6 0 0.00117573995255593
7 0 0.000804382480263932
8 0 0.000550413197478394
9 0 0.000410090361018356
10 0 0.000358874168669532
11 0 0.000372846965618789
12 0 0.000415782831286182
13 0 0.000446595329282817
14 0 0.000464350751889553
15 0 0.000458152710217652
16 0 0.000436714096799906
17 0 0.000421559378874448
18 0 0.000439896071321222
19 0 0.000489147147161084
20 0 0.000564750891557497
21 0 0.000650740670847139
22 0 0.000737063952449102
23 0 0.000808418134153
24 0 0.000851392151215102
25 0 0.000865609168215209
26 0 0.000849793927500175
27 0 0.000801944359588358
28 0 0.00078630831369797
29 0 0.000793117228657603
30 0 0.000829440064114007
31 0 0.000890767804740733
32 0 0.000974792602336794
33 0 0.00103495427369915
34 0 0.00106150886280998
35 0 0.00105695609604139
36 0 0.00103613431279392
37 0 0.000979425488287333
38 0 0.000950368565681203
39 0 0.000945147727196671
40 0 0.0009577793033686
41 0 0.000979593961320524
42 0 0.00108377011991723
43 0 0.00119836699304177
44 0 0.00130998051055009
45 0 0.00141081250400499
46 0 0.00151277340486244
47 0 0.00150718121814031
48 0 0.00152056914910947
49 0 0.00154650329035
50 0 0.00158177205044874
51 0 0.00161883597021961
52 0 0.00177497585189013
53 0 0.00194458010036502
54 0 0.00211586673420627
55 0 0.00228739193529026
56 0 0.00248955711517762
57 0 0.00253359184682933
58 0 0.00259248101780929
59 0 0.00268084363381382
60 0 0.00279739086140163
61 0 0.00291382996158140
62 0 0.00328547344529984
63 0 0.00363695964776778
64 0 0.00396813483200453
65 0 0.00427833414018297
66 0 0.0045956487625155
67 0 0.00463308925800621
68 0 0.00473918169878962
69 0 0.00493634004874244
70 0 0.00521995293460475
71 0 0.00555733774434675
72 0 0.00616175638699534
73 0 0.00682153556871867
74 0 0.00758162394942419
75 0 0.00835447609172413
76 0 0.00907346683230692
77 0 0.00936106934230629
78 0 0.0096695287809242
79 0 0.00995904451491214
80 0 0.0105928681312004
81 0 0.0131950390336706
82 0 0.0145067705378655
83 0 0.0157828816225917
84 0 0.0169709607504233
85 0 0.0179912953161737
86 0 0.0192971454178891
87 0 0.0211711581426235
88 0 0.0241215516041178
89 0 0.028280916506527
90 0 0.0326668662183016
91 0 0.0299555498766676
92 0 0.0329177171304761
93 0 0.0360818800863684
94 0 0.0392770150522613
95 0 0.0428230057333394
96 0 0.0477549006766312
97 0 0.0530971720084271
98 0 0.0587528515366053
99 0 0.0688770620236226
100 0 0.0854736151343318

death 1 F married
1 0 0.0160741174178042
2 0 0.00370585829927206
3 0 0.00255570294646823
4 0 0.00159983564008814
5 0 0.00125546623152761
6 0 0.00107179558371540
7 0 0.000738912234653388
8 0 0.000510514333699752
9 0 0.000382470200815832
10 0 0.000332105947945971
11 0 0.000338379042293613
12 0 0.000377951337377946
13 0 0.00041176457996317
14 0 0.000439979808997459
15 0 0.000453546331487975
16 0 0.000455891367843630
17 0 0.000441738318025631
18 0 0.000441235883402169
19 0 0.000451955091283596
20 0 0.000470130387872802
21 0 0.000488141756279648
22 0 0.000525097180874123
23 0 0.000572968835651388
24 0 0.000625396687456203
25 0 0.000686082992753523
26 0 0.000749162482153731
27 0 0.000770422829966866
28 0 0.000790006920231678
29 0 0.000799422234649239
30 0 0.000806736589909707
31 0 0.000814724202320094
32 0 0.000859215441437633
33 0 0.000900698549286427
34 0 0.000935212121718432
35 0 0.000963927306030343
36 0 0.000991387850335257
37 0 0.00098987140737461
38 0 0.00100309901268314
39 0 0.00102551451289734
40 0 0.00104818844752985
41 0 0.00106243630624647
42 0 0.00111717224104946
43 0 0.00116907111724107
44 0 0.00120326463213705
45 0 0.00120698025871335
46 0 0.00119735372138285
47 0 0.00114839240041942
48 0 0.00114273822428379
49 0 0.00117464251560861
50 0 0.00124152597425908
51 0 0.00133187995452955
52 0 0.00151243447464766
53 0 0.00168579293804505
54 0 0.00183473495741371
55 0 0.00194364359996690
56 0 0.00203606317159721
57 0 0.00201731610855038
58 0 0.00208064561063692
59 0 0.00223203128890925
60 0 0.00246686273516494
61 0 0.00275975643957826
62 0 0.00320981404965393
63 0 0.00358492991845727
64 0 0.00386763758641540
65 0 0.00405279565341665
66 0 0.00417923740354054
67 0 0.00416056523355557
68 0 0.00423379266974244
69 0 0.00442976428766695
70 0 0.00477606676688414
71 0 0.00523434235118658
72 0 0.00600045545931016
73 0 0.0068440907585644
74 0 0.00772408463316698
75 0 0.00850786722220442
76 0 0.00919856302510824
77 0 0.00953322086677222
78 0 0.0100323838788174
79 0 0.0107266632615461
80 0 0.0118411058066820
81 0 0.0129256905239935
82 0 0.0141271733963639
83 0 0.0154014065238641
84 0 0.0166443134024334
85 0 0.0176289744087240
86 0 0.0184081343108461
87 0 0.0193003463496103
88 0 0.0205387101337848
89 0 0.0223145886655138
90 0 0.0247555240141358
91 0 0.0273169780495299
92 0 0.0295514905336068
93 0 0.0319826586367996
94 0 0.0346781649754135
95 0 0.0376631454765256
96 0 0.0409786876480338
97 0 0.0449080253066337
98 0 0.0490023670518781
99 0 0.0537966137836395
100 0 0.0607140711204366

death 1 F single
1 0 0.0160741174178042
2 0 0.00370585829927206
3 0 0.00255570294646823
4 0 0.00159983564008814
5 0 0.00125546623152761
6 0 0.00107179558371540
7 0 0.000738912234653388
8 0 0.000510514333699752
9 0 0.000382470200815832
10 0 0.000332105947945971
11 0 0.000338379042293613
12 0 0.000377951337377946
13 0 0.00041176457996317
14 0 0.000439979808997459
15 0 0.000453546331487975
16 0 0.000455891367843630
17 0 0.000441738318025631
18 0 0.000441235883402169
19 0 0.000451955091283596
20 0 0.000470130387872802
21 0 0.000488141756279648
22 0 0.000525097180874123
23 0 0.000572968835651388
24 0 0.000625396687456203
25 0 0.000686082992753523
26 0 0.000749162482153731
27 0 0.000770422829966866
28 0 0.000790006920231678
29 0 0.000799422234649239
30 0 0.000806736589909707
31 0 0.000814724202320094
32 0 0.000859215441437633
33 0 0.000900698549286427
34 0 0.000935212121718432
35 0 0.000963927306030343
36 0 0.000991387850335257
37 0 0.00098987140737461
38 0 0.00100309901268314
39 0 0.00102551451289734
40 0 0.00104818844752985
41 0 0.00106243630624647
42 0 0.00111717224104946
43 0 0.00116907111724107
44 0 0.00120326463213705
45 0 0.00120698025871335
46 0 0.00119735372138285
47 0 0.00114839240041942
48 0 0.00114273822428379
49 0 0.00117464251560861
50 0 0.00124152597425908
51 0 0.00133187995452955
52 0 0.00151243447464766
53 0 0.00168579293804505
54 0 0.00183473495741371
55 0 0.00194364359996690
56 0 0.00203606317159721
57 0 0.00201731610855038
58 0 0.00208064561063692
59 0 0.00223203128890925
60 0 0.00246686273516494
61 0 0.00275975643957826
62 0 0.00320981404965393
63 0 0.00358492991845727
64 0 0.00386763758641540
65 0 0.00405279565341665
66 0 0.00417923740354054
67 0 0.00416056523355557
68 0 0.00423379266974244
69 0 0.00442976428766695
70 0 0.00477606676688414
71 0 0.00523434235118658
72 0 0.00600045545931016
73 0 0.0068440907585644
74 0 0.00772408463316698
75 0 0.00850786722220442
76 0 0.00919856302510824
77 0 0.00953322086677222
78 0 0.0100323838788174
79 0 0.0107266632615461
80 0 0.0118411058066820
81 0 0.0129256905239935
82 0 0.0141271733963639
83 0 0.0154014065238641
84 0 0.0166443134024334
85 0 0.0176289744087240
86 0 0.0184081343108461
87 0 0.0193003463496103
88 0 0.0205387101337848
89 0 0.0223145886655138
90 0 0.0247555240141358
91 0 0.0273169780495299
92 0 0.0295514905336068
93 0 0.0319826586367996
94 0 0.0346781649754135
95 0 0.0376631454765256
96 0 0.0409786876480338
97 0 0.0449080253066337
98 0 0.0490023670518781
99 0 0.0537966137836395
100 0 0.0607140711204366

death 1 F divorced
1 0 0.0160741174178042
2 0 0.00370585829927206
3 0 0.00255570294646823
4 0 0.00159983564008814
5 0 0.00125546623152761
6 0 0.00107179558371540
7 0 0.000738912234653388
8 0 0.000510514333699752
9 0 0.000382470200815832
10 0 0.000332105947945971
11 0 0.000338379042293613
12 0 0.000377951337377946
13 0 0.00041176457996317
14 0 0.000439979808997459
15 0 0.000453546331487975
16 0 0.000455891367843630
17 0 0.000441738318025631
18 0 0.000441235883402169
19 0 0.000451955091283596
20 0 0.000470130387872802
21 0 0.000488141756279648
22 0 0.000525097180874123
23 0 0.000572968835651388
24 0 0.000625396687456203
25 0 0.000686082992753523
26 0 0.000749162482153731
27 0 0.000770422829966866
28 0 0.000790006920231678
29 0 0.000799422234649239
30 0 0.000806736589909707
31 0 0.000814724202320094
32 0 0.000859215441437633
33 0 0.000900698549286427
34 0 0.000935212121718432
35 0 0.000963927306030343
36 0 0.000991387850335257
37 0 0.00098987140737461
38 0 0.00100309901268314
39 0 0.00102551451289734
40 0 0.00104818844752985
41 0 0.00106243630624647
42 0 0.00111717224104946
43 0 0.00116907111724107
44 0 0.00120326463213705
45 0 0.00120698025871335
46 0 0.00119735372138285
47 0 0.00114839240041942
48 0 0.00114273822428379
49 0 0.00117464251560861
50 0 0.00124152597425908
51 0 0.00133187995452955
52 0 0.00151243447464766
53 0 0.00168579293804505
54 0 0.00183473495741371
55 0 0.00194364359996690
56 0 0.00203606317159721
57 0 0.00201731610855038
58 0 0.00208064561063692
59 0 0.00223203128890925
60 0 0.00246686273516494
61 0 0.00275975643957826
62 0 0.00320981404965393
63 0 0.00358492991845727
64 0 0.00386763758641540
65 0 0.00405279565341665
66 0 0.00417923740354054
67 0 0.00416056523355557
68 0 0.00423379266974244
69 0 0.00442976428766695
70 0 0.00477606676688414
71 0 0.00523434235118658
72 0 0.00600045545931016
73 0 0.0068440907585644
74 0 0.00772408463316698
75 0 0.00850786722220442
76 0 0.00919856302510824
77 0 0.00953322086677222
78 0 0.0100323838788174
79 0 0.0107266632615461
80 0 0.0118411058066820
81 0 0.0129256905239935
82 0 0.0141271733963639
83 0 0.0154014065238641
84 0 0.0166443134024334
85 0 0.0176289744087240
86 0 0.0184081343108461
87 0 0.0193003463496103
88 0 0.0205387101337848
89 0 0.0223145886655138
90 0 0.0247555240141358
91 0 0.0273169780495299
92 0 0.0295514905336068
93 0 0.0319826586367996
94 0 0.0346781649754135
95 0 0.0376631454765256
96 0 0.0409786876480338
97 0 0.0449080253066337
98 0 0.0490023670518781
99 0 0.0537966137836395
100 0 0.0607140711204366

death 1 F widowed
1 0 0.0160741174178042
2 0 0.00370585829927206
3 0 0.00255570294646823
4 0 0.00159983564008814
5 0 0.00125546623152761
6 0 0.00107179558371540
7 0 0.000738912234653388
8 0 0.000510514333699752
9 0 0.000382470200815832
10 0 0.000332105947945971
11 0 0.000338379042293613
12 0 0.000377951337377946
13 0 0.00041176457996317
14 0 0.000439979808997459
15 0 0.000453546331487975
16 0 0.000455891367843630
17 0 0.000441738318025631
18 0 0.000441235883402169
19 0 0.000451955091283596
20 0 0.000470130387872802
21 0 0.000488141756279648
22 0 0.000525097180874123
23 0 0.000572968835651388
24 0 0.000625396687456203
25 0 0.000686082992753523
26 0 0.000749162482153731
27 0 0.000770422829966866
28 0 0.000790006920231678
29 0 0.000799422234649239
30 0 0.000806736589909707
31 0 0.000814724202320094
32 0 0.000859215441437633
33 0 0.000900698549286427
34 0 0.000935212121718432
35 0 0.000963927306030343
36 0 0.000991387850335257
37 0 0.00098987140737461
38 0 0.00100309901268314
39 0 0.00102551451289734
40 0 0.00104818844752985
41 0 0.00106243630624647
42 0 0.00111717224104946
43 0 0.00116907111724107
44 0 0.00120326463213705
45 0 0.00120698025871335
46 0 0.00119735372138285
47 0 0.00114839240041942
48 0 0.00114273822428379
49 0 0.00117464251560861
50 0 0.00124152597425908
51 0 0.00133187995452955
52 0 0.00151243447464766
53 0 0.00168579293804505
54 0 0.00183473495741371
55 0 0.00194364359996690
56 0 0.00203606317159721
57 0 0.00201731610855038
58 0 0.00208064561063692
59 0 0.00223203128890925
60 0 0.00246686273516494
61 0 0.00275975643957826
62 0 0.00320981404965393
63 0 0.00358492991845727
64 0 0.00386763758641540
65 0 0.00405279565341665
66 0 0.00417923740354054
67 0 0.00416056523355557
68 0 0.00423379266974244
69 0 0.00442976428766695
70 0 0.00477606676688414
71 0 0.00523434235118658
72 0 0.00600045545931016
73 0 0.0068440907585644
74 0 0.00772408463316698
75 0 0.00850786722220442
76 0 0.00919856302510824
77 0 0.00953322086677222
78 0 0.0100323838788174
79 0 0.0107266632615461
80 0 0.0118411058066820
81 0 0.0129256905239935
82 0 0.0141271733963639
83 0 0.0154014065238641
84 0 0.0166443134024334
85 0 0.0176289744087240
86 0 0.0184081343108461
87 0 0.0193003463496103
88 0 0.0205387101337848
89 0 0.0223145886655138
90 0 0.0247555240141358
91 0 0.0273169780495299
92 0 0.0295514905336068
93 0 0.0319826586367996
94 0 0.0346781649754135
95 0 0.0376631454765256
96 0 0.0409786876480338
97 0 0.0449080253066337
98 0 0.0490023670518781
99 0 0.0537966137836395
100 0 0.0607140711204366
