*Period monthly mortality rates for SWE in 2046 
* Mon Dec 20 14:21:52 2010
death 1 M married
1 0 0.000205231501423930
2 0 0.0000208357208674181
3 0 0.00000666691112360951
4 0 0.00000500013750526218
5 0 0.00000416676215586609
6 0 0.00000333339444602565
7 0 0.00000333339444602565
8 0 0.00000333339444602565
9 0 0.00000333339444602565
10 0 0.00000333339444602565
11 0 0.00000333339444602565
12 0 0.00000416676215586609
13 0 0.00000333339444602565
14 0 0.00000500013750526218
15 0 0.00000583352049443597
16 0 0.00000833371530217786
17 0 0.0000108339788730261
18 0 0.0000141677706060328
19 0 0.0000183351822042876
20 0 0.0000241698794146705
21 0 0.0000283377495704507
22 0 0.0000308385633891461
23 0 0.0000316721832838152
24 0 0.0000308385633891461
25 0 0.0000300049511388067
26 0 0.0000300049511388067
27 0 0.0000300049511388067
28 0 0.0000275041602521009
29 0 0.0000275041602521009
30 0 0.0000275041602521009
31 0 0.0000283377495704507
32 0 0.0000258370045466139
33 0 0.0000275041602521009
34 0 0.0000291713465325749
35 0 0.0000291713465325749
36 0 0.0000316721832838152
37 0 0.0000341730888351321
38 0 0.0000350067393084519
39 0 0.0000391751063537615
40 0 0.0000425099376131222
41 0 0.0000450111413439203
42 0 0.0000491799671665794
43 0 0.0000550166445189015
44 0 0.000061687591838111
45 0 0.000065857182524165
46 0 0.0000733629277510639
47 0 0.000080869292772956
48 0 0.000087542137645058
49 0 0.0000983865554056162
50 0 0.000107563611807859
51 0 0.000117576002849673
52 0 0.000133431211178481
53 0 0.000146785110982983
54 0 0.000167654507824855
55 0 0.000180178446304025
56 0 0.000197714859778153
57 0 0.000218595954981304
58 0 0.000245330758940732
59 0 0.000259536822839412
60 0 0.000292135597524501
61 0 0.000313038399728627
62 0 0.000347329406522712
63 0 0.000385817651945008
64 0 0.000423484976341815
65 0 0.000477083190726146
66 0 0.000521493156080077
67 0 0.000572633394811173
68 0 0.000640585444512398
69 0 0.00070270955234053
70 0 0.00077916370478559
71 0 0.000869142736635187
72 0 0.00095584234764956
73 0 0.00106960323401462
74 0 0.00119448284641999
75 0 0.00133813790889226
76 0 0.00151929805816908
77 0 0.00167535152887988
78 0 0.00194738965955765
79 0 0.00222195381920132
80 0 0.00253247786432043
81 0 0.00292148888083832
82 0 0.00341076122178197
83 0 0.00400975855362762
84 0 0.00465045568306721
85 0 0.00554165662243278
86 0 0.00652676980664335
87 0 0.00772036382995633
88 0 0.00901830272821746
89 0 0.0107068674155015
90 0 0.0124966179642050
91 0 0.0146348698698037
92 0 0.0174128717433292
93 0 0.0206462001659197
94 0 0.0235442642000996
95 0 0.0273380012404784
96 0 0.0303844000975227
97 0 0.0357629782271515
98 0 0.0402693526957748
99 0 0.0443378605213215
100 0 0.049950214732733

death 1 M single
1 0 0.000205231501423930
2 0 0.0000208357208674181
3 0 0.00000666691112360951
4 0 0.00000500013750526218
5 0 0.00000416676215586609
6 0 0.00000333339444602565
7 0 0.00000333339444602565
8 0 0.00000333339444602565
9 0 0.00000333339444602565
10 0 0.00000333339444602565
11 0 0.00000333339444602565
12 0 0.00000416676215586609
13 0 0.00000333339444602565
14 0 0.00000500013750526218
15 0 0.00000583352049443597
16 0 0.00000833371530217786
17 0 0.0000108339788730261
18 0 0.0000141677706060328
19 0 0.0000183351822042876
20 0 0.0000241698794146705
21 0 0.0000283377495704507
22 0 0.0000308385633891461
23 0 0.0000316721832838152
24 0 0.0000308385633891461
25 0 0.0000300049511388067
26 0 0.0000300049511388067
27 0 0.0000300049511388067
28 0 0.0000275041602521009
29 0 0.0000275041602521009
30 0 0.0000275041602521009
31 0 0.0000283377495704507
32 0 0.0000258370045466139
33 0 0.0000275041602521009
34 0 0.0000291713465325749
35 0 0.0000291713465325749
36 0 0.0000316721832838152
37 0 0.0000341730888351321
38 0 0.0000350067393084519
39 0 0.0000391751063537615
40 0 0.0000425099376131222
41 0 0.0000450111413439203
42 0 0.0000491799671665794
43 0 0.0000550166445189015
44 0 0.000061687591838111
45 0 0.000065857182524165
46 0 0.0000733629277510639
47 0 0.000080869292772956
48 0 0.000087542137645058
49 0 0.0000983865554056162
50 0 0.000107563611807859
51 0 0.000117576002849673
52 0 0.000133431211178481
53 0 0.000146785110982983
54 0 0.000167654507824855
55 0 0.000180178446304025
56 0 0.000197714859778153
57 0 0.000218595954981304
58 0 0.000245330758940732
59 0 0.000259536822839412
60 0 0.000292135597524501
61 0 0.000313038399728627
62 0 0.000347329406522712
63 0 0.000385817651945008
64 0 0.000423484976341815
65 0 0.000477083190726146
66 0 0.000521493156080077
67 0 0.000572633394811173
68 0 0.000640585444512398
69 0 0.00070270955234053
70 0 0.00077916370478559
71 0 0.000869142736635187
72 0 0.00095584234764956
73 0 0.00106960323401462
74 0 0.00119448284641999
75 0 0.00133813790889226
76 0 0.00151929805816908
77 0 0.00167535152887988
78 0 0.00194738965955765
79 0 0.00222195381920132
80 0 0.00253247786432043
81 0 0.00292148888083832
82 0 0.00341076122178197
83 0 0.00400975855362762
84 0 0.00465045568306721
85 0 0.00554165662243278
86 0 0.00652676980664335
87 0 0.00772036382995633
88 0 0.00901830272821746
89 0 0.0107068674155015
90 0 0.0124966179642050
91 0 0.0146348698698037
92 0 0.0174128717433292
93 0 0.0206462001659197
94 0 0.0235442642000996
95 0 0.0273380012404784
96 0 0.0303844000975227
97 0 0.0357629782271515
98 0 0.0402693526957748
99 0 0.0443378605213215
100 0 0.049950214732733

death 1 M divorced
1 0 0.000205231501423930
2 0 0.0000208357208674181
3 0 0.00000666691112360951
4 0 0.00000500013750526218
5 0 0.00000416676215586609
6 0 0.00000333339444602565
7 0 0.00000333339444602565
8 0 0.00000333339444602565
9 0 0.00000333339444602565
10 0 0.00000333339444602565
11 0 0.00000333339444602565
12 0 0.00000416676215586609
13 0 0.00000333339444602565
14 0 0.00000500013750526218
15 0 0.00000583352049443597
16 0 0.00000833371530217786
17 0 0.0000108339788730261
18 0 0.0000141677706060328
19 0 0.0000183351822042876
20 0 0.0000241698794146705
21 0 0.0000283377495704507
22 0 0.0000308385633891461
23 0 0.0000316721832838152
24 0 0.0000308385633891461
25 0 0.0000300049511388067
26 0 0.0000300049511388067
27 0 0.0000300049511388067
28 0 0.0000275041602521009
29 0 0.0000275041602521009
30 0 0.0000275041602521009
31 0 0.0000283377495704507
32 0 0.0000258370045466139
33 0 0.0000275041602521009
34 0 0.0000291713465325749
35 0 0.0000291713465325749
36 0 0.0000316721832838152
37 0 0.0000341730888351321
38 0 0.0000350067393084519
39 0 0.0000391751063537615
40 0 0.0000425099376131222
41 0 0.0000450111413439203
42 0 0.0000491799671665794
43 0 0.0000550166445189015
44 0 0.000061687591838111
45 0 0.000065857182524165
46 0 0.0000733629277510639
47 0 0.000080869292772956
48 0 0.000087542137645058
49 0 0.0000983865554056162
50 0 0.000107563611807859
51 0 0.000117576002849673
52 0 0.000133431211178481
53 0 0.000146785110982983
54 0 0.000167654507824855
55 0 0.000180178446304025
56 0 0.000197714859778153
57 0 0.000218595954981304
58 0 0.000245330758940732
59 0 0.000259536822839412
60 0 0.000292135597524501
61 0 0.000313038399728627
62 0 0.000347329406522712
63 0 0.000385817651945008
64 0 0.000423484976341815
65 0 0.000477083190726146
66 0 0.000521493156080077
67 0 0.000572633394811173
68 0 0.000640585444512398
69 0 0.00070270955234053
70 0 0.00077916370478559
71 0 0.000869142736635187
72 0 0.00095584234764956
73 0 0.00106960323401462
74 0 0.00119448284641999
75 0 0.00133813790889226
76 0 0.00151929805816908
77 0 0.00167535152887988
78 0 0.00194738965955765
79 0 0.00222195381920132
80 0 0.00253247786432043
81 0 0.00292148888083832
82 0 0.00341076122178197
83 0 0.00400975855362762
84 0 0.00465045568306721
85 0 0.00554165662243278
86 0 0.00652676980664335
87 0 0.00772036382995633
88 0 0.00901830272821746
89 0 0.0107068674155015
90 0 0.0124966179642050
91 0 0.0146348698698037
92 0 0.0174128717433292
93 0 0.0206462001659197
94 0 0.0235442642000996
95 0 0.0273380012404784
96 0 0.0303844000975227
97 0 0.0357629782271515
98 0 0.0402693526957748
99 0 0.0443378605213215
100 0 0.049950214732733

death 1 M widowed
1 0 0.000205231501423930
2 0 0.0000208357208674181
3 0 0.00000666691112360951
4 0 0.00000500013750526218
5 0 0.00000416676215586609
6 0 0.00000333339444602565
7 0 0.00000333339444602565
8 0 0.00000333339444602565
9 0 0.00000333339444602565
10 0 0.00000333339444602565
11 0 0.00000333339444602565
12 0 0.00000416676215586609
13 0 0.00000333339444602565
14 0 0.00000500013750526218
15 0 0.00000583352049443597
16 0 0.00000833371530217786
17 0 0.0000108339788730261
18 0 0.0000141677706060328
19 0 0.0000183351822042876
20 0 0.0000241698794146705
21 0 0.0000283377495704507
22 0 0.0000308385633891461
23 0 0.0000316721832838152
24 0 0.0000308385633891461
25 0 0.0000300049511388067
26 0 0.0000300049511388067
27 0 0.0000300049511388067
28 0 0.0000275041602521009
29 0 0.0000275041602521009
30 0 0.0000275041602521009
31 0 0.0000283377495704507
32 0 0.0000258370045466139
33 0 0.0000275041602521009
34 0 0.0000291713465325749
35 0 0.0000291713465325749
36 0 0.0000316721832838152
37 0 0.0000341730888351321
38 0 0.0000350067393084519
39 0 0.0000391751063537615
40 0 0.0000425099376131222
41 0 0.0000450111413439203
42 0 0.0000491799671665794
43 0 0.0000550166445189015
44 0 0.000061687591838111
45 0 0.000065857182524165
46 0 0.0000733629277510639
47 0 0.000080869292772956
48 0 0.000087542137645058
49 0 0.0000983865554056162
50 0 0.000107563611807859
51 0 0.000117576002849673
52 0 0.000133431211178481
53 0 0.000146785110982983
54 0 0.000167654507824855
55 0 0.000180178446304025
56 0 0.000197714859778153
57 0 0.000218595954981304
58 0 0.000245330758940732
59 0 0.000259536822839412
60 0 0.000292135597524501
61 0 0.000313038399728627
62 0 0.000347329406522712
63 0 0.000385817651945008
64 0 0.000423484976341815
65 0 0.000477083190726146
66 0 0.000521493156080077
67 0 0.000572633394811173
68 0 0.000640585444512398
69 0 0.00070270955234053
70 0 0.00077916370478559
71 0 0.000869142736635187
72 0 0.00095584234764956
73 0 0.00106960323401462
74 0 0.00119448284641999
75 0 0.00133813790889226
76 0 0.00151929805816908
77 0 0.00167535152887988
78 0 0.00194738965955765
79 0 0.00222195381920132
80 0 0.00253247786432043
81 0 0.00292148888083832
82 0 0.00341076122178197
83 0 0.00400975855362762
84 0 0.00465045568306721
85 0 0.00554165662243278
86 0 0.00652676980664335
87 0 0.00772036382995633
88 0 0.00901830272821746
89 0 0.0107068674155015
90 0 0.0124966179642050
91 0 0.0146348698698037
92 0 0.0174128717433292
93 0 0.0206462001659197
94 0 0.0235442642000996
95 0 0.0273380012404784
96 0 0.0303844000975227
97 0 0.0357629782271515
98 0 0.0402693526957748
99 0 0.0443378605213215
100 0 0.049950214732733

death 1 F married
1 0 0.000203561082892323
2 0 0.0000216692490401238
3 0 0.00000666691112360951
4 0 0.00000500013750526218
5 0 0.00000416676215586609
6 0 0.00000416676215586609
7 0 0.00000333339444602565
8 0 0.00000250003437562984
9 0 0.00000250003437562984
10 0 0.00000333339444602565
11 0 0.00000333339444602565
12 0 0.00000333339444602565
13 0 0.00000333339444602565
14 0 0.00000333339444602565
15 0 0.00000416676215586609
16 0 0.00000666691112360951
17 0 0.00000750030939278279
18 0 0.00000833371530217786
19 0 0.00000916712885190574
20 0 0.0000100005500421885
21 0 0.0000116674153447516
22 0 0.000012500859457365
23 0 0.0000116674153447516
24 0 0.0000116674153447516
25 0 0.0000100005500421885
26 0 0.0000100005500421885
27 0 0.0000116674153447516
28 0 0.0000108339788730261
29 0 0.0000108339788730261
30 0 0.0000116674153447516
31 0 0.000012500859457365
32 0 0.0000133343112110884
33 0 0.0000133343112110884
34 0 0.0000141677706060328
35 0 0.0000150012376423092
36 0 0.0000183351822042876
37 0 0.0000208357208674181
38 0 0.0000216692490401238
39 0 0.0000233363283135279
40 0 0.0000241698794146705
41 0 0.0000250034381590325
42 0 0.0000275041602521009
43 0 0.0000333394460065861
44 0 0.0000358403974268784
45 0 0.0000408425066913409
46 0 0.0000475124138960004
47 0 0.0000533489841776369
48 0 0.0000608536966506534
49 0 0.0000725289254539518
50 0 0.0000850397634148958
51 0 0.000097552323490957
52 0 0.000110900952950965
53 0 0.000120079272940554
54 0 0.000130093042745694
55 0 0.000145115766213677
56 0 0.000162645415570539
57 0 0.000183518454694553
58 0 0.000201055512655035
59 0 0.000222772749752909
60 0 0.000238646320656399
61 0 0.000271237601818131
62 0 0.000299660052488715
63 0 0.000317219537152469
64 0 0.000354021843591124
65 0 0.000380796521490145
66 0 0.000425996686536201
67 0 0.000456980155295161
68 0 0.000500542354690436
69 0 0.00054915561294655
70 0 0.000595278431522073
71 0 0.000668284190493806
72 0 0.000732947459052058
73 0 0.000810267868774917
74 0 0.000903644317912566
75 0 0.00101396899664985
76 0 0.00113202157290559
77 0 0.00127388755101021
78 0 0.00144983882170291
79 0 0.00163461605327941
80 0 0.00188355751140656
81 0 0.00215878164079908
82 0 0.00250506106996018
83 0 0.00283890995522251
84 0 0.00330180550769621
85 0 0.00380183101210763
86 0 0.0045592752969108
87 0 0.00540887483764352
88 0 0.00639521645803076
89 0 0.00759521646872263
90 0 0.00898700590439405
91 0 0.0104773288772945
92 0 0.0125483087379995
93 0 0.014443963046042
94 0 0.016838470967948
95 0 0.0192483196438951
96 0 0.0221537655125796
97 0 0.0252202815980526
98 0 0.0290397275410955
99 0 0.0329560210117295
100 0 0.0359734553822542

death 1 F single
1 0 0.000203561082892323
2 0 0.0000216692490401238
3 0 0.00000666691112360951
4 0 0.00000500013750526218
5 0 0.00000416676215586609
6 0 0.00000416676215586609
7 0 0.00000333339444602565
8 0 0.00000250003437562984
9 0 0.00000250003437562984
10 0 0.00000333339444602565
11 0 0.00000333339444602565
12 0 0.00000333339444602565
13 0 0.00000333339444602565
14 0 0.00000333339444602565
15 0 0.00000416676215586609
16 0 0.00000666691112360951
17 0 0.00000750030939278279
18 0 0.00000833371530217786
19 0 0.00000916712885190574
20 0 0.0000100005500421885
21 0 0.0000116674153447516
22 0 0.000012500859457365
23 0 0.0000116674153447516
24 0 0.0000116674153447516
25 0 0.0000100005500421885
26 0 0.0000100005500421885
27 0 0.0000116674153447516
28 0 0.0000108339788730261
29 0 0.0000108339788730261
30 0 0.0000116674153447516
31 0 0.000012500859457365
32 0 0.0000133343112110884
33 0 0.0000133343112110884
34 0 0.0000141677706060328
35 0 0.0000150012376423092
36 0 0.0000183351822042876
37 0 0.0000208357208674181
38 0 0.0000216692490401238
39 0 0.0000233363283135279
40 0 0.0000241698794146705
41 0 0.0000250034381590325
42 0 0.0000275041602521009
43 0 0.0000333394460065861
44 0 0.0000358403974268784
45 0 0.0000408425066913409
46 0 0.0000475124138960004
47 0 0.0000533489841776369
48 0 0.0000608536966506534
49 0 0.0000725289254539518
50 0 0.0000850397634148958
51 0 0.000097552323490957
52 0 0.000110900952950965
53 0 0.000120079272940554
54 0 0.000130093042745694
55 0 0.000145115766213677
56 0 0.000162645415570539
57 0 0.000183518454694553
58 0 0.000201055512655035
59 0 0.000222772749752909
60 0 0.000238646320656399
61 0 0.000271237601818131
62 0 0.000299660052488715
63 0 0.000317219537152469
64 0 0.000354021843591124
65 0 0.000380796521490145
66 0 0.000425996686536201
67 0 0.000456980155295161
68 0 0.000500542354690436
69 0 0.00054915561294655
70 0 0.000595278431522073
71 0 0.000668284190493806
72 0 0.000732947459052058
73 0 0.000810267868774917
74 0 0.000903644317912566
75 0 0.00101396899664985
76 0 0.00113202157290559
77 0 0.00127388755101021
78 0 0.00144983882170291
79 0 0.00163461605327941
80 0 0.00188355751140656
81 0 0.00215878164079908
82 0 0.00250506106996018
83 0 0.00283890995522251
84 0 0.00330180550769621
85 0 0.00380183101210763
86 0 0.0045592752969108
87 0 0.00540887483764352
88 0 0.00639521645803076
89 0 0.00759521646872263
90 0 0.00898700590439405
91 0 0.0104773288772945
92 0 0.0125483087379995
93 0 0.014443963046042
94 0 0.016838470967948
95 0 0.0192483196438951
96 0 0.0221537655125796
97 0 0.0252202815980526
98 0 0.0290397275410955
99 0 0.0329560210117295
100 0 0.0359734553822542

death 1 F divorced
1 0 0.000203561082892323
2 0 0.0000216692490401238
3 0 0.00000666691112360951
4 0 0.00000500013750526218
5 0 0.00000416676215586609
6 0 0.00000416676215586609
7 0 0.00000333339444602565
8 0 0.00000250003437562984
9 0 0.00000250003437562984
10 0 0.00000333339444602565
11 0 0.00000333339444602565
12 0 0.00000333339444602565
13 0 0.00000333339444602565
14 0 0.00000333339444602565
15 0 0.00000416676215586609
16 0 0.00000666691112360951
17 0 0.00000750030939278279
18 0 0.00000833371530217786
19 0 0.00000916712885190574
20 0 0.0000100005500421885
21 0 0.0000116674153447516
22 0 0.000012500859457365
23 0 0.0000116674153447516
24 0 0.0000116674153447516
25 0 0.0000100005500421885
26 0 0.0000100005500421885
27 0 0.0000116674153447516
28 0 0.0000108339788730261
29 0 0.0000108339788730261
30 0 0.0000116674153447516
31 0 0.000012500859457365
32 0 0.0000133343112110884
33 0 0.0000133343112110884
34 0 0.0000141677706060328
35 0 0.0000150012376423092
36 0 0.0000183351822042876
37 0 0.0000208357208674181
38 0 0.0000216692490401238
39 0 0.0000233363283135279
40 0 0.0000241698794146705
41 0 0.0000250034381590325
42 0 0.0000275041602521009
43 0 0.0000333394460065861
44 0 0.0000358403974268784
45 0 0.0000408425066913409
46 0 0.0000475124138960004
47 0 0.0000533489841776369
48 0 0.0000608536966506534
49 0 0.0000725289254539518
50 0 0.0000850397634148958
51 0 0.000097552323490957
52 0 0.000110900952950965
53 0 0.000120079272940554
54 0 0.000130093042745694
55 0 0.000145115766213677
56 0 0.000162645415570539
57 0 0.000183518454694553
58 0 0.000201055512655035
59 0 0.000222772749752909
60 0 0.000238646320656399
61 0 0.000271237601818131
62 0 0.000299660052488715
63 0 0.000317219537152469
64 0 0.000354021843591124
65 0 0.000380796521490145
66 0 0.000425996686536201
67 0 0.000456980155295161
68 0 0.000500542354690436
69 0 0.00054915561294655
70 0 0.000595278431522073
71 0 0.000668284190493806
72 0 0.000732947459052058
73 0 0.000810267868774917
74 0 0.000903644317912566
75 0 0.00101396899664985
76 0 0.00113202157290559
77 0 0.00127388755101021
78 0 0.00144983882170291
79 0 0.00163461605327941
80 0 0.00188355751140656
81 0 0.00215878164079908
82 0 0.00250506106996018
83 0 0.00283890995522251
84 0 0.00330180550769621
85 0 0.00380183101210763
86 0 0.0045592752969108
87 0 0.00540887483764352
88 0 0.00639521645803076
89 0 0.00759521646872263
90 0 0.00898700590439405
91 0 0.0104773288772945
92 0 0.0125483087379995
93 0 0.014443963046042
94 0 0.016838470967948
95 0 0.0192483196438951
96 0 0.0221537655125796
97 0 0.0252202815980526
98 0 0.0290397275410955
99 0 0.0329560210117295
100 0 0.0359734553822542

death 1 F widowed
1 0 0.000203561082892323
2 0 0.0000216692490401238
3 0 0.00000666691112360951
4 0 0.00000500013750526218
5 0 0.00000416676215586609
6 0 0.00000416676215586609
7 0 0.00000333339444602565
8 0 0.00000250003437562984
9 0 0.00000250003437562984
10 0 0.00000333339444602565
11 0 0.00000333339444602565
12 0 0.00000333339444602565
13 0 0.00000333339444602565
14 0 0.00000333339444602565
15 0 0.00000416676215586609
16 0 0.00000666691112360951
17 0 0.00000750030939278279
18 0 0.00000833371530217786
19 0 0.00000916712885190574
20 0 0.0000100005500421885
21 0 0.0000116674153447516
22 0 0.000012500859457365
23 0 0.0000116674153447516
24 0 0.0000116674153447516
25 0 0.0000100005500421885
26 0 0.0000100005500421885
27 0 0.0000116674153447516
28 0 0.0000108339788730261
29 0 0.0000108339788730261
30 0 0.0000116674153447516
31 0 0.000012500859457365
32 0 0.0000133343112110884
33 0 0.0000133343112110884
34 0 0.0000141677706060328
35 0 0.0000150012376423092
36 0 0.0000183351822042876
37 0 0.0000208357208674181
38 0 0.0000216692490401238
39 0 0.0000233363283135279
40 0 0.0000241698794146705
41 0 0.0000250034381590325
42 0 0.0000275041602521009
43 0 0.0000333394460065861
44 0 0.0000358403974268784
45 0 0.0000408425066913409
46 0 0.0000475124138960004
47 0 0.0000533489841776369
48 0 0.0000608536966506534
49 0 0.0000725289254539518
50 0 0.0000850397634148958
51 0 0.000097552323490957
52 0 0.000110900952950965
53 0 0.000120079272940554
54 0 0.000130093042745694
55 0 0.000145115766213677
56 0 0.000162645415570539
57 0 0.000183518454694553
58 0 0.000201055512655035
59 0 0.000222772749752909
60 0 0.000238646320656399
61 0 0.000271237601818131
62 0 0.000299660052488715
63 0 0.000317219537152469
64 0 0.000354021843591124
65 0 0.000380796521490145
66 0 0.000425996686536201
67 0 0.000456980155295161
68 0 0.000500542354690436
69 0 0.00054915561294655
70 0 0.000595278431522073
71 0 0.000668284190493806
72 0 0.000732947459052058
73 0 0.000810267868774917
74 0 0.000903644317912566
75 0 0.00101396899664985
76 0 0.00113202157290559
77 0 0.00127388755101021
78 0 0.00144983882170291
79 0 0.00163461605327941
80 0 0.00188355751140656
81 0 0.00215878164079908
82 0 0.00250506106996018
83 0 0.00283890995522251
84 0 0.00330180550769621
85 0 0.00380183101210763
86 0 0.0045592752969108
87 0 0.00540887483764352
88 0 0.00639521645803076
89 0 0.00759521646872263
90 0 0.00898700590439405
91 0 0.0104773288772945
92 0 0.0125483087379995
93 0 0.014443963046042
94 0 0.016838470967948
95 0 0.0192483196438951
96 0 0.0221537655125796
97 0 0.0252202815980526
98 0 0.0290397275410955
99 0 0.0329560210117295
100 0 0.0359734553822542
