*Period monthly mortality rates for SWE in 2084 
* Mon Dec 20 14:21:52 2010
death 1 M married
1 0 0.000140107915847287
2 0 0.0000141677706060328
3 0 0.00000416676215586609
4 0 0.00000333339444602565
5 0 0.00000250003437562984
6 0 0.00000250003437562984
7 0 0.00000250003437562984
8 0 0.00000250003437562984
9 0 0.00000166668194467867
10 0 0.00000250003437562984
11 0 0.00000250003437562984
12 0 0.00000250003437562984
13 0 0.00000250003437562984
14 0 0.00000333339444602565
15 0 0.00000416676215586609
16 0 0.00000583352049443597
17 0 0.00000750030939278279
18 0 0.0000100005500421885
19 0 0.000012500859457365
20 0 0.0000166681946396352
21 0 0.0000191686874497776
22 0 0.0000208357208674181
23 0 0.0000216692490401238
24 0 0.0000208357208674181
25 0 0.0000208357208674181
26 0 0.0000200022003373768
27 0 0.0000200022003373768
28 0 0.0000191686874497776
29 0 0.0000191686874497776
30 0 0.0000183351822042876
31 0 0.0000191686874497776
32 0 0.0000175016846010179
33 0 0.0000183351822042876
34 0 0.0000200022003373768
35 0 0.0000200022003373768
36 0 0.0000216692490401238
37 0 0.0000233363283135279
38 0 0.0000241698794146705
39 0 0.0000266705785775256
40 0 0.0000291713465325749
41 0 0.0000308385633891461
42 0 0.0000333394460065861
43 0 0.0000375077365993848
44 0 0.0000416762183291786
45 0 0.0000450111413439203
46 0 0.0000500137552731372
47 0 0.0000550166445189015
48 0 0.0000600198091127435
49 0 0.0000675250723508602
50 0 0.0000733629277510639
51 0 0.0000800352216044908
52 0 0.0000908787437792213
53 0 0.000100055042203562
54 0 0.000114238416628387
55 0 0.000123417073636167
56 0 0.000134265772442244
57 0 0.000149289185622847
58 0 0.000167654507824855
59 0 0.000176838560643211
60 0 0.000199385170868593
61 0 0.000213584054607918
62 0 0.000236975287897678
63 0 0.000262879748837208
64 0 0.000288791595274951
65 0 0.000322237155992444
66 0 0.000349002469585802
67 0 0.000383307052038151
68 0 0.000428508466157718
69 0 0.00046954403123467
70 0 0.000520655031266859
71 0 0.000581019787371906
72 0 0.000638907004019584
73 0 0.00071530745699988
74 0 0.000798497473050608
75 0 0.000893544937494828
76 0 0.00101986798215004
77 0 0.00112780276577940
78 0 0.00132460773866772
79 0 0.00152014545015167
80 0 0.00176112551826246
81 0 0.00205813854362014
82 0 0.0024365553271245
83 0 0.00291374390998522
84 0 0.00345230265046292
85 0 0.00420681643696974
86 0 0.00506983931094906
87 0 0.00613803333168284
88 0 0.00733821176187599
89 0 0.00890973091777481
90 0 0.0106290397529046
91 0 0.0127189079228585
92 0 0.0154530200042354
93 0 0.0187030434920316
94 0 0.0217474035988547
95 0 0.0256617522341797
96 0 0.0288842906740673
97 0 0.0342987217011469
98 0 0.0388610468232288
99 0 0.042985671783473
100 0 0.0486553384252829

death 1 M single
1 0 0.000140107915847287
2 0 0.0000141677706060328
3 0 0.00000416676215586609
4 0 0.00000333339444602565
5 0 0.00000250003437562984
6 0 0.00000250003437562984
7 0 0.00000250003437562984
8 0 0.00000250003437562984
9 0 0.00000166668194467867
10 0 0.00000250003437562984
11 0 0.00000250003437562984
12 0 0.00000250003437562984
13 0 0.00000250003437562984
14 0 0.00000333339444602565
15 0 0.00000416676215586609
16 0 0.00000583352049443597
17 0 0.00000750030939278279
18 0 0.0000100005500421885
19 0 0.000012500859457365
20 0 0.0000166681946396352
21 0 0.0000191686874497776
22 0 0.0000208357208674181
23 0 0.0000216692490401238
24 0 0.0000208357208674181
25 0 0.0000208357208674181
26 0 0.0000200022003373768
27 0 0.0000200022003373768
28 0 0.0000191686874497776
29 0 0.0000191686874497776
30 0 0.0000183351822042876
31 0 0.0000191686874497776
32 0 0.0000175016846010179
33 0 0.0000183351822042876
34 0 0.0000200022003373768
35 0 0.0000200022003373768
36 0 0.0000216692490401238
37 0 0.0000233363283135279
38 0 0.0000241698794146705
39 0 0.0000266705785775256
40 0 0.0000291713465325749
41 0 0.0000308385633891461
42 0 0.0000333394460065861
43 0 0.0000375077365993848
44 0 0.0000416762183291786
45 0 0.0000450111413439203
46 0 0.0000500137552731372
47 0 0.0000550166445189015
48 0 0.0000600198091127435
49 0 0.0000675250723508602
50 0 0.0000733629277510639
51 0 0.0000800352216044908
52 0 0.0000908787437792213
53 0 0.000100055042203562
54 0 0.000114238416628387
55 0 0.000123417073636167
56 0 0.000134265772442244
57 0 0.000149289185622847
58 0 0.000167654507824855
59 0 0.000176838560643211
60 0 0.000199385170868593
61 0 0.000213584054607918
62 0 0.000236975287897678
63 0 0.000262879748837208
64 0 0.000288791595274951
65 0 0.000322237155992444
66 0 0.000349002469585802
67 0 0.000383307052038151
68 0 0.000428508466157718
69 0 0.00046954403123467
70 0 0.000520655031266859
71 0 0.000581019787371906
72 0 0.000638907004019584
73 0 0.00071530745699988
74 0 0.000798497473050608
75 0 0.000893544937494828
76 0 0.00101986798215004
77 0 0.00112780276577940
78 0 0.00132460773866772
79 0 0.00152014545015167
80 0 0.00176112551826246
81 0 0.00205813854362014
82 0 0.0024365553271245
83 0 0.00291374390998522
84 0 0.00345230265046292
85 0 0.00420681643696974
86 0 0.00506983931094906
87 0 0.00613803333168284
88 0 0.00733821176187599
89 0 0.00890973091777481
90 0 0.0106290397529046
91 0 0.0127189079228585
92 0 0.0154530200042354
93 0 0.0187030434920316
94 0 0.0217474035988547
95 0 0.0256617522341797
96 0 0.0288842906740673
97 0 0.0342987217011469
98 0 0.0388610468232288
99 0 0.042985671783473
100 0 0.0486553384252829

death 1 M divorced
1 0 0.000140107915847287
2 0 0.0000141677706060328
3 0 0.00000416676215586609
4 0 0.00000333339444602565
5 0 0.00000250003437562984
6 0 0.00000250003437562984
7 0 0.00000250003437562984
8 0 0.00000250003437562984
9 0 0.00000166668194467867
10 0 0.00000250003437562984
11 0 0.00000250003437562984
12 0 0.00000250003437562984
13 0 0.00000250003437562984
14 0 0.00000333339444602565
15 0 0.00000416676215586609
16 0 0.00000583352049443597
17 0 0.00000750030939278279
18 0 0.0000100005500421885
19 0 0.000012500859457365
20 0 0.0000166681946396352
21 0 0.0000191686874497776
22 0 0.0000208357208674181
23 0 0.0000216692490401238
24 0 0.0000208357208674181
25 0 0.0000208357208674181
26 0 0.0000200022003373768
27 0 0.0000200022003373768
28 0 0.0000191686874497776
29 0 0.0000191686874497776
30 0 0.0000183351822042876
31 0 0.0000191686874497776
32 0 0.0000175016846010179
33 0 0.0000183351822042876
34 0 0.0000200022003373768
35 0 0.0000200022003373768
36 0 0.0000216692490401238
37 0 0.0000233363283135279
38 0 0.0000241698794146705
39 0 0.0000266705785775256
40 0 0.0000291713465325749
41 0 0.0000308385633891461
42 0 0.0000333394460065861
43 0 0.0000375077365993848
44 0 0.0000416762183291786
45 0 0.0000450111413439203
46 0 0.0000500137552731372
47 0 0.0000550166445189015
48 0 0.0000600198091127435
49 0 0.0000675250723508602
50 0 0.0000733629277510639
51 0 0.0000800352216044908
52 0 0.0000908787437792213
53 0 0.000100055042203562
54 0 0.000114238416628387
55 0 0.000123417073636167
56 0 0.000134265772442244
57 0 0.000149289185622847
58 0 0.000167654507824855
59 0 0.000176838560643211
60 0 0.000199385170868593
61 0 0.000213584054607918
62 0 0.000236975287897678
63 0 0.000262879748837208
64 0 0.000288791595274951
65 0 0.000322237155992444
66 0 0.000349002469585802
67 0 0.000383307052038151
68 0 0.000428508466157718
69 0 0.00046954403123467
70 0 0.000520655031266859
71 0 0.000581019787371906
72 0 0.000638907004019584
73 0 0.00071530745699988
74 0 0.000798497473050608
75 0 0.000893544937494828
76 0 0.00101986798215004
77 0 0.00112780276577940
78 0 0.00132460773866772
79 0 0.00152014545015167
80 0 0.00176112551826246
81 0 0.00205813854362014
82 0 0.0024365553271245
83 0 0.00291374390998522
84 0 0.00345230265046292
85 0 0.00420681643696974
86 0 0.00506983931094906
87 0 0.00613803333168284
88 0 0.00733821176187599
89 0 0.00890973091777481
90 0 0.0106290397529046
91 0 0.0127189079228585
92 0 0.0154530200042354
93 0 0.0187030434920316
94 0 0.0217474035988547
95 0 0.0256617522341797
96 0 0.0288842906740673
97 0 0.0342987217011469
98 0 0.0388610468232288
99 0 0.042985671783473
100 0 0.0486553384252829

death 1 M widowed
1 0 0.000140107915847287
2 0 0.0000141677706060328
3 0 0.00000416676215586609
4 0 0.00000333339444602565
5 0 0.00000250003437562984
6 0 0.00000250003437562984
7 0 0.00000250003437562984
8 0 0.00000250003437562984
9 0 0.00000166668194467867
10 0 0.00000250003437562984
11 0 0.00000250003437562984
12 0 0.00000250003437562984
13 0 0.00000250003437562984
14 0 0.00000333339444602565
15 0 0.00000416676215586609
16 0 0.00000583352049443597
17 0 0.00000750030939278279
18 0 0.0000100005500421885
19 0 0.000012500859457365
20 0 0.0000166681946396352
21 0 0.0000191686874497776
22 0 0.0000208357208674181
23 0 0.0000216692490401238
24 0 0.0000208357208674181
25 0 0.0000208357208674181
26 0 0.0000200022003373768
27 0 0.0000200022003373768
28 0 0.0000191686874497776
29 0 0.0000191686874497776
30 0 0.0000183351822042876
31 0 0.0000191686874497776
32 0 0.0000175016846010179
33 0 0.0000183351822042876
34 0 0.0000200022003373768
35 0 0.0000200022003373768
36 0 0.0000216692490401238
37 0 0.0000233363283135279
38 0 0.0000241698794146705
39 0 0.0000266705785775256
40 0 0.0000291713465325749
41 0 0.0000308385633891461
42 0 0.0000333394460065861
43 0 0.0000375077365993848
44 0 0.0000416762183291786
45 0 0.0000450111413439203
46 0 0.0000500137552731372
47 0 0.0000550166445189015
48 0 0.0000600198091127435
49 0 0.0000675250723508602
50 0 0.0000733629277510639
51 0 0.0000800352216044908
52 0 0.0000908787437792213
53 0 0.000100055042203562
54 0 0.000114238416628387
55 0 0.000123417073636167
56 0 0.000134265772442244
57 0 0.000149289185622847
58 0 0.000167654507824855
59 0 0.000176838560643211
60 0 0.000199385170868593
61 0 0.000213584054607918
62 0 0.000236975287897678
63 0 0.000262879748837208
64 0 0.000288791595274951
65 0 0.000322237155992444
66 0 0.000349002469585802
67 0 0.000383307052038151
68 0 0.000428508466157718
69 0 0.00046954403123467
70 0 0.000520655031266859
71 0 0.000581019787371906
72 0 0.000638907004019584
73 0 0.00071530745699988
74 0 0.000798497473050608
75 0 0.000893544937494828
76 0 0.00101986798215004
77 0 0.00112780276577940
78 0 0.00132460773866772
79 0 0.00152014545015167
80 0 0.00176112551826246
81 0 0.00205813854362014
82 0 0.0024365553271245
83 0 0.00291374390998522
84 0 0.00345230265046292
85 0 0.00420681643696974
86 0 0.00506983931094906
87 0 0.00613803333168284
88 0 0.00733821176187599
89 0 0.00890973091777481
90 0 0.0106290397529046
91 0 0.0127189079228585
92 0 0.0154530200042354
93 0 0.0187030434920316
94 0 0.0217474035988547
95 0 0.0256617522341797
96 0 0.0288842906740673
97 0 0.0342987217011469
98 0 0.0388610468232288
99 0 0.042985671783473
100 0 0.0486553384252829

death 1 F married
1 0 0.000138438693701781
2 0 0.0000150012376423092
3 0 0.00000500013750526218
4 0 0.00000333339444602565
5 0 0.00000250003437562984
6 0 0.00000250003437562984
7 0 0.00000250003437562984
8 0 0.00000166668194467867
9 0 0.00000166668194467867
10 0 0.00000250003437562984
11 0 0.00000166668194467867
12 0 0.00000250003437562984
13 0 0.00000250003437562984
14 0 0.00000250003437562984
15 0 0.00000333339444602565
16 0 0.00000416676215586609
17 0 0.00000500013750526218
18 0 0.00000583352049443597
19 0 0.00000583352049443597
20 0 0.00000666691112360951
21 0 0.00000833371530217786
22 0 0.00000833371530217786
23 0 0.00000750030939278279
24 0 0.00000833371530217786
25 0 0.00000666691112360951
26 0 0.00000666691112360951
27 0 0.00000750030939278279
28 0 0.00000750030939278279
29 0 0.00000750030939278279
30 0 0.00000750030939278279
31 0 0.00000833371530217786
32 0 0.00000916712885190574
33 0 0.00000916712885190574
34 0 0.0000100005500421885
35 0 0.0000108339788730261
36 0 0.000012500859457365
37 0 0.0000141677706060328
38 0 0.0000150012376423092
39 0 0.0000158347123201397
40 0 0.0000166681946396352
41 0 0.0000175016846010179
42 0 0.0000191686874497776
43 0 0.0000225027848553827
44 0 0.0000241698794146705
45 0 0.0000275041602521009
46 0 0.0000325058108229248
47 0 0.0000375077365993848
48 0 0.0000433436645435048
49 0 0.0000533489841776369
50 0 0.0000633554051622243
51 0 0.0000741969376999441
52 0 0.0000850397634148958
53 0 0.0000925470927749528
54 0 0.000100889297087292
55 0 0.000112569669472262
56 0 0.000126754996901401
57 0 0.000143446452102070
58 0 0.000156801823476993
59 0 0.000173498797702898
60 0 0.00018602354153463
61 0 0.000211913482563775
62 0 0.000233633314546733
63 0 0.000247001945330005
64 0 0.000276252682558709
65 0 0.000297151831613829
66 0 0.000332273224842417
67 0 0.000356531634559953
68 0 0.000390002139264989
69 0 0.000428508466157718
70 0 0.000464518272397019
71 0 0.000520655031266859
72 0 0.000571794798128633
73 0 0.000631354405509099
74 0 0.000705228993514995
75 0 0.000790090981221403
76 0 0.000881763746147901
77 0 0.000992904318617094
78 0 0.00112949026510956
79 0 0.00127304245455906
80 0 0.00146677519881655
81 0 0.00168044474913487
82 0 0.00194909246504693
83 0 0.00220829124151523
84 0 0.00256676051849170
85 0 0.00296538955352998
86 0 0.00362299540303612
87 0 0.00437893874854656
88 0 0.00527363800313607
89 0 0.00636839236094588
90 0 0.00764688672699931
91 0 0.00904776849764466
92 0 0.0109736799732842
93 0 0.0127956874575090
94 0 0.0150799379772421
95 0 0.0173946761907561
96 0 0.0202884035099632
97 0 0.0233635821452326
98 0 0.0272171296479052
99 0 0.0311943099017646
100 0 0.0342546924318262

death 1 F single
1 0 0.000138438693701781
2 0 0.0000150012376423092
3 0 0.00000500013750526218
4 0 0.00000333339444602565
5 0 0.00000250003437562984
6 0 0.00000250003437562984
7 0 0.00000250003437562984
8 0 0.00000166668194467867
9 0 0.00000166668194467867
10 0 0.00000250003437562984
11 0 0.00000166668194467867
12 0 0.00000250003437562984
13 0 0.00000250003437562984
14 0 0.00000250003437562984
15 0 0.00000333339444602565
16 0 0.00000416676215586609
17 0 0.00000500013750526218
18 0 0.00000583352049443597
19 0 0.00000583352049443597
20 0 0.00000666691112360951
21 0 0.00000833371530217786
22 0 0.00000833371530217786
23 0 0.00000750030939278279
24 0 0.00000833371530217786
25 0 0.00000666691112360951
26 0 0.00000666691112360951
27 0 0.00000750030939278279
28 0 0.00000750030939278279
29 0 0.00000750030939278279
30 0 0.00000750030939278279
31 0 0.00000833371530217786
32 0 0.00000916712885190574
33 0 0.00000916712885190574
34 0 0.0000100005500421885
35 0 0.0000108339788730261
36 0 0.000012500859457365
37 0 0.0000141677706060328
38 0 0.0000150012376423092
39 0 0.0000158347123201397
40 0 0.0000166681946396352
41 0 0.0000175016846010179
42 0 0.0000191686874497776
43 0 0.0000225027848553827
44 0 0.0000241698794146705
45 0 0.0000275041602521009
46 0 0.0000325058108229248
47 0 0.0000375077365993848
48 0 0.0000433436645435048
49 0 0.0000533489841776369
50 0 0.0000633554051622243
51 0 0.0000741969376999441
52 0 0.0000850397634148958
53 0 0.0000925470927749528
54 0 0.000100889297087292
55 0 0.000112569669472262
56 0 0.000126754996901401
57 0 0.000143446452102070
58 0 0.000156801823476993
59 0 0.000173498797702898
60 0 0.00018602354153463
61 0 0.000211913482563775
62 0 0.000233633314546733
63 0 0.000247001945330005
64 0 0.000276252682558709
65 0 0.000297151831613829
66 0 0.000332273224842417
67 0 0.000356531634559953
68 0 0.000390002139264989
69 0 0.000428508466157718
70 0 0.000464518272397019
71 0 0.000520655031266859
72 0 0.000571794798128633
73 0 0.000631354405509099
74 0 0.000705228993514995
75 0 0.000790090981221403
76 0 0.000881763746147901
77 0 0.000992904318617094
78 0 0.00112949026510956
79 0 0.00127304245455906
80 0 0.00146677519881655
81 0 0.00168044474913487
82 0 0.00194909246504693
83 0 0.00220829124151523
84 0 0.00256676051849170
85 0 0.00296538955352998
86 0 0.00362299540303612
87 0 0.00437893874854656
88 0 0.00527363800313607
89 0 0.00636839236094588
90 0 0.00764688672699931
91 0 0.00904776849764466
92 0 0.0109736799732842
93 0 0.0127956874575090
94 0 0.0150799379772421
95 0 0.0173946761907561
96 0 0.0202884035099632
97 0 0.0233635821452326
98 0 0.0272171296479052
99 0 0.0311943099017646
100 0 0.0342546924318262

death 1 F divorced
1 0 0.000138438693701781
2 0 0.0000150012376423092
3 0 0.00000500013750526218
4 0 0.00000333339444602565
5 0 0.00000250003437562984
6 0 0.00000250003437562984
7 0 0.00000250003437562984
8 0 0.00000166668194467867
9 0 0.00000166668194467867
10 0 0.00000250003437562984
11 0 0.00000166668194467867
12 0 0.00000250003437562984
13 0 0.00000250003437562984
14 0 0.00000250003437562984
15 0 0.00000333339444602565
16 0 0.00000416676215586609
17 0 0.00000500013750526218
18 0 0.00000583352049443597
19 0 0.00000583352049443597
20 0 0.00000666691112360951
21 0 0.00000833371530217786
22 0 0.00000833371530217786
23 0 0.00000750030939278279
24 0 0.00000833371530217786
25 0 0.00000666691112360951
26 0 0.00000666691112360951
27 0 0.00000750030939278279
28 0 0.00000750030939278279
29 0 0.00000750030939278279
30 0 0.00000750030939278279
31 0 0.00000833371530217786
32 0 0.00000916712885190574
33 0 0.00000916712885190574
34 0 0.0000100005500421885
35 0 0.0000108339788730261
36 0 0.000012500859457365
37 0 0.0000141677706060328
38 0 0.0000150012376423092
39 0 0.0000158347123201397
40 0 0.0000166681946396352
41 0 0.0000175016846010179
42 0 0.0000191686874497776
43 0 0.0000225027848553827
44 0 0.0000241698794146705
45 0 0.0000275041602521009
46 0 0.0000325058108229248
47 0 0.0000375077365993848
48 0 0.0000433436645435048
49 0 0.0000533489841776369
50 0 0.0000633554051622243
51 0 0.0000741969376999441
52 0 0.0000850397634148958
53 0 0.0000925470927749528
54 0 0.000100889297087292
55 0 0.000112569669472262
56 0 0.000126754996901401
57 0 0.000143446452102070
58 0 0.000156801823476993
59 0 0.000173498797702898
60 0 0.00018602354153463
61 0 0.000211913482563775
62 0 0.000233633314546733
63 0 0.000247001945330005
64 0 0.000276252682558709
65 0 0.000297151831613829
66 0 0.000332273224842417
67 0 0.000356531634559953
68 0 0.000390002139264989
69 0 0.000428508466157718
70 0 0.000464518272397019
71 0 0.000520655031266859
72 0 0.000571794798128633
73 0 0.000631354405509099
74 0 0.000705228993514995
75 0 0.000790090981221403
76 0 0.000881763746147901
77 0 0.000992904318617094
78 0 0.00112949026510956
79 0 0.00127304245455906
80 0 0.00146677519881655
81 0 0.00168044474913487
82 0 0.00194909246504693
83 0 0.00220829124151523
84 0 0.00256676051849170
85 0 0.00296538955352998
86 0 0.00362299540303612
87 0 0.00437893874854656
88 0 0.00527363800313607
89 0 0.00636839236094588
90 0 0.00764688672699931
91 0 0.00904776849764466
92 0 0.0109736799732842
93 0 0.0127956874575090
94 0 0.0150799379772421
95 0 0.0173946761907561
96 0 0.0202884035099632
97 0 0.0233635821452326
98 0 0.0272171296479052
99 0 0.0311943099017646
100 0 0.0342546924318262

death 1 F widowed
1 0 0.000138438693701781
2 0 0.0000150012376423092
3 0 0.00000500013750526218
4 0 0.00000333339444602565
5 0 0.00000250003437562984
6 0 0.00000250003437562984
7 0 0.00000250003437562984
8 0 0.00000166668194467867
9 0 0.00000166668194467867
10 0 0.00000250003437562984
11 0 0.00000166668194467867
12 0 0.00000250003437562984
13 0 0.00000250003437562984
14 0 0.00000250003437562984
15 0 0.00000333339444602565
16 0 0.00000416676215586609
17 0 0.00000500013750526218
18 0 0.00000583352049443597
19 0 0.00000583352049443597
20 0 0.00000666691112360951
21 0 0.00000833371530217786
22 0 0.00000833371530217786
23 0 0.00000750030939278279
24 0 0.00000833371530217786
25 0 0.00000666691112360951
26 0 0.00000666691112360951
27 0 0.00000750030939278279
28 0 0.00000750030939278279
29 0 0.00000750030939278279
30 0 0.00000750030939278279
31 0 0.00000833371530217786
32 0 0.00000916712885190574
33 0 0.00000916712885190574
34 0 0.0000100005500421885
35 0 0.0000108339788730261
36 0 0.000012500859457365
37 0 0.0000141677706060328
38 0 0.0000150012376423092
39 0 0.0000158347123201397
40 0 0.0000166681946396352
41 0 0.0000175016846010179
42 0 0.0000191686874497776
43 0 0.0000225027848553827
44 0 0.0000241698794146705
45 0 0.0000275041602521009
46 0 0.0000325058108229248
47 0 0.0000375077365993848
48 0 0.0000433436645435048
49 0 0.0000533489841776369
50 0 0.0000633554051622243
51 0 0.0000741969376999441
52 0 0.0000850397634148958
53 0 0.0000925470927749528
54 0 0.000100889297087292
55 0 0.000112569669472262
56 0 0.000126754996901401
57 0 0.000143446452102070
58 0 0.000156801823476993
59 0 0.000173498797702898
60 0 0.00018602354153463
61 0 0.000211913482563775
62 0 0.000233633314546733
63 0 0.000247001945330005
64 0 0.000276252682558709
65 0 0.000297151831613829
66 0 0.000332273224842417
67 0 0.000356531634559953
68 0 0.000390002139264989
69 0 0.000428508466157718
70 0 0.000464518272397019
71 0 0.000520655031266859
72 0 0.000571794798128633
73 0 0.000631354405509099
74 0 0.000705228993514995
75 0 0.000790090981221403
76 0 0.000881763746147901
77 0 0.000992904318617094
78 0 0.00112949026510956
79 0 0.00127304245455906
80 0 0.00146677519881655
81 0 0.00168044474913487
82 0 0.00194909246504693
83 0 0.00220829124151523
84 0 0.00256676051849170
85 0 0.00296538955352998
86 0 0.00362299540303612
87 0 0.00437893874854656
88 0 0.00527363800313607
89 0 0.00636839236094588
90 0 0.00764688672699931
91 0 0.00904776849764466
92 0 0.0109736799732842
93 0 0.0127956874575090
94 0 0.0150799379772421
95 0 0.0173946761907561
96 0 0.0202884035099632
97 0 0.0233635821452326
98 0 0.0272171296479052
99 0 0.0311943099017646
100 0 0.0342546924318262
