*Period monthly mortality rates for SWE in 1791 
* Mon Dec 20 14:19:07 2010
death 1 M married
1 0 0.0224745262660970
2 0 0.00458565555878143
3 0 0.00290006274519683
4 0 0.00187343360369907
5 0 0.00155269128817925
6 0 0.00138398635114978
7 0 0.00105754625663557
8 0 0.000797404585117123
9 0 0.00062497714457177
10 0 0.000536161591912609
11 0 0.000503977954977586
12 0 0.000504480736647439
13 0 0.000496939303701316
14 0 0.000493503969533515
15 0 0.000489733630312572
16 0 0.000484790533681667
17 0 0.000478674871033258
18 0 0.000473564838453622
19 0 0.000495347303426596
20 0 0.000532808597798473
21 0 0.00056542171627505
22 0 0.000613901913075532
23 0 0.000658546699049967
24 0 0.000709344231037745
25 0 0.000739416318144892
26 0 0.000746557801458603
27 0 0.000741264648211781
28 0 0.000747734099621256
29 0 0.000764540022377802
30 0 0.000779331806775252
31 0 0.00079320129252558
32 0 0.000845840547548216
33 0 0.000898257841941308
34 0 0.000945316136656937
35 0 0.000979088543158313
36 0 0.000994083811453939
37 0 0.000967127800896805
38 0 0.000980015145271018
39 0 0.00101767688566357
40 0 0.00108613148245273
41 0 0.00116848023140403
42 0 0.00129290430106777
43 0 0.00141445199343870
44 0 0.00151065511178206
45 0 0.00158804725623873
46 0 0.00165489664011831
47 0 0.00165532096857679
48 0 0.00167764344262333
49 0 0.00171661483441365
50 0 0.00177829004881602
51 0 0.00187275304538037
52 0 0.00206035490084167
53 0 0.00223920576315129
54 0 0.00239573339125332
55 0 0.00249949304635300
56 0 0.00256273163455334
57 0 0.00257327568833143
58 0 0.00267466402933803
59 0 0.00285808564477019
60 0 0.00310911925698099
61 0 0.00342555817165935
62 0 0.00386955077805995
63 0 0.00432971505185331
64 0 0.00477176273402546
65 0 0.00513648652323428
66 0 0.00541427082808543
67 0 0.00562097608200673
68 0 0.00593254572110324
69 0 0.00632173741182984
70 0 0.00681704317594167
71 0 0.00748092188346261
72 0 0.00822397456303914
73 0 0.00904122994805101
74 0 0.00999151866257575
75 0 0.0109112274980316
76 0 0.0117171212525958
77 0 0.0124942255935467
78 0 0.013469842070569
79 0 0.0146891812808284
80 0 0.0159490154701182
81 0 0.0152225717430600
82 0 0.0164005836020880
83 0 0.0180153124104450
84 0 0.0202806775775997
85 0 0.0232798574425349
86 0 0.0265085617032359
87 0 0.0292393179802225
88 0 0.0315099405289395
89 0 0.033416005378317
90 0 0.0360976121862874
91 0 0.0348472660666412
92 0 0.037750903605852
93 0 0.0416186559339903
94 0 0.0463753971619051
95 0 0.0507576935508705
96 0 0.0547443313492699
97 0 0.060971887257766
98 0 0.0734541560071138
99 0 0.145382672493307
100 0 1

death 1 M single
1 0 0.0224745262660970
2 0 0.00458565555878143
3 0 0.00290006274519683
4 0 0.00187343360369907
5 0 0.00155269128817925
6 0 0.00138398635114978
7 0 0.00105754625663557
8 0 0.000797404585117123
9 0 0.00062497714457177
10 0 0.000536161591912609
11 0 0.000503977954977586
12 0 0.000504480736647439
13 0 0.000496939303701316
14 0 0.000493503969533515
15 0 0.000489733630312572
16 0 0.000484790533681667
17 0 0.000478674871033258
18 0 0.000473564838453622
19 0 0.000495347303426596
20 0 0.000532808597798473
21 0 0.00056542171627505
22 0 0.000613901913075532
23 0 0.000658546699049967
24 0 0.000709344231037745
25 0 0.000739416318144892
26 0 0.000746557801458603
27 0 0.000741264648211781
28 0 0.000747734099621256
29 0 0.000764540022377802
30 0 0.000779331806775252
31 0 0.00079320129252558
32 0 0.000845840547548216
33 0 0.000898257841941308
34 0 0.000945316136656937
35 0 0.000979088543158313
36 0 0.000994083811453939
37 0 0.000967127800896805
38 0 0.000980015145271018
39 0 0.00101767688566357
40 0 0.00108613148245273
41 0 0.00116848023140403
42 0 0.00129290430106777
43 0 0.00141445199343870
44 0 0.00151065511178206
45 0 0.00158804725623873
46 0 0.00165489664011831
47 0 0.00165532096857679
48 0 0.00167764344262333
49 0 0.00171661483441365
50 0 0.00177829004881602
51 0 0.00187275304538037
52 0 0.00206035490084167
53 0 0.00223920576315129
54 0 0.00239573339125332
55 0 0.00249949304635300
56 0 0.00256273163455334
57 0 0.00257327568833143
58 0 0.00267466402933803
59 0 0.00285808564477019
60 0 0.00310911925698099
61 0 0.00342555817165935
62 0 0.00386955077805995
63 0 0.00432971505185331
64 0 0.00477176273402546
65 0 0.00513648652323428
66 0 0.00541427082808543
67 0 0.00562097608200673
68 0 0.00593254572110324
69 0 0.00632173741182984
70 0 0.00681704317594167
71 0 0.00748092188346261
72 0 0.00822397456303914
73 0 0.00904122994805101
74 0 0.00999151866257575
75 0 0.0109112274980316
76 0 0.0117171212525958
77 0 0.0124942255935467
78 0 0.013469842070569
79 0 0.0146891812808284
80 0 0.0159490154701182
81 0 0.0152225717430600
82 0 0.0164005836020880
83 0 0.0180153124104450
84 0 0.0202806775775997
85 0 0.0232798574425349
86 0 0.0265085617032359
87 0 0.0292393179802225
88 0 0.0315099405289395
89 0 0.033416005378317
90 0 0.0360976121862874
91 0 0.0348472660666412
92 0 0.037750903605852
93 0 0.0416186559339903
94 0 0.0463753971619051
95 0 0.0507576935508705
96 0 0.0547443313492699
97 0 0.060971887257766
98 0 0.0734541560071138
99 0 0.145382672493307
100 0 1

death 1 M divorced
1 0 0.0224745262660970
2 0 0.00458565555878143
3 0 0.00290006274519683
4 0 0.00187343360369907
5 0 0.00155269128817925
6 0 0.00138398635114978
7 0 0.00105754625663557
8 0 0.000797404585117123
9 0 0.00062497714457177
10 0 0.000536161591912609
11 0 0.000503977954977586
12 0 0.000504480736647439
13 0 0.000496939303701316
14 0 0.000493503969533515
15 0 0.000489733630312572
16 0 0.000484790533681667
17 0 0.000478674871033258
18 0 0.000473564838453622
19 0 0.000495347303426596
20 0 0.000532808597798473
21 0 0.00056542171627505
22 0 0.000613901913075532
23 0 0.000658546699049967
24 0 0.000709344231037745
25 0 0.000739416318144892
26 0 0.000746557801458603
27 0 0.000741264648211781
28 0 0.000747734099621256
29 0 0.000764540022377802
30 0 0.000779331806775252
31 0 0.00079320129252558
32 0 0.000845840547548216
33 0 0.000898257841941308
34 0 0.000945316136656937
35 0 0.000979088543158313
36 0 0.000994083811453939
37 0 0.000967127800896805
38 0 0.000980015145271018
39 0 0.00101767688566357
40 0 0.00108613148245273
41 0 0.00116848023140403
42 0 0.00129290430106777
43 0 0.00141445199343870
44 0 0.00151065511178206
45 0 0.00158804725623873
46 0 0.00165489664011831
47 0 0.00165532096857679
48 0 0.00167764344262333
49 0 0.00171661483441365
50 0 0.00177829004881602
51 0 0.00187275304538037
52 0 0.00206035490084167
53 0 0.00223920576315129
54 0 0.00239573339125332
55 0 0.00249949304635300
56 0 0.00256273163455334
57 0 0.00257327568833143
58 0 0.00267466402933803
59 0 0.00285808564477019
60 0 0.00310911925698099
61 0 0.00342555817165935
62 0 0.00386955077805995
63 0 0.00432971505185331
64 0 0.00477176273402546
65 0 0.00513648652323428
66 0 0.00541427082808543
67 0 0.00562097608200673
68 0 0.00593254572110324
69 0 0.00632173741182984
70 0 0.00681704317594167
71 0 0.00748092188346261
72 0 0.00822397456303914
73 0 0.00904122994805101
74 0 0.00999151866257575
75 0 0.0109112274980316
76 0 0.0117171212525958
77 0 0.0124942255935467
78 0 0.013469842070569
79 0 0.0146891812808284
80 0 0.0159490154701182
81 0 0.0152225717430600
82 0 0.0164005836020880
83 0 0.0180153124104450
84 0 0.0202806775775997
85 0 0.0232798574425349
86 0 0.0265085617032359
87 0 0.0292393179802225
88 0 0.0315099405289395
89 0 0.033416005378317
90 0 0.0360976121862874
91 0 0.0348472660666412
92 0 0.037750903605852
93 0 0.0416186559339903
94 0 0.0463753971619051
95 0 0.0507576935508705
96 0 0.0547443313492699
97 0 0.060971887257766
98 0 0.0734541560071138
99 0 0.145382672493307
100 0 1

death 1 M widowed
1 0 0.0224745262660970
2 0 0.00458565555878143
3 0 0.00290006274519683
4 0 0.00187343360369907
5 0 0.00155269128817925
6 0 0.00138398635114978
7 0 0.00105754625663557
8 0 0.000797404585117123
9 0 0.00062497714457177
10 0 0.000536161591912609
11 0 0.000503977954977586
12 0 0.000504480736647439
13 0 0.000496939303701316
14 0 0.000493503969533515
15 0 0.000489733630312572
16 0 0.000484790533681667
17 0 0.000478674871033258
18 0 0.000473564838453622
19 0 0.000495347303426596
20 0 0.000532808597798473
21 0 0.00056542171627505
22 0 0.000613901913075532
23 0 0.000658546699049967
24 0 0.000709344231037745
25 0 0.000739416318144892
26 0 0.000746557801458603
27 0 0.000741264648211781
28 0 0.000747734099621256
29 0 0.000764540022377802
30 0 0.000779331806775252
31 0 0.00079320129252558
32 0 0.000845840547548216
33 0 0.000898257841941308
34 0 0.000945316136656937
35 0 0.000979088543158313
36 0 0.000994083811453939
37 0 0.000967127800896805
38 0 0.000980015145271018
39 0 0.00101767688566357
40 0 0.00108613148245273
41 0 0.00116848023140403
42 0 0.00129290430106777
43 0 0.00141445199343870
44 0 0.00151065511178206
45 0 0.00158804725623873
46 0 0.00165489664011831
47 0 0.00165532096857679
48 0 0.00167764344262333
49 0 0.00171661483441365
50 0 0.00177829004881602
51 0 0.00187275304538037
52 0 0.00206035490084167
53 0 0.00223920576315129
54 0 0.00239573339125332
55 0 0.00249949304635300
56 0 0.00256273163455334
57 0 0.00257327568833143
58 0 0.00267466402933803
59 0 0.00285808564477019
60 0 0.00310911925698099
61 0 0.00342555817165935
62 0 0.00386955077805995
63 0 0.00432971505185331
64 0 0.00477176273402546
65 0 0.00513648652323428
66 0 0.00541427082808543
67 0 0.00562097608200673
68 0 0.00593254572110324
69 0 0.00632173741182984
70 0 0.00681704317594167
71 0 0.00748092188346261
72 0 0.00822397456303914
73 0 0.00904122994805101
74 0 0.00999151866257575
75 0 0.0109112274980316
76 0 0.0117171212525958
77 0 0.0124942255935467
78 0 0.013469842070569
79 0 0.0146891812808284
80 0 0.0159490154701182
81 0 0.0152225717430600
82 0 0.0164005836020880
83 0 0.0180153124104450
84 0 0.0202806775775997
85 0 0.0232798574425349
86 0 0.0265085617032359
87 0 0.0292393179802225
88 0 0.0315099405289395
89 0 0.033416005378317
90 0 0.0360976121862874
91 0 0.0348472660666412
92 0 0.037750903605852
93 0 0.0416186559339903
94 0 0.0463753971619051
95 0 0.0507576935508705
96 0 0.0547443313492699
97 0 0.060971887257766
98 0 0.0734541560071138
99 0 0.145382672493307
100 0 1

death 1 F married
1 0 0.0187955055654366
2 0 0.00433784429656581
3 0 0.00272694647430294
4 0 0.00173402576567072
5 0 0.00146042368709709
6 0 0.00134025218014822
7 0 0.00102871717890551
8 0 0.000775549587248903
9 0 0.000606015828762518
10 0 0.000513196060999199
11 0 0.000472140782215469
12 0 0.00046585844757463
13 0 0.000455221351280954
14 0 0.000453378831206885
15 0 0.000452792582654515
16 0 0.000452708833170057
17 0 0.000445171695639845
18 0 0.000442324495264157
19 0 0.000467198642518429
20 0 0.000506491891148486
21 0 0.000539430880311498
22 0 0.00058772945881469
23 0 0.00063017961327938
24 0 0.000677351069115595
25 0 0.000704137227093948
26 0 0.000708756328549609
27 0 0.000720011122634867
28 0 0.000740424493519298
29 0 0.000770590915781799
30 0 0.000798413404281217
31 0 0.000823553433303315
32 0 0.000867375935241887
33 0 0.00091416570013303
34 0 0.000959632082276785
35 0 0.000995768827794175
36 0 0.00101498022409463
37 0 0.000998886190443637
38 0 0.00101717125552003
39 0 0.00105619732377005
40 0 0.00112248734785370
41 0 0.00119482059170439
42 0 0.00129544016871652
43 0 0.00138339406498145
44 0 0.00143671530246925
45 0 0.00146313361107475
46 0 0.00147058631917607
47 0 0.00142444017922516
48 0 0.00140564975766633
49 0 0.00141385950847139
50 0 0.00145212504812586
51 0 0.00152023018978498
52 0 0.00166924004184366
53 0 0.00182376625549652
54 0 0.00197080603677513
55 0 0.00207817297041113
56 0 0.00215528284658550
57 0 0.00219078907073866
58 0 0.00230568204247195
59 0 0.00249521018390320
60 0 0.00274678563620734
61 0 0.00305739167207120
62 0 0.00345230265046292
63 0 0.00383051227907516
64 0 0.00416021625769503
65 0 0.0044047416086499
66 0 0.00459354483843888
67 0 0.00477281676395758
68 0 0.00513066615881574
69 0 0.00568306218887582
70 0 0.00642446380015904
71 0 0.00739443684152041
72 0 0.0084327397261752
73 0 0.00943142576414602
74 0 0.0103428760869092
75 0 0.0109197839322733
76 0 0.0111032378197765
77 0 0.0112538384884493
78 0 0.0116901824681097
79 0 0.0125330855848804
80 0 0.0138224735239596
81 0 0.0138068384246287
82 0 0.0154944707597343
83 0 0.0175087628669133
84 0 0.0198485718650441
85 0 0.0221367077987593
86 0 0.0235871625617717
87 0 0.0241832726468608
88 0 0.0243472709073639
89 0 0.0246892344998461
90 0 0.0258800906716139
91 0 0.0353420483275207
92 0 0.0393727611839493
93 0 0.0439028129050663
94 0 0.0493905004398263
95 0 0.0564124746316805
96 0 0.0659521097021046
97 0 0.077855202039176
98 0 0.0899338259750891
99 0 0.114175618893450
100 0 0.177975253849269

death 1 F single
1 0 0.0187955055654366
2 0 0.00433784429656581
3 0 0.00272694647430294
4 0 0.00173402576567072
5 0 0.00146042368709709
6 0 0.00134025218014822
7 0 0.00102871717890551
8 0 0.000775549587248903
9 0 0.000606015828762518
10 0 0.000513196060999199
11 0 0.000472140782215469
12 0 0.00046585844757463
13 0 0.000455221351280954
14 0 0.000453378831206885
15 0 0.000452792582654515
16 0 0.000452708833170057
17 0 0.000445171695639845
18 0 0.000442324495264157
19 0 0.000467198642518429
20 0 0.000506491891148486
21 0 0.000539430880311498
22 0 0.00058772945881469
23 0 0.00063017961327938
24 0 0.000677351069115595
25 0 0.000704137227093948
26 0 0.000708756328549609
27 0 0.000720011122634867
28 0 0.000740424493519298
29 0 0.000770590915781799
30 0 0.000798413404281217
31 0 0.000823553433303315
32 0 0.000867375935241887
33 0 0.00091416570013303
34 0 0.000959632082276785
35 0 0.000995768827794175
36 0 0.00101498022409463
37 0 0.000998886190443637
38 0 0.00101717125552003
39 0 0.00105619732377005
40 0 0.00112248734785370
41 0 0.00119482059170439
42 0 0.00129544016871652
43 0 0.00138339406498145
44 0 0.00143671530246925
45 0 0.00146313361107475
46 0 0.00147058631917607
47 0 0.00142444017922516
48 0 0.00140564975766633
49 0 0.00141385950847139
50 0 0.00145212504812586
51 0 0.00152023018978498
52 0 0.00166924004184366
53 0 0.00182376625549652
54 0 0.00197080603677513
55 0 0.00207817297041113
56 0 0.00215528284658550
57 0 0.00219078907073866
58 0 0.00230568204247195
59 0 0.00249521018390320
60 0 0.00274678563620734
61 0 0.00305739167207120
62 0 0.00345230265046292
63 0 0.00383051227907516
64 0 0.00416021625769503
65 0 0.0044047416086499
66 0 0.00459354483843888
67 0 0.00477281676395758
68 0 0.00513066615881574
69 0 0.00568306218887582
70 0 0.00642446380015904
71 0 0.00739443684152041
72 0 0.0084327397261752
73 0 0.00943142576414602
74 0 0.0103428760869092
75 0 0.0109197839322733
76 0 0.0111032378197765
77 0 0.0112538384884493
78 0 0.0116901824681097
79 0 0.0125330855848804
80 0 0.0138224735239596
81 0 0.0138068384246287
82 0 0.0154944707597343
83 0 0.0175087628669133
84 0 0.0198485718650441
85 0 0.0221367077987593
86 0 0.0235871625617717
87 0 0.0241832726468608
88 0 0.0243472709073639
89 0 0.0246892344998461
90 0 0.0258800906716139
91 0 0.0353420483275207
92 0 0.0393727611839493
93 0 0.0439028129050663
94 0 0.0493905004398263
95 0 0.0564124746316805
96 0 0.0659521097021046
97 0 0.077855202039176
98 0 0.0899338259750891
99 0 0.114175618893450
100 0 0.177975253849269

death 1 F divorced
1 0 0.0187955055654366
2 0 0.00433784429656581
3 0 0.00272694647430294
4 0 0.00173402576567072
5 0 0.00146042368709709
6 0 0.00134025218014822
7 0 0.00102871717890551
8 0 0.000775549587248903
9 0 0.000606015828762518
10 0 0.000513196060999199
11 0 0.000472140782215469
12 0 0.00046585844757463
13 0 0.000455221351280954
14 0 0.000453378831206885
15 0 0.000452792582654515
16 0 0.000452708833170057
17 0 0.000445171695639845
18 0 0.000442324495264157
19 0 0.000467198642518429
20 0 0.000506491891148486
21 0 0.000539430880311498
22 0 0.00058772945881469
23 0 0.00063017961327938
24 0 0.000677351069115595
25 0 0.000704137227093948
26 0 0.000708756328549609
27 0 0.000720011122634867
28 0 0.000740424493519298
29 0 0.000770590915781799
30 0 0.000798413404281217
31 0 0.000823553433303315
32 0 0.000867375935241887
33 0 0.00091416570013303
34 0 0.000959632082276785
35 0 0.000995768827794175
36 0 0.00101498022409463
37 0 0.000998886190443637
38 0 0.00101717125552003
39 0 0.00105619732377005
40 0 0.00112248734785370
41 0 0.00119482059170439
42 0 0.00129544016871652
43 0 0.00138339406498145
44 0 0.00143671530246925
45 0 0.00146313361107475
46 0 0.00147058631917607
47 0 0.00142444017922516
48 0 0.00140564975766633
49 0 0.00141385950847139
50 0 0.00145212504812586
51 0 0.00152023018978498
52 0 0.00166924004184366
53 0 0.00182376625549652
54 0 0.00197080603677513
55 0 0.00207817297041113
56 0 0.00215528284658550
57 0 0.00219078907073866
58 0 0.00230568204247195
59 0 0.00249521018390320
60 0 0.00274678563620734
61 0 0.00305739167207120
62 0 0.00345230265046292
63 0 0.00383051227907516
64 0 0.00416021625769503
65 0 0.0044047416086499
66 0 0.00459354483843888
67 0 0.00477281676395758
68 0 0.00513066615881574
69 0 0.00568306218887582
70 0 0.00642446380015904
71 0 0.00739443684152041
72 0 0.0084327397261752
73 0 0.00943142576414602
74 0 0.0103428760869092
75 0 0.0109197839322733
76 0 0.0111032378197765
77 0 0.0112538384884493
78 0 0.0116901824681097
79 0 0.0125330855848804
80 0 0.0138224735239596
81 0 0.0138068384246287
82 0 0.0154944707597343
83 0 0.0175087628669133
84 0 0.0198485718650441
85 0 0.0221367077987593
86 0 0.0235871625617717
87 0 0.0241832726468608
88 0 0.0243472709073639
89 0 0.0246892344998461
90 0 0.0258800906716139
91 0 0.0353420483275207
92 0 0.0393727611839493
93 0 0.0439028129050663
94 0 0.0493905004398263
95 0 0.0564124746316805
96 0 0.0659521097021046
97 0 0.077855202039176
98 0 0.0899338259750891
99 0 0.114175618893450
100 0 0.177975253849269

death 1 F widowed
1 0 0.0187955055654366
2 0 0.00433784429656581
3 0 0.00272694647430294
4 0 0.00173402576567072
5 0 0.00146042368709709
6 0 0.00134025218014822
7 0 0.00102871717890551
8 0 0.000775549587248903
9 0 0.000606015828762518
10 0 0.000513196060999199
11 0 0.000472140782215469
12 0 0.00046585844757463
13 0 0.000455221351280954
14 0 0.000453378831206885
15 0 0.000452792582654515
16 0 0.000452708833170057
17 0 0.000445171695639845
18 0 0.000442324495264157
19 0 0.000467198642518429
20 0 0.000506491891148486
21 0 0.000539430880311498
22 0 0.00058772945881469
23 0 0.00063017961327938
24 0 0.000677351069115595
25 0 0.000704137227093948
26 0 0.000708756328549609
27 0 0.000720011122634867
28 0 0.000740424493519298
29 0 0.000770590915781799
30 0 0.000798413404281217
31 0 0.000823553433303315
32 0 0.000867375935241887
33 0 0.00091416570013303
34 0 0.000959632082276785
35 0 0.000995768827794175
36 0 0.00101498022409463
37 0 0.000998886190443637
38 0 0.00101717125552003
39 0 0.00105619732377005
40 0 0.00112248734785370
41 0 0.00119482059170439
42 0 0.00129544016871652
43 0 0.00138339406498145
44 0 0.00143671530246925
45 0 0.00146313361107475
46 0 0.00147058631917607
47 0 0.00142444017922516
48 0 0.00140564975766633
49 0 0.00141385950847139
50 0 0.00145212504812586
51 0 0.00152023018978498
52 0 0.00166924004184366
53 0 0.00182376625549652
54 0 0.00197080603677513
55 0 0.00207817297041113
56 0 0.00215528284658550
57 0 0.00219078907073866
58 0 0.00230568204247195
59 0 0.00249521018390320
60 0 0.00274678563620734
61 0 0.00305739167207120
62 0 0.00345230265046292
63 0 0.00383051227907516
64 0 0.00416021625769503
65 0 0.0044047416086499
66 0 0.00459354483843888
67 0 0.00477281676395758
68 0 0.00513066615881574
69 0 0.00568306218887582
70 0 0.00642446380015904
71 0 0.00739443684152041
72 0 0.0084327397261752
73 0 0.00943142576414602
74 0 0.0103428760869092
75 0 0.0109197839322733
76 0 0.0111032378197765
77 0 0.0112538384884493
78 0 0.0116901824681097
79 0 0.0125330855848804
80 0 0.0138224735239596
81 0 0.0138068384246287
82 0 0.0154944707597343
83 0 0.0175087628669133
84 0 0.0198485718650441
85 0 0.0221367077987593
86 0 0.0235871625617717
87 0 0.0241832726468608
88 0 0.0243472709073639
89 0 0.0246892344998461
90 0 0.0258800906716139
91 0 0.0353420483275207
92 0 0.0393727611839493
93 0 0.0439028129050663
94 0 0.0493905004398263
95 0 0.0564124746316805
96 0 0.0659521097021046
97 0 0.077855202039176
98 0 0.0899338259750891
99 0 0.114175618893450
100 0 0.177975253849269
