*Period monthly mortality rates for SWE in 1811 
* Mon Dec 20 14:19:22 2010
death 1 M married
1 0 0.0244189925579987
2 0 0.00584593031089742
3 0 0.00413204089611063
4 0 0.00254987469150481
5 0 0.00173529986740895
6 0 0.00142681041854187
7 0 0.0011840133656722
8 0 0.000998717681618744
9 0 0.00083271992391265
10 0 0.000721775060038676
11 0 0.000684403711486925
12 0 0.000673153327631848
13 0 0.000651244265330364
14 0 0.000617761310181431
15 0 0.000596704419019489
16 0 0.000595026788992925
17 0 0.000611385003285947
18 0 0.000623634620360414
19 0 0.000641760371307698
20 0 0.000688518005728223
21 0 0.000770338787176028
22 0 0.000847859273259033
23 0 0.000885718689995318
24 0 0.000896658793379634
25 0 0.00090962031348052
26 0 0.000920731660246976
27 0 0.000939506190722139
28 0 0.00096763315250148
29 0 0.00101919379298532
30 0 0.00109372199222491
31 0 0.00116155871221002
32 0 0.00120301129949818
33 0 0.00122040844964399
34 0 0.00123789341026903
35 0 0.00125081924128823
36 0 0.00126391591407682
37 0 0.00129197450067609
38 0 0.00129806063969840
39 0 0.00137154915301652
40 0 0.00146982408230356
41 0 0.00153048426937119
42 0 0.00162502890154170
43 0 0.00173037343982230
44 0 0.00186007857945503
45 0 0.00194415441716755
46 0 0.00199184335409808
47 0 0.00204825084026161
48 0 0.00211126077381507
49 0 0.00218267945361406
50 0 0.00225893849387149
51 0 0.00235313386013603
52 0 0.00250694570923971
53 0 0.00267243260900540
54 0 0.00282893676063567
55 0 0.00296685327554058
56 0 0.00307006220003125
57 0 0.00314413834554106
58 0 0.00330811444696244
59 0 0.00353795540733093
60 0 0.00385555062811271
61 0 0.00417391457012273
62 0 0.0044724763070042
63 0 0.00484900293889357
64 0 0.00516382961111161
65 0 0.00544683052167216
66 0 0.00576303869887196
67 0 0.00602476584110834
68 0 0.006319860992689
69 0 0.0066776206243031
70 0 0.00713637954832369
71 0 0.00775812349313298
72 0 0.00861888865345906
73 0 0.00953312827348962
74 0 0.0103738067401833
75 0 0.0110688528966510
76 0 0.0118483261055661
77 0 0.0129656997882405
78 0 0.0141472506708902
79 0 0.0154004180503556
80 0 0.0169493348178487
81 0 0.0158609420058829
82 0 0.0169867560172066
83 0 0.0186393712137258
84 0 0.0209201210031750
85 0 0.0237891499294128
86 0 0.0269871395942893
87 0 0.0304013681899313
88 0 0.0340034147822035
89 0 0.0373449031631883
90 0 0.0423018269275651
91 0 0.0332242539906218
92 0 0.0344243264038091
93 0 0.0369715457577747
94 0 0.0400965110660640
95 0 0.0440809218151319
96 0 0.0510236975305314
97 0 0.0628409401051514
98 0 0.0796174841384846
99 0 1
100 0 1

death 1 M single
1 0 0.0244189925579987
2 0 0.00584593031089742
3 0 0.00413204089611063
4 0 0.00254987469150481
5 0 0.00173529986740895
6 0 0.00142681041854187
7 0 0.0011840133656722
8 0 0.000998717681618744
9 0 0.00083271992391265
10 0 0.000721775060038676
11 0 0.000684403711486925
12 0 0.000673153327631848
13 0 0.000651244265330364
14 0 0.000617761310181431
15 0 0.000596704419019489
16 0 0.000595026788992925
17 0 0.000611385003285947
18 0 0.000623634620360414
19 0 0.000641760371307698
20 0 0.000688518005728223
21 0 0.000770338787176028
22 0 0.000847859273259033
23 0 0.000885718689995318
24 0 0.000896658793379634
25 0 0.00090962031348052
26 0 0.000920731660246976
27 0 0.000939506190722139
28 0 0.00096763315250148
29 0 0.00101919379298532
30 0 0.00109372199222491
31 0 0.00116155871221002
32 0 0.00120301129949818
33 0 0.00122040844964399
34 0 0.00123789341026903
35 0 0.00125081924128823
36 0 0.00126391591407682
37 0 0.00129197450067609
38 0 0.00129806063969840
39 0 0.00137154915301652
40 0 0.00146982408230356
41 0 0.00153048426937119
42 0 0.00162502890154170
43 0 0.00173037343982230
44 0 0.00186007857945503
45 0 0.00194415441716755
46 0 0.00199184335409808
47 0 0.00204825084026161
48 0 0.00211126077381507
49 0 0.00218267945361406
50 0 0.00225893849387149
51 0 0.00235313386013603
52 0 0.00250694570923971
53 0 0.00267243260900540
54 0 0.00282893676063567
55 0 0.00296685327554058
56 0 0.00307006220003125
57 0 0.00314413834554106
58 0 0.00330811444696244
59 0 0.00353795540733093
60 0 0.00385555062811271
61 0 0.00417391457012273
62 0 0.0044724763070042
63 0 0.00484900293889357
64 0 0.00516382961111161
65 0 0.00544683052167216
66 0 0.00576303869887196
67 0 0.00602476584110834
68 0 0.006319860992689
69 0 0.0066776206243031
70 0 0.00713637954832369
71 0 0.00775812349313298
72 0 0.00861888865345906
73 0 0.00953312827348962
74 0 0.0103738067401833
75 0 0.0110688528966510
76 0 0.0118483261055661
77 0 0.0129656997882405
78 0 0.0141472506708902
79 0 0.0154004180503556
80 0 0.0169493348178487
81 0 0.0158609420058829
82 0 0.0169867560172066
83 0 0.0186393712137258
84 0 0.0209201210031750
85 0 0.0237891499294128
86 0 0.0269871395942893
87 0 0.0304013681899313
88 0 0.0340034147822035
89 0 0.0373449031631883
90 0 0.0423018269275651
91 0 0.0332242539906218
92 0 0.0344243264038091
93 0 0.0369715457577747
94 0 0.0400965110660640
95 0 0.0440809218151319
96 0 0.0510236975305314
97 0 0.0628409401051514
98 0 0.0796174841384846
99 0 1
100 0 1

death 1 M divorced
1 0 0.0244189925579987
2 0 0.00584593031089742
3 0 0.00413204089611063
4 0 0.00254987469150481
5 0 0.00173529986740895
6 0 0.00142681041854187
7 0 0.0011840133656722
8 0 0.000998717681618744
9 0 0.00083271992391265
10 0 0.000721775060038676
11 0 0.000684403711486925
12 0 0.000673153327631848
13 0 0.000651244265330364
14 0 0.000617761310181431
15 0 0.000596704419019489
16 0 0.000595026788992925
17 0 0.000611385003285947
18 0 0.000623634620360414
19 0 0.000641760371307698
20 0 0.000688518005728223
21 0 0.000770338787176028
22 0 0.000847859273259033
23 0 0.000885718689995318
24 0 0.000896658793379634
25 0 0.00090962031348052
26 0 0.000920731660246976
27 0 0.000939506190722139
28 0 0.00096763315250148
29 0 0.00101919379298532
30 0 0.00109372199222491
31 0 0.00116155871221002
32 0 0.00120301129949818
33 0 0.00122040844964399
34 0 0.00123789341026903
35 0 0.00125081924128823
36 0 0.00126391591407682
37 0 0.00129197450067609
38 0 0.00129806063969840
39 0 0.00137154915301652
40 0 0.00146982408230356
41 0 0.00153048426937119
42 0 0.00162502890154170
43 0 0.00173037343982230
44 0 0.00186007857945503
45 0 0.00194415441716755
46 0 0.00199184335409808
47 0 0.00204825084026161
48 0 0.00211126077381507
49 0 0.00218267945361406
50 0 0.00225893849387149
51 0 0.00235313386013603
52 0 0.00250694570923971
53 0 0.00267243260900540
54 0 0.00282893676063567
55 0 0.00296685327554058
56 0 0.00307006220003125
57 0 0.00314413834554106
58 0 0.00330811444696244
59 0 0.00353795540733093
60 0 0.00385555062811271
61 0 0.00417391457012273
62 0 0.0044724763070042
63 0 0.00484900293889357
64 0 0.00516382961111161
65 0 0.00544683052167216
66 0 0.00576303869887196
67 0 0.00602476584110834
68 0 0.006319860992689
69 0 0.0066776206243031
70 0 0.00713637954832369
71 0 0.00775812349313298
72 0 0.00861888865345906
73 0 0.00953312827348962
74 0 0.0103738067401833
75 0 0.0110688528966510
76 0 0.0118483261055661
77 0 0.0129656997882405
78 0 0.0141472506708902
79 0 0.0154004180503556
80 0 0.0169493348178487
81 0 0.0158609420058829
82 0 0.0169867560172066
83 0 0.0186393712137258
84 0 0.0209201210031750
85 0 0.0237891499294128
86 0 0.0269871395942893
87 0 0.0304013681899313
88 0 0.0340034147822035
89 0 0.0373449031631883
90 0 0.0423018269275651
91 0 0.0332242539906218
92 0 0.0344243264038091
93 0 0.0369715457577747
94 0 0.0400965110660640
95 0 0.0440809218151319
96 0 0.0510236975305314
97 0 0.0628409401051514
98 0 0.0796174841384846
99 0 1
100 0 1

death 1 M widowed
1 0 0.0244189925579987
2 0 0.00584593031089742
3 0 0.00413204089611063
4 0 0.00254987469150481
5 0 0.00173529986740895
6 0 0.00142681041854187
7 0 0.0011840133656722
8 0 0.000998717681618744
9 0 0.00083271992391265
10 0 0.000721775060038676
11 0 0.000684403711486925
12 0 0.000673153327631848
13 0 0.000651244265330364
14 0 0.000617761310181431
15 0 0.000596704419019489
16 0 0.000595026788992925
17 0 0.000611385003285947
18 0 0.000623634620360414
19 0 0.000641760371307698
20 0 0.000688518005728223
21 0 0.000770338787176028
22 0 0.000847859273259033
23 0 0.000885718689995318
24 0 0.000896658793379634
25 0 0.00090962031348052
26 0 0.000920731660246976
27 0 0.000939506190722139
28 0 0.00096763315250148
29 0 0.00101919379298532
30 0 0.00109372199222491
31 0 0.00116155871221002
32 0 0.00120301129949818
33 0 0.00122040844964399
34 0 0.00123789341026903
35 0 0.00125081924128823
36 0 0.00126391591407682
37 0 0.00129197450067609
38 0 0.00129806063969840
39 0 0.00137154915301652
40 0 0.00146982408230356
41 0 0.00153048426937119
42 0 0.00162502890154170
43 0 0.00173037343982230
44 0 0.00186007857945503
45 0 0.00194415441716755
46 0 0.00199184335409808
47 0 0.00204825084026161
48 0 0.00211126077381507
49 0 0.00218267945361406
50 0 0.00225893849387149
51 0 0.00235313386013603
52 0 0.00250694570923971
53 0 0.00267243260900540
54 0 0.00282893676063567
55 0 0.00296685327554058
56 0 0.00307006220003125
57 0 0.00314413834554106
58 0 0.00330811444696244
59 0 0.00353795540733093
60 0 0.00385555062811271
61 0 0.00417391457012273
62 0 0.0044724763070042
63 0 0.00484900293889357
64 0 0.00516382961111161
65 0 0.00544683052167216
66 0 0.00576303869887196
67 0 0.00602476584110834
68 0 0.006319860992689
69 0 0.0066776206243031
70 0 0.00713637954832369
71 0 0.00775812349313298
72 0 0.00861888865345906
73 0 0.00953312827348962
74 0 0.0103738067401833
75 0 0.0110688528966510
76 0 0.0118483261055661
77 0 0.0129656997882405
78 0 0.0141472506708902
79 0 0.0154004180503556
80 0 0.0169493348178487
81 0 0.0158609420058829
82 0 0.0169867560172066
83 0 0.0186393712137258
84 0 0.0209201210031750
85 0 0.0237891499294128
86 0 0.0269871395942893
87 0 0.0304013681899313
88 0 0.0340034147822035
89 0 0.0373449031631883
90 0 0.0423018269275651
91 0 0.0332242539906218
92 0 0.0344243264038091
93 0 0.0369715457577747
94 0 0.0400965110660640
95 0 0.0440809218151319
96 0 0.0510236975305314
97 0 0.0628409401051514
98 0 0.0796174841384846
99 0 1
100 0 1

death 1 F married
1 0 0.0204165010464317
2 0 0.00561831620153797
3 0 0.0039629985023566
4 0 0.00244100662817714
5 0 0.00168146342748632
6 0 0.00140471880186732
7 0 0.00116290921111184
8 0 0.00097251836298895
9 0 0.00079505071730357
10 0 0.000670718726441755
11 0 0.000620530109102568
12 0 0.000607693661716202
13 0 0.000593013673850229
14 0 0.000578252192249828
15 0 0.000584206819523869
16 0 0.000619271553677914
17 0 0.000641928219233145
18 0 0.000650824603067202
19 0 0.000656364301039325
20 0 0.00067533612899684
21 0 0.000713375664880722
22 0 0.000763699652392646
23 0 0.000783366347855252
24 0 0.000789250374825579
25 0 0.000798581541897825
26 0 0.000804298406047788
27 0 0.00080253286548393
28 0 0.000810099709525502
29 0 0.000844831201517238
30 0 0.000902634329335017
31 0 0.00095634763646324
32 0 0.00100453141676293
33 0 0.00103638718030907
34 0 0.00107491555723704
35 0 0.00110628989771178
36 0 0.00113455295126619
37 0 0.00114737968627421
38 0 0.00113784384863569
39 0 0.00117987656488505
40 0 0.00123189577384786
41 0 0.00124684836535460
42 0 0.00129865236942006
43 0 0.00134312766807509
44 0 0.00139498665373516
45 0 0.00139871013501258
46 0 0.00136359700779165
47 0 0.00135192384360672
48 0 0.00137484865177295
49 0 0.00143299026206356
50 0 0.00151870488848826
51 0 0.00163809482775623
52 0 0.00179350291575719
53 0 0.00195539312324089
54 0 0.00211228430035892
55 0 0.00225381269655012
56 0 0.00236228508385383
57 0 0.00242534244097881
58 0 0.00256050296714827
59 0 0.00273905557637666
60 0 0.00298579769298091
61 0 0.00322690962110439
62 0 0.00347827571965809
63 0 0.00379209882812492
64 0 0.00407388607279802
65 0 0.00435646564073611
66 0 0.00467300192386366
67 0 0.00495649320569891
68 0 0.005280704201169
69 0 0.00566656086287165
70 0 0.00613651740831245
71 0 0.00673711596045923
72 0 0.00750445726502391
73 0 0.00829481829432177
74 0 0.00902539204852415
75 0 0.0096862223793165
76 0 0.0103991385482357
77 0 0.0112380781973286
78 0 0.0122536874354108
79 0 0.013507288150172
80 0 0.0150457672253557
81 0 0.0143834473291525
82 0 0.0158008513248401
83 0 0.0174878158283985
84 0 0.0193446549183210
85 0 0.0210912633175639
86 0 0.0223508059972273
87 0 0.0233550440125121
88 0 0.0242866370237870
89 0 0.0255212166871319
90 0 0.0282078243124545
91 0 0.0278338318959779
92 0 0.0289199593841326
93 0 0.0312199392868848
94 0 0.0340425609341614
95 0 0.0352455393887764
96 0 0.0357418339193625
97 0 0.036587090449
98 0 0.0372900763826279
99 0 0.0383379627335261
100 0 0.0515910041358588

death 1 F single
1 0 0.0204165010464317
2 0 0.00561831620153797
3 0 0.0039629985023566
4 0 0.00244100662817714
5 0 0.00168146342748632
6 0 0.00140471880186732
7 0 0.00116290921111184
8 0 0.00097251836298895
9 0 0.00079505071730357
10 0 0.000670718726441755
11 0 0.000620530109102568
12 0 0.000607693661716202
13 0 0.000593013673850229
14 0 0.000578252192249828
15 0 0.000584206819523869
16 0 0.000619271553677914
17 0 0.000641928219233145
18 0 0.000650824603067202
19 0 0.000656364301039325
20 0 0.00067533612899684
21 0 0.000713375664880722
22 0 0.000763699652392646
23 0 0.000783366347855252
24 0 0.000789250374825579
25 0 0.000798581541897825
26 0 0.000804298406047788
27 0 0.00080253286548393
28 0 0.000810099709525502
29 0 0.000844831201517238
30 0 0.000902634329335017
31 0 0.00095634763646324
32 0 0.00100453141676293
33 0 0.00103638718030907
34 0 0.00107491555723704
35 0 0.00110628989771178
36 0 0.00113455295126619
37 0 0.00114737968627421
38 0 0.00113784384863569
39 0 0.00117987656488505
40 0 0.00123189577384786
41 0 0.00124684836535460
42 0 0.00129865236942006
43 0 0.00134312766807509
44 0 0.00139498665373516
45 0 0.00139871013501258
46 0 0.00136359700779165
47 0 0.00135192384360672
48 0 0.00137484865177295
49 0 0.00143299026206356
50 0 0.00151870488848826
51 0 0.00163809482775623
52 0 0.00179350291575719
53 0 0.00195539312324089
54 0 0.00211228430035892
55 0 0.00225381269655012
56 0 0.00236228508385383
57 0 0.00242534244097881
58 0 0.00256050296714827
59 0 0.00273905557637666
60 0 0.00298579769298091
61 0 0.00322690962110439
62 0 0.00347827571965809
63 0 0.00379209882812492
64 0 0.00407388607279802
65 0 0.00435646564073611
66 0 0.00467300192386366
67 0 0.00495649320569891
68 0 0.005280704201169
69 0 0.00566656086287165
70 0 0.00613651740831245
71 0 0.00673711596045923
72 0 0.00750445726502391
73 0 0.00829481829432177
74 0 0.00902539204852415
75 0 0.0096862223793165
76 0 0.0103991385482357
77 0 0.0112380781973286
78 0 0.0122536874354108
79 0 0.013507288150172
80 0 0.0150457672253557
81 0 0.0143834473291525
82 0 0.0158008513248401
83 0 0.0174878158283985
84 0 0.0193446549183210
85 0 0.0210912633175639
86 0 0.0223508059972273
87 0 0.0233550440125121
88 0 0.0242866370237870
89 0 0.0255212166871319
90 0 0.0282078243124545
91 0 0.0278338318959779
92 0 0.0289199593841326
93 0 0.0312199392868848
94 0 0.0340425609341614
95 0 0.0352455393887764
96 0 0.0357418339193625
97 0 0.036587090449
98 0 0.0372900763826279
99 0 0.0383379627335261
100 0 0.0515910041358588

death 1 F divorced
1 0 0.0204165010464317
2 0 0.00561831620153797
3 0 0.0039629985023566
4 0 0.00244100662817714
5 0 0.00168146342748632
6 0 0.00140471880186732
7 0 0.00116290921111184
8 0 0.00097251836298895
9 0 0.00079505071730357
10 0 0.000670718726441755
11 0 0.000620530109102568
12 0 0.000607693661716202
13 0 0.000593013673850229
14 0 0.000578252192249828
15 0 0.000584206819523869
16 0 0.000619271553677914
17 0 0.000641928219233145
18 0 0.000650824603067202
19 0 0.000656364301039325
20 0 0.00067533612899684
21 0 0.000713375664880722
22 0 0.000763699652392646
23 0 0.000783366347855252
24 0 0.000789250374825579
25 0 0.000798581541897825
26 0 0.000804298406047788
27 0 0.00080253286548393
28 0 0.000810099709525502
29 0 0.000844831201517238
30 0 0.000902634329335017
31 0 0.00095634763646324
32 0 0.00100453141676293
33 0 0.00103638718030907
34 0 0.00107491555723704
35 0 0.00110628989771178
36 0 0.00113455295126619
37 0 0.00114737968627421
38 0 0.00113784384863569
39 0 0.00117987656488505
40 0 0.00123189577384786
41 0 0.00124684836535460
42 0 0.00129865236942006
43 0 0.00134312766807509
44 0 0.00139498665373516
45 0 0.00139871013501258
46 0 0.00136359700779165
47 0 0.00135192384360672
48 0 0.00137484865177295
49 0 0.00143299026206356
50 0 0.00151870488848826
51 0 0.00163809482775623
52 0 0.00179350291575719
53 0 0.00195539312324089
54 0 0.00211228430035892
55 0 0.00225381269655012
56 0 0.00236228508385383
57 0 0.00242534244097881
58 0 0.00256050296714827
59 0 0.00273905557637666
60 0 0.00298579769298091
61 0 0.00322690962110439
62 0 0.00347827571965809
63 0 0.00379209882812492
64 0 0.00407388607279802
65 0 0.00435646564073611
66 0 0.00467300192386366
67 0 0.00495649320569891
68 0 0.005280704201169
69 0 0.00566656086287165
70 0 0.00613651740831245
71 0 0.00673711596045923
72 0 0.00750445726502391
73 0 0.00829481829432177
74 0 0.00902539204852415
75 0 0.0096862223793165
76 0 0.0103991385482357
77 0 0.0112380781973286
78 0 0.0122536874354108
79 0 0.013507288150172
80 0 0.0150457672253557
81 0 0.0143834473291525
82 0 0.0158008513248401
83 0 0.0174878158283985
84 0 0.0193446549183210
85 0 0.0210912633175639
86 0 0.0223508059972273
87 0 0.0233550440125121
88 0 0.0242866370237870
89 0 0.0255212166871319
90 0 0.0282078243124545
91 0 0.0278338318959779
92 0 0.0289199593841326
93 0 0.0312199392868848
94 0 0.0340425609341614
95 0 0.0352455393887764
96 0 0.0357418339193625
97 0 0.036587090449
98 0 0.0372900763826279
99 0 0.0383379627335261
100 0 0.0515910041358588

death 1 F widowed
1 0 0.0204165010464317
2 0 0.00561831620153797
3 0 0.0039629985023566
4 0 0.00244100662817714
5 0 0.00168146342748632
6 0 0.00140471880186732
7 0 0.00116290921111184
8 0 0.00097251836298895
9 0 0.00079505071730357
10 0 0.000670718726441755
11 0 0.000620530109102568
12 0 0.000607693661716202
13 0 0.000593013673850229
14 0 0.000578252192249828
15 0 0.000584206819523869
16 0 0.000619271553677914
17 0 0.000641928219233145
18 0 0.000650824603067202
19 0 0.000656364301039325
20 0 0.00067533612899684
21 0 0.000713375664880722
22 0 0.000763699652392646
23 0 0.000783366347855252
24 0 0.000789250374825579
25 0 0.000798581541897825
26 0 0.000804298406047788
27 0 0.00080253286548393
28 0 0.000810099709525502
29 0 0.000844831201517238
30 0 0.000902634329335017
31 0 0.00095634763646324
32 0 0.00100453141676293
33 0 0.00103638718030907
34 0 0.00107491555723704
35 0 0.00110628989771178
36 0 0.00113455295126619
37 0 0.00114737968627421
38 0 0.00113784384863569
39 0 0.00117987656488505
40 0 0.00123189577384786
41 0 0.00124684836535460
42 0 0.00129865236942006
43 0 0.00134312766807509
44 0 0.00139498665373516
45 0 0.00139871013501258
46 0 0.00136359700779165
47 0 0.00135192384360672
48 0 0.00137484865177295
49 0 0.00143299026206356
50 0 0.00151870488848826
51 0 0.00163809482775623
52 0 0.00179350291575719
53 0 0.00195539312324089
54 0 0.00211228430035892
55 0 0.00225381269655012
56 0 0.00236228508385383
57 0 0.00242534244097881
58 0 0.00256050296714827
59 0 0.00273905557637666
60 0 0.00298579769298091
61 0 0.00322690962110439
62 0 0.00347827571965809
63 0 0.00379209882812492
64 0 0.00407388607279802
65 0 0.00435646564073611
66 0 0.00467300192386366
67 0 0.00495649320569891
68 0 0.005280704201169
69 0 0.00566656086287165
70 0 0.00613651740831245
71 0 0.00673711596045923
72 0 0.00750445726502391
73 0 0.00829481829432177
74 0 0.00902539204852415
75 0 0.0096862223793165
76 0 0.0103991385482357
77 0 0.0112380781973286
78 0 0.0122536874354108
79 0 0.013507288150172
80 0 0.0150457672253557
81 0 0.0143834473291525
82 0 0.0158008513248401
83 0 0.0174878158283985
84 0 0.0193446549183210
85 0 0.0210912633175639
86 0 0.0223508059972273
87 0 0.0233550440125121
88 0 0.0242866370237870
89 0 0.0255212166871319
90 0 0.0282078243124545
91 0 0.0278338318959779
92 0 0.0289199593841326
93 0 0.0312199392868848
94 0 0.0340425609341614
95 0 0.0352455393887764
96 0 0.0357418339193625
97 0 0.036587090449
98 0 0.0372900763826279
99 0 0.0383379627335261
100 0 0.0515910041358588
