*Period monthly mortality rates for SWE in 1945 
* Mon Dec 20 14:21:04 2010
death 1 M married
1 0 0.00295970709208981
2 0 0.000294309264969761
3 0 0.000179426961330109
4 0 0.000169992178682965
5 0 0.000145366165974603
6 0 0.000120913711624038
7 0 0.0000973854780267347
8 0 0.000106812726936467
9 0 0.0000947159922475294
10 0 0.000089377255862777
11 0 0.0000956336191417773
12 0 0.0000759483834997798
13 0 0.0000621879326223596
14 0 0.0000915460797030754
15 0 0.0000900445807636707
16 0 0.000114154978542946
17 0 0.000115823754803235
18 0 0.000164565534974237
19 0 0.000188862723421002
20 0 0.000241904922906211
21 0 0.000297820683745287
22 0 0.000249174533577201
23 0 0.000254271963716857
24 0 0.000214252292023209
25 0 0.000236891737066203
26 0 0.000255274770512681
27 0 0.000214837003791768
28 0 0.000209073580555774
29 0 0.000195961066168593
30 0 0.000210911154075677
31 0 0.000247670428489943
32 0 0.000207820710819595
33 0 0.00019470837716562
34 0 0.00023221301308296
35 0 0.000234970089140862
36 0 0.000255107635278362
37 0 0.000255692609943181
38 0 0.00023221301308296
39 0 0.000247169065659025
40 0 0.000281936775296865
41 0 0.000300746969699395
42 0 0.000324578806260467
43 0 0.000303088066305079
44 0 0.000321484495505509
45 0 0.000352683316748870
46 0 0.000407495382611311
47 0 0.000359961794317964
48 0 0.000474905147065274
49 0 0.00048504187108922
50 0 0.000540185348186117
51 0 0.000572717254905153
52 0 0.000674496583803585
53 0 0.000614321404819429
54 0 0.00078664454443278
55 0 0.000870068217747599
56 0 0.000820946618679042
57 0 0.00101337911917343
58 0 0.00101851960882537
59 0 0.00110873620234986
60 0 0.00132646801751157
61 0 0.00134811770151599
62 0 0.00142164676233547
63 0 0.00152870455264742
64 0 0.00175857660741963
65 0 0.0017704721372489
66 0 0.00218993539268819
67 0 0.00223869328188575
68 0 0.00253899057131846
69 0 0.00279807839340751
70 0 0.00315949580998887
71 0 0.00320541116719331
72 0 0.00392174432167425
73 0 0.00427938243873871
74 0 0.00476403355636901
75 0 0.00508773049912947
76 0 0.00639646844378994
77 0 0.00630797790983517
78 0 0.00717380536702128
79 0 0.00853680022708869
80 0 0.00860303316544297
81 0 0.0104202694234349
82 0 0.0116588905014392
83 0 0.0127347383262258
84 0 0.0145170469820189
85 0 0.0173803245363002
86 0 0.0180412703490783
87 0 0.0192496612212031
88 0 0.0217328643249506
89 0 0.0241254760456506
90 0 0.0288328840534826
91 0 0.0280818822312894
92 0 0.0345534236519494
93 0 0.0325976055250883
94 0 0.0394883404576587
95 0 0.0545944589776555
96 0 0.0435955695563482
97 0 0.0504988430927761
98 0 0.0632086099568413
99 0 0.0627215673550536
100 0 0.0411244503594923

death 1 M single
1 0 0.00295970709208981
2 0 0.000294309264969761
3 0 0.000179426961330109
4 0 0.000169992178682965
5 0 0.000145366165974603
6 0 0.000120913711624038
7 0 0.0000973854780267347
8 0 0.000106812726936467
9 0 0.0000947159922475294
10 0 0.000089377255862777
11 0 0.0000956336191417773
12 0 0.0000759483834997798
13 0 0.0000621879326223596
14 0 0.0000915460797030754
15 0 0.0000900445807636707
16 0 0.000114154978542946
17 0 0.000115823754803235
18 0 0.000164565534974237
19 0 0.000188862723421002
20 0 0.000241904922906211
21 0 0.000297820683745287
22 0 0.000249174533577201
23 0 0.000254271963716857
24 0 0.000214252292023209
25 0 0.000236891737066203
26 0 0.000255274770512681
27 0 0.000214837003791768
28 0 0.000209073580555774
29 0 0.000195961066168593
30 0 0.000210911154075677
31 0 0.000247670428489943
32 0 0.000207820710819595
33 0 0.00019470837716562
34 0 0.00023221301308296
35 0 0.000234970089140862
36 0 0.000255107635278362
37 0 0.000255692609943181
38 0 0.00023221301308296
39 0 0.000247169065659025
40 0 0.000281936775296865
41 0 0.000300746969699395
42 0 0.000324578806260467
43 0 0.000303088066305079
44 0 0.000321484495505509
45 0 0.000352683316748870
46 0 0.000407495382611311
47 0 0.000359961794317964
48 0 0.000474905147065274
49 0 0.00048504187108922
50 0 0.000540185348186117
51 0 0.000572717254905153
52 0 0.000674496583803585
53 0 0.000614321404819429
54 0 0.00078664454443278
55 0 0.000870068217747599
56 0 0.000820946618679042
57 0 0.00101337911917343
58 0 0.00101851960882537
59 0 0.00110873620234986
60 0 0.00132646801751157
61 0 0.00134811770151599
62 0 0.00142164676233547
63 0 0.00152870455264742
64 0 0.00175857660741963
65 0 0.0017704721372489
66 0 0.00218993539268819
67 0 0.00223869328188575
68 0 0.00253899057131846
69 0 0.00279807839340751
70 0 0.00315949580998887
71 0 0.00320541116719331
72 0 0.00392174432167425
73 0 0.00427938243873871
74 0 0.00476403355636901
75 0 0.00508773049912947
76 0 0.00639646844378994
77 0 0.00630797790983517
78 0 0.00717380536702128
79 0 0.00853680022708869
80 0 0.00860303316544297
81 0 0.0104202694234349
82 0 0.0116588905014392
83 0 0.0127347383262258
84 0 0.0145170469820189
85 0 0.0173803245363002
86 0 0.0180412703490783
87 0 0.0192496612212031
88 0 0.0217328643249506
89 0 0.0241254760456506
90 0 0.0288328840534826
91 0 0.0280818822312894
92 0 0.0345534236519494
93 0 0.0325976055250883
94 0 0.0394883404576587
95 0 0.0545944589776555
96 0 0.0435955695563482
97 0 0.0504988430927761
98 0 0.0632086099568413
99 0 0.0627215673550536
100 0 0.0411244503594923

death 1 M divorced
1 0 0.00295970709208981
2 0 0.000294309264969761
3 0 0.000179426961330109
4 0 0.000169992178682965
5 0 0.000145366165974603
6 0 0.000120913711624038
7 0 0.0000973854780267347
8 0 0.000106812726936467
9 0 0.0000947159922475294
10 0 0.000089377255862777
11 0 0.0000956336191417773
12 0 0.0000759483834997798
13 0 0.0000621879326223596
14 0 0.0000915460797030754
15 0 0.0000900445807636707
16 0 0.000114154978542946
17 0 0.000115823754803235
18 0 0.000164565534974237
19 0 0.000188862723421002
20 0 0.000241904922906211
21 0 0.000297820683745287
22 0 0.000249174533577201
23 0 0.000254271963716857
24 0 0.000214252292023209
25 0 0.000236891737066203
26 0 0.000255274770512681
27 0 0.000214837003791768
28 0 0.000209073580555774
29 0 0.000195961066168593
30 0 0.000210911154075677
31 0 0.000247670428489943
32 0 0.000207820710819595
33 0 0.00019470837716562
34 0 0.00023221301308296
35 0 0.000234970089140862
36 0 0.000255107635278362
37 0 0.000255692609943181
38 0 0.00023221301308296
39 0 0.000247169065659025
40 0 0.000281936775296865
41 0 0.000300746969699395
42 0 0.000324578806260467
43 0 0.000303088066305079
44 0 0.000321484495505509
45 0 0.000352683316748870
46 0 0.000407495382611311
47 0 0.000359961794317964
48 0 0.000474905147065274
49 0 0.00048504187108922
50 0 0.000540185348186117
51 0 0.000572717254905153
52 0 0.000674496583803585
53 0 0.000614321404819429
54 0 0.00078664454443278
55 0 0.000870068217747599
56 0 0.000820946618679042
57 0 0.00101337911917343
58 0 0.00101851960882537
59 0 0.00110873620234986
60 0 0.00132646801751157
61 0 0.00134811770151599
62 0 0.00142164676233547
63 0 0.00152870455264742
64 0 0.00175857660741963
65 0 0.0017704721372489
66 0 0.00218993539268819
67 0 0.00223869328188575
68 0 0.00253899057131846
69 0 0.00279807839340751
70 0 0.00315949580998887
71 0 0.00320541116719331
72 0 0.00392174432167425
73 0 0.00427938243873871
74 0 0.00476403355636901
75 0 0.00508773049912947
76 0 0.00639646844378994
77 0 0.00630797790983517
78 0 0.00717380536702128
79 0 0.00853680022708869
80 0 0.00860303316544297
81 0 0.0104202694234349
82 0 0.0116588905014392
83 0 0.0127347383262258
84 0 0.0145170469820189
85 0 0.0173803245363002
86 0 0.0180412703490783
87 0 0.0192496612212031
88 0 0.0217328643249506
89 0 0.0241254760456506
90 0 0.0288328840534826
91 0 0.0280818822312894
92 0 0.0345534236519494
93 0 0.0325976055250883
94 0 0.0394883404576587
95 0 0.0545944589776555
96 0 0.0435955695563482
97 0 0.0504988430927761
98 0 0.0632086099568413
99 0 0.0627215673550536
100 0 0.0411244503594923

death 1 M widowed
1 0 0.00295970709208981
2 0 0.000294309264969761
3 0 0.000179426961330109
4 0 0.000169992178682965
5 0 0.000145366165974603
6 0 0.000120913711624038
7 0 0.0000973854780267347
8 0 0.000106812726936467
9 0 0.0000947159922475294
10 0 0.000089377255862777
11 0 0.0000956336191417773
12 0 0.0000759483834997798
13 0 0.0000621879326223596
14 0 0.0000915460797030754
15 0 0.0000900445807636707
16 0 0.000114154978542946
17 0 0.000115823754803235
18 0 0.000164565534974237
19 0 0.000188862723421002
20 0 0.000241904922906211
21 0 0.000297820683745287
22 0 0.000249174533577201
23 0 0.000254271963716857
24 0 0.000214252292023209
25 0 0.000236891737066203
26 0 0.000255274770512681
27 0 0.000214837003791768
28 0 0.000209073580555774
29 0 0.000195961066168593
30 0 0.000210911154075677
31 0 0.000247670428489943
32 0 0.000207820710819595
33 0 0.00019470837716562
34 0 0.00023221301308296
35 0 0.000234970089140862
36 0 0.000255107635278362
37 0 0.000255692609943181
38 0 0.00023221301308296
39 0 0.000247169065659025
40 0 0.000281936775296865
41 0 0.000300746969699395
42 0 0.000324578806260467
43 0 0.000303088066305079
44 0 0.000321484495505509
45 0 0.000352683316748870
46 0 0.000407495382611311
47 0 0.000359961794317964
48 0 0.000474905147065274
49 0 0.00048504187108922
50 0 0.000540185348186117
51 0 0.000572717254905153
52 0 0.000674496583803585
53 0 0.000614321404819429
54 0 0.00078664454443278
55 0 0.000870068217747599
56 0 0.000820946618679042
57 0 0.00101337911917343
58 0 0.00101851960882537
59 0 0.00110873620234986
60 0 0.00132646801751157
61 0 0.00134811770151599
62 0 0.00142164676233547
63 0 0.00152870455264742
64 0 0.00175857660741963
65 0 0.0017704721372489
66 0 0.00218993539268819
67 0 0.00223869328188575
68 0 0.00253899057131846
69 0 0.00279807839340751
70 0 0.00315949580998887
71 0 0.00320541116719331
72 0 0.00392174432167425
73 0 0.00427938243873871
74 0 0.00476403355636901
75 0 0.00508773049912947
76 0 0.00639646844378994
77 0 0.00630797790983517
78 0 0.00717380536702128
79 0 0.00853680022708869
80 0 0.00860303316544297
81 0 0.0104202694234349
82 0 0.0116588905014392
83 0 0.0127347383262258
84 0 0.0145170469820189
85 0 0.0173803245363002
86 0 0.0180412703490783
87 0 0.0192496612212031
88 0 0.0217328643249506
89 0 0.0241254760456506
90 0 0.0288328840534826
91 0 0.0280818822312894
92 0 0.0345534236519494
93 0 0.0325976055250883
94 0 0.0394883404576587
95 0 0.0545944589776555
96 0 0.0435955695563482
97 0 0.0504988430927761
98 0 0.0632086099568413
99 0 0.0627215673550536
100 0 0.0411244503594923

death 1 F married
1 0 0.00225970738845405
2 0 0.000263464773528788
3 0 0.000161977557459614
4 0 0.000117325679632074
5 0 0.0000982197084101744
6 0 0.0000884596921228997
7 0 0.0000726957253012195
8 0 0.0000680254452664064
9 0 0.0000680254452664064
10 0 0.000043260291506364
11 0 0.0000741969376999441
12 0 0.0000468454011526287
13 0 0.0000455947654502964
14 0 0.0000862909419191427
15 0 0.0000649398561636261
16 0 0.0000781168869596893
17 0 0.000117075357103924
18 0 0.000142862199405625
19 0 0.000170159157473537
20 0 0.000213416996021731
21 0 0.000195961066168593
22 0 0.000189029736882174
23 0 0.000198550011486498
24 0 0.000198466495970329
25 0 0.000159723572563331
26 0 0.000208071283385181
27 0 0.000176922056289053
28 0 0.000177339535668675
29 0 0.000182599940152017
30 0 0.000195961066168593
31 0 0.000172747367952697
32 0 0.000186107045618278
33 0 0.000178341494003309
34 0 0.000170576605791672
35 0 0.000198382980530987
36 0 0.00018485449241723
37 0 0.000188946230113229
38 0 0.000227534529938289
39 0 0.000227116819939699
40 0 0.000222605674276677
41 0 0.000220350185406670
42 0 0.000282605515461998
43 0 0.000316550542237892
44 0 0.000248088232961741
45 0 0.000314041855167035
46 0 0.000343397829561387
47 0 0.000380880204724376
48 0 0.000402473054260666
49 0 0.00043294611317346
50 0 0.00044316189787863
51 0 0.000469376501461505
52 0 0.00055259305190114
53 0 0.000562570745430535
54 0 0.000665849719784228
55 0 0.000601234174829379
56 0 0.00072160706452451
57 0 0.00072118707709845
58 0 0.000822376152918802
59 0 0.000880922290951047
60 0 0.00105889520953828
61 0 0.00114729529393853
62 0 0.00115691652542105
63 0 0.00124938294696708
64 0 0.00154387563805458
65 0 0.0016118800306959
66 0 0.00205779757039182
67 0 0.00197097635983834
68 0 0.00229739120977579
69 0 0.00241858114153637
70 0 0.00289283579354838
71 0 0.00300767480998831
72 0 0.00353899516976219
73 0 0.00403746025172103
74 0 0.0043550667212342
75 0 0.00517529852800913
76 0 0.00539233503734027
77 0 0.00612011139435886
78 0 0.00740709683553964
79 0 0.0077177321349845
80 0 0.00896289635491354
81 0 0.00937086602266757
82 0 0.0107469327179557
83 0 0.0121013076297490
84 0 0.0128367914958804
85 0 0.0147796426584615
86 0 0.0167427944078019
87 0 0.0198721591060619
88 0 0.0199038610481809
89 0 0.0210813605133344
90 0 0.0233243567453891
91 0 0.0279655681858915
92 0 0.0298545358367133
93 0 0.0303546845504332
94 0 0.0328920700866987
95 0 0.0409743304129029
96 0 0.032907722322316
97 0 0.045980238153407
98 0 0.0413348679561664
99 0 0.0486846252024472
100 0 0.0301789360345037

death 1 F single
1 0 0.00225970738845405
2 0 0.000263464773528788
3 0 0.000161977557459614
4 0 0.000117325679632074
5 0 0.0000982197084101744
6 0 0.0000884596921228997
7 0 0.0000726957253012195
8 0 0.0000680254452664064
9 0 0.0000680254452664064
10 0 0.000043260291506364
11 0 0.0000741969376999441
12 0 0.0000468454011526287
13 0 0.0000455947654502964
14 0 0.0000862909419191427
15 0 0.0000649398561636261
16 0 0.0000781168869596893
17 0 0.000117075357103924
18 0 0.000142862199405625
19 0 0.000170159157473537
20 0 0.000213416996021731
21 0 0.000195961066168593
22 0 0.000189029736882174
23 0 0.000198550011486498
24 0 0.000198466495970329
25 0 0.000159723572563331
26 0 0.000208071283385181
27 0 0.000176922056289053
28 0 0.000177339535668675
29 0 0.000182599940152017
30 0 0.000195961066168593
31 0 0.000172747367952697
32 0 0.000186107045618278
33 0 0.000178341494003309
34 0 0.000170576605791672
35 0 0.000198382980530987
36 0 0.00018485449241723
37 0 0.000188946230113229
38 0 0.000227534529938289
39 0 0.000227116819939699
40 0 0.000222605674276677
41 0 0.000220350185406670
42 0 0.000282605515461998
43 0 0.000316550542237892
44 0 0.000248088232961741
45 0 0.000314041855167035
46 0 0.000343397829561387
47 0 0.000380880204724376
48 0 0.000402473054260666
49 0 0.00043294611317346
50 0 0.00044316189787863
51 0 0.000469376501461505
52 0 0.00055259305190114
53 0 0.000562570745430535
54 0 0.000665849719784228
55 0 0.000601234174829379
56 0 0.00072160706452451
57 0 0.00072118707709845
58 0 0.000822376152918802
59 0 0.000880922290951047
60 0 0.00105889520953828
61 0 0.00114729529393853
62 0 0.00115691652542105
63 0 0.00124938294696708
64 0 0.00154387563805458
65 0 0.0016118800306959
66 0 0.00205779757039182
67 0 0.00197097635983834
68 0 0.00229739120977579
69 0 0.00241858114153637
70 0 0.00289283579354838
71 0 0.00300767480998831
72 0 0.00353899516976219
73 0 0.00403746025172103
74 0 0.0043550667212342
75 0 0.00517529852800913
76 0 0.00539233503734027
77 0 0.00612011139435886
78 0 0.00740709683553964
79 0 0.0077177321349845
80 0 0.00896289635491354
81 0 0.00937086602266757
82 0 0.0107469327179557
83 0 0.0121013076297490
84 0 0.0128367914958804
85 0 0.0147796426584615
86 0 0.0167427944078019
87 0 0.0198721591060619
88 0 0.0199038610481809
89 0 0.0210813605133344
90 0 0.0233243567453891
91 0 0.0279655681858915
92 0 0.0298545358367133
93 0 0.0303546845504332
94 0 0.0328920700866987
95 0 0.0409743304129029
96 0 0.032907722322316
97 0 0.045980238153407
98 0 0.0413348679561664
99 0 0.0486846252024472
100 0 0.0301789360345037

death 1 F divorced
1 0 0.00225970738845405
2 0 0.000263464773528788
3 0 0.000161977557459614
4 0 0.000117325679632074
5 0 0.0000982197084101744
6 0 0.0000884596921228997
7 0 0.0000726957253012195
8 0 0.0000680254452664064
9 0 0.0000680254452664064
10 0 0.000043260291506364
11 0 0.0000741969376999441
12 0 0.0000468454011526287
13 0 0.0000455947654502964
14 0 0.0000862909419191427
15 0 0.0000649398561636261
16 0 0.0000781168869596893
17 0 0.000117075357103924
18 0 0.000142862199405625
19 0 0.000170159157473537
20 0 0.000213416996021731
21 0 0.000195961066168593
22 0 0.000189029736882174
23 0 0.000198550011486498
24 0 0.000198466495970329
25 0 0.000159723572563331
26 0 0.000208071283385181
27 0 0.000176922056289053
28 0 0.000177339535668675
29 0 0.000182599940152017
30 0 0.000195961066168593
31 0 0.000172747367952697
32 0 0.000186107045618278
33 0 0.000178341494003309
34 0 0.000170576605791672
35 0 0.000198382980530987
36 0 0.00018485449241723
37 0 0.000188946230113229
38 0 0.000227534529938289
39 0 0.000227116819939699
40 0 0.000222605674276677
41 0 0.000220350185406670
42 0 0.000282605515461998
43 0 0.000316550542237892
44 0 0.000248088232961741
45 0 0.000314041855167035
46 0 0.000343397829561387
47 0 0.000380880204724376
48 0 0.000402473054260666
49 0 0.00043294611317346
50 0 0.00044316189787863
51 0 0.000469376501461505
52 0 0.00055259305190114
53 0 0.000562570745430535
54 0 0.000665849719784228
55 0 0.000601234174829379
56 0 0.00072160706452451
57 0 0.00072118707709845
58 0 0.000822376152918802
59 0 0.000880922290951047
60 0 0.00105889520953828
61 0 0.00114729529393853
62 0 0.00115691652542105
63 0 0.00124938294696708
64 0 0.00154387563805458
65 0 0.0016118800306959
66 0 0.00205779757039182
67 0 0.00197097635983834
68 0 0.00229739120977579
69 0 0.00241858114153637
70 0 0.00289283579354838
71 0 0.00300767480998831
72 0 0.00353899516976219
73 0 0.00403746025172103
74 0 0.0043550667212342
75 0 0.00517529852800913
76 0 0.00539233503734027
77 0 0.00612011139435886
78 0 0.00740709683553964
79 0 0.0077177321349845
80 0 0.00896289635491354
81 0 0.00937086602266757
82 0 0.0107469327179557
83 0 0.0121013076297490
84 0 0.0128367914958804
85 0 0.0147796426584615
86 0 0.0167427944078019
87 0 0.0198721591060619
88 0 0.0199038610481809
89 0 0.0210813605133344
90 0 0.0233243567453891
91 0 0.0279655681858915
92 0 0.0298545358367133
93 0 0.0303546845504332
94 0 0.0328920700866987
95 0 0.0409743304129029
96 0 0.032907722322316
97 0 0.045980238153407
98 0 0.0413348679561664
99 0 0.0486846252024472
100 0 0.0301789360345037

death 1 F widowed
1 0 0.00225970738845405
2 0 0.000263464773528788
3 0 0.000161977557459614
4 0 0.000117325679632074
5 0 0.0000982197084101744
6 0 0.0000884596921228997
7 0 0.0000726957253012195
8 0 0.0000680254452664064
9 0 0.0000680254452664064
10 0 0.000043260291506364
11 0 0.0000741969376999441
12 0 0.0000468454011526287
13 0 0.0000455947654502964
14 0 0.0000862909419191427
15 0 0.0000649398561636261
16 0 0.0000781168869596893
17 0 0.000117075357103924
18 0 0.000142862199405625
19 0 0.000170159157473537
20 0 0.000213416996021731
21 0 0.000195961066168593
22 0 0.000189029736882174
23 0 0.000198550011486498
24 0 0.000198466495970329
25 0 0.000159723572563331
26 0 0.000208071283385181
27 0 0.000176922056289053
28 0 0.000177339535668675
29 0 0.000182599940152017
30 0 0.000195961066168593
31 0 0.000172747367952697
32 0 0.000186107045618278
33 0 0.000178341494003309
34 0 0.000170576605791672
35 0 0.000198382980530987
36 0 0.00018485449241723
37 0 0.000188946230113229
38 0 0.000227534529938289
39 0 0.000227116819939699
40 0 0.000222605674276677
41 0 0.000220350185406670
42 0 0.000282605515461998
43 0 0.000316550542237892
44 0 0.000248088232961741
45 0 0.000314041855167035
46 0 0.000343397829561387
47 0 0.000380880204724376
48 0 0.000402473054260666
49 0 0.00043294611317346
50 0 0.00044316189787863
51 0 0.000469376501461505
52 0 0.00055259305190114
53 0 0.000562570745430535
54 0 0.000665849719784228
55 0 0.000601234174829379
56 0 0.00072160706452451
57 0 0.00072118707709845
58 0 0.000822376152918802
59 0 0.000880922290951047
60 0 0.00105889520953828
61 0 0.00114729529393853
62 0 0.00115691652542105
63 0 0.00124938294696708
64 0 0.00154387563805458
65 0 0.0016118800306959
66 0 0.00205779757039182
67 0 0.00197097635983834
68 0 0.00229739120977579
69 0 0.00241858114153637
70 0 0.00289283579354838
71 0 0.00300767480998831
72 0 0.00353899516976219
73 0 0.00403746025172103
74 0 0.0043550667212342
75 0 0.00517529852800913
76 0 0.00539233503734027
77 0 0.00612011139435886
78 0 0.00740709683553964
79 0 0.0077177321349845
80 0 0.00896289635491354
81 0 0.00937086602266757
82 0 0.0107469327179557
83 0 0.0121013076297490
84 0 0.0128367914958804
85 0 0.0147796426584615
86 0 0.0167427944078019
87 0 0.0198721591060619
88 0 0.0199038610481809
89 0 0.0210813605133344
90 0 0.0233243567453891
91 0 0.0279655681858915
92 0 0.0298545358367133
93 0 0.0303546845504332
94 0 0.0328920700866987
95 0 0.0409743304129029
96 0 0.032907722322316
97 0 0.045980238153407
98 0 0.0413348679561664
99 0 0.0486846252024472
100 0 0.0301789360345037
