*Period monthly mortality rates for SWE in 2089 
* Mon Dec 20 14:21:52 2010
death 1 M married
1 0 0.000133431211178481
2 0 0.0000133343112110884
3 0 0.00000416676215586609
4 0 0.00000333339444602565
5 0 0.00000250003437562984
6 0 0.00000250003437562984
7 0 0.00000250003437562984
8 0 0.00000250003437562984
9 0 0.00000166668194467867
10 0 0.00000166668194467867
11 0 0.00000250003437562984
12 0 0.00000250003437562984
13 0 0.00000250003437562984
14 0 0.00000333339444602565
15 0 0.00000333339444602565
16 0 0.00000500013750526218
17 0 0.00000750030939278279
18 0 0.00000916712885190574
19 0 0.0000116674153447516
20 0 0.0000158347123201397
21 0 0.0000183351822042876
22 0 0.0000200022003373768
23 0 0.0000208357208674181
24 0 0.0000200022003373768
25 0 0.0000191686874497776
26 0 0.0000191686874497776
27 0 0.0000191686874497776
28 0 0.0000183351822042876
29 0 0.0000175016846010179
30 0 0.0000175016846010179
31 0 0.0000183351822042876
32 0 0.0000166681946396352
33 0 0.0000175016846010179
34 0 0.0000191686874497776
35 0 0.0000191686874497776
36 0 0.0000208357208674181
37 0 0.0000225027848553827
38 0 0.0000233363283135279
39 0 0.0000258370045466139
40 0 0.0000275041602521009
41 0 0.0000291713465325749
42 0 0.0000316721832838152
43 0 0.0000358403974268784
44 0 0.0000400088026996093
45 0 0.0000425099376131222
46 0 0.0000475124138960004
47 0 0.0000525151654794387
48 0 0.00005668433545436
49 0 0.000064189323299324
50 0 0.0000700269644720031
51 0 0.0000766990134587475
52 0 0.000086708005247571
53 0 0.000095049673682679
54 0 0.000108397935606575
55 0 0.000116741594805347
56 0 0.000128424004500527
57 0 0.000141777168646939
58 0 0.000159306174086660
59 0 0.000168489383372439
60 0 0.000189363764725003
61 0 0.000202725885138699
62 0 0.000225278918752347
63 0 0.000250344410298808
64 0 0.000274580958229742
65 0 0.000306348979935533
66 0 0.000330600469732656
67 0 0.000363224749367119
68 0 0.000406742015663153
69 0 0.000445255438177972
70 0 0.000493839118368977
71 0 0.000550832396190359
72 0 0.000605344704256772
73 0 0.0006783585559339
74 0 0.000757313094558953
75 0 0.000847270473625428
76 0 0.00096763315250148
77 0 0.00107044643917442
78 0 0.00125952198101376
79 0 0.00144560522110415
80 0 0.00167874697729087
81 0 0.00196527071127228
82 0 0.00233132859071572
83 0 0.00279421109369904
84 0 0.00331995569698995
85 0 0.00405767564417159
86 0 0.00490519509238663
87 0 0.00595630387518808
88 0 0.00714323227254376
89 0 0.0086984831798761
90 0 0.0104071789157620
91 0 0.0124880057281890
92 0 0.0152139895506502
93 0 0.0184623326586455
94 0 0.0215226820433255
95 0 0.0254501471800567
96 0 0.0286935352839692
97 0 0.0341105288741871
98 0 0.0386808069626566
99 0 0.0428115428386076
100 0 0.0484881753894864

death 1 M single
1 0 0.000133431211178481
2 0 0.0000133343112110884
3 0 0.00000416676215586609
4 0 0.00000333339444602565
5 0 0.00000250003437562984
6 0 0.00000250003437562984
7 0 0.00000250003437562984
8 0 0.00000250003437562984
9 0 0.00000166668194467867
10 0 0.00000166668194467867
11 0 0.00000250003437562984
12 0 0.00000250003437562984
13 0 0.00000250003437562984
14 0 0.00000333339444602565
15 0 0.00000333339444602565
16 0 0.00000500013750526218
17 0 0.00000750030939278279
18 0 0.00000916712885190574
19 0 0.0000116674153447516
20 0 0.0000158347123201397
21 0 0.0000183351822042876
22 0 0.0000200022003373768
23 0 0.0000208357208674181
24 0 0.0000200022003373768
25 0 0.0000191686874497776
26 0 0.0000191686874497776
27 0 0.0000191686874497776
28 0 0.0000183351822042876
29 0 0.0000175016846010179
30 0 0.0000175016846010179
31 0 0.0000183351822042876
32 0 0.0000166681946396352
33 0 0.0000175016846010179
34 0 0.0000191686874497776
35 0 0.0000191686874497776
36 0 0.0000208357208674181
37 0 0.0000225027848553827
38 0 0.0000233363283135279
39 0 0.0000258370045466139
40 0 0.0000275041602521009
41 0 0.0000291713465325749
42 0 0.0000316721832838152
43 0 0.0000358403974268784
44 0 0.0000400088026996093
45 0 0.0000425099376131222
46 0 0.0000475124138960004
47 0 0.0000525151654794387
48 0 0.00005668433545436
49 0 0.000064189323299324
50 0 0.0000700269644720031
51 0 0.0000766990134587475
52 0 0.000086708005247571
53 0 0.000095049673682679
54 0 0.000108397935606575
55 0 0.000116741594805347
56 0 0.000128424004500527
57 0 0.000141777168646939
58 0 0.000159306174086660
59 0 0.000168489383372439
60 0 0.000189363764725003
61 0 0.000202725885138699
62 0 0.000225278918752347
63 0 0.000250344410298808
64 0 0.000274580958229742
65 0 0.000306348979935533
66 0 0.000330600469732656
67 0 0.000363224749367119
68 0 0.000406742015663153
69 0 0.000445255438177972
70 0 0.000493839118368977
71 0 0.000550832396190359
72 0 0.000605344704256772
73 0 0.0006783585559339
74 0 0.000757313094558953
75 0 0.000847270473625428
76 0 0.00096763315250148
77 0 0.00107044643917442
78 0 0.00125952198101376
79 0 0.00144560522110415
80 0 0.00167874697729087
81 0 0.00196527071127228
82 0 0.00233132859071572
83 0 0.00279421109369904
84 0 0.00331995569698995
85 0 0.00405767564417159
86 0 0.00490519509238663
87 0 0.00595630387518808
88 0 0.00714323227254376
89 0 0.0086984831798761
90 0 0.0104071789157620
91 0 0.0124880057281890
92 0 0.0152139895506502
93 0 0.0184623326586455
94 0 0.0215226820433255
95 0 0.0254501471800567
96 0 0.0286935352839692
97 0 0.0341105288741871
98 0 0.0386808069626566
99 0 0.0428115428386076
100 0 0.0484881753894864

death 1 M divorced
1 0 0.000133431211178481
2 0 0.0000133343112110884
3 0 0.00000416676215586609
4 0 0.00000333339444602565
5 0 0.00000250003437562984
6 0 0.00000250003437562984
7 0 0.00000250003437562984
8 0 0.00000250003437562984
9 0 0.00000166668194467867
10 0 0.00000166668194467867
11 0 0.00000250003437562984
12 0 0.00000250003437562984
13 0 0.00000250003437562984
14 0 0.00000333339444602565
15 0 0.00000333339444602565
16 0 0.00000500013750526218
17 0 0.00000750030939278279
18 0 0.00000916712885190574
19 0 0.0000116674153447516
20 0 0.0000158347123201397
21 0 0.0000183351822042876
22 0 0.0000200022003373768
23 0 0.0000208357208674181
24 0 0.0000200022003373768
25 0 0.0000191686874497776
26 0 0.0000191686874497776
27 0 0.0000191686874497776
28 0 0.0000183351822042876
29 0 0.0000175016846010179
30 0 0.0000175016846010179
31 0 0.0000183351822042876
32 0 0.0000166681946396352
33 0 0.0000175016846010179
34 0 0.0000191686874497776
35 0 0.0000191686874497776
36 0 0.0000208357208674181
37 0 0.0000225027848553827
38 0 0.0000233363283135279
39 0 0.0000258370045466139
40 0 0.0000275041602521009
41 0 0.0000291713465325749
42 0 0.0000316721832838152
43 0 0.0000358403974268784
44 0 0.0000400088026996093
45 0 0.0000425099376131222
46 0 0.0000475124138960004
47 0 0.0000525151654794387
48 0 0.00005668433545436
49 0 0.000064189323299324
50 0 0.0000700269644720031
51 0 0.0000766990134587475
52 0 0.000086708005247571
53 0 0.000095049673682679
54 0 0.000108397935606575
55 0 0.000116741594805347
56 0 0.000128424004500527
57 0 0.000141777168646939
58 0 0.000159306174086660
59 0 0.000168489383372439
60 0 0.000189363764725003
61 0 0.000202725885138699
62 0 0.000225278918752347
63 0 0.000250344410298808
64 0 0.000274580958229742
65 0 0.000306348979935533
66 0 0.000330600469732656
67 0 0.000363224749367119
68 0 0.000406742015663153
69 0 0.000445255438177972
70 0 0.000493839118368977
71 0 0.000550832396190359
72 0 0.000605344704256772
73 0 0.0006783585559339
74 0 0.000757313094558953
75 0 0.000847270473625428
76 0 0.00096763315250148
77 0 0.00107044643917442
78 0 0.00125952198101376
79 0 0.00144560522110415
80 0 0.00167874697729087
81 0 0.00196527071127228
82 0 0.00233132859071572
83 0 0.00279421109369904
84 0 0.00331995569698995
85 0 0.00405767564417159
86 0 0.00490519509238663
87 0 0.00595630387518808
88 0 0.00714323227254376
89 0 0.0086984831798761
90 0 0.0104071789157620
91 0 0.0124880057281890
92 0 0.0152139895506502
93 0 0.0184623326586455
94 0 0.0215226820433255
95 0 0.0254501471800567
96 0 0.0286935352839692
97 0 0.0341105288741871
98 0 0.0386808069626566
99 0 0.0428115428386076
100 0 0.0484881753894864

death 1 M widowed
1 0 0.000133431211178481
2 0 0.0000133343112110884
3 0 0.00000416676215586609
4 0 0.00000333339444602565
5 0 0.00000250003437562984
6 0 0.00000250003437562984
7 0 0.00000250003437562984
8 0 0.00000250003437562984
9 0 0.00000166668194467867
10 0 0.00000166668194467867
11 0 0.00000250003437562984
12 0 0.00000250003437562984
13 0 0.00000250003437562984
14 0 0.00000333339444602565
15 0 0.00000333339444602565
16 0 0.00000500013750526218
17 0 0.00000750030939278279
18 0 0.00000916712885190574
19 0 0.0000116674153447516
20 0 0.0000158347123201397
21 0 0.0000183351822042876
22 0 0.0000200022003373768
23 0 0.0000208357208674181
24 0 0.0000200022003373768
25 0 0.0000191686874497776
26 0 0.0000191686874497776
27 0 0.0000191686874497776
28 0 0.0000183351822042876
29 0 0.0000175016846010179
30 0 0.0000175016846010179
31 0 0.0000183351822042876
32 0 0.0000166681946396352
33 0 0.0000175016846010179
34 0 0.0000191686874497776
35 0 0.0000191686874497776
36 0 0.0000208357208674181
37 0 0.0000225027848553827
38 0 0.0000233363283135279
39 0 0.0000258370045466139
40 0 0.0000275041602521009
41 0 0.0000291713465325749
42 0 0.0000316721832838152
43 0 0.0000358403974268784
44 0 0.0000400088026996093
45 0 0.0000425099376131222
46 0 0.0000475124138960004
47 0 0.0000525151654794387
48 0 0.00005668433545436
49 0 0.000064189323299324
50 0 0.0000700269644720031
51 0 0.0000766990134587475
52 0 0.000086708005247571
53 0 0.000095049673682679
54 0 0.000108397935606575
55 0 0.000116741594805347
56 0 0.000128424004500527
57 0 0.000141777168646939
58 0 0.000159306174086660
59 0 0.000168489383372439
60 0 0.000189363764725003
61 0 0.000202725885138699
62 0 0.000225278918752347
63 0 0.000250344410298808
64 0 0.000274580958229742
65 0 0.000306348979935533
66 0 0.000330600469732656
67 0 0.000363224749367119
68 0 0.000406742015663153
69 0 0.000445255438177972
70 0 0.000493839118368977
71 0 0.000550832396190359
72 0 0.000605344704256772
73 0 0.0006783585559339
74 0 0.000757313094558953
75 0 0.000847270473625428
76 0 0.00096763315250148
77 0 0.00107044643917442
78 0 0.00125952198101376
79 0 0.00144560522110415
80 0 0.00167874697729087
81 0 0.00196527071127228
82 0 0.00233132859071572
83 0 0.00279421109369904
84 0 0.00331995569698995
85 0 0.00405767564417159
86 0 0.00490519509238663
87 0 0.00595630387518808
88 0 0.00714323227254376
89 0 0.0086984831798761
90 0 0.0104071789157620
91 0 0.0124880057281890
92 0 0.0152139895506502
93 0 0.0184623326586455
94 0 0.0215226820433255
95 0 0.0254501471800567
96 0 0.0286935352839692
97 0 0.0341105288741871
98 0 0.0386808069626566
99 0 0.0428115428386076
100 0 0.0484881753894864

death 1 F married
1 0 0.000131762111637901
2 0 0.0000141677706060328
3 0 0.00000416676215586609
4 0 0.00000333339444602565
5 0 0.00000250003437562984
6 0 0.00000250003437562984
7 0 0.00000250003437562984
8 0 0.00000166668194467867
9 0 0.00000166668194467867
10 0 0.00000166668194467867
11 0 0.00000166668194467867
12 0 0.00000166668194467867
13 0 0.00000166668194467867
14 0 0.00000250003437562984
15 0 0.00000333339444602565
16 0 0.00000416676215586609
17 0 0.00000500013750526218
18 0 0.00000500013750526218
19 0 0.00000583352049443597
20 0 0.00000666691112360951
21 0 0.00000750030939278279
22 0 0.00000833371530217786
23 0 0.00000750030939278279
24 0 0.00000750030939278279
25 0 0.00000666691112360951
26 0 0.00000666691112360951
27 0 0.00000750030939278279
28 0 0.00000666691112360951
29 0 0.00000666691112360951
30 0 0.00000750030939278279
31 0 0.00000833371530217786
32 0 0.00000916712885190574
33 0 0.00000916712885190574
34 0 0.00000916712885190574
35 0 0.0000100005500421885
36 0 0.0000116674153447516
37 0 0.0000133343112110884
38 0 0.0000141677706060328
39 0 0.0000150012376423092
40 0 0.0000158347123201397
41 0 0.0000166681946396352
42 0 0.0000175016846010179
43 0 0.0000216692490401238
44 0 0.0000233363283135279
45 0 0.0000266705785775256
46 0 0.0000308385633891461
47 0 0.0000358403974268784
48 0 0.0000416762183291786
49 0 0.0000508475510273554
50 0 0.0000608536966506534
51 0 0.0000716949308086079
52 0 0.0000825374580692984
53 0 0.0000900445807636707
54 0 0.000097552323490957
55 0 0.000109232267063164
56 0 0.000122582611971733
57 0 0.000138438693701781
58 0 0.000151793329249084
59 0 0.000167654507824855
60 0 0.000180178446304025
61 0 0.000205231501423930
62 0 0.000226114323775728
63 0 0.000239481848557044
64 0 0.000267058579253132
65 0 0.000287955613937352
66 0 0.000321400866947319
67 0 0.000345656374260206
68 0 0.000377449255310913
69 0 0.000414275966217681
70 0 0.000449442663482569
71 0 0.000503894158302987
72 0 0.000553347629078771
73 0 0.000611217211779147
74 0 0.000682556537945356
75 0 0.000764876172548612
76 0 0.000853999839754538
77 0 0.000960895362294378
78 0 0.00109321593850065
79 0 0.00123248707251067
80 0 0.00141936130335896
81 0 0.00162613179665227
82 0 0.00188610993533200
83 0 0.00213659645047004
84 0 0.00248364746555663
85 0 0.00286986823716018
86 0 0.00351551677623063
87 0 0.00425920482371467
88 0 0.00514213087070914
89 0 0.00622278714751723
90 0 0.00748653360936569
91 0 0.00887571414101695
92 0 0.0107819458260782
93 0 0.0125942810934946
94 0 0.0148635138493420
95 0 0.0171655275656704
96 0 0.0200558751762472
97 0 0.0231315076178039
98 0 0.0269871395942893
99 0 0.0309714010031781
100 0 0.034036096347943

death 1 F single
1 0 0.000131762111637901
2 0 0.0000141677706060328
3 0 0.00000416676215586609
4 0 0.00000333339444602565
5 0 0.00000250003437562984
6 0 0.00000250003437562984
7 0 0.00000250003437562984
8 0 0.00000166668194467867
9 0 0.00000166668194467867
10 0 0.00000166668194467867
11 0 0.00000166668194467867
12 0 0.00000166668194467867
13 0 0.00000166668194467867
14 0 0.00000250003437562984
15 0 0.00000333339444602565
16 0 0.00000416676215586609
17 0 0.00000500013750526218
18 0 0.00000500013750526218
19 0 0.00000583352049443597
20 0 0.00000666691112360951
21 0 0.00000750030939278279
22 0 0.00000833371530217786
23 0 0.00000750030939278279
24 0 0.00000750030939278279
25 0 0.00000666691112360951
26 0 0.00000666691112360951
27 0 0.00000750030939278279
28 0 0.00000666691112360951
29 0 0.00000666691112360951
30 0 0.00000750030939278279
31 0 0.00000833371530217786
32 0 0.00000916712885190574
33 0 0.00000916712885190574
34 0 0.00000916712885190574
35 0 0.0000100005500421885
36 0 0.0000116674153447516
37 0 0.0000133343112110884
38 0 0.0000141677706060328
39 0 0.0000150012376423092
40 0 0.0000158347123201397
41 0 0.0000166681946396352
42 0 0.0000175016846010179
43 0 0.0000216692490401238
44 0 0.0000233363283135279
45 0 0.0000266705785775256
46 0 0.0000308385633891461
47 0 0.0000358403974268784
48 0 0.0000416762183291786
49 0 0.0000508475510273554
50 0 0.0000608536966506534
51 0 0.0000716949308086079
52 0 0.0000825374580692984
53 0 0.0000900445807636707
54 0 0.000097552323490957
55 0 0.000109232267063164
56 0 0.000122582611971733
57 0 0.000138438693701781
58 0 0.000151793329249084
59 0 0.000167654507824855
60 0 0.000180178446304025
61 0 0.000205231501423930
62 0 0.000226114323775728
63 0 0.000239481848557044
64 0 0.000267058579253132
65 0 0.000287955613937352
66 0 0.000321400866947319
67 0 0.000345656374260206
68 0 0.000377449255310913
69 0 0.000414275966217681
70 0 0.000449442663482569
71 0 0.000503894158302987
72 0 0.000553347629078771
73 0 0.000611217211779147
74 0 0.000682556537945356
75 0 0.000764876172548612
76 0 0.000853999839754538
77 0 0.000960895362294378
78 0 0.00109321593850065
79 0 0.00123248707251067
80 0 0.00141936130335896
81 0 0.00162613179665227
82 0 0.00188610993533200
83 0 0.00213659645047004
84 0 0.00248364746555663
85 0 0.00286986823716018
86 0 0.00351551677623063
87 0 0.00425920482371467
88 0 0.00514213087070914
89 0 0.00622278714751723
90 0 0.00748653360936569
91 0 0.00887571414101695
92 0 0.0107819458260782
93 0 0.0125942810934946
94 0 0.0148635138493420
95 0 0.0171655275656704
96 0 0.0200558751762472
97 0 0.0231315076178039
98 0 0.0269871395942893
99 0 0.0309714010031781
100 0 0.034036096347943

death 1 F divorced
1 0 0.000131762111637901
2 0 0.0000141677706060328
3 0 0.00000416676215586609
4 0 0.00000333339444602565
5 0 0.00000250003437562984
6 0 0.00000250003437562984
7 0 0.00000250003437562984
8 0 0.00000166668194467867
9 0 0.00000166668194467867
10 0 0.00000166668194467867
11 0 0.00000166668194467867
12 0 0.00000166668194467867
13 0 0.00000166668194467867
14 0 0.00000250003437562984
15 0 0.00000333339444602565
16 0 0.00000416676215586609
17 0 0.00000500013750526218
18 0 0.00000500013750526218
19 0 0.00000583352049443597
20 0 0.00000666691112360951
21 0 0.00000750030939278279
22 0 0.00000833371530217786
23 0 0.00000750030939278279
24 0 0.00000750030939278279
25 0 0.00000666691112360951
26 0 0.00000666691112360951
27 0 0.00000750030939278279
28 0 0.00000666691112360951
29 0 0.00000666691112360951
30 0 0.00000750030939278279
31 0 0.00000833371530217786
32 0 0.00000916712885190574
33 0 0.00000916712885190574
34 0 0.00000916712885190574
35 0 0.0000100005500421885
36 0 0.0000116674153447516
37 0 0.0000133343112110884
38 0 0.0000141677706060328
39 0 0.0000150012376423092
40 0 0.0000158347123201397
41 0 0.0000166681946396352
42 0 0.0000175016846010179
43 0 0.0000216692490401238
44 0 0.0000233363283135279
45 0 0.0000266705785775256
46 0 0.0000308385633891461
47 0 0.0000358403974268784
48 0 0.0000416762183291786
49 0 0.0000508475510273554
50 0 0.0000608536966506534
51 0 0.0000716949308086079
52 0 0.0000825374580692984
53 0 0.0000900445807636707
54 0 0.000097552323490957
55 0 0.000109232267063164
56 0 0.000122582611971733
57 0 0.000138438693701781
58 0 0.000151793329249084
59 0 0.000167654507824855
60 0 0.000180178446304025
61 0 0.000205231501423930
62 0 0.000226114323775728
63 0 0.000239481848557044
64 0 0.000267058579253132
65 0 0.000287955613937352
66 0 0.000321400866947319
67 0 0.000345656374260206
68 0 0.000377449255310913
69 0 0.000414275966217681
70 0 0.000449442663482569
71 0 0.000503894158302987
72 0 0.000553347629078771
73 0 0.000611217211779147
74 0 0.000682556537945356
75 0 0.000764876172548612
76 0 0.000853999839754538
77 0 0.000960895362294378
78 0 0.00109321593850065
79 0 0.00123248707251067
80 0 0.00141936130335896
81 0 0.00162613179665227
82 0 0.00188610993533200
83 0 0.00213659645047004
84 0 0.00248364746555663
85 0 0.00286986823716018
86 0 0.00351551677623063
87 0 0.00425920482371467
88 0 0.00514213087070914
89 0 0.00622278714751723
90 0 0.00748653360936569
91 0 0.00887571414101695
92 0 0.0107819458260782
93 0 0.0125942810934946
94 0 0.0148635138493420
95 0 0.0171655275656704
96 0 0.0200558751762472
97 0 0.0231315076178039
98 0 0.0269871395942893
99 0 0.0309714010031781
100 0 0.034036096347943

death 1 F widowed
1 0 0.000131762111637901
2 0 0.0000141677706060328
3 0 0.00000416676215586609
4 0 0.00000333339444602565
5 0 0.00000250003437562984
6 0 0.00000250003437562984
7 0 0.00000250003437562984
8 0 0.00000166668194467867
9 0 0.00000166668194467867
10 0 0.00000166668194467867
11 0 0.00000166668194467867
12 0 0.00000166668194467867
13 0 0.00000166668194467867
14 0 0.00000250003437562984
15 0 0.00000333339444602565
16 0 0.00000416676215586609
17 0 0.00000500013750526218
18 0 0.00000500013750526218
19 0 0.00000583352049443597
20 0 0.00000666691112360951
21 0 0.00000750030939278279
22 0 0.00000833371530217786
23 0 0.00000750030939278279
24 0 0.00000750030939278279
25 0 0.00000666691112360951
26 0 0.00000666691112360951
27 0 0.00000750030939278279
28 0 0.00000666691112360951
29 0 0.00000666691112360951
30 0 0.00000750030939278279
31 0 0.00000833371530217786
32 0 0.00000916712885190574
33 0 0.00000916712885190574
34 0 0.00000916712885190574
35 0 0.0000100005500421885
36 0 0.0000116674153447516
37 0 0.0000133343112110884
38 0 0.0000141677706060328
39 0 0.0000150012376423092
40 0 0.0000158347123201397
41 0 0.0000166681946396352
42 0 0.0000175016846010179
43 0 0.0000216692490401238
44 0 0.0000233363283135279
45 0 0.0000266705785775256
46 0 0.0000308385633891461
47 0 0.0000358403974268784
48 0 0.0000416762183291786
49 0 0.0000508475510273554
50 0 0.0000608536966506534
51 0 0.0000716949308086079
52 0 0.0000825374580692984
53 0 0.0000900445807636707
54 0 0.000097552323490957
55 0 0.000109232267063164
56 0 0.000122582611971733
57 0 0.000138438693701781
58 0 0.000151793329249084
59 0 0.000167654507824855
60 0 0.000180178446304025
61 0 0.000205231501423930
62 0 0.000226114323775728
63 0 0.000239481848557044
64 0 0.000267058579253132
65 0 0.000287955613937352
66 0 0.000321400866947319
67 0 0.000345656374260206
68 0 0.000377449255310913
69 0 0.000414275966217681
70 0 0.000449442663482569
71 0 0.000503894158302987
72 0 0.000553347629078771
73 0 0.000611217211779147
74 0 0.000682556537945356
75 0 0.000764876172548612
76 0 0.000853999839754538
77 0 0.000960895362294378
78 0 0.00109321593850065
79 0 0.00123248707251067
80 0 0.00141936130335896
81 0 0.00162613179665227
82 0 0.00188610993533200
83 0 0.00213659645047004
84 0 0.00248364746555663
85 0 0.00286986823716018
86 0 0.00351551677623063
87 0 0.00425920482371467
88 0 0.00514213087070914
89 0 0.00622278714751723
90 0 0.00748653360936569
91 0 0.00887571414101695
92 0 0.0107819458260782
93 0 0.0125942810934946
94 0 0.0148635138493420
95 0 0.0171655275656704
96 0 0.0200558751762472
97 0 0.0231315076178039
98 0 0.0269871395942893
99 0 0.0309714010031781
100 0 0.034036096347943
