*Period monthly mortality rates for SWE in 1890 
* Mon Dec 20 14:20:22 2010
death 1 M married
1 0 0.0109402850760603
2 0 0.00288139429834910
3 0 0.00193879097998872
4 0 0.00144560522110415
5 0 0.00115615691744986
6 0 0.000859131316453543
7 0 0.00066752865811981
8 0 0.000568188920589519
9 0 0.000457566430865142
10 0 0.000423987312826668
11 0 0.000363308416421737
12 0 0.000313038399728627
13 0 0.000286618059791799
14 0 0.000289376786786644
15 0 0.000269398808215526
16 0 0.000312285815420643
17 0 0.000332524140764456
18 0 0.000442491975169657
19 0 0.000425243166188194
20 0 0.000469795326473399
21 0 0.000523253243352451
22 0 0.000522079848049195
23 0 0.000589910208726785
24 0 0.000554856802234327
25 0 0.000630431353192629
26 0 0.000642515689414314
27 0 0.000618432526413804
28 0 0.000563828515657838
29 0 0.000553179944719928
30 0 0.000614405303400734
31 0 0.000573723582070085
32 0 0.000585297145662134
33 0 0.000546556660071418
34 0 0.000602744143620937
35 0 0.000547395023844155
36 0 0.000545885974622906
37 0 0.000577161950651273
38 0 0.000672313802610014
39 0 0.000743197033493015
40 0 0.000698174734297563
41 0 0.000697670879599266
42 0 0.000724883033088819
43 0 0.000692968370500591
44 0 0.00076697713929974
45 0 0.000868217264952564
46 0 0.00101725552701515
47 0 0.000915091640117716
48 0 0.000942284814147376
49 0 0.000997790888670802
50 0 0.00108360145351427
51 0 0.00125217106846365
52 0 0.00109760183113639
53 0 0.00119439841029523
54 0 0.00133771506054947
55 0 0.00137924816999635
56 0 0.0014565283131045
57 0 0.00166991907563618
58 0 0.00172858979922352
59 0 0.00169861289617745
60 0 0.00185557063920794
61 0 0.00210699620417976
62 0 0.00234449663622005
63 0 0.00213113631258599
64 0 0.00259822625944695
65 0 0.00276199001023059
66 0 0.00303877696655697
67 0 0.00299208467015055
68 0 0.00347983434063204
69 0 0.00379131682302136
70 0 0.00410038678679669
71 0 0.00416431680901719
72 0 0.00529545666918119
73 0 0.00571811532200672
74 0 0.00595594790169574
75 0 0.0070077170958085
76 0 0.00767155384604246
77 0 0.00858562283706121
78 0 0.00916213168778568
79 0 0.0103653955401023
80 0 0.0104773288772945
81 0 0.0115184953327110
82 0 0.0140862530748180
83 0 0.0160620673737224
84 0 0.0193426920680330
85 0 0.0205478197520866
86 0 0.0212155634493526
87 0 0.0231318310205290
88 0 0.0237855661275446
89 0 0.0295186940717669
90 0 0.0232973520807914
91 0 0.0367508595975329
92 0 0.0405951617902407
93 0 0.0454077342221989
94 0 0.0437324272500909
95 0 0.0741440053897157
96 0 0.110478984142348
97 0 0.078896384169045
98 0 0.039737140392709
99 0 0.0861559949204593
100 0 0.0370206206959893

death 1 M single
1 0 0.0109402850760603
2 0 0.00288139429834910
3 0 0.00193879097998872
4 0 0.00144560522110415
5 0 0.00115615691744986
6 0 0.000859131316453543
7 0 0.00066752865811981
8 0 0.000568188920589519
9 0 0.000457566430865142
10 0 0.000423987312826668
11 0 0.000363308416421737
12 0 0.000313038399728627
13 0 0.000286618059791799
14 0 0.000289376786786644
15 0 0.000269398808215526
16 0 0.000312285815420643
17 0 0.000332524140764456
18 0 0.000442491975169657
19 0 0.000425243166188194
20 0 0.000469795326473399
21 0 0.000523253243352451
22 0 0.000522079848049195
23 0 0.000589910208726785
24 0 0.000554856802234327
25 0 0.000630431353192629
26 0 0.000642515689414314
27 0 0.000618432526413804
28 0 0.000563828515657838
29 0 0.000553179944719928
30 0 0.000614405303400734
31 0 0.000573723582070085
32 0 0.000585297145662134
33 0 0.000546556660071418
34 0 0.000602744143620937
35 0 0.000547395023844155
36 0 0.000545885974622906
37 0 0.000577161950651273
38 0 0.000672313802610014
39 0 0.000743197033493015
40 0 0.000698174734297563
41 0 0.000697670879599266
42 0 0.000724883033088819
43 0 0.000692968370500591
44 0 0.00076697713929974
45 0 0.000868217264952564
46 0 0.00101725552701515
47 0 0.000915091640117716
48 0 0.000942284814147376
49 0 0.000997790888670802
50 0 0.00108360145351427
51 0 0.00125217106846365
52 0 0.00109760183113639
53 0 0.00119439841029523
54 0 0.00133771506054947
55 0 0.00137924816999635
56 0 0.0014565283131045
57 0 0.00166991907563618
58 0 0.00172858979922352
59 0 0.00169861289617745
60 0 0.00185557063920794
61 0 0.00210699620417976
62 0 0.00234449663622005
63 0 0.00213113631258599
64 0 0.00259822625944695
65 0 0.00276199001023059
66 0 0.00303877696655697
67 0 0.00299208467015055
68 0 0.00347983434063204
69 0 0.00379131682302136
70 0 0.00410038678679669
71 0 0.00416431680901719
72 0 0.00529545666918119
73 0 0.00571811532200672
74 0 0.00595594790169574
75 0 0.0070077170958085
76 0 0.00767155384604246
77 0 0.00858562283706121
78 0 0.00916213168778568
79 0 0.0103653955401023
80 0 0.0104773288772945
81 0 0.0115184953327110
82 0 0.0140862530748180
83 0 0.0160620673737224
84 0 0.0193426920680330
85 0 0.0205478197520866
86 0 0.0212155634493526
87 0 0.0231318310205290
88 0 0.0237855661275446
89 0 0.0295186940717669
90 0 0.0232973520807914
91 0 0.0367508595975329
92 0 0.0405951617902407
93 0 0.0454077342221989
94 0 0.0437324272500909
95 0 0.0741440053897157
96 0 0.110478984142348
97 0 0.078896384169045
98 0 0.039737140392709
99 0 0.0861559949204593
100 0 0.0370206206959893

death 1 M divorced
1 0 0.0109402850760603
2 0 0.00288139429834910
3 0 0.00193879097998872
4 0 0.00144560522110415
5 0 0.00115615691744986
6 0 0.000859131316453543
7 0 0.00066752865811981
8 0 0.000568188920589519
9 0 0.000457566430865142
10 0 0.000423987312826668
11 0 0.000363308416421737
12 0 0.000313038399728627
13 0 0.000286618059791799
14 0 0.000289376786786644
15 0 0.000269398808215526
16 0 0.000312285815420643
17 0 0.000332524140764456
18 0 0.000442491975169657
19 0 0.000425243166188194
20 0 0.000469795326473399
21 0 0.000523253243352451
22 0 0.000522079848049195
23 0 0.000589910208726785
24 0 0.000554856802234327
25 0 0.000630431353192629
26 0 0.000642515689414314
27 0 0.000618432526413804
28 0 0.000563828515657838
29 0 0.000553179944719928
30 0 0.000614405303400734
31 0 0.000573723582070085
32 0 0.000585297145662134
33 0 0.000546556660071418
34 0 0.000602744143620937
35 0 0.000547395023844155
36 0 0.000545885974622906
37 0 0.000577161950651273
38 0 0.000672313802610014
39 0 0.000743197033493015
40 0 0.000698174734297563
41 0 0.000697670879599266
42 0 0.000724883033088819
43 0 0.000692968370500591
44 0 0.00076697713929974
45 0 0.000868217264952564
46 0 0.00101725552701515
47 0 0.000915091640117716
48 0 0.000942284814147376
49 0 0.000997790888670802
50 0 0.00108360145351427
51 0 0.00125217106846365
52 0 0.00109760183113639
53 0 0.00119439841029523
54 0 0.00133771506054947
55 0 0.00137924816999635
56 0 0.0014565283131045
57 0 0.00166991907563618
58 0 0.00172858979922352
59 0 0.00169861289617745
60 0 0.00185557063920794
61 0 0.00210699620417976
62 0 0.00234449663622005
63 0 0.00213113631258599
64 0 0.00259822625944695
65 0 0.00276199001023059
66 0 0.00303877696655697
67 0 0.00299208467015055
68 0 0.00347983434063204
69 0 0.00379131682302136
70 0 0.00410038678679669
71 0 0.00416431680901719
72 0 0.00529545666918119
73 0 0.00571811532200672
74 0 0.00595594790169574
75 0 0.0070077170958085
76 0 0.00767155384604246
77 0 0.00858562283706121
78 0 0.00916213168778568
79 0 0.0103653955401023
80 0 0.0104773288772945
81 0 0.0115184953327110
82 0 0.0140862530748180
83 0 0.0160620673737224
84 0 0.0193426920680330
85 0 0.0205478197520866
86 0 0.0212155634493526
87 0 0.0231318310205290
88 0 0.0237855661275446
89 0 0.0295186940717669
90 0 0.0232973520807914
91 0 0.0367508595975329
92 0 0.0405951617902407
93 0 0.0454077342221989
94 0 0.0437324272500909
95 0 0.0741440053897157
96 0 0.110478984142348
97 0 0.078896384169045
98 0 0.039737140392709
99 0 0.0861559949204593
100 0 0.0370206206959893

death 1 M widowed
1 0 0.0109402850760603
2 0 0.00288139429834910
3 0 0.00193879097998872
4 0 0.00144560522110415
5 0 0.00115615691744986
6 0 0.000859131316453543
7 0 0.00066752865811981
8 0 0.000568188920589519
9 0 0.000457566430865142
10 0 0.000423987312826668
11 0 0.000363308416421737
12 0 0.000313038399728627
13 0 0.000286618059791799
14 0 0.000289376786786644
15 0 0.000269398808215526
16 0 0.000312285815420643
17 0 0.000332524140764456
18 0 0.000442491975169657
19 0 0.000425243166188194
20 0 0.000469795326473399
21 0 0.000523253243352451
22 0 0.000522079848049195
23 0 0.000589910208726785
24 0 0.000554856802234327
25 0 0.000630431353192629
26 0 0.000642515689414314
27 0 0.000618432526413804
28 0 0.000563828515657838
29 0 0.000553179944719928
30 0 0.000614405303400734
31 0 0.000573723582070085
32 0 0.000585297145662134
33 0 0.000546556660071418
34 0 0.000602744143620937
35 0 0.000547395023844155
36 0 0.000545885974622906
37 0 0.000577161950651273
38 0 0.000672313802610014
39 0 0.000743197033493015
40 0 0.000698174734297563
41 0 0.000697670879599266
42 0 0.000724883033088819
43 0 0.000692968370500591
44 0 0.00076697713929974
45 0 0.000868217264952564
46 0 0.00101725552701515
47 0 0.000915091640117716
48 0 0.000942284814147376
49 0 0.000997790888670802
50 0 0.00108360145351427
51 0 0.00125217106846365
52 0 0.00109760183113639
53 0 0.00119439841029523
54 0 0.00133771506054947
55 0 0.00137924816999635
56 0 0.0014565283131045
57 0 0.00166991907563618
58 0 0.00172858979922352
59 0 0.00169861289617745
60 0 0.00185557063920794
61 0 0.00210699620417976
62 0 0.00234449663622005
63 0 0.00213113631258599
64 0 0.00259822625944695
65 0 0.00276199001023059
66 0 0.00303877696655697
67 0 0.00299208467015055
68 0 0.00347983434063204
69 0 0.00379131682302136
70 0 0.00410038678679669
71 0 0.00416431680901719
72 0 0.00529545666918119
73 0 0.00571811532200672
74 0 0.00595594790169574
75 0 0.0070077170958085
76 0 0.00767155384604246
77 0 0.00858562283706121
78 0 0.00916213168778568
79 0 0.0103653955401023
80 0 0.0104773288772945
81 0 0.0115184953327110
82 0 0.0140862530748180
83 0 0.0160620673737224
84 0 0.0193426920680330
85 0 0.0205478197520866
86 0 0.0212155634493526
87 0 0.0231318310205290
88 0 0.0237855661275446
89 0 0.0295186940717669
90 0 0.0232973520807914
91 0 0.0367508595975329
92 0 0.0405951617902407
93 0 0.0454077342221989
94 0 0.0437324272500909
95 0 0.0741440053897157
96 0 0.110478984142348
97 0 0.078896384169045
98 0 0.039737140392709
99 0 0.0861559949204593
100 0 0.0370206206959893

death 1 F married
1 0 0.0087734653490803
2 0 0.00283134398300999
3 0 0.00171729422276012
4 0 0.00144035583055491
5 0 0.00113455295126619
6 0 0.000856186991095576
7 0 0.000675671949246559
8 0 0.00057556854415508
9 0 0.000476915647052545
10 0 0.000413941110706917
11 0 0.000390420598594732
12 0 0.000297319044185174
13 0 0.000293138822193062
14 0 0.000361467759013356
15 0 0.000354523796239792
16 0 0.000365567456014793
17 0 0.000317386786650609
18 0 0.000397953196058176
19 0 0.000466025970861539
20 0 0.000436211689955557
21 0 0.000441403361301274
22 0 0.000431187774282638
23 0 0.000493922905770994
24 0 0.000480350354109649
25 0 0.00052668970248515
26 0 0.000551670799416648
27 0 0.000482193421177612
28 0 0.000549490967119759
29 0 0.000519230236826984
30 0 0.000557791377354122
31 0 0.000516464523162341
32 0 0.000551838480990274
33 0 0.000546388988245217
34 0 0.000485544547990102
35 0 0.000600311428477163
36 0 0.000558713691967361
37 0 0.000546975840990838
38 0 0.000651496063618806
39 0 0.00067583985983688
40 0 0.000672229850534611
41 0 0.000701029963708133
42 0 0.000683144270907321
43 0 0.00063101874903615
44 0 0.000725891047184013
45 0 0.000691037053351273
46 0 0.000704221208660427
47 0 0.00085248568890739
48 0 0.000781349054916114
49 0 0.000829440064114007
50 0 0.000840878037552173
51 0 0.000769750489817311
52 0 0.000932012751308164
53 0 0.00101548584203948
54 0 0.00102526167565431
55 0 0.00107154261758724
56 0 0.00126560594495406
57 0 0.00133213364699303
58 0 0.00122142197861597
59 0 0.00140023342137219
60 0 0.00162774374438357
61 0 0.00159584946846647
62 0 0.00172782539255523
63 0 0.00187836780416684
64 0 0.00221478070932435
65 0 0.00238538106238129
66 0 0.0025366767928936
67 0 0.00274094508569345
68 0 0.00316415533064052
69 0 0.00317968879668362
70 0 0.00403127454644991
71 0 0.00436127459143254
72 0 0.00469230667174381
73 0 0.00500561883265283
74 0 0.00556123629850258
75 0 0.00579146026898902
76 0 0.00658240200799887
77 0 0.0074168643303899
78 0 0.0083508205737376
79 0 0.00890724817800204
80 0 0.0099704882213355
81 0 0.0108645105646409
82 0 0.0115786243004511
83 0 0.0134844509547491
84 0 0.0157073689084103
85 0 0.0168377678285286
86 0 0.0190147802623664
87 0 0.01964278627435
88 0 0.0205553594514150
89 0 0.0239165231320859
90 0 0.0295746756000568
91 0 0.037159921268908
92 0 0.0333667270702158
93 0 0.0353707740547561
94 0 0.0487781784725746
95 0 0.0599488785690386
96 0 0.0556212560287059
97 0 0.0552872308043576
98 0 0.117363854643351
99 0 0.0344308196401863
100 0 0.0422878856660719

death 1 F single
1 0 0.0087734653490803
2 0 0.00283134398300999
3 0 0.00171729422276012
4 0 0.00144035583055491
5 0 0.00113455295126619
6 0 0.000856186991095576
7 0 0.000675671949246559
8 0 0.00057556854415508
9 0 0.000476915647052545
10 0 0.000413941110706917
11 0 0.000390420598594732
12 0 0.000297319044185174
13 0 0.000293138822193062
14 0 0.000361467759013356
15 0 0.000354523796239792
16 0 0.000365567456014793
17 0 0.000317386786650609
18 0 0.000397953196058176
19 0 0.000466025970861539
20 0 0.000436211689955557
21 0 0.000441403361301274
22 0 0.000431187774282638
23 0 0.000493922905770994
24 0 0.000480350354109649
25 0 0.00052668970248515
26 0 0.000551670799416648
27 0 0.000482193421177612
28 0 0.000549490967119759
29 0 0.000519230236826984
30 0 0.000557791377354122
31 0 0.000516464523162341
32 0 0.000551838480990274
33 0 0.000546388988245217
34 0 0.000485544547990102
35 0 0.000600311428477163
36 0 0.000558713691967361
37 0 0.000546975840990838
38 0 0.000651496063618806
39 0 0.00067583985983688
40 0 0.000672229850534611
41 0 0.000701029963708133
42 0 0.000683144270907321
43 0 0.00063101874903615
44 0 0.000725891047184013
45 0 0.000691037053351273
46 0 0.000704221208660427
47 0 0.00085248568890739
48 0 0.000781349054916114
49 0 0.000829440064114007
50 0 0.000840878037552173
51 0 0.000769750489817311
52 0 0.000932012751308164
53 0 0.00101548584203948
54 0 0.00102526167565431
55 0 0.00107154261758724
56 0 0.00126560594495406
57 0 0.00133213364699303
58 0 0.00122142197861597
59 0 0.00140023342137219
60 0 0.00162774374438357
61 0 0.00159584946846647
62 0 0.00172782539255523
63 0 0.00187836780416684
64 0 0.00221478070932435
65 0 0.00238538106238129
66 0 0.0025366767928936
67 0 0.00274094508569345
68 0 0.00316415533064052
69 0 0.00317968879668362
70 0 0.00403127454644991
71 0 0.00436127459143254
72 0 0.00469230667174381
73 0 0.00500561883265283
74 0 0.00556123629850258
75 0 0.00579146026898902
76 0 0.00658240200799887
77 0 0.0074168643303899
78 0 0.0083508205737376
79 0 0.00890724817800204
80 0 0.0099704882213355
81 0 0.0108645105646409
82 0 0.0115786243004511
83 0 0.0134844509547491
84 0 0.0157073689084103
85 0 0.0168377678285286
86 0 0.0190147802623664
87 0 0.01964278627435
88 0 0.0205553594514150
89 0 0.0239165231320859
90 0 0.0295746756000568
91 0 0.037159921268908
92 0 0.0333667270702158
93 0 0.0353707740547561
94 0 0.0487781784725746
95 0 0.0599488785690386
96 0 0.0556212560287059
97 0 0.0552872308043576
98 0 0.117363854643351
99 0 0.0344308196401863
100 0 0.0422878856660719

death 1 F divorced
1 0 0.0087734653490803
2 0 0.00283134398300999
3 0 0.00171729422276012
4 0 0.00144035583055491
5 0 0.00113455295126619
6 0 0.000856186991095576
7 0 0.000675671949246559
8 0 0.00057556854415508
9 0 0.000476915647052545
10 0 0.000413941110706917
11 0 0.000390420598594732
12 0 0.000297319044185174
13 0 0.000293138822193062
14 0 0.000361467759013356
15 0 0.000354523796239792
16 0 0.000365567456014793
17 0 0.000317386786650609
18 0 0.000397953196058176
19 0 0.000466025970861539
20 0 0.000436211689955557
21 0 0.000441403361301274
22 0 0.000431187774282638
23 0 0.000493922905770994
24 0 0.000480350354109649
25 0 0.00052668970248515
26 0 0.000551670799416648
27 0 0.000482193421177612
28 0 0.000549490967119759
29 0 0.000519230236826984
30 0 0.000557791377354122
31 0 0.000516464523162341
32 0 0.000551838480990274
33 0 0.000546388988245217
34 0 0.000485544547990102
35 0 0.000600311428477163
36 0 0.000558713691967361
37 0 0.000546975840990838
38 0 0.000651496063618806
39 0 0.00067583985983688
40 0 0.000672229850534611
41 0 0.000701029963708133
42 0 0.000683144270907321
43 0 0.00063101874903615
44 0 0.000725891047184013
45 0 0.000691037053351273
46 0 0.000704221208660427
47 0 0.00085248568890739
48 0 0.000781349054916114
49 0 0.000829440064114007
50 0 0.000840878037552173
51 0 0.000769750489817311
52 0 0.000932012751308164
53 0 0.00101548584203948
54 0 0.00102526167565431
55 0 0.00107154261758724
56 0 0.00126560594495406
57 0 0.00133213364699303
58 0 0.00122142197861597
59 0 0.00140023342137219
60 0 0.00162774374438357
61 0 0.00159584946846647
62 0 0.00172782539255523
63 0 0.00187836780416684
64 0 0.00221478070932435
65 0 0.00238538106238129
66 0 0.0025366767928936
67 0 0.00274094508569345
68 0 0.00316415533064052
69 0 0.00317968879668362
70 0 0.00403127454644991
71 0 0.00436127459143254
72 0 0.00469230667174381
73 0 0.00500561883265283
74 0 0.00556123629850258
75 0 0.00579146026898902
76 0 0.00658240200799887
77 0 0.0074168643303899
78 0 0.0083508205737376
79 0 0.00890724817800204
80 0 0.0099704882213355
81 0 0.0108645105646409
82 0 0.0115786243004511
83 0 0.0134844509547491
84 0 0.0157073689084103
85 0 0.0168377678285286
86 0 0.0190147802623664
87 0 0.01964278627435
88 0 0.0205553594514150
89 0 0.0239165231320859
90 0 0.0295746756000568
91 0 0.037159921268908
92 0 0.0333667270702158
93 0 0.0353707740547561
94 0 0.0487781784725746
95 0 0.0599488785690386
96 0 0.0556212560287059
97 0 0.0552872308043576
98 0 0.117363854643351
99 0 0.0344308196401863
100 0 0.0422878856660719

death 1 F widowed
1 0 0.0087734653490803
2 0 0.00283134398300999
3 0 0.00171729422276012
4 0 0.00144035583055491
5 0 0.00113455295126619
6 0 0.000856186991095576
7 0 0.000675671949246559
8 0 0.00057556854415508
9 0 0.000476915647052545
10 0 0.000413941110706917
11 0 0.000390420598594732
12 0 0.000297319044185174
13 0 0.000293138822193062
14 0 0.000361467759013356
15 0 0.000354523796239792
16 0 0.000365567456014793
17 0 0.000317386786650609
18 0 0.000397953196058176
19 0 0.000466025970861539
20 0 0.000436211689955557
21 0 0.000441403361301274
22 0 0.000431187774282638
23 0 0.000493922905770994
24 0 0.000480350354109649
25 0 0.00052668970248515
26 0 0.000551670799416648
27 0 0.000482193421177612
28 0 0.000549490967119759
29 0 0.000519230236826984
30 0 0.000557791377354122
31 0 0.000516464523162341
32 0 0.000551838480990274
33 0 0.000546388988245217
34 0 0.000485544547990102
35 0 0.000600311428477163
36 0 0.000558713691967361
37 0 0.000546975840990838
38 0 0.000651496063618806
39 0 0.00067583985983688
40 0 0.000672229850534611
41 0 0.000701029963708133
42 0 0.000683144270907321
43 0 0.00063101874903615
44 0 0.000725891047184013
45 0 0.000691037053351273
46 0 0.000704221208660427
47 0 0.00085248568890739
48 0 0.000781349054916114
49 0 0.000829440064114007
50 0 0.000840878037552173
51 0 0.000769750489817311
52 0 0.000932012751308164
53 0 0.00101548584203948
54 0 0.00102526167565431
55 0 0.00107154261758724
56 0 0.00126560594495406
57 0 0.00133213364699303
58 0 0.00122142197861597
59 0 0.00140023342137219
60 0 0.00162774374438357
61 0 0.00159584946846647
62 0 0.00172782539255523
63 0 0.00187836780416684
64 0 0.00221478070932435
65 0 0.00238538106238129
66 0 0.0025366767928936
67 0 0.00274094508569345
68 0 0.00316415533064052
69 0 0.00317968879668362
70 0 0.00403127454644991
71 0 0.00436127459143254
72 0 0.00469230667174381
73 0 0.00500561883265283
74 0 0.00556123629850258
75 0 0.00579146026898902
76 0 0.00658240200799887
77 0 0.0074168643303899
78 0 0.0083508205737376
79 0 0.00890724817800204
80 0 0.0099704882213355
81 0 0.0108645105646409
82 0 0.0115786243004511
83 0 0.0134844509547491
84 0 0.0157073689084103
85 0 0.0168377678285286
86 0 0.0190147802623664
87 0 0.01964278627435
88 0 0.0205553594514150
89 0 0.0239165231320859
90 0 0.0295746756000568
91 0 0.037159921268908
92 0 0.0333667270702158
93 0 0.0353707740547561
94 0 0.0487781784725746
95 0 0.0599488785690386
96 0 0.0556212560287059
97 0 0.0552872308043576
98 0 0.117363854643351
99 0 0.0344308196401863
100 0 0.0422878856660719
