*Period monthly mortality rates for SWE in 1871 
* Mon Dec 20 14:20:08 2010
death 1 M married
1 0 0.0124897281092977
2 0 0.00274292052390457
3 0 0.00164980485335231
4 0 0.00138398635114978
5 0 0.00103916876944743
6 0 0.000796395777156622
7 0 0.000614740898500332
8 0 0.000561480691984029
9 0 0.000426415311651662
10 0 0.000374018435427059
11 0 0.000386989288972184
12 0 0.000310780665500943
13 0 0.000271488349282700
14 0 0.000274748129278857
15 0 0.000240317384138877
16 0 0.000247753989230715
17 0 0.000285782098447096
18 0 0.000391592294969656
19 0 0.000377281895238335
20 0 0.00042189426245931
21 0 0.000509676310150087
22 0 0.000596452772540723
23 0 0.000580852051934366
24 0 0.000503139991710033
25 0 0.000541023653172434
26 0 0.000577749002194095
27 0 0.000697586904087832
28 0 0.000558210610108523
29 0 0.000542029629365559
30 0 0.00062741052027071
31 0 0.000576658766633487
32 0 0.000625732323158767
33 0 0.000681549004570958
34 0 0.000587981081133226
35 0 0.000735635760138353
36 0 0.000727991112474125
37 0 0.000910209517436589
38 0 0.000659302156730046
39 0 0.000766725020723946
40 0 0.00085013039331372
41 0 0.00092334134031602
42 0 0.000959632082276785
43 0 0.000893208310820293
44 0 0.000878145544108588
45 0 0.000944474092477887
46 0 0.00112645278889378
47 0 0.00111506315790089
48 0 0.00115649452020805
49 0 0.00119887363311155
50 0 0.00133940646573738
51 0 0.00129932863668147
52 0 0.00137281817680834
53 0 0.00152353509719250
54 0 0.00152116233097310
55 0 0.00168511378547564
56 0 0.00189061939307655
57 0 0.00182844267169691
58 0 0.00204305170443031
59 0 0.00217892366606465
60 0 0.00243552813483172
61 0 0.00272239524420093
62 0 0.00287124440622577
63 0 0.00294395303932926
64 0 0.00297563610402618
65 0 0.00372712854416823
66 0 0.00397579633966683
67 0 0.00397501274662304
68 0 0.00466036831872574
69 0 0.0048134941320257
70 0 0.00551614738854544
71 0 0.00698845153848904
72 0 0.00677374796881236
73 0 0.00748798185335386
74 0 0.00783850616692217
75 0 0.00899298828019623
76 0 0.00908571987369278
77 0 0.00980297858067292
78 0 0.0122763089779770
79 0 0.0126345262274832
80 0 0.0136409442389244
81 0 0.0167100890890147
82 0 0.0172986044908473
83 0 0.0193791668194135
84 0 0.0165102048177473
85 0 0.0202116959214989
86 0 0.0246236522793167
87 0 0.0235977820239009
88 0 0.0271501002150277
89 0 0.0247111791820237
90 0 0.0431516207791062
91 0 0.0298446501257826
92 0 0.0439481598130443
93 0 0.02446767823998
94 0 0.0809450031705551
95 0 0.033024720707584
96 0 0.0804219416911301
97 0 0.150610315212921
98 0 1
99 0 0.124743106585990
100 0 0.0834733458643099

death 1 M single
1 0 0.0124897281092977
2 0 0.00274292052390457
3 0 0.00164980485335231
4 0 0.00138398635114978
5 0 0.00103916876944743
6 0 0.000796395777156622
7 0 0.000614740898500332
8 0 0.000561480691984029
9 0 0.000426415311651662
10 0 0.000374018435427059
11 0 0.000386989288972184
12 0 0.000310780665500943
13 0 0.000271488349282700
14 0 0.000274748129278857
15 0 0.000240317384138877
16 0 0.000247753989230715
17 0 0.000285782098447096
18 0 0.000391592294969656
19 0 0.000377281895238335
20 0 0.00042189426245931
21 0 0.000509676310150087
22 0 0.000596452772540723
23 0 0.000580852051934366
24 0 0.000503139991710033
25 0 0.000541023653172434
26 0 0.000577749002194095
27 0 0.000697586904087832
28 0 0.000558210610108523
29 0 0.000542029629365559
30 0 0.00062741052027071
31 0 0.000576658766633487
32 0 0.000625732323158767
33 0 0.000681549004570958
34 0 0.000587981081133226
35 0 0.000735635760138353
36 0 0.000727991112474125
37 0 0.000910209517436589
38 0 0.000659302156730046
39 0 0.000766725020723946
40 0 0.00085013039331372
41 0 0.00092334134031602
42 0 0.000959632082276785
43 0 0.000893208310820293
44 0 0.000878145544108588
45 0 0.000944474092477887
46 0 0.00112645278889378
47 0 0.00111506315790089
48 0 0.00115649452020805
49 0 0.00119887363311155
50 0 0.00133940646573738
51 0 0.00129932863668147
52 0 0.00137281817680834
53 0 0.00152353509719250
54 0 0.00152116233097310
55 0 0.00168511378547564
56 0 0.00189061939307655
57 0 0.00182844267169691
58 0 0.00204305170443031
59 0 0.00217892366606465
60 0 0.00243552813483172
61 0 0.00272239524420093
62 0 0.00287124440622577
63 0 0.00294395303932926
64 0 0.00297563610402618
65 0 0.00372712854416823
66 0 0.00397579633966683
67 0 0.00397501274662304
68 0 0.00466036831872574
69 0 0.0048134941320257
70 0 0.00551614738854544
71 0 0.00698845153848904
72 0 0.00677374796881236
73 0 0.00748798185335386
74 0 0.00783850616692217
75 0 0.00899298828019623
76 0 0.00908571987369278
77 0 0.00980297858067292
78 0 0.0122763089779770
79 0 0.0126345262274832
80 0 0.0136409442389244
81 0 0.0167100890890147
82 0 0.0172986044908473
83 0 0.0193791668194135
84 0 0.0165102048177473
85 0 0.0202116959214989
86 0 0.0246236522793167
87 0 0.0235977820239009
88 0 0.0271501002150277
89 0 0.0247111791820237
90 0 0.0431516207791062
91 0 0.0298446501257826
92 0 0.0439481598130443
93 0 0.02446767823998
94 0 0.0809450031705551
95 0 0.033024720707584
96 0 0.0804219416911301
97 0 0.150610315212921
98 0 1
99 0 0.124743106585990
100 0 0.0834733458643099

death 1 M divorced
1 0 0.0124897281092977
2 0 0.00274292052390457
3 0 0.00164980485335231
4 0 0.00138398635114978
5 0 0.00103916876944743
6 0 0.000796395777156622
7 0 0.000614740898500332
8 0 0.000561480691984029
9 0 0.000426415311651662
10 0 0.000374018435427059
11 0 0.000386989288972184
12 0 0.000310780665500943
13 0 0.000271488349282700
14 0 0.000274748129278857
15 0 0.000240317384138877
16 0 0.000247753989230715
17 0 0.000285782098447096
18 0 0.000391592294969656
19 0 0.000377281895238335
20 0 0.00042189426245931
21 0 0.000509676310150087
22 0 0.000596452772540723
23 0 0.000580852051934366
24 0 0.000503139991710033
25 0 0.000541023653172434
26 0 0.000577749002194095
27 0 0.000697586904087832
28 0 0.000558210610108523
29 0 0.000542029629365559
30 0 0.00062741052027071
31 0 0.000576658766633487
32 0 0.000625732323158767
33 0 0.000681549004570958
34 0 0.000587981081133226
35 0 0.000735635760138353
36 0 0.000727991112474125
37 0 0.000910209517436589
38 0 0.000659302156730046
39 0 0.000766725020723946
40 0 0.00085013039331372
41 0 0.00092334134031602
42 0 0.000959632082276785
43 0 0.000893208310820293
44 0 0.000878145544108588
45 0 0.000944474092477887
46 0 0.00112645278889378
47 0 0.00111506315790089
48 0 0.00115649452020805
49 0 0.00119887363311155
50 0 0.00133940646573738
51 0 0.00129932863668147
52 0 0.00137281817680834
53 0 0.00152353509719250
54 0 0.00152116233097310
55 0 0.00168511378547564
56 0 0.00189061939307655
57 0 0.00182844267169691
58 0 0.00204305170443031
59 0 0.00217892366606465
60 0 0.00243552813483172
61 0 0.00272239524420093
62 0 0.00287124440622577
63 0 0.00294395303932926
64 0 0.00297563610402618
65 0 0.00372712854416823
66 0 0.00397579633966683
67 0 0.00397501274662304
68 0 0.00466036831872574
69 0 0.0048134941320257
70 0 0.00551614738854544
71 0 0.00698845153848904
72 0 0.00677374796881236
73 0 0.00748798185335386
74 0 0.00783850616692217
75 0 0.00899298828019623
76 0 0.00908571987369278
77 0 0.00980297858067292
78 0 0.0122763089779770
79 0 0.0126345262274832
80 0 0.0136409442389244
81 0 0.0167100890890147
82 0 0.0172986044908473
83 0 0.0193791668194135
84 0 0.0165102048177473
85 0 0.0202116959214989
86 0 0.0246236522793167
87 0 0.0235977820239009
88 0 0.0271501002150277
89 0 0.0247111791820237
90 0 0.0431516207791062
91 0 0.0298446501257826
92 0 0.0439481598130443
93 0 0.02446767823998
94 0 0.0809450031705551
95 0 0.033024720707584
96 0 0.0804219416911301
97 0 0.150610315212921
98 0 1
99 0 0.124743106585990
100 0 0.0834733458643099

death 1 M widowed
1 0 0.0124897281092977
2 0 0.00274292052390457
3 0 0.00164980485335231
4 0 0.00138398635114978
5 0 0.00103916876944743
6 0 0.000796395777156622
7 0 0.000614740898500332
8 0 0.000561480691984029
9 0 0.000426415311651662
10 0 0.000374018435427059
11 0 0.000386989288972184
12 0 0.000310780665500943
13 0 0.000271488349282700
14 0 0.000274748129278857
15 0 0.000240317384138877
16 0 0.000247753989230715
17 0 0.000285782098447096
18 0 0.000391592294969656
19 0 0.000377281895238335
20 0 0.00042189426245931
21 0 0.000509676310150087
22 0 0.000596452772540723
23 0 0.000580852051934366
24 0 0.000503139991710033
25 0 0.000541023653172434
26 0 0.000577749002194095
27 0 0.000697586904087832
28 0 0.000558210610108523
29 0 0.000542029629365559
30 0 0.00062741052027071
31 0 0.000576658766633487
32 0 0.000625732323158767
33 0 0.000681549004570958
34 0 0.000587981081133226
35 0 0.000735635760138353
36 0 0.000727991112474125
37 0 0.000910209517436589
38 0 0.000659302156730046
39 0 0.000766725020723946
40 0 0.00085013039331372
41 0 0.00092334134031602
42 0 0.000959632082276785
43 0 0.000893208310820293
44 0 0.000878145544108588
45 0 0.000944474092477887
46 0 0.00112645278889378
47 0 0.00111506315790089
48 0 0.00115649452020805
49 0 0.00119887363311155
50 0 0.00133940646573738
51 0 0.00129932863668147
52 0 0.00137281817680834
53 0 0.00152353509719250
54 0 0.00152116233097310
55 0 0.00168511378547564
56 0 0.00189061939307655
57 0 0.00182844267169691
58 0 0.00204305170443031
59 0 0.00217892366606465
60 0 0.00243552813483172
61 0 0.00272239524420093
62 0 0.00287124440622577
63 0 0.00294395303932926
64 0 0.00297563610402618
65 0 0.00372712854416823
66 0 0.00397579633966683
67 0 0.00397501274662304
68 0 0.00466036831872574
69 0 0.0048134941320257
70 0 0.00551614738854544
71 0 0.00698845153848904
72 0 0.00677374796881236
73 0 0.00748798185335386
74 0 0.00783850616692217
75 0 0.00899298828019623
76 0 0.00908571987369278
77 0 0.00980297858067292
78 0 0.0122763089779770
79 0 0.0126345262274832
80 0 0.0136409442389244
81 0 0.0167100890890147
82 0 0.0172986044908473
83 0 0.0193791668194135
84 0 0.0165102048177473
85 0 0.0202116959214989
86 0 0.0246236522793167
87 0 0.0235977820239009
88 0 0.0271501002150277
89 0 0.0247111791820237
90 0 0.0431516207791062
91 0 0.0298446501257826
92 0 0.0439481598130443
93 0 0.02446767823998
94 0 0.0809450031705551
95 0 0.033024720707584
96 0 0.0804219416911301
97 0 0.150610315212921
98 0 1
99 0 0.124743106585990
100 0 0.0834733458643099

death 1 F married
1 0 0.0102630288606276
2 0 0.00255947436989767
3 0 0.00158177205044874
4 0 0.00129273524574280
5 0 0.00085980431850774
6 0 0.000773868651340326
7 0 0.000592007133005668
8 0 0.000489482279926956
9 0 0.000418294328595969
10 0 0.000342979586702707
11 0 0.000308522987360393
12 0 0.000271237601818131
13 0 0.000242322700874875
14 0 0.000283274260547972
15 0 0.000298823971172202
16 0 0.000274413787488048
17 0 0.000329178652097140
18 0 0.000321986268470908
19 0 0.000347413058944257
20 0 0.000354607455284039
21 0 0.000355862350190916
22 0 0.000385482901283263
23 0 0.000402389351139787
24 0 0.000457566430865142
25 0 0.000418043175741456
26 0 0.000521241717824306
27 0 0.000575736269838756
28 0 0.00050297239998387
29 0 0.000556114465679713
30 0 0.000527863157322561
31 0 0.000446092867803172
32 0 0.000548317232928808
33 0 0.000556114465679713
34 0 0.00058898757737591
35 0 0.00070615280611952
36 0 0.000648306670196441
37 0 0.000589155327833768
38 0 0.000651412130778461
39 0 0.000702625572171378
40 0 0.00076706117898051
41 0 0.000781180949193327
42 0 0.000760086150042749
43 0 0.000891945971902341
44 0 0.00084954157895789
45 0 0.00079261284708343
46 0 0.000857448833133767
47 0 0.000760926486599534
48 0 0.000906674351032866
49 0 0.000922836235095703
50 0 0.000884624752127805
51 0 0.000973023744589185
52 0 0.00102897002576918
53 0 0.00116966200692337
54 0 0.0012612119301042
55 0 0.00137070314701027
56 0 0.00135006304309271
57 0 0.00154336706897706
58 0 0.00156201646531873
59 0 0.00164666506056788
60 0 0.00194313278564207
61 0 0.00198358115387798
62 0 0.00231893185356713
63 0 0.00258887970866606
64 0 0.00270410675533361
65 0 0.00295660771781581
66 0 0.00333387330476853
67 0 0.0035247861160822
68 0 0.00389303414998765
69 0 0.00416719603050986
70 0 0.00472153487773241
71 0 0.00565866613250043
72 0 0.005502864179319
73 0 0.0064865675369965
74 0 0.00708067538771306
75 0 0.00781933497974363
76 0 0.00826915840010778
77 0 0.00825153857430672
78 0 0.0099027775350733
79 0 0.0108865970353605
80 0 0.0117199673705821
81 0 0.0132132687587057
82 0 0.0139210082334916
83 0 0.0156353885311964
84 0 0.0160348860456155
85 0 0.018350086563363
86 0 0.0221143245153596
87 0 0.022700382589379
88 0 0.0271301366186834
89 0 0.0362223202942428
90 0 0.0357006793351482
91 0 0.0304804006100509
92 0 0.040027261186401
93 0 0.0451437367152309
94 0 0.0399335347572343
95 0 0.0251665481497951
96 0 0.0208064187107833
97 0 0.062099360272096
98 0 0.0693931188670623
99 0 0.081832499918059
100 0 0.299464024418646

death 1 F single
1 0 0.0102630288606276
2 0 0.00255947436989767
3 0 0.00158177205044874
4 0 0.00129273524574280
5 0 0.00085980431850774
6 0 0.000773868651340326
7 0 0.000592007133005668
8 0 0.000489482279926956
9 0 0.000418294328595969
10 0 0.000342979586702707
11 0 0.000308522987360393
12 0 0.000271237601818131
13 0 0.000242322700874875
14 0 0.000283274260547972
15 0 0.000298823971172202
16 0 0.000274413787488048
17 0 0.000329178652097140
18 0 0.000321986268470908
19 0 0.000347413058944257
20 0 0.000354607455284039
21 0 0.000355862350190916
22 0 0.000385482901283263
23 0 0.000402389351139787
24 0 0.000457566430865142
25 0 0.000418043175741456
26 0 0.000521241717824306
27 0 0.000575736269838756
28 0 0.00050297239998387
29 0 0.000556114465679713
30 0 0.000527863157322561
31 0 0.000446092867803172
32 0 0.000548317232928808
33 0 0.000556114465679713
34 0 0.00058898757737591
35 0 0.00070615280611952
36 0 0.000648306670196441
37 0 0.000589155327833768
38 0 0.000651412130778461
39 0 0.000702625572171378
40 0 0.00076706117898051
41 0 0.000781180949193327
42 0 0.000760086150042749
43 0 0.000891945971902341
44 0 0.00084954157895789
45 0 0.00079261284708343
46 0 0.000857448833133767
47 0 0.000760926486599534
48 0 0.000906674351032866
49 0 0.000922836235095703
50 0 0.000884624752127805
51 0 0.000973023744589185
52 0 0.00102897002576918
53 0 0.00116966200692337
54 0 0.0012612119301042
55 0 0.00137070314701027
56 0 0.00135006304309271
57 0 0.00154336706897706
58 0 0.00156201646531873
59 0 0.00164666506056788
60 0 0.00194313278564207
61 0 0.00198358115387798
62 0 0.00231893185356713
63 0 0.00258887970866606
64 0 0.00270410675533361
65 0 0.00295660771781581
66 0 0.00333387330476853
67 0 0.0035247861160822
68 0 0.00389303414998765
69 0 0.00416719603050986
70 0 0.00472153487773241
71 0 0.00565866613250043
72 0 0.005502864179319
73 0 0.0064865675369965
74 0 0.00708067538771306
75 0 0.00781933497974363
76 0 0.00826915840010778
77 0 0.00825153857430672
78 0 0.0099027775350733
79 0 0.0108865970353605
80 0 0.0117199673705821
81 0 0.0132132687587057
82 0 0.0139210082334916
83 0 0.0156353885311964
84 0 0.0160348860456155
85 0 0.018350086563363
86 0 0.0221143245153596
87 0 0.022700382589379
88 0 0.0271301366186834
89 0 0.0362223202942428
90 0 0.0357006793351482
91 0 0.0304804006100509
92 0 0.040027261186401
93 0 0.0451437367152309
94 0 0.0399335347572343
95 0 0.0251665481497951
96 0 0.0208064187107833
97 0 0.062099360272096
98 0 0.0693931188670623
99 0 0.081832499918059
100 0 0.299464024418646

death 1 F divorced
1 0 0.0102630288606276
2 0 0.00255947436989767
3 0 0.00158177205044874
4 0 0.00129273524574280
5 0 0.00085980431850774
6 0 0.000773868651340326
7 0 0.000592007133005668
8 0 0.000489482279926956
9 0 0.000418294328595969
10 0 0.000342979586702707
11 0 0.000308522987360393
12 0 0.000271237601818131
13 0 0.000242322700874875
14 0 0.000283274260547972
15 0 0.000298823971172202
16 0 0.000274413787488048
17 0 0.000329178652097140
18 0 0.000321986268470908
19 0 0.000347413058944257
20 0 0.000354607455284039
21 0 0.000355862350190916
22 0 0.000385482901283263
23 0 0.000402389351139787
24 0 0.000457566430865142
25 0 0.000418043175741456
26 0 0.000521241717824306
27 0 0.000575736269838756
28 0 0.00050297239998387
29 0 0.000556114465679713
30 0 0.000527863157322561
31 0 0.000446092867803172
32 0 0.000548317232928808
33 0 0.000556114465679713
34 0 0.00058898757737591
35 0 0.00070615280611952
36 0 0.000648306670196441
37 0 0.000589155327833768
38 0 0.000651412130778461
39 0 0.000702625572171378
40 0 0.00076706117898051
41 0 0.000781180949193327
42 0 0.000760086150042749
43 0 0.000891945971902341
44 0 0.00084954157895789
45 0 0.00079261284708343
46 0 0.000857448833133767
47 0 0.000760926486599534
48 0 0.000906674351032866
49 0 0.000922836235095703
50 0 0.000884624752127805
51 0 0.000973023744589185
52 0 0.00102897002576918
53 0 0.00116966200692337
54 0 0.0012612119301042
55 0 0.00137070314701027
56 0 0.00135006304309271
57 0 0.00154336706897706
58 0 0.00156201646531873
59 0 0.00164666506056788
60 0 0.00194313278564207
61 0 0.00198358115387798
62 0 0.00231893185356713
63 0 0.00258887970866606
64 0 0.00270410675533361
65 0 0.00295660771781581
66 0 0.00333387330476853
67 0 0.0035247861160822
68 0 0.00389303414998765
69 0 0.00416719603050986
70 0 0.00472153487773241
71 0 0.00565866613250043
72 0 0.005502864179319
73 0 0.0064865675369965
74 0 0.00708067538771306
75 0 0.00781933497974363
76 0 0.00826915840010778
77 0 0.00825153857430672
78 0 0.0099027775350733
79 0 0.0108865970353605
80 0 0.0117199673705821
81 0 0.0132132687587057
82 0 0.0139210082334916
83 0 0.0156353885311964
84 0 0.0160348860456155
85 0 0.018350086563363
86 0 0.0221143245153596
87 0 0.022700382589379
88 0 0.0271301366186834
89 0 0.0362223202942428
90 0 0.0357006793351482
91 0 0.0304804006100509
92 0 0.040027261186401
93 0 0.0451437367152309
94 0 0.0399335347572343
95 0 0.0251665481497951
96 0 0.0208064187107833
97 0 0.062099360272096
98 0 0.0693931188670623
99 0 0.081832499918059
100 0 0.299464024418646

death 1 F widowed
1 0 0.0102630288606276
2 0 0.00255947436989767
3 0 0.00158177205044874
4 0 0.00129273524574280
5 0 0.00085980431850774
6 0 0.000773868651340326
7 0 0.000592007133005668
8 0 0.000489482279926956
9 0 0.000418294328595969
10 0 0.000342979586702707
11 0 0.000308522987360393
12 0 0.000271237601818131
13 0 0.000242322700874875
14 0 0.000283274260547972
15 0 0.000298823971172202
16 0 0.000274413787488048
17 0 0.000329178652097140
18 0 0.000321986268470908
19 0 0.000347413058944257
20 0 0.000354607455284039
21 0 0.000355862350190916
22 0 0.000385482901283263
23 0 0.000402389351139787
24 0 0.000457566430865142
25 0 0.000418043175741456
26 0 0.000521241717824306
27 0 0.000575736269838756
28 0 0.00050297239998387
29 0 0.000556114465679713
30 0 0.000527863157322561
31 0 0.000446092867803172
32 0 0.000548317232928808
33 0 0.000556114465679713
34 0 0.00058898757737591
35 0 0.00070615280611952
36 0 0.000648306670196441
37 0 0.000589155327833768
38 0 0.000651412130778461
39 0 0.000702625572171378
40 0 0.00076706117898051
41 0 0.000781180949193327
42 0 0.000760086150042749
43 0 0.000891945971902341
44 0 0.00084954157895789
45 0 0.00079261284708343
46 0 0.000857448833133767
47 0 0.000760926486599534
48 0 0.000906674351032866
49 0 0.000922836235095703
50 0 0.000884624752127805
51 0 0.000973023744589185
52 0 0.00102897002576918
53 0 0.00116966200692337
54 0 0.0012612119301042
55 0 0.00137070314701027
56 0 0.00135006304309271
57 0 0.00154336706897706
58 0 0.00156201646531873
59 0 0.00164666506056788
60 0 0.00194313278564207
61 0 0.00198358115387798
62 0 0.00231893185356713
63 0 0.00258887970866606
64 0 0.00270410675533361
65 0 0.00295660771781581
66 0 0.00333387330476853
67 0 0.0035247861160822
68 0 0.00389303414998765
69 0 0.00416719603050986
70 0 0.00472153487773241
71 0 0.00565866613250043
72 0 0.005502864179319
73 0 0.0064865675369965
74 0 0.00708067538771306
75 0 0.00781933497974363
76 0 0.00826915840010778
77 0 0.00825153857430672
78 0 0.0099027775350733
79 0 0.0108865970353605
80 0 0.0117199673705821
81 0 0.0132132687587057
82 0 0.0139210082334916
83 0 0.0156353885311964
84 0 0.0160348860456155
85 0 0.018350086563363
86 0 0.0221143245153596
87 0 0.022700382589379
88 0 0.0271301366186834
89 0 0.0362223202942428
90 0 0.0357006793351482
91 0 0.0304804006100509
92 0 0.040027261186401
93 0 0.0451437367152309
94 0 0.0399335347572343
95 0 0.0251665481497951
96 0 0.0208064187107833
97 0 0.062099360272096
98 0 0.0693931188670623
99 0 0.081832499918059
100 0 0.299464024418646
