*Period monthly mortality rates for SWE in 1848 
* Mon Dec 20 14:19:51 2010
death 1 M married
1 0 0.0159840303633508
2 0 0.00301783999174954
3 0 0.00199184335409808
4 0 0.00128859348860944
5 0 0.000962663983839596
6 0 0.000819348930563679
7 0 0.000687090576413363
8 0 0.000562235342977169
9 0 0.000465355879566642
10 0 0.00041871291822948
11 0 0.000392596618172703
12 0 0.000356531634559953
13 0 0.00032232078532024
14 0 0.000302084731803931
15 0 0.000298322326074296
16 0 0.000305429223218745
17 0 0.000332858696404981
18 0 0.000354607455284039
19 0 0.000370587745062489
20 0 0.000400631603410861
21 0 0.000454718842101021
22 0 0.000497106884300158
23 0 0.000505318712279768
24 0 0.000531718901352396
25 0 0.000572381814993639
26 0 0.000609203737867325
27 0 0.000636389401420079
28 0 0.00067374099976314
29 0 0.000731351317922235
30 0 0.000751851263145698
31 0 0.000741096616651671
32 0 0.000734039571773537
33 0 0.000742440877835482
34 0 0.000797068314552063
35 0 0.000890094573224198
36 0 0.000958705688098083
37 0 0.000960390048178716
38 0 0.00100318327112126
39 0 0.00113337163258298
40 0 0.00127101425516929
41 0 0.00126231041388092
42 0 0.0012738030410111
43 0 0.00135623766422022
44 0 0.00144797601311442
45 0 0.00152294189982283
46 0 0.00153446757134434
47 0 0.00158117847236128
48 0 0.00171151958392424
49 0 0.00180157781973878
50 0 0.00184204816202083
51 0 0.00187615588801826
52 0 0.00197225379300403
53 0 0.00212670019253269
54 0 0.00227671016758968
55 0 0.00236177190668396
56 0 0.00245264952554747
57 0 0.00251259986210228
58 0 0.00267432073032758
59 0 0.00286255768928956
60 0 0.00290238581631264
61 0 0.00288629761945747
62 0 0.00314965983086379
63 0 0.00349741397840264
64 0 0.00396430432125683
65 0 0.00452169013641635
66 0 0.00515386165707343
67 0 0.00556974281844858
68 0 0.005911995951978
69 0 0.0062517108514154
70 0 0.00669888368644245
71 0 0.00723760029442766
72 0 0.00790695601192759
73 0 0.00867160758186003
74 0 0.00937789071366901
75 0 0.00997783901162352
76 0 0.0111348081635848
77 0 0.0121018792858860
78 0 0.0123029467070357
79 0 0.0132226261938584
80 0 0.0149773664361215
81 0 0.0169359595348414
82 0 0.0186752517721419
83 0 0.0210257567203112
84 0 0.0228345823441510
85 0 0.0243656331232625
86 0 0.0256702935180396
87 0 0.0265493341409011
88 0 0.0278778359103393
89 0 0.0330565577148517
90 0 0.0446633088900443
91 0 0.0580274479407032
92 0 0.0658933537126511
93 0 0.0695253879252545
94 0 0.0765952207468257
95 0 0.087898119461886
96 0 0.0924558007120606
97 0 0.074352535258542
98 0 0.0616259782689438
99 0 0.119417338518233
100 0 1

death 1 M single
1 0 0.0159840303633508
2 0 0.00301783999174954
3 0 0.00199184335409808
4 0 0.00128859348860944
5 0 0.000962663983839596
6 0 0.000819348930563679
7 0 0.000687090576413363
8 0 0.000562235342977169
9 0 0.000465355879566642
10 0 0.00041871291822948
11 0 0.000392596618172703
12 0 0.000356531634559953
13 0 0.00032232078532024
14 0 0.000302084731803931
15 0 0.000298322326074296
16 0 0.000305429223218745
17 0 0.000332858696404981
18 0 0.000354607455284039
19 0 0.000370587745062489
20 0 0.000400631603410861
21 0 0.000454718842101021
22 0 0.000497106884300158
23 0 0.000505318712279768
24 0 0.000531718901352396
25 0 0.000572381814993639
26 0 0.000609203737867325
27 0 0.000636389401420079
28 0 0.00067374099976314
29 0 0.000731351317922235
30 0 0.000751851263145698
31 0 0.000741096616651671
32 0 0.000734039571773537
33 0 0.000742440877835482
34 0 0.000797068314552063
35 0 0.000890094573224198
36 0 0.000958705688098083
37 0 0.000960390048178716
38 0 0.00100318327112126
39 0 0.00113337163258298
40 0 0.00127101425516929
41 0 0.00126231041388092
42 0 0.0012738030410111
43 0 0.00135623766422022
44 0 0.00144797601311442
45 0 0.00152294189982283
46 0 0.00153446757134434
47 0 0.00158117847236128
48 0 0.00171151958392424
49 0 0.00180157781973878
50 0 0.00184204816202083
51 0 0.00187615588801826
52 0 0.00197225379300403
53 0 0.00212670019253269
54 0 0.00227671016758968
55 0 0.00236177190668396
56 0 0.00245264952554747
57 0 0.00251259986210228
58 0 0.00267432073032758
59 0 0.00286255768928956
60 0 0.00290238581631264
61 0 0.00288629761945747
62 0 0.00314965983086379
63 0 0.00349741397840264
64 0 0.00396430432125683
65 0 0.00452169013641635
66 0 0.00515386165707343
67 0 0.00556974281844858
68 0 0.005911995951978
69 0 0.0062517108514154
70 0 0.00669888368644245
71 0 0.00723760029442766
72 0 0.00790695601192759
73 0 0.00867160758186003
74 0 0.00937789071366901
75 0 0.00997783901162352
76 0 0.0111348081635848
77 0 0.0121018792858860
78 0 0.0123029467070357
79 0 0.0132226261938584
80 0 0.0149773664361215
81 0 0.0169359595348414
82 0 0.0186752517721419
83 0 0.0210257567203112
84 0 0.0228345823441510
85 0 0.0243656331232625
86 0 0.0256702935180396
87 0 0.0265493341409011
88 0 0.0278778359103393
89 0 0.0330565577148517
90 0 0.0446633088900443
91 0 0.0580274479407032
92 0 0.0658933537126511
93 0 0.0695253879252545
94 0 0.0765952207468257
95 0 0.087898119461886
96 0 0.0924558007120606
97 0 0.074352535258542
98 0 0.0616259782689438
99 0 0.119417338518233
100 0 1

death 1 M divorced
1 0 0.0159840303633508
2 0 0.00301783999174954
3 0 0.00199184335409808
4 0 0.00128859348860944
5 0 0.000962663983839596
6 0 0.000819348930563679
7 0 0.000687090576413363
8 0 0.000562235342977169
9 0 0.000465355879566642
10 0 0.00041871291822948
11 0 0.000392596618172703
12 0 0.000356531634559953
13 0 0.00032232078532024
14 0 0.000302084731803931
15 0 0.000298322326074296
16 0 0.000305429223218745
17 0 0.000332858696404981
18 0 0.000354607455284039
19 0 0.000370587745062489
20 0 0.000400631603410861
21 0 0.000454718842101021
22 0 0.000497106884300158
23 0 0.000505318712279768
24 0 0.000531718901352396
25 0 0.000572381814993639
26 0 0.000609203737867325
27 0 0.000636389401420079
28 0 0.00067374099976314
29 0 0.000731351317922235
30 0 0.000751851263145698
31 0 0.000741096616651671
32 0 0.000734039571773537
33 0 0.000742440877835482
34 0 0.000797068314552063
35 0 0.000890094573224198
36 0 0.000958705688098083
37 0 0.000960390048178716
38 0 0.00100318327112126
39 0 0.00113337163258298
40 0 0.00127101425516929
41 0 0.00126231041388092
42 0 0.0012738030410111
43 0 0.00135623766422022
44 0 0.00144797601311442
45 0 0.00152294189982283
46 0 0.00153446757134434
47 0 0.00158117847236128
48 0 0.00171151958392424
49 0 0.00180157781973878
50 0 0.00184204816202083
51 0 0.00187615588801826
52 0 0.00197225379300403
53 0 0.00212670019253269
54 0 0.00227671016758968
55 0 0.00236177190668396
56 0 0.00245264952554747
57 0 0.00251259986210228
58 0 0.00267432073032758
59 0 0.00286255768928956
60 0 0.00290238581631264
61 0 0.00288629761945747
62 0 0.00314965983086379
63 0 0.00349741397840264
64 0 0.00396430432125683
65 0 0.00452169013641635
66 0 0.00515386165707343
67 0 0.00556974281844858
68 0 0.005911995951978
69 0 0.0062517108514154
70 0 0.00669888368644245
71 0 0.00723760029442766
72 0 0.00790695601192759
73 0 0.00867160758186003
74 0 0.00937789071366901
75 0 0.00997783901162352
76 0 0.0111348081635848
77 0 0.0121018792858860
78 0 0.0123029467070357
79 0 0.0132226261938584
80 0 0.0149773664361215
81 0 0.0169359595348414
82 0 0.0186752517721419
83 0 0.0210257567203112
84 0 0.0228345823441510
85 0 0.0243656331232625
86 0 0.0256702935180396
87 0 0.0265493341409011
88 0 0.0278778359103393
89 0 0.0330565577148517
90 0 0.0446633088900443
91 0 0.0580274479407032
92 0 0.0658933537126511
93 0 0.0695253879252545
94 0 0.0765952207468257
95 0 0.087898119461886
96 0 0.0924558007120606
97 0 0.074352535258542
98 0 0.0616259782689438
99 0 0.119417338518233
100 0 1

death 1 M widowed
1 0 0.0159840303633508
2 0 0.00301783999174954
3 0 0.00199184335409808
4 0 0.00128859348860944
5 0 0.000962663983839596
6 0 0.000819348930563679
7 0 0.000687090576413363
8 0 0.000562235342977169
9 0 0.000465355879566642
10 0 0.00041871291822948
11 0 0.000392596618172703
12 0 0.000356531634559953
13 0 0.00032232078532024
14 0 0.000302084731803931
15 0 0.000298322326074296
16 0 0.000305429223218745
17 0 0.000332858696404981
18 0 0.000354607455284039
19 0 0.000370587745062489
20 0 0.000400631603410861
21 0 0.000454718842101021
22 0 0.000497106884300158
23 0 0.000505318712279768
24 0 0.000531718901352396
25 0 0.000572381814993639
26 0 0.000609203737867325
27 0 0.000636389401420079
28 0 0.00067374099976314
29 0 0.000731351317922235
30 0 0.000751851263145698
31 0 0.000741096616651671
32 0 0.000734039571773537
33 0 0.000742440877835482
34 0 0.000797068314552063
35 0 0.000890094573224198
36 0 0.000958705688098083
37 0 0.000960390048178716
38 0 0.00100318327112126
39 0 0.00113337163258298
40 0 0.00127101425516929
41 0 0.00126231041388092
42 0 0.0012738030410111
43 0 0.00135623766422022
44 0 0.00144797601311442
45 0 0.00152294189982283
46 0 0.00153446757134434
47 0 0.00158117847236128
48 0 0.00171151958392424
49 0 0.00180157781973878
50 0 0.00184204816202083
51 0 0.00187615588801826
52 0 0.00197225379300403
53 0 0.00212670019253269
54 0 0.00227671016758968
55 0 0.00236177190668396
56 0 0.00245264952554747
57 0 0.00251259986210228
58 0 0.00267432073032758
59 0 0.00286255768928956
60 0 0.00290238581631264
61 0 0.00288629761945747
62 0 0.00314965983086379
63 0 0.00349741397840264
64 0 0.00396430432125683
65 0 0.00452169013641635
66 0 0.00515386165707343
67 0 0.00556974281844858
68 0 0.005911995951978
69 0 0.0062517108514154
70 0 0.00669888368644245
71 0 0.00723760029442766
72 0 0.00790695601192759
73 0 0.00867160758186003
74 0 0.00937789071366901
75 0 0.00997783901162352
76 0 0.0111348081635848
77 0 0.0121018792858860
78 0 0.0123029467070357
79 0 0.0132226261938584
80 0 0.0149773664361215
81 0 0.0169359595348414
82 0 0.0186752517721419
83 0 0.0210257567203112
84 0 0.0228345823441510
85 0 0.0243656331232625
86 0 0.0256702935180396
87 0 0.0265493341409011
88 0 0.0278778359103393
89 0 0.0330565577148517
90 0 0.0446633088900443
91 0 0.0580274479407032
92 0 0.0658933537126511
93 0 0.0695253879252545
94 0 0.0765952207468257
95 0 0.087898119461886
96 0 0.0924558007120606
97 0 0.074352535258542
98 0 0.0616259782689438
99 0 0.119417338518233
100 0 1

death 1 F married
1 0 0.0128681123480352
2 0 0.00276877696639510
3 0 0.00180429794918435
4 0 0.00124085013739639
5 0 0.00098599616817463
6 0 0.00083213122240744
7 0 0.00067306937478051
8 0 0.000530796860720772
9 0 0.000424322205359373
10 0 0.000373851081672649
11 0 0.000352516002279812
12 0 0.000324495174854778
13 0 0.000300245313986869
14 0 0.000290212781196897
15 0 0.000296566590036629
16 0 0.000316299670414466
17 0 0.000349839012667941
18 0 0.000365232779939051
19 0 0.000366069472439556
20 0 0.000371926535649214
21 0 0.000395860745241672
22 0 0.000412183139519073
23 0 0.000400296798174438
24 0 0.000406239774500827
25 0 0.000423401253864308
26 0 0.000439896071321222
27 0 0.000456812648684246
28 0 0.000489482279926956
29 0 0.000545550633755165
30 0 0.000589323078601267
31 0 0.000613818014959189
32 0 0.000630011787058127
33 0 0.000642935313298065
34 0 0.000679198136817494
35 0 0.000734459618624062
36 0 0.000746389760107324
37 0 0.000717995236112379
38 0 0.00073605581436953
39 0 0.000818255791728673
40 0 0.000914502404489759
41 0 0.000914923286691072
42 0 0.000923762263478678
43 0 0.0009692334511342
44 0 0.00100166663119527
45 0 0.00101674989921752
46 0 0.000985069505037961
47 0 0.000994252311681154
48 0 0.00108621581796464
49 0 0.00116122109062289
50 0 0.00122057737035364
51 0 0.00130042758172488
52 0 0.00141258991084825
53 0 0.00155998179950334
54 0 0.00167747366924997
55 0 0.00173648904517010
56 0 0.00179715778328560
57 0 0.00184102767948269
58 0 0.00198766957128715
59 0 0.00214521389919076
60 0 0.00223783915287756
61 0 0.00234612139770829
62 0 0.0026340779298083
63 0 0.00294395303932926
64 0 0.00332643878867289
65 0 0.00379765994805226
66 0 0.00435209408907888
67 0 0.00467616060078058
68 0 0.00488443774362435
69 0 0.00515518477357635
70 0 0.00555910979357621
71 0 0.00605585347622017
72 0 0.00671862603204088
73 0 0.00750300875656706
74 0 0.00821220309980852
75 0 0.00877493441121058
76 0 0.00980102830693608
77 0 0.0106327889394406
78 0 0.0109522305580899
79 0 0.0119951379802785
80 0 0.0137005725990565
81 0 0.0150691043386411
82 0 0.0167633667659137
83 0 0.0189266149430112
84 0 0.0207404916926609
85 0 0.0224876890305125
86 0 0.0242328113943302
87 0 0.0259965875958225
88 0 0.0288117320797994
89 0 0.0364846862118577
90 0 0.0490690124514755
91 0 0.0414606458178521
92 0 0.0421646562409203
93 0 0.0441444348711906
94 0 0.0454787607111964
95 0 0.0437542354334809
96 0 0.0387974054460474
97 0 0.0326310887200114
98 0 0.0333589806608363
99 0 0.039575742606091
100 0 0.0507300596065652

death 1 F single
1 0 0.0128681123480352
2 0 0.00276877696639510
3 0 0.00180429794918435
4 0 0.00124085013739639
5 0 0.00098599616817463
6 0 0.00083213122240744
7 0 0.00067306937478051
8 0 0.000530796860720772
9 0 0.000424322205359373
10 0 0.000373851081672649
11 0 0.000352516002279812
12 0 0.000324495174854778
13 0 0.000300245313986869
14 0 0.000290212781196897
15 0 0.000296566590036629
16 0 0.000316299670414466
17 0 0.000349839012667941
18 0 0.000365232779939051
19 0 0.000366069472439556
20 0 0.000371926535649214
21 0 0.000395860745241672
22 0 0.000412183139519073
23 0 0.000400296798174438
24 0 0.000406239774500827
25 0 0.000423401253864308
26 0 0.000439896071321222
27 0 0.000456812648684246
28 0 0.000489482279926956
29 0 0.000545550633755165
30 0 0.000589323078601267
31 0 0.000613818014959189
32 0 0.000630011787058127
33 0 0.000642935313298065
34 0 0.000679198136817494
35 0 0.000734459618624062
36 0 0.000746389760107324
37 0 0.000717995236112379
38 0 0.00073605581436953
39 0 0.000818255791728673
40 0 0.000914502404489759
41 0 0.000914923286691072
42 0 0.000923762263478678
43 0 0.0009692334511342
44 0 0.00100166663119527
45 0 0.00101674989921752
46 0 0.000985069505037961
47 0 0.000994252311681154
48 0 0.00108621581796464
49 0 0.00116122109062289
50 0 0.00122057737035364
51 0 0.00130042758172488
52 0 0.00141258991084825
53 0 0.00155998179950334
54 0 0.00167747366924997
55 0 0.00173648904517010
56 0 0.00179715778328560
57 0 0.00184102767948269
58 0 0.00198766957128715
59 0 0.00214521389919076
60 0 0.00223783915287756
61 0 0.00234612139770829
62 0 0.0026340779298083
63 0 0.00294395303932926
64 0 0.00332643878867289
65 0 0.00379765994805226
66 0 0.00435209408907888
67 0 0.00467616060078058
68 0 0.00488443774362435
69 0 0.00515518477357635
70 0 0.00555910979357621
71 0 0.00605585347622017
72 0 0.00671862603204088
73 0 0.00750300875656706
74 0 0.00821220309980852
75 0 0.00877493441121058
76 0 0.00980102830693608
77 0 0.0106327889394406
78 0 0.0109522305580899
79 0 0.0119951379802785
80 0 0.0137005725990565
81 0 0.0150691043386411
82 0 0.0167633667659137
83 0 0.0189266149430112
84 0 0.0207404916926609
85 0 0.0224876890305125
86 0 0.0242328113943302
87 0 0.0259965875958225
88 0 0.0288117320797994
89 0 0.0364846862118577
90 0 0.0490690124514755
91 0 0.0414606458178521
92 0 0.0421646562409203
93 0 0.0441444348711906
94 0 0.0454787607111964
95 0 0.0437542354334809
96 0 0.0387974054460474
97 0 0.0326310887200114
98 0 0.0333589806608363
99 0 0.039575742606091
100 0 0.0507300596065652

death 1 F divorced
1 0 0.0128681123480352
2 0 0.00276877696639510
3 0 0.00180429794918435
4 0 0.00124085013739639
5 0 0.00098599616817463
6 0 0.00083213122240744
7 0 0.00067306937478051
8 0 0.000530796860720772
9 0 0.000424322205359373
10 0 0.000373851081672649
11 0 0.000352516002279812
12 0 0.000324495174854778
13 0 0.000300245313986869
14 0 0.000290212781196897
15 0 0.000296566590036629
16 0 0.000316299670414466
17 0 0.000349839012667941
18 0 0.000365232779939051
19 0 0.000366069472439556
20 0 0.000371926535649214
21 0 0.000395860745241672
22 0 0.000412183139519073
23 0 0.000400296798174438
24 0 0.000406239774500827
25 0 0.000423401253864308
26 0 0.000439896071321222
27 0 0.000456812648684246
28 0 0.000489482279926956
29 0 0.000545550633755165
30 0 0.000589323078601267
31 0 0.000613818014959189
32 0 0.000630011787058127
33 0 0.000642935313298065
34 0 0.000679198136817494
35 0 0.000734459618624062
36 0 0.000746389760107324
37 0 0.000717995236112379
38 0 0.00073605581436953
39 0 0.000818255791728673
40 0 0.000914502404489759
41 0 0.000914923286691072
42 0 0.000923762263478678
43 0 0.0009692334511342
44 0 0.00100166663119527
45 0 0.00101674989921752
46 0 0.000985069505037961
47 0 0.000994252311681154
48 0 0.00108621581796464
49 0 0.00116122109062289
50 0 0.00122057737035364
51 0 0.00130042758172488
52 0 0.00141258991084825
53 0 0.00155998179950334
54 0 0.00167747366924997
55 0 0.00173648904517010
56 0 0.00179715778328560
57 0 0.00184102767948269
58 0 0.00198766957128715
59 0 0.00214521389919076
60 0 0.00223783915287756
61 0 0.00234612139770829
62 0 0.0026340779298083
63 0 0.00294395303932926
64 0 0.00332643878867289
65 0 0.00379765994805226
66 0 0.00435209408907888
67 0 0.00467616060078058
68 0 0.00488443774362435
69 0 0.00515518477357635
70 0 0.00555910979357621
71 0 0.00605585347622017
72 0 0.00671862603204088
73 0 0.00750300875656706
74 0 0.00821220309980852
75 0 0.00877493441121058
76 0 0.00980102830693608
77 0 0.0106327889394406
78 0 0.0109522305580899
79 0 0.0119951379802785
80 0 0.0137005725990565
81 0 0.0150691043386411
82 0 0.0167633667659137
83 0 0.0189266149430112
84 0 0.0207404916926609
85 0 0.0224876890305125
86 0 0.0242328113943302
87 0 0.0259965875958225
88 0 0.0288117320797994
89 0 0.0364846862118577
90 0 0.0490690124514755
91 0 0.0414606458178521
92 0 0.0421646562409203
93 0 0.0441444348711906
94 0 0.0454787607111964
95 0 0.0437542354334809
96 0 0.0387974054460474
97 0 0.0326310887200114
98 0 0.0333589806608363
99 0 0.039575742606091
100 0 0.0507300596065652

death 1 F widowed
1 0 0.0128681123480352
2 0 0.00276877696639510
3 0 0.00180429794918435
4 0 0.00124085013739639
5 0 0.00098599616817463
6 0 0.00083213122240744
7 0 0.00067306937478051
8 0 0.000530796860720772
9 0 0.000424322205359373
10 0 0.000373851081672649
11 0 0.000352516002279812
12 0 0.000324495174854778
13 0 0.000300245313986869
14 0 0.000290212781196897
15 0 0.000296566590036629
16 0 0.000316299670414466
17 0 0.000349839012667941
18 0 0.000365232779939051
19 0 0.000366069472439556
20 0 0.000371926535649214
21 0 0.000395860745241672
22 0 0.000412183139519073
23 0 0.000400296798174438
24 0 0.000406239774500827
25 0 0.000423401253864308
26 0 0.000439896071321222
27 0 0.000456812648684246
28 0 0.000489482279926956
29 0 0.000545550633755165
30 0 0.000589323078601267
31 0 0.000613818014959189
32 0 0.000630011787058127
33 0 0.000642935313298065
34 0 0.000679198136817494
35 0 0.000734459618624062
36 0 0.000746389760107324
37 0 0.000717995236112379
38 0 0.00073605581436953
39 0 0.000818255791728673
40 0 0.000914502404489759
41 0 0.000914923286691072
42 0 0.000923762263478678
43 0 0.0009692334511342
44 0 0.00100166663119527
45 0 0.00101674989921752
46 0 0.000985069505037961
47 0 0.000994252311681154
48 0 0.00108621581796464
49 0 0.00116122109062289
50 0 0.00122057737035364
51 0 0.00130042758172488
52 0 0.00141258991084825
53 0 0.00155998179950334
54 0 0.00167747366924997
55 0 0.00173648904517010
56 0 0.00179715778328560
57 0 0.00184102767948269
58 0 0.00198766957128715
59 0 0.00214521389919076
60 0 0.00223783915287756
61 0 0.00234612139770829
62 0 0.0026340779298083
63 0 0.00294395303932926
64 0 0.00332643878867289
65 0 0.00379765994805226
66 0 0.00435209408907888
67 0 0.00467616060078058
68 0 0.00488443774362435
69 0 0.00515518477357635
70 0 0.00555910979357621
71 0 0.00605585347622017
72 0 0.00671862603204088
73 0 0.00750300875656706
74 0 0.00821220309980852
75 0 0.00877493441121058
76 0 0.00980102830693608
77 0 0.0106327889394406
78 0 0.0109522305580899
79 0 0.0119951379802785
80 0 0.0137005725990565
81 0 0.0150691043386411
82 0 0.0167633667659137
83 0 0.0189266149430112
84 0 0.0207404916926609
85 0 0.0224876890305125
86 0 0.0242328113943302
87 0 0.0259965875958225
88 0 0.0288117320797994
89 0 0.0364846862118577
90 0 0.0490690124514755
91 0 0.0414606458178521
92 0 0.0421646562409203
93 0 0.0441444348711906
94 0 0.0454787607111964
95 0 0.0437542354334809
96 0 0.0387974054460474
97 0 0.0326310887200114
98 0 0.0333589806608363
99 0 0.039575742606091
100 0 0.0507300596065652
