*Period monthly mortality rates for SWE in 2063 
* Mon Dec 20 14:21:52 2010
death 1 M married
1 0 0.000172663876141788
2 0 0.0000175016846010179
3 0 0.00000583352049443597
4 0 0.00000416676215586609
5 0 0.00000333339444602565
6 0 0.00000333339444602565
7 0 0.00000333339444602565
8 0 0.00000250003437562984
9 0 0.00000250003437562984
10 0 0.00000250003437562984
11 0 0.00000333339444602565
12 0 0.00000333339444602565
13 0 0.00000333339444602565
14 0 0.00000416676215586609
15 0 0.00000500013750526218
16 0 0.00000666691112360951
17 0 0.00000916712885190574
18 0 0.0000116674153447516
19 0 0.0000150012376423092
20 0 0.0000208357208674181
21 0 0.0000241698794146705
22 0 0.0000258370045466139
23 0 0.0000266705785775256
24 0 0.0000258370045466139
25 0 0.0000250034381590325
26 0 0.0000250034381590325
27 0 0.0000250034381590325
28 0 0.0000233363283135279
29 0 0.0000233363283135279
30 0 0.0000233363283135279
31 0 0.0000233363283135279
32 0 0.0000216692490401238
33 0 0.0000233363283135279
34 0 0.0000241698794146705
35 0 0.0000250034381590325
36 0 0.0000266705785775256
37 0 0.0000291713465325749
38 0 0.0000300049511388067
39 0 0.0000333394460065861
40 0 0.0000358403974268784
41 0 0.0000375077365993848
42 0 0.0000416762183291786
43 0 0.0000466786487315352
44 0 0.0000516813544294559
45 0 0.000055850486162301
46 0 0.000061687591838111
47 0 0.0000675250723508602
48 0 0.0000741969376999441
49 0 0.0000833715521976197
50 0 0.0000900445807636707
51 0 0.0000992207949763735
52 0 0.000112569669472262
53 0 0.000123417073636167
54 0 0.000140942538415234
55 0 0.000151793329249084
56 0 0.000165984779734729
57 0 0.000184353475969790
58 0 0.000206901950655758
59 0 0.000218595954981304
60 0 0.000246166348294219
61 0 0.000263715499549400
62 0 0.000292135597524501
63 0 0.000324746069302662
64 0 0.000357368246952983
65 0 0.000400882708147643
66 0 0.000435206884600192
67 0 0.000477920913728114
68 0 0.000535742460881616
69 0 0.000586890722785838
70 0 0.00065065673870468
71 0 0.000725387038738257
72 0 0.000797656788857792
73 0 0.000893544937494828
74 0 0.000997116863376224
75 0 0.00111683478445390
76 0 0.00127050721240107
77 0 0.00140328007077406
78 0 0.00163885847902556
79 0 0.00187419923790899
80 0 0.00215195485049013
81 0 0.00249735158984343
82 0 0.00293353792878981
83 0 0.00347481221349699
84 0 0.00406900520826403
85 0 0.00489727859245359
86 0 0.0058282439413998
87 0 0.00696577026454637
88 0 0.00822178440699839
89 0 0.00986001955653137
90 0 0.0116214492893281
91 0 0.0137416083049242
92 0 0.0165046004744327
93 0 0.0197502377684533
94 0 0.0227206605886320
95 0 0.0265726411135349
96 0 0.0297025347176461
97 0 0.0350987525938845
98 0 0.0396312422669468
99 0 0.0437265672334003
100 0 0.0493650456689931

death 1 M single
1 0 0.000172663876141788
2 0 0.0000175016846010179
3 0 0.00000583352049443597
4 0 0.00000416676215586609
5 0 0.00000333339444602565
6 0 0.00000333339444602565
7 0 0.00000333339444602565
8 0 0.00000250003437562984
9 0 0.00000250003437562984
10 0 0.00000250003437562984
11 0 0.00000333339444602565
12 0 0.00000333339444602565
13 0 0.00000333339444602565
14 0 0.00000416676215586609
15 0 0.00000500013750526218
16 0 0.00000666691112360951
17 0 0.00000916712885190574
18 0 0.0000116674153447516
19 0 0.0000150012376423092
20 0 0.0000208357208674181
21 0 0.0000241698794146705
22 0 0.0000258370045466139
23 0 0.0000266705785775256
24 0 0.0000258370045466139
25 0 0.0000250034381590325
26 0 0.0000250034381590325
27 0 0.0000250034381590325
28 0 0.0000233363283135279
29 0 0.0000233363283135279
30 0 0.0000233363283135279
31 0 0.0000233363283135279
32 0 0.0000216692490401238
33 0 0.0000233363283135279
34 0 0.0000241698794146705
35 0 0.0000250034381590325
36 0 0.0000266705785775256
37 0 0.0000291713465325749
38 0 0.0000300049511388067
39 0 0.0000333394460065861
40 0 0.0000358403974268784
41 0 0.0000375077365993848
42 0 0.0000416762183291786
43 0 0.0000466786487315352
44 0 0.0000516813544294559
45 0 0.000055850486162301
46 0 0.000061687591838111
47 0 0.0000675250723508602
48 0 0.0000741969376999441
49 0 0.0000833715521976197
50 0 0.0000900445807636707
51 0 0.0000992207949763735
52 0 0.000112569669472262
53 0 0.000123417073636167
54 0 0.000140942538415234
55 0 0.000151793329249084
56 0 0.000165984779734729
57 0 0.000184353475969790
58 0 0.000206901950655758
59 0 0.000218595954981304
60 0 0.000246166348294219
61 0 0.000263715499549400
62 0 0.000292135597524501
63 0 0.000324746069302662
64 0 0.000357368246952983
65 0 0.000400882708147643
66 0 0.000435206884600192
67 0 0.000477920913728114
68 0 0.000535742460881616
69 0 0.000586890722785838
70 0 0.00065065673870468
71 0 0.000725387038738257
72 0 0.000797656788857792
73 0 0.000893544937494828
74 0 0.000997116863376224
75 0 0.00111683478445390
76 0 0.00127050721240107
77 0 0.00140328007077406
78 0 0.00163885847902556
79 0 0.00187419923790899
80 0 0.00215195485049013
81 0 0.00249735158984343
82 0 0.00293353792878981
83 0 0.00347481221349699
84 0 0.00406900520826403
85 0 0.00489727859245359
86 0 0.0058282439413998
87 0 0.00696577026454637
88 0 0.00822178440699839
89 0 0.00986001955653137
90 0 0.0116214492893281
91 0 0.0137416083049242
92 0 0.0165046004744327
93 0 0.0197502377684533
94 0 0.0227206605886320
95 0 0.0265726411135349
96 0 0.0297025347176461
97 0 0.0350987525938845
98 0 0.0396312422669468
99 0 0.0437265672334003
100 0 0.0493650456689931

death 1 M divorced
1 0 0.000172663876141788
2 0 0.0000175016846010179
3 0 0.00000583352049443597
4 0 0.00000416676215586609
5 0 0.00000333339444602565
6 0 0.00000333339444602565
7 0 0.00000333339444602565
8 0 0.00000250003437562984
9 0 0.00000250003437562984
10 0 0.00000250003437562984
11 0 0.00000333339444602565
12 0 0.00000333339444602565
13 0 0.00000333339444602565
14 0 0.00000416676215586609
15 0 0.00000500013750526218
16 0 0.00000666691112360951
17 0 0.00000916712885190574
18 0 0.0000116674153447516
19 0 0.0000150012376423092
20 0 0.0000208357208674181
21 0 0.0000241698794146705
22 0 0.0000258370045466139
23 0 0.0000266705785775256
24 0 0.0000258370045466139
25 0 0.0000250034381590325
26 0 0.0000250034381590325
27 0 0.0000250034381590325
28 0 0.0000233363283135279
29 0 0.0000233363283135279
30 0 0.0000233363283135279
31 0 0.0000233363283135279
32 0 0.0000216692490401238
33 0 0.0000233363283135279
34 0 0.0000241698794146705
35 0 0.0000250034381590325
36 0 0.0000266705785775256
37 0 0.0000291713465325749
38 0 0.0000300049511388067
39 0 0.0000333394460065861
40 0 0.0000358403974268784
41 0 0.0000375077365993848
42 0 0.0000416762183291786
43 0 0.0000466786487315352
44 0 0.0000516813544294559
45 0 0.000055850486162301
46 0 0.000061687591838111
47 0 0.0000675250723508602
48 0 0.0000741969376999441
49 0 0.0000833715521976197
50 0 0.0000900445807636707
51 0 0.0000992207949763735
52 0 0.000112569669472262
53 0 0.000123417073636167
54 0 0.000140942538415234
55 0 0.000151793329249084
56 0 0.000165984779734729
57 0 0.000184353475969790
58 0 0.000206901950655758
59 0 0.000218595954981304
60 0 0.000246166348294219
61 0 0.000263715499549400
62 0 0.000292135597524501
63 0 0.000324746069302662
64 0 0.000357368246952983
65 0 0.000400882708147643
66 0 0.000435206884600192
67 0 0.000477920913728114
68 0 0.000535742460881616
69 0 0.000586890722785838
70 0 0.00065065673870468
71 0 0.000725387038738257
72 0 0.000797656788857792
73 0 0.000893544937494828
74 0 0.000997116863376224
75 0 0.00111683478445390
76 0 0.00127050721240107
77 0 0.00140328007077406
78 0 0.00163885847902556
79 0 0.00187419923790899
80 0 0.00215195485049013
81 0 0.00249735158984343
82 0 0.00293353792878981
83 0 0.00347481221349699
84 0 0.00406900520826403
85 0 0.00489727859245359
86 0 0.0058282439413998
87 0 0.00696577026454637
88 0 0.00822178440699839
89 0 0.00986001955653137
90 0 0.0116214492893281
91 0 0.0137416083049242
92 0 0.0165046004744327
93 0 0.0197502377684533
94 0 0.0227206605886320
95 0 0.0265726411135349
96 0 0.0297025347176461
97 0 0.0350987525938845
98 0 0.0396312422669468
99 0 0.0437265672334003
100 0 0.0493650456689931

death 1 M widowed
1 0 0.000172663876141788
2 0 0.0000175016846010179
3 0 0.00000583352049443597
4 0 0.00000416676215586609
5 0 0.00000333339444602565
6 0 0.00000333339444602565
7 0 0.00000333339444602565
8 0 0.00000250003437562984
9 0 0.00000250003437562984
10 0 0.00000250003437562984
11 0 0.00000333339444602565
12 0 0.00000333339444602565
13 0 0.00000333339444602565
14 0 0.00000416676215586609
15 0 0.00000500013750526218
16 0 0.00000666691112360951
17 0 0.00000916712885190574
18 0 0.0000116674153447516
19 0 0.0000150012376423092
20 0 0.0000208357208674181
21 0 0.0000241698794146705
22 0 0.0000258370045466139
23 0 0.0000266705785775256
24 0 0.0000258370045466139
25 0 0.0000250034381590325
26 0 0.0000250034381590325
27 0 0.0000250034381590325
28 0 0.0000233363283135279
29 0 0.0000233363283135279
30 0 0.0000233363283135279
31 0 0.0000233363283135279
32 0 0.0000216692490401238
33 0 0.0000233363283135279
34 0 0.0000241698794146705
35 0 0.0000250034381590325
36 0 0.0000266705785775256
37 0 0.0000291713465325749
38 0 0.0000300049511388067
39 0 0.0000333394460065861
40 0 0.0000358403974268784
41 0 0.0000375077365993848
42 0 0.0000416762183291786
43 0 0.0000466786487315352
44 0 0.0000516813544294559
45 0 0.000055850486162301
46 0 0.000061687591838111
47 0 0.0000675250723508602
48 0 0.0000741969376999441
49 0 0.0000833715521976197
50 0 0.0000900445807636707
51 0 0.0000992207949763735
52 0 0.000112569669472262
53 0 0.000123417073636167
54 0 0.000140942538415234
55 0 0.000151793329249084
56 0 0.000165984779734729
57 0 0.000184353475969790
58 0 0.000206901950655758
59 0 0.000218595954981304
60 0 0.000246166348294219
61 0 0.000263715499549400
62 0 0.000292135597524501
63 0 0.000324746069302662
64 0 0.000357368246952983
65 0 0.000400882708147643
66 0 0.000435206884600192
67 0 0.000477920913728114
68 0 0.000535742460881616
69 0 0.000586890722785838
70 0 0.00065065673870468
71 0 0.000725387038738257
72 0 0.000797656788857792
73 0 0.000893544937494828
74 0 0.000997116863376224
75 0 0.00111683478445390
76 0 0.00127050721240107
77 0 0.00140328007077406
78 0 0.00163885847902556
79 0 0.00187419923790899
80 0 0.00215195485049013
81 0 0.00249735158984343
82 0 0.00293353792878981
83 0 0.00347481221349699
84 0 0.00406900520826403
85 0 0.00489727859245359
86 0 0.0058282439413998
87 0 0.00696577026454637
88 0 0.00822178440699839
89 0 0.00986001955653137
90 0 0.0116214492893281
91 0 0.0137416083049242
92 0 0.0165046004744327
93 0 0.0197502377684533
94 0 0.0227206605886320
95 0 0.0265726411135349
96 0 0.0297025347176461
97 0 0.0350987525938845
98 0 0.0396312422669468
99 0 0.0437265672334003
100 0 0.0493650456689931

death 1 F married
1 0 0.000170994056027163
2 0 0.0000183351822042876
3 0 0.00000583352049443597
4 0 0.00000416676215586609
5 0 0.00000333339444602565
6 0 0.00000333339444602565
7 0 0.00000333339444602565
8 0 0.00000250003437562984
9 0 0.00000250003437562984
10 0 0.00000250003437562984
11 0 0.00000250003437562984
12 0 0.00000250003437562984
13 0 0.00000250003437562984
14 0 0.00000250003437562984
15 0 0.00000416676215586609
16 0 0.00000583352049443597
17 0 0.00000583352049443597
18 0 0.00000666691112360951
19 0 0.00000750030939278279
20 0 0.00000833371530217786
21 0 0.0000100005500421885
22 0 0.0000108339788730261
23 0 0.0000100005500421885
24 0 0.0000100005500421885
25 0 0.00000833371530217786
26 0 0.00000833371530217786
27 0 0.00000916712885190574
28 0 0.00000916712885190574
29 0 0.00000916712885190574
30 0 0.0000100005500421885
31 0 0.0000108339788730261
32 0 0.0000116674153447516
33 0 0.0000116674153447516
34 0 0.000012500859457365
35 0 0.000012500859457365
36 0 0.0000150012376423092
37 0 0.0000175016846010179
38 0 0.0000183351822042876
39 0 0.0000191686874497776
40 0 0.0000200022003373768
41 0 0.0000208357208674181
42 0 0.0000233363283135279
43 0 0.0000275041602521009
44 0 0.0000300049511388067
45 0 0.0000341730888351321
46 0 0.0000400088026996093
47 0 0.0000458448912142861
48 0 0.0000525151654794387
49 0 0.0000633554051622243
50 0 0.0000741969376999441
51 0 0.000086708005247571
52 0 0.0000983865554056162
53 0 0.000106729295667018
54 0 0.000116741594805347
55 0 0.000130093042745694
56 0 0.000145115766213677
57 0 0.000164315082316957
58 0 0.000180178446304025
59 0 0.000199385170868593
60 0 0.000213584054607918
61 0 0.000242824036972289
62 0 0.000267894368393584
63 0 0.000283775822591648
64 0 0.000316383294278633
65 0 0.000340637462264981
66 0 0.000380796521490145
67 0 0.00040925326311303
68 0 0.00044776775020694
69 0 0.000491325532234299
70 0 0.000532389482234108
71 0 0.000597794895148662
72 0 0.00065569280450628
73 0 0.000724547030875988
74 0 0.00080858629028946
75 0 0.000907011027619364
76 0 0.00101228364259642
77 0 0.00113961591969747
78 0 0.00129670812910210
79 0 0.00146169395388873
80 0 0.00168384038810621
81 0 0.00193036336207375
82 0 0.00223903493574107
83 0 0.00253676248733792
84 0 0.00294989277043878
85 0 0.0034012439931701
86 0 0.00411346565553461
87 0 0.00492015037159133
88 0 0.00586557601450266
89 0 0.00701888219766322
90 0 0.00835968546098076
91 0 0.0098107800981826
92 0 0.0118159343031412
93 0 0.013679528471208
94 0 0.0160255288182668
95 0 0.0183938232606226
96 0 0.0212964147883987
97 0 0.0243701149554713
98 0 0.0282070252008246
99 0 0.0321536898497335
100 0 0.0351926282913354

death 1 F single
1 0 0.000170994056027163
2 0 0.0000183351822042876
3 0 0.00000583352049443597
4 0 0.00000416676215586609
5 0 0.00000333339444602565
6 0 0.00000333339444602565
7 0 0.00000333339444602565
8 0 0.00000250003437562984
9 0 0.00000250003437562984
10 0 0.00000250003437562984
11 0 0.00000250003437562984
12 0 0.00000250003437562984
13 0 0.00000250003437562984
14 0 0.00000250003437562984
15 0 0.00000416676215586609
16 0 0.00000583352049443597
17 0 0.00000583352049443597
18 0 0.00000666691112360951
19 0 0.00000750030939278279
20 0 0.00000833371530217786
21 0 0.0000100005500421885
22 0 0.0000108339788730261
23 0 0.0000100005500421885
24 0 0.0000100005500421885
25 0 0.00000833371530217786
26 0 0.00000833371530217786
27 0 0.00000916712885190574
28 0 0.00000916712885190574
29 0 0.00000916712885190574
30 0 0.0000100005500421885
31 0 0.0000108339788730261
32 0 0.0000116674153447516
33 0 0.0000116674153447516
34 0 0.000012500859457365
35 0 0.000012500859457365
36 0 0.0000150012376423092
37 0 0.0000175016846010179
38 0 0.0000183351822042876
39 0 0.0000191686874497776
40 0 0.0000200022003373768
41 0 0.0000208357208674181
42 0 0.0000233363283135279
43 0 0.0000275041602521009
44 0 0.0000300049511388067
45 0 0.0000341730888351321
46 0 0.0000400088026996093
47 0 0.0000458448912142861
48 0 0.0000525151654794387
49 0 0.0000633554051622243
50 0 0.0000741969376999441
51 0 0.000086708005247571
52 0 0.0000983865554056162
53 0 0.000106729295667018
54 0 0.000116741594805347
55 0 0.000130093042745694
56 0 0.000145115766213677
57 0 0.000164315082316957
58 0 0.000180178446304025
59 0 0.000199385170868593
60 0 0.000213584054607918
61 0 0.000242824036972289
62 0 0.000267894368393584
63 0 0.000283775822591648
64 0 0.000316383294278633
65 0 0.000340637462264981
66 0 0.000380796521490145
67 0 0.00040925326311303
68 0 0.00044776775020694
69 0 0.000491325532234299
70 0 0.000532389482234108
71 0 0.000597794895148662
72 0 0.00065569280450628
73 0 0.000724547030875988
74 0 0.00080858629028946
75 0 0.000907011027619364
76 0 0.00101228364259642
77 0 0.00113961591969747
78 0 0.00129670812910210
79 0 0.00146169395388873
80 0 0.00168384038810621
81 0 0.00193036336207375
82 0 0.00223903493574107
83 0 0.00253676248733792
84 0 0.00294989277043878
85 0 0.0034012439931701
86 0 0.00411346565553461
87 0 0.00492015037159133
88 0 0.00586557601450266
89 0 0.00701888219766322
90 0 0.00835968546098076
91 0 0.0098107800981826
92 0 0.0118159343031412
93 0 0.013679528471208
94 0 0.0160255288182668
95 0 0.0183938232606226
96 0 0.0212964147883987
97 0 0.0243701149554713
98 0 0.0282070252008246
99 0 0.0321536898497335
100 0 0.0351926282913354

death 1 F divorced
1 0 0.000170994056027163
2 0 0.0000183351822042876
3 0 0.00000583352049443597
4 0 0.00000416676215586609
5 0 0.00000333339444602565
6 0 0.00000333339444602565
7 0 0.00000333339444602565
8 0 0.00000250003437562984
9 0 0.00000250003437562984
10 0 0.00000250003437562984
11 0 0.00000250003437562984
12 0 0.00000250003437562984
13 0 0.00000250003437562984
14 0 0.00000250003437562984
15 0 0.00000416676215586609
16 0 0.00000583352049443597
17 0 0.00000583352049443597
18 0 0.00000666691112360951
19 0 0.00000750030939278279
20 0 0.00000833371530217786
21 0 0.0000100005500421885
22 0 0.0000108339788730261
23 0 0.0000100005500421885
24 0 0.0000100005500421885
25 0 0.00000833371530217786
26 0 0.00000833371530217786
27 0 0.00000916712885190574
28 0 0.00000916712885190574
29 0 0.00000916712885190574
30 0 0.0000100005500421885
31 0 0.0000108339788730261
32 0 0.0000116674153447516
33 0 0.0000116674153447516
34 0 0.000012500859457365
35 0 0.000012500859457365
36 0 0.0000150012376423092
37 0 0.0000175016846010179
38 0 0.0000183351822042876
39 0 0.0000191686874497776
40 0 0.0000200022003373768
41 0 0.0000208357208674181
42 0 0.0000233363283135279
43 0 0.0000275041602521009
44 0 0.0000300049511388067
45 0 0.0000341730888351321
46 0 0.0000400088026996093
47 0 0.0000458448912142861
48 0 0.0000525151654794387
49 0 0.0000633554051622243
50 0 0.0000741969376999441
51 0 0.000086708005247571
52 0 0.0000983865554056162
53 0 0.000106729295667018
54 0 0.000116741594805347
55 0 0.000130093042745694
56 0 0.000145115766213677
57 0 0.000164315082316957
58 0 0.000180178446304025
59 0 0.000199385170868593
60 0 0.000213584054607918
61 0 0.000242824036972289
62 0 0.000267894368393584
63 0 0.000283775822591648
64 0 0.000316383294278633
65 0 0.000340637462264981
66 0 0.000380796521490145
67 0 0.00040925326311303
68 0 0.00044776775020694
69 0 0.000491325532234299
70 0 0.000532389482234108
71 0 0.000597794895148662
72 0 0.00065569280450628
73 0 0.000724547030875988
74 0 0.00080858629028946
75 0 0.000907011027619364
76 0 0.00101228364259642
77 0 0.00113961591969747
78 0 0.00129670812910210
79 0 0.00146169395388873
80 0 0.00168384038810621
81 0 0.00193036336207375
82 0 0.00223903493574107
83 0 0.00253676248733792
84 0 0.00294989277043878
85 0 0.0034012439931701
86 0 0.00411346565553461
87 0 0.00492015037159133
88 0 0.00586557601450266
89 0 0.00701888219766322
90 0 0.00835968546098076
91 0 0.0098107800981826
92 0 0.0118159343031412
93 0 0.013679528471208
94 0 0.0160255288182668
95 0 0.0183938232606226
96 0 0.0212964147883987
97 0 0.0243701149554713
98 0 0.0282070252008246
99 0 0.0321536898497335
100 0 0.0351926282913354

death 1 F widowed
1 0 0.000170994056027163
2 0 0.0000183351822042876
3 0 0.00000583352049443597
4 0 0.00000416676215586609
5 0 0.00000333339444602565
6 0 0.00000333339444602565
7 0 0.00000333339444602565
8 0 0.00000250003437562984
9 0 0.00000250003437562984
10 0 0.00000250003437562984
11 0 0.00000250003437562984
12 0 0.00000250003437562984
13 0 0.00000250003437562984
14 0 0.00000250003437562984
15 0 0.00000416676215586609
16 0 0.00000583352049443597
17 0 0.00000583352049443597
18 0 0.00000666691112360951
19 0 0.00000750030939278279
20 0 0.00000833371530217786
21 0 0.0000100005500421885
22 0 0.0000108339788730261
23 0 0.0000100005500421885
24 0 0.0000100005500421885
25 0 0.00000833371530217786
26 0 0.00000833371530217786
27 0 0.00000916712885190574
28 0 0.00000916712885190574
29 0 0.00000916712885190574
30 0 0.0000100005500421885
31 0 0.0000108339788730261
32 0 0.0000116674153447516
33 0 0.0000116674153447516
34 0 0.000012500859457365
35 0 0.000012500859457365
36 0 0.0000150012376423092
37 0 0.0000175016846010179
38 0 0.0000183351822042876
39 0 0.0000191686874497776
40 0 0.0000200022003373768
41 0 0.0000208357208674181
42 0 0.0000233363283135279
43 0 0.0000275041602521009
44 0 0.0000300049511388067
45 0 0.0000341730888351321
46 0 0.0000400088026996093
47 0 0.0000458448912142861
48 0 0.0000525151654794387
49 0 0.0000633554051622243
50 0 0.0000741969376999441
51 0 0.000086708005247571
52 0 0.0000983865554056162
53 0 0.000106729295667018
54 0 0.000116741594805347
55 0 0.000130093042745694
56 0 0.000145115766213677
57 0 0.000164315082316957
58 0 0.000180178446304025
59 0 0.000199385170868593
60 0 0.000213584054607918
61 0 0.000242824036972289
62 0 0.000267894368393584
63 0 0.000283775822591648
64 0 0.000316383294278633
65 0 0.000340637462264981
66 0 0.000380796521490145
67 0 0.00040925326311303
68 0 0.00044776775020694
69 0 0.000491325532234299
70 0 0.000532389482234108
71 0 0.000597794895148662
72 0 0.00065569280450628
73 0 0.000724547030875988
74 0 0.00080858629028946
75 0 0.000907011027619364
76 0 0.00101228364259642
77 0 0.00113961591969747
78 0 0.00129670812910210
79 0 0.00146169395388873
80 0 0.00168384038810621
81 0 0.00193036336207375
82 0 0.00223903493574107
83 0 0.00253676248733792
84 0 0.00294989277043878
85 0 0.0034012439931701
86 0 0.00411346565553461
87 0 0.00492015037159133
88 0 0.00586557601450266
89 0 0.00701888219766322
90 0 0.00835968546098076
91 0 0.0098107800981826
92 0 0.0118159343031412
93 0 0.013679528471208
94 0 0.0160255288182668
95 0 0.0183938232606226
96 0 0.0212964147883987
97 0 0.0243701149554713
98 0 0.0282070252008246
99 0 0.0321536898497335
100 0 0.0351926282913354
