*Period monthly mortality rates for SWE in 1918 
* Mon Dec 20 14:20:44 2010
death 1 M married
1 0 0.00639289138765886
2 0 0.00159483175057462
3 0 0.00094279002753972
4 0 0.000768489865449196
5 0 0.000600646971520957
6 0 0.000538089619558257
7 0 0.000480182804411755
8 0 0.000479680157171702
9 0 0.000371173463517227
10 0 0.000365985802842861
11 0 0.000367324525634483
12 0 0.000324327912274325
13 0 0.000369499992233235
14 0 0.000345154470587472
15 0 0.00041084375572642
16 0 0.000443329379327673
17 0 0.00061457310079549
18 0 0.00079790899329868
19 0 0.00105476410455474
20 0 0.00113700001742745
21 0 0.00154565565226594
22 0 0.00132612978215929
23 0 0.00141106641713773
24 0 0.00159322038725018
25 0 0.00149201626392692
26 0 0.00167543641354195
27 0 0.00157481895073042
28 0 0.00178202928809901
29 0 0.00166414745033228
30 0 0.00141732983257137
31 0 0.00150480887936744
32 0 0.00136114382698160
33 0 0.00136097464454166
34 0 0.00135522262916421
35 0 0.00130719061326645
36 0 0.00116366887557096
37 0 0.00118975454434356
38 0 0.00107078372343061
39 0 0.00104321486938042
40 0 0.000995684576234668
41 0 0.000894218194586571
42 0 0.000846513451133402
43 0 0.00101422180245536
44 0 0.00101573865206761
45 0 0.000907936894667283
46 0 0.0009342859765884
47 0 0.000915680879568281
48 0 0.00103394282382185
49 0 0.00103175138773215
50 0 0.00102307044903349
51 0 0.0010674109372395
52 0 0.00103824156360155
53 0 0.00119752259920736
54 0 0.00114695772538043
55 0 0.0013288357002611
56 0 0.00130981142342568
57 0 0.00137341039398187
58 0 0.00157142738804483
59 0 0.00152285715765788
60 0 0.00170608496535962
61 0 0.00190704252023632
62 0 0.00192559657127056
63 0 0.00213053912994299
64 0 0.00230286136484736
65 0 0.00251602679300134
66 0 0.00270213216265092
67 0 0.00309971988418634
68 0 0.00303696740742398
69 0 0.00357253390854462
70 0 0.00372374233414063
71 0 0.00436389776314294
72 0 0.0044927890927613
73 0 0.00509028667208
74 0 0.00542922205756768
75 0 0.00617058723522945
76 0 0.0066419242945932
77 0 0.00798692538808421
78 0 0.00773978629795191
79 0 0.00960880874301073
80 0 0.0093901852415773
81 0 0.0116826903686694
82 0 0.0124423746653300
83 0 0.0129959109075835
84 0 0.0153564420264822
85 0 0.0178642953677288
86 0 0.0189934768034827
87 0 0.0183676604169358
88 0 0.0247358734435346
89 0 0.0237728610869405
90 0 0.0264961320865743
91 0 0.0282635516337617
92 0 0.0276844727022079
93 0 0.0432122907566294
94 0 0.0457097551606197
95 0 0.0548262606507147
96 0 0.0453407918258786
97 0 0.069971547906207
98 0 0.0698596484106833
99 0 0.0495444068752845
100 0 0.115024076178880

death 1 M single
1 0 0.00639289138765886
2 0 0.00159483175057462
3 0 0.00094279002753972
4 0 0.000768489865449196
5 0 0.000600646971520957
6 0 0.000538089619558257
7 0 0.000480182804411755
8 0 0.000479680157171702
9 0 0.000371173463517227
10 0 0.000365985802842861
11 0 0.000367324525634483
12 0 0.000324327912274325
13 0 0.000369499992233235
14 0 0.000345154470587472
15 0 0.00041084375572642
16 0 0.000443329379327673
17 0 0.00061457310079549
18 0 0.00079790899329868
19 0 0.00105476410455474
20 0 0.00113700001742745
21 0 0.00154565565226594
22 0 0.00132612978215929
23 0 0.00141106641713773
24 0 0.00159322038725018
25 0 0.00149201626392692
26 0 0.00167543641354195
27 0 0.00157481895073042
28 0 0.00178202928809901
29 0 0.00166414745033228
30 0 0.00141732983257137
31 0 0.00150480887936744
32 0 0.00136114382698160
33 0 0.00136097464454166
34 0 0.00135522262916421
35 0 0.00130719061326645
36 0 0.00116366887557096
37 0 0.00118975454434356
38 0 0.00107078372343061
39 0 0.00104321486938042
40 0 0.000995684576234668
41 0 0.000894218194586571
42 0 0.000846513451133402
43 0 0.00101422180245536
44 0 0.00101573865206761
45 0 0.000907936894667283
46 0 0.0009342859765884
47 0 0.000915680879568281
48 0 0.00103394282382185
49 0 0.00103175138773215
50 0 0.00102307044903349
51 0 0.0010674109372395
52 0 0.00103824156360155
53 0 0.00119752259920736
54 0 0.00114695772538043
55 0 0.0013288357002611
56 0 0.00130981142342568
57 0 0.00137341039398187
58 0 0.00157142738804483
59 0 0.00152285715765788
60 0 0.00170608496535962
61 0 0.00190704252023632
62 0 0.00192559657127056
63 0 0.00213053912994299
64 0 0.00230286136484736
65 0 0.00251602679300134
66 0 0.00270213216265092
67 0 0.00309971988418634
68 0 0.00303696740742398
69 0 0.00357253390854462
70 0 0.00372374233414063
71 0 0.00436389776314294
72 0 0.0044927890927613
73 0 0.00509028667208
74 0 0.00542922205756768
75 0 0.00617058723522945
76 0 0.0066419242945932
77 0 0.00798692538808421
78 0 0.00773978629795191
79 0 0.00960880874301073
80 0 0.0093901852415773
81 0 0.0116826903686694
82 0 0.0124423746653300
83 0 0.0129959109075835
84 0 0.0153564420264822
85 0 0.0178642953677288
86 0 0.0189934768034827
87 0 0.0183676604169358
88 0 0.0247358734435346
89 0 0.0237728610869405
90 0 0.0264961320865743
91 0 0.0282635516337617
92 0 0.0276844727022079
93 0 0.0432122907566294
94 0 0.0457097551606197
95 0 0.0548262606507147
96 0 0.0453407918258786
97 0 0.069971547906207
98 0 0.0698596484106833
99 0 0.0495444068752845
100 0 0.115024076178880

death 1 M divorced
1 0 0.00639289138765886
2 0 0.00159483175057462
3 0 0.00094279002753972
4 0 0.000768489865449196
5 0 0.000600646971520957
6 0 0.000538089619558257
7 0 0.000480182804411755
8 0 0.000479680157171702
9 0 0.000371173463517227
10 0 0.000365985802842861
11 0 0.000367324525634483
12 0 0.000324327912274325
13 0 0.000369499992233235
14 0 0.000345154470587472
15 0 0.00041084375572642
16 0 0.000443329379327673
17 0 0.00061457310079549
18 0 0.00079790899329868
19 0 0.00105476410455474
20 0 0.00113700001742745
21 0 0.00154565565226594
22 0 0.00132612978215929
23 0 0.00141106641713773
24 0 0.00159322038725018
25 0 0.00149201626392692
26 0 0.00167543641354195
27 0 0.00157481895073042
28 0 0.00178202928809901
29 0 0.00166414745033228
30 0 0.00141732983257137
31 0 0.00150480887936744
32 0 0.00136114382698160
33 0 0.00136097464454166
34 0 0.00135522262916421
35 0 0.00130719061326645
36 0 0.00116366887557096
37 0 0.00118975454434356
38 0 0.00107078372343061
39 0 0.00104321486938042
40 0 0.000995684576234668
41 0 0.000894218194586571
42 0 0.000846513451133402
43 0 0.00101422180245536
44 0 0.00101573865206761
45 0 0.000907936894667283
46 0 0.0009342859765884
47 0 0.000915680879568281
48 0 0.00103394282382185
49 0 0.00103175138773215
50 0 0.00102307044903349
51 0 0.0010674109372395
52 0 0.00103824156360155
53 0 0.00119752259920736
54 0 0.00114695772538043
55 0 0.0013288357002611
56 0 0.00130981142342568
57 0 0.00137341039398187
58 0 0.00157142738804483
59 0 0.00152285715765788
60 0 0.00170608496535962
61 0 0.00190704252023632
62 0 0.00192559657127056
63 0 0.00213053912994299
64 0 0.00230286136484736
65 0 0.00251602679300134
66 0 0.00270213216265092
67 0 0.00309971988418634
68 0 0.00303696740742398
69 0 0.00357253390854462
70 0 0.00372374233414063
71 0 0.00436389776314294
72 0 0.0044927890927613
73 0 0.00509028667208
74 0 0.00542922205756768
75 0 0.00617058723522945
76 0 0.0066419242945932
77 0 0.00798692538808421
78 0 0.00773978629795191
79 0 0.00960880874301073
80 0 0.0093901852415773
81 0 0.0116826903686694
82 0 0.0124423746653300
83 0 0.0129959109075835
84 0 0.0153564420264822
85 0 0.0178642953677288
86 0 0.0189934768034827
87 0 0.0183676604169358
88 0 0.0247358734435346
89 0 0.0237728610869405
90 0 0.0264961320865743
91 0 0.0282635516337617
92 0 0.0276844727022079
93 0 0.0432122907566294
94 0 0.0457097551606197
95 0 0.0548262606507147
96 0 0.0453407918258786
97 0 0.069971547906207
98 0 0.0698596484106833
99 0 0.0495444068752845
100 0 0.115024076178880

death 1 M widowed
1 0 0.00639289138765886
2 0 0.00159483175057462
3 0 0.00094279002753972
4 0 0.000768489865449196
5 0 0.000600646971520957
6 0 0.000538089619558257
7 0 0.000480182804411755
8 0 0.000479680157171702
9 0 0.000371173463517227
10 0 0.000365985802842861
11 0 0.000367324525634483
12 0 0.000324327912274325
13 0 0.000369499992233235
14 0 0.000345154470587472
15 0 0.00041084375572642
16 0 0.000443329379327673
17 0 0.00061457310079549
18 0 0.00079790899329868
19 0 0.00105476410455474
20 0 0.00113700001742745
21 0 0.00154565565226594
22 0 0.00132612978215929
23 0 0.00141106641713773
24 0 0.00159322038725018
25 0 0.00149201626392692
26 0 0.00167543641354195
27 0 0.00157481895073042
28 0 0.00178202928809901
29 0 0.00166414745033228
30 0 0.00141732983257137
31 0 0.00150480887936744
32 0 0.00136114382698160
33 0 0.00136097464454166
34 0 0.00135522262916421
35 0 0.00130719061326645
36 0 0.00116366887557096
37 0 0.00118975454434356
38 0 0.00107078372343061
39 0 0.00104321486938042
40 0 0.000995684576234668
41 0 0.000894218194586571
42 0 0.000846513451133402
43 0 0.00101422180245536
44 0 0.00101573865206761
45 0 0.000907936894667283
46 0 0.0009342859765884
47 0 0.000915680879568281
48 0 0.00103394282382185
49 0 0.00103175138773215
50 0 0.00102307044903349
51 0 0.0010674109372395
52 0 0.00103824156360155
53 0 0.00119752259920736
54 0 0.00114695772538043
55 0 0.0013288357002611
56 0 0.00130981142342568
57 0 0.00137341039398187
58 0 0.00157142738804483
59 0 0.00152285715765788
60 0 0.00170608496535962
61 0 0.00190704252023632
62 0 0.00192559657127056
63 0 0.00213053912994299
64 0 0.00230286136484736
65 0 0.00251602679300134
66 0 0.00270213216265092
67 0 0.00309971988418634
68 0 0.00303696740742398
69 0 0.00357253390854462
70 0 0.00372374233414063
71 0 0.00436389776314294
72 0 0.0044927890927613
73 0 0.00509028667208
74 0 0.00542922205756768
75 0 0.00617058723522945
76 0 0.0066419242945932
77 0 0.00798692538808421
78 0 0.00773978629795191
79 0 0.00960880874301073
80 0 0.0093901852415773
81 0 0.0116826903686694
82 0 0.0124423746653300
83 0 0.0129959109075835
84 0 0.0153564420264822
85 0 0.0178642953677288
86 0 0.0189934768034827
87 0 0.0183676604169358
88 0 0.0247358734435346
89 0 0.0237728610869405
90 0 0.0264961320865743
91 0 0.0282635516337617
92 0 0.0276844727022079
93 0 0.0432122907566294
94 0 0.0457097551606197
95 0 0.0548262606507147
96 0 0.0453407918258786
97 0 0.069971547906207
98 0 0.0698596484106833
99 0 0.0495444068752845
100 0 0.115024076178880

death 1 F married
1 0 0.00503063208877785
2 0 0.00160950495392409
3 0 0.000951463295683186
4 0 0.000762187006010495
5 0 0.000637144674874524
6 0 0.000524845732644996
7 0 0.000455640111053701
8 0 0.000495347303426596
9 0 0.000392764006452384
10 0 0.000376696137411536
11 0 0.000398873889681295
12 0 0.000412852838818645
13 0 0.000378369741219520
14 0 0.000446679073132894
15 0 0.000475659079347546
16 0 0.000578000596873629
17 0 0.000766220785671567
18 0 0.00085980431850774
19 0 0.00093630666904787
20 0 0.000961063800957618
21 0 0.000977319601739857
22 0 0.00105282507926552
23 0 0.00107112100893947
24 0 0.0011875593449292
25 0 0.00119422953828108
26 0 0.00127954990014800
27 0 0.00137171835516392
28 0 0.00125073475275805
29 0 0.00127185933274232
30 0 0.00120748694684547
31 0 0.00117143469904135
32 0 0.00110443412435957
33 0 0.00118603962257691
34 0 0.00110190358545048
35 0 0.00105813642106489
36 0 0.00102762151729785
37 0 0.000947505488059108
38 0 0.000949358057390937
39 0 0.000896742953128471
40 0 0.000923172971597164
41 0 0.000760338250193615
42 0 0.00086291701787411
43 0 0.000824226171802445
44 0 0.000842223776182371
45 0 0.00081724675217254
46 0 0.000812874376949768
47 0 0.000876126145176404
48 0 0.000837681988210548
49 0 0.00098768103446556
50 0 0.000827337652173354
51 0 0.000847859273259033
52 0 0.000875284742205329
53 0 0.000949526474658513
54 0 0.00110004790173412
55 0 0.00123231812964264
56 0 0.00115278095890048
57 0 0.00130735969550988
58 0 0.00119591827255516
59 0 0.00134980930052309
60 0 0.00142029240932973
61 0 0.00147736203936244
62 0 0.00170863240229047
63 0 0.00187743198690815
64 0 0.00199320626353994
65 0 0.00206453202894497
66 0 0.00223211669597934
67 0 0.00262266904240105
68 0 0.00271432381309633
69 0 0.00308178617098698
70 0 0.00322604613106869
71 0 0.00353301669875516
72 0 0.00412445336558787
73 0 0.00421877578123475
74 0 0.00486043200465569
75 0 0.00573586892910005
76 0 0.00593539281090505
77 0 0.00664864991101277
78 0 0.00705697999539667
79 0 0.00735167728021968
80 0 0.00821740425451634
81 0 0.0100252148337325
82 0 0.0109659651206903
83 0 0.0124578694067012
84 0 0.0134545585006178
85 0 0.0153551576583896
86 0 0.0164012833113246
87 0 0.0149141299004533
88 0 0.0213380301399608
89 0 0.0228258800546902
90 0 0.0239735307599611
91 0 0.0261493672717689
92 0 0.0274832655905872
93 0 0.0355764624684224
94 0 0.0372752676484047
95 0 0.0319437042949704
96 0 0.0411546112417028
97 0 0.0663663177722061
98 0 0.0374341175524998
99 0 0.0458941283142531
100 0 0.0347874592747501

death 1 F single
1 0 0.00503063208877785
2 0 0.00160950495392409
3 0 0.000951463295683186
4 0 0.000762187006010495
5 0 0.000637144674874524
6 0 0.000524845732644996
7 0 0.000455640111053701
8 0 0.000495347303426596
9 0 0.000392764006452384
10 0 0.000376696137411536
11 0 0.000398873889681295
12 0 0.000412852838818645
13 0 0.000378369741219520
14 0 0.000446679073132894
15 0 0.000475659079347546
16 0 0.000578000596873629
17 0 0.000766220785671567
18 0 0.00085980431850774
19 0 0.00093630666904787
20 0 0.000961063800957618
21 0 0.000977319601739857
22 0 0.00105282507926552
23 0 0.00107112100893947
24 0 0.0011875593449292
25 0 0.00119422953828108
26 0 0.00127954990014800
27 0 0.00137171835516392
28 0 0.00125073475275805
29 0 0.00127185933274232
30 0 0.00120748694684547
31 0 0.00117143469904135
32 0 0.00110443412435957
33 0 0.00118603962257691
34 0 0.00110190358545048
35 0 0.00105813642106489
36 0 0.00102762151729785
37 0 0.000947505488059108
38 0 0.000949358057390937
39 0 0.000896742953128471
40 0 0.000923172971597164
41 0 0.000760338250193615
42 0 0.00086291701787411
43 0 0.000824226171802445
44 0 0.000842223776182371
45 0 0.00081724675217254
46 0 0.000812874376949768
47 0 0.000876126145176404
48 0 0.000837681988210548
49 0 0.00098768103446556
50 0 0.000827337652173354
51 0 0.000847859273259033
52 0 0.000875284742205329
53 0 0.000949526474658513
54 0 0.00110004790173412
55 0 0.00123231812964264
56 0 0.00115278095890048
57 0 0.00130735969550988
58 0 0.00119591827255516
59 0 0.00134980930052309
60 0 0.00142029240932973
61 0 0.00147736203936244
62 0 0.00170863240229047
63 0 0.00187743198690815
64 0 0.00199320626353994
65 0 0.00206453202894497
66 0 0.00223211669597934
67 0 0.00262266904240105
68 0 0.00271432381309633
69 0 0.00308178617098698
70 0 0.00322604613106869
71 0 0.00353301669875516
72 0 0.00412445336558787
73 0 0.00421877578123475
74 0 0.00486043200465569
75 0 0.00573586892910005
76 0 0.00593539281090505
77 0 0.00664864991101277
78 0 0.00705697999539667
79 0 0.00735167728021968
80 0 0.00821740425451634
81 0 0.0100252148337325
82 0 0.0109659651206903
83 0 0.0124578694067012
84 0 0.0134545585006178
85 0 0.0153551576583896
86 0 0.0164012833113246
87 0 0.0149141299004533
88 0 0.0213380301399608
89 0 0.0228258800546902
90 0 0.0239735307599611
91 0 0.0261493672717689
92 0 0.0274832655905872
93 0 0.0355764624684224
94 0 0.0372752676484047
95 0 0.0319437042949704
96 0 0.0411546112417028
97 0 0.0663663177722061
98 0 0.0374341175524998
99 0 0.0458941283142531
100 0 0.0347874592747501

death 1 F divorced
1 0 0.00503063208877785
2 0 0.00160950495392409
3 0 0.000951463295683186
4 0 0.000762187006010495
5 0 0.000637144674874524
6 0 0.000524845732644996
7 0 0.000455640111053701
8 0 0.000495347303426596
9 0 0.000392764006452384
10 0 0.000376696137411536
11 0 0.000398873889681295
12 0 0.000412852838818645
13 0 0.000378369741219520
14 0 0.000446679073132894
15 0 0.000475659079347546
16 0 0.000578000596873629
17 0 0.000766220785671567
18 0 0.00085980431850774
19 0 0.00093630666904787
20 0 0.000961063800957618
21 0 0.000977319601739857
22 0 0.00105282507926552
23 0 0.00107112100893947
24 0 0.0011875593449292
25 0 0.00119422953828108
26 0 0.00127954990014800
27 0 0.00137171835516392
28 0 0.00125073475275805
29 0 0.00127185933274232
30 0 0.00120748694684547
31 0 0.00117143469904135
32 0 0.00110443412435957
33 0 0.00118603962257691
34 0 0.00110190358545048
35 0 0.00105813642106489
36 0 0.00102762151729785
37 0 0.000947505488059108
38 0 0.000949358057390937
39 0 0.000896742953128471
40 0 0.000923172971597164
41 0 0.000760338250193615
42 0 0.00086291701787411
43 0 0.000824226171802445
44 0 0.000842223776182371
45 0 0.00081724675217254
46 0 0.000812874376949768
47 0 0.000876126145176404
48 0 0.000837681988210548
49 0 0.00098768103446556
50 0 0.000827337652173354
51 0 0.000847859273259033
52 0 0.000875284742205329
53 0 0.000949526474658513
54 0 0.00110004790173412
55 0 0.00123231812964264
56 0 0.00115278095890048
57 0 0.00130735969550988
58 0 0.00119591827255516
59 0 0.00134980930052309
60 0 0.00142029240932973
61 0 0.00147736203936244
62 0 0.00170863240229047
63 0 0.00187743198690815
64 0 0.00199320626353994
65 0 0.00206453202894497
66 0 0.00223211669597934
67 0 0.00262266904240105
68 0 0.00271432381309633
69 0 0.00308178617098698
70 0 0.00322604613106869
71 0 0.00353301669875516
72 0 0.00412445336558787
73 0 0.00421877578123475
74 0 0.00486043200465569
75 0 0.00573586892910005
76 0 0.00593539281090505
77 0 0.00664864991101277
78 0 0.00705697999539667
79 0 0.00735167728021968
80 0 0.00821740425451634
81 0 0.0100252148337325
82 0 0.0109659651206903
83 0 0.0124578694067012
84 0 0.0134545585006178
85 0 0.0153551576583896
86 0 0.0164012833113246
87 0 0.0149141299004533
88 0 0.0213380301399608
89 0 0.0228258800546902
90 0 0.0239735307599611
91 0 0.0261493672717689
92 0 0.0274832655905872
93 0 0.0355764624684224
94 0 0.0372752676484047
95 0 0.0319437042949704
96 0 0.0411546112417028
97 0 0.0663663177722061
98 0 0.0374341175524998
99 0 0.0458941283142531
100 0 0.0347874592747501

death 1 F widowed
1 0 0.00503063208877785
2 0 0.00160950495392409
3 0 0.000951463295683186
4 0 0.000762187006010495
5 0 0.000637144674874524
6 0 0.000524845732644996
7 0 0.000455640111053701
8 0 0.000495347303426596
9 0 0.000392764006452384
10 0 0.000376696137411536
11 0 0.000398873889681295
12 0 0.000412852838818645
13 0 0.000378369741219520
14 0 0.000446679073132894
15 0 0.000475659079347546
16 0 0.000578000596873629
17 0 0.000766220785671567
18 0 0.00085980431850774
19 0 0.00093630666904787
20 0 0.000961063800957618
21 0 0.000977319601739857
22 0 0.00105282507926552
23 0 0.00107112100893947
24 0 0.0011875593449292
25 0 0.00119422953828108
26 0 0.00127954990014800
27 0 0.00137171835516392
28 0 0.00125073475275805
29 0 0.00127185933274232
30 0 0.00120748694684547
31 0 0.00117143469904135
32 0 0.00110443412435957
33 0 0.00118603962257691
34 0 0.00110190358545048
35 0 0.00105813642106489
36 0 0.00102762151729785
37 0 0.000947505488059108
38 0 0.000949358057390937
39 0 0.000896742953128471
40 0 0.000923172971597164
41 0 0.000760338250193615
42 0 0.00086291701787411
43 0 0.000824226171802445
44 0 0.000842223776182371
45 0 0.00081724675217254
46 0 0.000812874376949768
47 0 0.000876126145176404
48 0 0.000837681988210548
49 0 0.00098768103446556
50 0 0.000827337652173354
51 0 0.000847859273259033
52 0 0.000875284742205329
53 0 0.000949526474658513
54 0 0.00110004790173412
55 0 0.00123231812964264
56 0 0.00115278095890048
57 0 0.00130735969550988
58 0 0.00119591827255516
59 0 0.00134980930052309
60 0 0.00142029240932973
61 0 0.00147736203936244
62 0 0.00170863240229047
63 0 0.00187743198690815
64 0 0.00199320626353994
65 0 0.00206453202894497
66 0 0.00223211669597934
67 0 0.00262266904240105
68 0 0.00271432381309633
69 0 0.00308178617098698
70 0 0.00322604613106869
71 0 0.00353301669875516
72 0 0.00412445336558787
73 0 0.00421877578123475
74 0 0.00486043200465569
75 0 0.00573586892910005
76 0 0.00593539281090505
77 0 0.00664864991101277
78 0 0.00705697999539667
79 0 0.00735167728021968
80 0 0.00821740425451634
81 0 0.0100252148337325
82 0 0.0109659651206903
83 0 0.0124578694067012
84 0 0.0134545585006178
85 0 0.0153551576583896
86 0 0.0164012833113246
87 0 0.0149141299004533
88 0 0.0213380301399608
89 0 0.0228258800546902
90 0 0.0239735307599611
91 0 0.0261493672717689
92 0 0.0274832655905872
93 0 0.0355764624684224
94 0 0.0372752676484047
95 0 0.0319437042949704
96 0 0.0411546112417028
97 0 0.0663663177722061
98 0 0.0374341175524998
99 0 0.0458941283142531
100 0 0.0347874592747501
