*Period monthly mortality rates for SWE in 1874 
* Mon Dec 20 14:20:10 2010
death 1 M married
1 0 0.0158283589087581
2 0 0.00381165115059900
3 0 0.00229046851772174
4 0 0.00166143151836384
5 0 0.00133281016369469
6 0 0.00100672219611464
7 0 0.000858121822721825
8 0 0.000714467542335284
9 0 0.00058596812209688
10 0 0.000482696082320655
11 0 0.000419047791324623
12 0 0.000377700295997707
13 0 0.000321819010507984
14 0 0.000321651752852814
15 0 0.000328593204242056
16 0 0.000359878130344438
17 0 0.000385650276459981
18 0 0.000422061704714594
19 0 0.000546724332207149
20 0 0.000555695242597021
21 0 0.000623131178895786
22 0 0.000839279998824272
23 0 0.00078193742739563
24 0 0.000805643602844075
25 0 0.000853326880706384
26 0 0.000835074768088528
27 0 0.000776810309593423
28 0 0.000744877401933963
29 0 0.000763615615821722
30 0 0.000720599097963848
31 0 0.000884119862171184
32 0 0.000782946074798452
33 0 0.000855177530086348
34 0 0.000854925166586917
35 0 0.00103360567636612
36 0 0.000931002447223994
37 0 0.000917532799871612
38 0 0.00102332328017607
39 0 0.000910462034587778
40 0 0.00104447931257934
41 0 0.00116231836537084
42 0 0.00110325319742643
43 0 0.000885971139066632
44 0 0.00119760703823746
45 0 0.00126078943988273
46 0 0.00125893050626324
47 0 0.00129121376198349
48 0 0.00145381858630278
49 0 0.00143087382992868
50 0 0.00136224352052661
51 0 0.00160899601698750
52 0 0.00154412992366193
53 0 0.00162324733005781
54 0 0.00160271936273404
55 0 0.00183813637461283
56 0 0.00197659720030519
57 0 0.00199814698190015
58 0 0.00212985664030763
59 0 0.00232654068450111
60 0 0.00248064996441266
61 0 0.00270711165280313
62 0 0.00284028565438077
63 0 0.00312326326963841
64 0 0.00330500313434212
65 0 0.00350841381187939
66 0 0.00408312557255797
67 0 0.00415498178120821
68 0 0.00454402908434526
69 0 0.00481894259816107
70 0 0.00535952973399634
71 0 0.00621885995117444
72 0 0.00641605533739165
73 0 0.00689101641677348
74 0 0.0082247958852708
75 0 0.00807516500831218
76 0 0.00972648523382025
77 0 0.0103831534404520
78 0 0.0107783781833112
79 0 0.0113327758860459
80 0 0.0142061439598640
81 0 0.0152548363085826
82 0 0.0139227583490624
83 0 0.0185235243092207
84 0 0.0200231822147533
85 0 0.0203457425153936
86 0 0.0261850649877479
87 0 0.0254732772565216
88 0 0.0249066165439584
89 0 0.0375660781950693
90 0 0.0473211659736352
91 0 0.0499937132605855
92 0 0.0305718153105750
93 0 0.0246734376911039
94 0 0.0649768884874231
95 0 0.0422636278311521
96 0 0.0464813966262435
97 0 0.0601193006645406
98 0 0.0625470606031971
99 0 0.089388844742618
100 0 0

death 1 M single
1 0 0.0158283589087581
2 0 0.00381165115059900
3 0 0.00229046851772174
4 0 0.00166143151836384
5 0 0.00133281016369469
6 0 0.00100672219611464
7 0 0.000858121822721825
8 0 0.000714467542335284
9 0 0.00058596812209688
10 0 0.000482696082320655
11 0 0.000419047791324623
12 0 0.000377700295997707
13 0 0.000321819010507984
14 0 0.000321651752852814
15 0 0.000328593204242056
16 0 0.000359878130344438
17 0 0.000385650276459981
18 0 0.000422061704714594
19 0 0.000546724332207149
20 0 0.000555695242597021
21 0 0.000623131178895786
22 0 0.000839279998824272
23 0 0.00078193742739563
24 0 0.000805643602844075
25 0 0.000853326880706384
26 0 0.000835074768088528
27 0 0.000776810309593423
28 0 0.000744877401933963
29 0 0.000763615615821722
30 0 0.000720599097963848
31 0 0.000884119862171184
32 0 0.000782946074798452
33 0 0.000855177530086348
34 0 0.000854925166586917
35 0 0.00103360567636612
36 0 0.000931002447223994
37 0 0.000917532799871612
38 0 0.00102332328017607
39 0 0.000910462034587778
40 0 0.00104447931257934
41 0 0.00116231836537084
42 0 0.00110325319742643
43 0 0.000885971139066632
44 0 0.00119760703823746
45 0 0.00126078943988273
46 0 0.00125893050626324
47 0 0.00129121376198349
48 0 0.00145381858630278
49 0 0.00143087382992868
50 0 0.00136224352052661
51 0 0.00160899601698750
52 0 0.00154412992366193
53 0 0.00162324733005781
54 0 0.00160271936273404
55 0 0.00183813637461283
56 0 0.00197659720030519
57 0 0.00199814698190015
58 0 0.00212985664030763
59 0 0.00232654068450111
60 0 0.00248064996441266
61 0 0.00270711165280313
62 0 0.00284028565438077
63 0 0.00312326326963841
64 0 0.00330500313434212
65 0 0.00350841381187939
66 0 0.00408312557255797
67 0 0.00415498178120821
68 0 0.00454402908434526
69 0 0.00481894259816107
70 0 0.00535952973399634
71 0 0.00621885995117444
72 0 0.00641605533739165
73 0 0.00689101641677348
74 0 0.0082247958852708
75 0 0.00807516500831218
76 0 0.00972648523382025
77 0 0.0103831534404520
78 0 0.0107783781833112
79 0 0.0113327758860459
80 0 0.0142061439598640
81 0 0.0152548363085826
82 0 0.0139227583490624
83 0 0.0185235243092207
84 0 0.0200231822147533
85 0 0.0203457425153936
86 0 0.0261850649877479
87 0 0.0254732772565216
88 0 0.0249066165439584
89 0 0.0375660781950693
90 0 0.0473211659736352
91 0 0.0499937132605855
92 0 0.0305718153105750
93 0 0.0246734376911039
94 0 0.0649768884874231
95 0 0.0422636278311521
96 0 0.0464813966262435
97 0 0.0601193006645406
98 0 0.0625470606031971
99 0 0.089388844742618
100 0 0

death 1 M divorced
1 0 0.0158283589087581
2 0 0.00381165115059900
3 0 0.00229046851772174
4 0 0.00166143151836384
5 0 0.00133281016369469
6 0 0.00100672219611464
7 0 0.000858121822721825
8 0 0.000714467542335284
9 0 0.00058596812209688
10 0 0.000482696082320655
11 0 0.000419047791324623
12 0 0.000377700295997707
13 0 0.000321819010507984
14 0 0.000321651752852814
15 0 0.000328593204242056
16 0 0.000359878130344438
17 0 0.000385650276459981
18 0 0.000422061704714594
19 0 0.000546724332207149
20 0 0.000555695242597021
21 0 0.000623131178895786
22 0 0.000839279998824272
23 0 0.00078193742739563
24 0 0.000805643602844075
25 0 0.000853326880706384
26 0 0.000835074768088528
27 0 0.000776810309593423
28 0 0.000744877401933963
29 0 0.000763615615821722
30 0 0.000720599097963848
31 0 0.000884119862171184
32 0 0.000782946074798452
33 0 0.000855177530086348
34 0 0.000854925166586917
35 0 0.00103360567636612
36 0 0.000931002447223994
37 0 0.000917532799871612
38 0 0.00102332328017607
39 0 0.000910462034587778
40 0 0.00104447931257934
41 0 0.00116231836537084
42 0 0.00110325319742643
43 0 0.000885971139066632
44 0 0.00119760703823746
45 0 0.00126078943988273
46 0 0.00125893050626324
47 0 0.00129121376198349
48 0 0.00145381858630278
49 0 0.00143087382992868
50 0 0.00136224352052661
51 0 0.00160899601698750
52 0 0.00154412992366193
53 0 0.00162324733005781
54 0 0.00160271936273404
55 0 0.00183813637461283
56 0 0.00197659720030519
57 0 0.00199814698190015
58 0 0.00212985664030763
59 0 0.00232654068450111
60 0 0.00248064996441266
61 0 0.00270711165280313
62 0 0.00284028565438077
63 0 0.00312326326963841
64 0 0.00330500313434212
65 0 0.00350841381187939
66 0 0.00408312557255797
67 0 0.00415498178120821
68 0 0.00454402908434526
69 0 0.00481894259816107
70 0 0.00535952973399634
71 0 0.00621885995117444
72 0 0.00641605533739165
73 0 0.00689101641677348
74 0 0.0082247958852708
75 0 0.00807516500831218
76 0 0.00972648523382025
77 0 0.0103831534404520
78 0 0.0107783781833112
79 0 0.0113327758860459
80 0 0.0142061439598640
81 0 0.0152548363085826
82 0 0.0139227583490624
83 0 0.0185235243092207
84 0 0.0200231822147533
85 0 0.0203457425153936
86 0 0.0261850649877479
87 0 0.0254732772565216
88 0 0.0249066165439584
89 0 0.0375660781950693
90 0 0.0473211659736352
91 0 0.0499937132605855
92 0 0.0305718153105750
93 0 0.0246734376911039
94 0 0.0649768884874231
95 0 0.0422636278311521
96 0 0.0464813966262435
97 0 0.0601193006645406
98 0 0.0625470606031971
99 0 0.089388844742618
100 0 0

death 1 M widowed
1 0 0.0158283589087581
2 0 0.00381165115059900
3 0 0.00229046851772174
4 0 0.00166143151836384
5 0 0.00133281016369469
6 0 0.00100672219611464
7 0 0.000858121822721825
8 0 0.000714467542335284
9 0 0.00058596812209688
10 0 0.000482696082320655
11 0 0.000419047791324623
12 0 0.000377700295997707
13 0 0.000321819010507984
14 0 0.000321651752852814
15 0 0.000328593204242056
16 0 0.000359878130344438
17 0 0.000385650276459981
18 0 0.000422061704714594
19 0 0.000546724332207149
20 0 0.000555695242597021
21 0 0.000623131178895786
22 0 0.000839279998824272
23 0 0.00078193742739563
24 0 0.000805643602844075
25 0 0.000853326880706384
26 0 0.000835074768088528
27 0 0.000776810309593423
28 0 0.000744877401933963
29 0 0.000763615615821722
30 0 0.000720599097963848
31 0 0.000884119862171184
32 0 0.000782946074798452
33 0 0.000855177530086348
34 0 0.000854925166586917
35 0 0.00103360567636612
36 0 0.000931002447223994
37 0 0.000917532799871612
38 0 0.00102332328017607
39 0 0.000910462034587778
40 0 0.00104447931257934
41 0 0.00116231836537084
42 0 0.00110325319742643
43 0 0.000885971139066632
44 0 0.00119760703823746
45 0 0.00126078943988273
46 0 0.00125893050626324
47 0 0.00129121376198349
48 0 0.00145381858630278
49 0 0.00143087382992868
50 0 0.00136224352052661
51 0 0.00160899601698750
52 0 0.00154412992366193
53 0 0.00162324733005781
54 0 0.00160271936273404
55 0 0.00183813637461283
56 0 0.00197659720030519
57 0 0.00199814698190015
58 0 0.00212985664030763
59 0 0.00232654068450111
60 0 0.00248064996441266
61 0 0.00270711165280313
62 0 0.00284028565438077
63 0 0.00312326326963841
64 0 0.00330500313434212
65 0 0.00350841381187939
66 0 0.00408312557255797
67 0 0.00415498178120821
68 0 0.00454402908434526
69 0 0.00481894259816107
70 0 0.00535952973399634
71 0 0.00621885995117444
72 0 0.00641605533739165
73 0 0.00689101641677348
74 0 0.0082247958852708
75 0 0.00807516500831218
76 0 0.00972648523382025
77 0 0.0103831534404520
78 0 0.0107783781833112
79 0 0.0113327758860459
80 0 0.0142061439598640
81 0 0.0152548363085826
82 0 0.0139227583490624
83 0 0.0185235243092207
84 0 0.0200231822147533
85 0 0.0203457425153936
86 0 0.0261850649877479
87 0 0.0254732772565216
88 0 0.0249066165439584
89 0 0.0375660781950693
90 0 0.0473211659736352
91 0 0.0499937132605855
92 0 0.0305718153105750
93 0 0.0246734376911039
94 0 0.0649768884874231
95 0 0.0422636278311521
96 0 0.0464813966262435
97 0 0.0601193006645406
98 0 0.0625470606031971
99 0 0.089388844742618
100 0 0

death 1 F married
1 0 0.0133287132055585
2 0 0.00354402085642846
3 0 0.00213702303758323
4 0 0.00168757573772083
5 0 0.00123704864877427
6 0 0.000885802839607819
7 0 0.000744793382773667
8 0 0.000676343593469908
9 0 0.000562906149122022
10 0 0.000480853005057069
11 0 0.000405653829986474
12 0 0.00039100644489376
13 0 0.000292553606457302
14 0 0.000385148151854531
15 0 0.000336789817438232
16 0 0.000397953196058176
17 0 0.00040431454242662
18 0 0.000414610822962458
19 0 0.000461670465771946
20 0 0.000495682459061175
21 0 0.000498698915404661
22 0 0.000487471501872117
23 0 0.000635969807769476
24 0 0.000661568567462911
25 0 0.000534401254574601
26 0 0.000612727346496755
27 0 0.000743785158911714
28 0 0.000724799032419066
29 0 0.000625732323158767
30 0 0.000746641822250704
31 0 0.000761934900728956
32 0 0.000678778345405862
33 0 0.000761178589082423
34 0 0.00072320303445228
35 0 0.000788493835720327
36 0 0.000760926486599534
37 0 0.000787821361805219
38 0 0.000869815812872599
39 0 0.00094380046275544
40 0 0.000883951566142627
41 0 0.000915175816948
42 0 0.00085105568072763
43 0 0.000958368819830469
44 0 0.000867880732133064
45 0 0.000933275647217457
46 0 0.000849625695060752
47 0 0.000831542524717732
48 0 0.00085904719154739
49 0 0.000952810673800264
50 0 0.00103082425761292
51 0 0.00104709255098145
52 0 0.00114822361394418
53 0 0.0012680565456048
54 0 0.0012786202365076
55 0 0.00131014959798925
56 0 0.00144526654158561
57 0 0.00141385950847139
58 0 0.00149701448848027
59 0 0.00166363820689741
60 0 0.00190287263645295
61 0 0.00196833638828897
62 0 0.00233244010509293
63 0 0.00240009712356659
64 0 0.00262215438959135
65 0 0.00286702995444243
66 0 0.0029711584772818
67 0 0.00355164656868345
68 0 0.00389921041843766
69 0 0.00439336995017625
70 0 0.00430332189302596
71 0 0.0052988138543415
72 0 0.0053364582001284
73 0 0.0061951218990719
74 0 0.00726910834016625
75 0 0.00711303009238862
76 0 0.00799648278688458
77 0 0.00810961008017463
78 0 0.00987461075747154
79 0 0.01062444721237
80 0 0.0116292206122451
81 0 0.0122346019588806
82 0 0.0119955186337248
83 0 0.0147730659216140
84 0 0.0155874337588618
85 0 0.0177768528343343
86 0 0.0221418247692385
87 0 0.0207854175460462
88 0 0.0224012570810104
89 0 0.0250570857137042
90 0 0.0253858794889341
91 0 0.0358149900473171
92 0 0.0360981116642892
93 0 0.027364343797574
94 0 0.0488238368669616
95 0 0.0421781761696334
96 0 0.0410084018748932
97 0 0.120566836413257
98 0 0.0343852546139458
99 0 0.0460703535824586
100 0 0.0425454889071651

death 1 F single
1 0 0.0133287132055585
2 0 0.00354402085642846
3 0 0.00213702303758323
4 0 0.00168757573772083
5 0 0.00123704864877427
6 0 0.000885802839607819
7 0 0.000744793382773667
8 0 0.000676343593469908
9 0 0.000562906149122022
10 0 0.000480853005057069
11 0 0.000405653829986474
12 0 0.00039100644489376
13 0 0.000292553606457302
14 0 0.000385148151854531
15 0 0.000336789817438232
16 0 0.000397953196058176
17 0 0.00040431454242662
18 0 0.000414610822962458
19 0 0.000461670465771946
20 0 0.000495682459061175
21 0 0.000498698915404661
22 0 0.000487471501872117
23 0 0.000635969807769476
24 0 0.000661568567462911
25 0 0.000534401254574601
26 0 0.000612727346496755
27 0 0.000743785158911714
28 0 0.000724799032419066
29 0 0.000625732323158767
30 0 0.000746641822250704
31 0 0.000761934900728956
32 0 0.000678778345405862
33 0 0.000761178589082423
34 0 0.00072320303445228
35 0 0.000788493835720327
36 0 0.000760926486599534
37 0 0.000787821361805219
38 0 0.000869815812872599
39 0 0.00094380046275544
40 0 0.000883951566142627
41 0 0.000915175816948
42 0 0.00085105568072763
43 0 0.000958368819830469
44 0 0.000867880732133064
45 0 0.000933275647217457
46 0 0.000849625695060752
47 0 0.000831542524717732
48 0 0.00085904719154739
49 0 0.000952810673800264
50 0 0.00103082425761292
51 0 0.00104709255098145
52 0 0.00114822361394418
53 0 0.0012680565456048
54 0 0.0012786202365076
55 0 0.00131014959798925
56 0 0.00144526654158561
57 0 0.00141385950847139
58 0 0.00149701448848027
59 0 0.00166363820689741
60 0 0.00190287263645295
61 0 0.00196833638828897
62 0 0.00233244010509293
63 0 0.00240009712356659
64 0 0.00262215438959135
65 0 0.00286702995444243
66 0 0.0029711584772818
67 0 0.00355164656868345
68 0 0.00389921041843766
69 0 0.00439336995017625
70 0 0.00430332189302596
71 0 0.0052988138543415
72 0 0.0053364582001284
73 0 0.0061951218990719
74 0 0.00726910834016625
75 0 0.00711303009238862
76 0 0.00799648278688458
77 0 0.00810961008017463
78 0 0.00987461075747154
79 0 0.01062444721237
80 0 0.0116292206122451
81 0 0.0122346019588806
82 0 0.0119955186337248
83 0 0.0147730659216140
84 0 0.0155874337588618
85 0 0.0177768528343343
86 0 0.0221418247692385
87 0 0.0207854175460462
88 0 0.0224012570810104
89 0 0.0250570857137042
90 0 0.0253858794889341
91 0 0.0358149900473171
92 0 0.0360981116642892
93 0 0.027364343797574
94 0 0.0488238368669616
95 0 0.0421781761696334
96 0 0.0410084018748932
97 0 0.120566836413257
98 0 0.0343852546139458
99 0 0.0460703535824586
100 0 0.0425454889071651

death 1 F divorced
1 0 0.0133287132055585
2 0 0.00354402085642846
3 0 0.00213702303758323
4 0 0.00168757573772083
5 0 0.00123704864877427
6 0 0.000885802839607819
7 0 0.000744793382773667
8 0 0.000676343593469908
9 0 0.000562906149122022
10 0 0.000480853005057069
11 0 0.000405653829986474
12 0 0.00039100644489376
13 0 0.000292553606457302
14 0 0.000385148151854531
15 0 0.000336789817438232
16 0 0.000397953196058176
17 0 0.00040431454242662
18 0 0.000414610822962458
19 0 0.000461670465771946
20 0 0.000495682459061175
21 0 0.000498698915404661
22 0 0.000487471501872117
23 0 0.000635969807769476
24 0 0.000661568567462911
25 0 0.000534401254574601
26 0 0.000612727346496755
27 0 0.000743785158911714
28 0 0.000724799032419066
29 0 0.000625732323158767
30 0 0.000746641822250704
31 0 0.000761934900728956
32 0 0.000678778345405862
33 0 0.000761178589082423
34 0 0.00072320303445228
35 0 0.000788493835720327
36 0 0.000760926486599534
37 0 0.000787821361805219
38 0 0.000869815812872599
39 0 0.00094380046275544
40 0 0.000883951566142627
41 0 0.000915175816948
42 0 0.00085105568072763
43 0 0.000958368819830469
44 0 0.000867880732133064
45 0 0.000933275647217457
46 0 0.000849625695060752
47 0 0.000831542524717732
48 0 0.00085904719154739
49 0 0.000952810673800264
50 0 0.00103082425761292
51 0 0.00104709255098145
52 0 0.00114822361394418
53 0 0.0012680565456048
54 0 0.0012786202365076
55 0 0.00131014959798925
56 0 0.00144526654158561
57 0 0.00141385950847139
58 0 0.00149701448848027
59 0 0.00166363820689741
60 0 0.00190287263645295
61 0 0.00196833638828897
62 0 0.00233244010509293
63 0 0.00240009712356659
64 0 0.00262215438959135
65 0 0.00286702995444243
66 0 0.0029711584772818
67 0 0.00355164656868345
68 0 0.00389921041843766
69 0 0.00439336995017625
70 0 0.00430332189302596
71 0 0.0052988138543415
72 0 0.0053364582001284
73 0 0.0061951218990719
74 0 0.00726910834016625
75 0 0.00711303009238862
76 0 0.00799648278688458
77 0 0.00810961008017463
78 0 0.00987461075747154
79 0 0.01062444721237
80 0 0.0116292206122451
81 0 0.0122346019588806
82 0 0.0119955186337248
83 0 0.0147730659216140
84 0 0.0155874337588618
85 0 0.0177768528343343
86 0 0.0221418247692385
87 0 0.0207854175460462
88 0 0.0224012570810104
89 0 0.0250570857137042
90 0 0.0253858794889341
91 0 0.0358149900473171
92 0 0.0360981116642892
93 0 0.027364343797574
94 0 0.0488238368669616
95 0 0.0421781761696334
96 0 0.0410084018748932
97 0 0.120566836413257
98 0 0.0343852546139458
99 0 0.0460703535824586
100 0 0.0425454889071651

death 1 F widowed
1 0 0.0133287132055585
2 0 0.00354402085642846
3 0 0.00213702303758323
4 0 0.00168757573772083
5 0 0.00123704864877427
6 0 0.000885802839607819
7 0 0.000744793382773667
8 0 0.000676343593469908
9 0 0.000562906149122022
10 0 0.000480853005057069
11 0 0.000405653829986474
12 0 0.00039100644489376
13 0 0.000292553606457302
14 0 0.000385148151854531
15 0 0.000336789817438232
16 0 0.000397953196058176
17 0 0.00040431454242662
18 0 0.000414610822962458
19 0 0.000461670465771946
20 0 0.000495682459061175
21 0 0.000498698915404661
22 0 0.000487471501872117
23 0 0.000635969807769476
24 0 0.000661568567462911
25 0 0.000534401254574601
26 0 0.000612727346496755
27 0 0.000743785158911714
28 0 0.000724799032419066
29 0 0.000625732323158767
30 0 0.000746641822250704
31 0 0.000761934900728956
32 0 0.000678778345405862
33 0 0.000761178589082423
34 0 0.00072320303445228
35 0 0.000788493835720327
36 0 0.000760926486599534
37 0 0.000787821361805219
38 0 0.000869815812872599
39 0 0.00094380046275544
40 0 0.000883951566142627
41 0 0.000915175816948
42 0 0.00085105568072763
43 0 0.000958368819830469
44 0 0.000867880732133064
45 0 0.000933275647217457
46 0 0.000849625695060752
47 0 0.000831542524717732
48 0 0.00085904719154739
49 0 0.000952810673800264
50 0 0.00103082425761292
51 0 0.00104709255098145
52 0 0.00114822361394418
53 0 0.0012680565456048
54 0 0.0012786202365076
55 0 0.00131014959798925
56 0 0.00144526654158561
57 0 0.00141385950847139
58 0 0.00149701448848027
59 0 0.00166363820689741
60 0 0.00190287263645295
61 0 0.00196833638828897
62 0 0.00233244010509293
63 0 0.00240009712356659
64 0 0.00262215438959135
65 0 0.00286702995444243
66 0 0.0029711584772818
67 0 0.00355164656868345
68 0 0.00389921041843766
69 0 0.00439336995017625
70 0 0.00430332189302596
71 0 0.0052988138543415
72 0 0.0053364582001284
73 0 0.0061951218990719
74 0 0.00726910834016625
75 0 0.00711303009238862
76 0 0.00799648278688458
77 0 0.00810961008017463
78 0 0.00987461075747154
79 0 0.01062444721237
80 0 0.0116292206122451
81 0 0.0122346019588806
82 0 0.0119955186337248
83 0 0.0147730659216140
84 0 0.0155874337588618
85 0 0.0177768528343343
86 0 0.0221418247692385
87 0 0.0207854175460462
88 0 0.0224012570810104
89 0 0.0250570857137042
90 0 0.0253858794889341
91 0 0.0358149900473171
92 0 0.0360981116642892
93 0 0.027364343797574
94 0 0.0488238368669616
95 0 0.0421781761696334
96 0 0.0410084018748932
97 0 0.120566836413257
98 0 0.0343852546139458
99 0 0.0460703535824586
100 0 0.0425454889071651
