*Period monthly mortality rates for SWE in 1926 
* Mon Dec 20 14:20:50 2010
death 1 M married
1 0 0.00544789244824184
2 0 0.00083835483135819
3 0 0.000387491423751052
4 0 0.000219848973258885
5 0 0.000208572430588916
6 0 0.000176671569581677
7 0 0.000164565534974237
8 0 0.000160140972956802
9 0 0.000134849969886108
10 0 0.000143863777755882
11 0 0.000133431211178481
12 0 0.000139690607437126
13 0 0.000121247489242360
14 0 0.000143696847264452
15 0 0.000144698434811685
16 0 0.000190198839702838
17 0 0.000207403091411984
18 0 0.000291383186290628
19 0 0.000317888536991884
20 0 0.000335702469075994
21 0 0.000474318759615011
22 0 0.000376445099498746
23 0 0.000344485270002304
24 0 0.000416117693583629
25 0 0.000351930404064005
26 0 0.000339801003879758
27 0 0.000373097993592197
28 0 0.000361969752791014
29 0 0.000366571491637546
30 0 0.000319728311943712
31 0 0.000332189586355724
32 0 0.000390169522765604
33 0 0.00037226123637768
34 0 0.000355611369823206
35 0 0.000358372191991307
36 0 0.000335953394466348
37 0 0.000383474423207408
38 0 0.000351428465739434
39 0 0.000415699115904666
40 0 0.000434118358003110
41 0 0.000402556757458705
42 0 0.000401468621898604
43 0 0.000502804808566792
44 0 0.000452541334432732
45 0 0.000557539838629828
46 0 0.000541023653172434
47 0 0.000581103655206805
48 0 0.000676091726304229
49 0 0.000694899728709175
50 0 0.000637732114124434
51 0 0.000729503189544678
52 0 0.00069280042824904
53 0 0.000871835071511673
54 0 0.000968812317181156
55 0 0.000893629094358306
56 0 0.00102231195982883
57 0 0.00115362493677107
58 0 0.00121550988576147
59 0 0.00144475852467707
60 0 0.00149921718327772
61 0 0.00162969508783639
62 0 0.00157380146861807
63 0 0.00185812227599291
64 0 0.00201902022694311
65 0 0.00205285360258789
66 0 0.00239581895261387
67 0 0.00251594111815046
68 0 0.00274910478268720
69 0 0.00320800107214447
70 0 0.00330863300945283
71 0 0.00384120489371964
72 0 0.00402116923290352
73 0 0.00466387747655372
74 0 0.00494760414199036
75 0 0.00566452058558253
76 0 0.00587909047074553
77 0 0.00712294611183972
78 0 0.00728256355066337
79 0 0.00890706427407373
80 0 0.0087521666390823
81 0 0.0105167303742421
82 0 0.0117695991866721
83 0 0.0132760884048487
84 0 0.0135617919052335
85 0 0.0160221445302613
86 0 0.0185550574601006
87 0 0.0205321140953809
88 0 0.0195592793505529
89 0 0.0243049866902274
90 0 0.0284744458077195
91 0 0.028798629594594
92 0 0.0281865932301490
93 0 0.0287332611589528
94 0 0.0414209557715884
95 0 0.0258635242853371
96 0 0.0417644279947251
97 0 0.0555181002592493
98 0 0.105745296264729
99 0 0.085651049020776
100 0 0.0464328794596717

death 1 M single
1 0 0.00544789244824184
2 0 0.00083835483135819
3 0 0.000387491423751052
4 0 0.000219848973258885
5 0 0.000208572430588916
6 0 0.000176671569581677
7 0 0.000164565534974237
8 0 0.000160140972956802
9 0 0.000134849969886108
10 0 0.000143863777755882
11 0 0.000133431211178481
12 0 0.000139690607437126
13 0 0.000121247489242360
14 0 0.000143696847264452
15 0 0.000144698434811685
16 0 0.000190198839702838
17 0 0.000207403091411984
18 0 0.000291383186290628
19 0 0.000317888536991884
20 0 0.000335702469075994
21 0 0.000474318759615011
22 0 0.000376445099498746
23 0 0.000344485270002304
24 0 0.000416117693583629
25 0 0.000351930404064005
26 0 0.000339801003879758
27 0 0.000373097993592197
28 0 0.000361969752791014
29 0 0.000366571491637546
30 0 0.000319728311943712
31 0 0.000332189586355724
32 0 0.000390169522765604
33 0 0.00037226123637768
34 0 0.000355611369823206
35 0 0.000358372191991307
36 0 0.000335953394466348
37 0 0.000383474423207408
38 0 0.000351428465739434
39 0 0.000415699115904666
40 0 0.000434118358003110
41 0 0.000402556757458705
42 0 0.000401468621898604
43 0 0.000502804808566792
44 0 0.000452541334432732
45 0 0.000557539838629828
46 0 0.000541023653172434
47 0 0.000581103655206805
48 0 0.000676091726304229
49 0 0.000694899728709175
50 0 0.000637732114124434
51 0 0.000729503189544678
52 0 0.00069280042824904
53 0 0.000871835071511673
54 0 0.000968812317181156
55 0 0.000893629094358306
56 0 0.00102231195982883
57 0 0.00115362493677107
58 0 0.00121550988576147
59 0 0.00144475852467707
60 0 0.00149921718327772
61 0 0.00162969508783639
62 0 0.00157380146861807
63 0 0.00185812227599291
64 0 0.00201902022694311
65 0 0.00205285360258789
66 0 0.00239581895261387
67 0 0.00251594111815046
68 0 0.00274910478268720
69 0 0.00320800107214447
70 0 0.00330863300945283
71 0 0.00384120489371964
72 0 0.00402116923290352
73 0 0.00466387747655372
74 0 0.00494760414199036
75 0 0.00566452058558253
76 0 0.00587909047074553
77 0 0.00712294611183972
78 0 0.00728256355066337
79 0 0.00890706427407373
80 0 0.0087521666390823
81 0 0.0105167303742421
82 0 0.0117695991866721
83 0 0.0132760884048487
84 0 0.0135617919052335
85 0 0.0160221445302613
86 0 0.0185550574601006
87 0 0.0205321140953809
88 0 0.0195592793505529
89 0 0.0243049866902274
90 0 0.0284744458077195
91 0 0.028798629594594
92 0 0.0281865932301490
93 0 0.0287332611589528
94 0 0.0414209557715884
95 0 0.0258635242853371
96 0 0.0417644279947251
97 0 0.0555181002592493
98 0 0.105745296264729
99 0 0.085651049020776
100 0 0.0464328794596717

death 1 M divorced
1 0 0.00544789244824184
2 0 0.00083835483135819
3 0 0.000387491423751052
4 0 0.000219848973258885
5 0 0.000208572430588916
6 0 0.000176671569581677
7 0 0.000164565534974237
8 0 0.000160140972956802
9 0 0.000134849969886108
10 0 0.000143863777755882
11 0 0.000133431211178481
12 0 0.000139690607437126
13 0 0.000121247489242360
14 0 0.000143696847264452
15 0 0.000144698434811685
16 0 0.000190198839702838
17 0 0.000207403091411984
18 0 0.000291383186290628
19 0 0.000317888536991884
20 0 0.000335702469075994
21 0 0.000474318759615011
22 0 0.000376445099498746
23 0 0.000344485270002304
24 0 0.000416117693583629
25 0 0.000351930404064005
26 0 0.000339801003879758
27 0 0.000373097993592197
28 0 0.000361969752791014
29 0 0.000366571491637546
30 0 0.000319728311943712
31 0 0.000332189586355724
32 0 0.000390169522765604
33 0 0.00037226123637768
34 0 0.000355611369823206
35 0 0.000358372191991307
36 0 0.000335953394466348
37 0 0.000383474423207408
38 0 0.000351428465739434
39 0 0.000415699115904666
40 0 0.000434118358003110
41 0 0.000402556757458705
42 0 0.000401468621898604
43 0 0.000502804808566792
44 0 0.000452541334432732
45 0 0.000557539838629828
46 0 0.000541023653172434
47 0 0.000581103655206805
48 0 0.000676091726304229
49 0 0.000694899728709175
50 0 0.000637732114124434
51 0 0.000729503189544678
52 0 0.00069280042824904
53 0 0.000871835071511673
54 0 0.000968812317181156
55 0 0.000893629094358306
56 0 0.00102231195982883
57 0 0.00115362493677107
58 0 0.00121550988576147
59 0 0.00144475852467707
60 0 0.00149921718327772
61 0 0.00162969508783639
62 0 0.00157380146861807
63 0 0.00185812227599291
64 0 0.00201902022694311
65 0 0.00205285360258789
66 0 0.00239581895261387
67 0 0.00251594111815046
68 0 0.00274910478268720
69 0 0.00320800107214447
70 0 0.00330863300945283
71 0 0.00384120489371964
72 0 0.00402116923290352
73 0 0.00466387747655372
74 0 0.00494760414199036
75 0 0.00566452058558253
76 0 0.00587909047074553
77 0 0.00712294611183972
78 0 0.00728256355066337
79 0 0.00890706427407373
80 0 0.0087521666390823
81 0 0.0105167303742421
82 0 0.0117695991866721
83 0 0.0132760884048487
84 0 0.0135617919052335
85 0 0.0160221445302613
86 0 0.0185550574601006
87 0 0.0205321140953809
88 0 0.0195592793505529
89 0 0.0243049866902274
90 0 0.0284744458077195
91 0 0.028798629594594
92 0 0.0281865932301490
93 0 0.0287332611589528
94 0 0.0414209557715884
95 0 0.0258635242853371
96 0 0.0417644279947251
97 0 0.0555181002592493
98 0 0.105745296264729
99 0 0.085651049020776
100 0 0.0464328794596717

death 1 M widowed
1 0 0.00544789244824184
2 0 0.00083835483135819
3 0 0.000387491423751052
4 0 0.000219848973258885
5 0 0.000208572430588916
6 0 0.000176671569581677
7 0 0.000164565534974237
8 0 0.000160140972956802
9 0 0.000134849969886108
10 0 0.000143863777755882
11 0 0.000133431211178481
12 0 0.000139690607437126
13 0 0.000121247489242360
14 0 0.000143696847264452
15 0 0.000144698434811685
16 0 0.000190198839702838
17 0 0.000207403091411984
18 0 0.000291383186290628
19 0 0.000317888536991884
20 0 0.000335702469075994
21 0 0.000474318759615011
22 0 0.000376445099498746
23 0 0.000344485270002304
24 0 0.000416117693583629
25 0 0.000351930404064005
26 0 0.000339801003879758
27 0 0.000373097993592197
28 0 0.000361969752791014
29 0 0.000366571491637546
30 0 0.000319728311943712
31 0 0.000332189586355724
32 0 0.000390169522765604
33 0 0.00037226123637768
34 0 0.000355611369823206
35 0 0.000358372191991307
36 0 0.000335953394466348
37 0 0.000383474423207408
38 0 0.000351428465739434
39 0 0.000415699115904666
40 0 0.000434118358003110
41 0 0.000402556757458705
42 0 0.000401468621898604
43 0 0.000502804808566792
44 0 0.000452541334432732
45 0 0.000557539838629828
46 0 0.000541023653172434
47 0 0.000581103655206805
48 0 0.000676091726304229
49 0 0.000694899728709175
50 0 0.000637732114124434
51 0 0.000729503189544678
52 0 0.00069280042824904
53 0 0.000871835071511673
54 0 0.000968812317181156
55 0 0.000893629094358306
56 0 0.00102231195982883
57 0 0.00115362493677107
58 0 0.00121550988576147
59 0 0.00144475852467707
60 0 0.00149921718327772
61 0 0.00162969508783639
62 0 0.00157380146861807
63 0 0.00185812227599291
64 0 0.00201902022694311
65 0 0.00205285360258789
66 0 0.00239581895261387
67 0 0.00251594111815046
68 0 0.00274910478268720
69 0 0.00320800107214447
70 0 0.00330863300945283
71 0 0.00384120489371964
72 0 0.00402116923290352
73 0 0.00466387747655372
74 0 0.00494760414199036
75 0 0.00566452058558253
76 0 0.00587909047074553
77 0 0.00712294611183972
78 0 0.00728256355066337
79 0 0.00890706427407373
80 0 0.0087521666390823
81 0 0.0105167303742421
82 0 0.0117695991866721
83 0 0.0132760884048487
84 0 0.0135617919052335
85 0 0.0160221445302613
86 0 0.0185550574601006
87 0 0.0205321140953809
88 0 0.0195592793505529
89 0 0.0243049866902274
90 0 0.0284744458077195
91 0 0.028798629594594
92 0 0.0281865932301490
93 0 0.0287332611589528
94 0 0.0414209557715884
95 0 0.0258635242853371
96 0 0.0417644279947251
97 0 0.0555181002592493
98 0 0.105745296264729
99 0 0.085651049020776
100 0 0.0464328794596717

death 1 F married
1 0 0.00426479470819285
2 0 0.000738240127682643
3 0 0.000354105502173296
4 0 0.000246667705593784
5 0 0.000226782653323099
6 0 0.000172413401168914
7 0 0.000137604094123889
8 0 0.000111735307382288
9 0 0.000143112592958516
10 0 0.000147870201523848
11 0 0.000114739046749190
12 0 0.000130593760195308
13 0 0.000130343401125721
14 0 0.000131595203369583
15 0 0.000200387372256916
16 0 0.000228035784470504
17 0 0.000236139783039269
18 0 0.00026555417816887
19 0 0.000269565969733043
20 0 0.000304175024514741
21 0 0.000330851381036279
22 0 0.000293556835740061
23 0 0.000379039191373054
24 0 0.000330851381036279
25 0 0.000357870218085754
26 0 0.000322488044206648
27 0 0.000350340942213534
28 0 0.000355695029868763
29 0 0.000355862350190916
30 0 0.000337793535166164
31 0 0.000381549673372117
32 0 0.000307268745960765
33 0 0.000335786110795766
34 0 0.00035418916083263
35 0 0.000352181374265848
36 0 0.000368495924254808
37 0 0.00032098272531067
38 0 0.000366236811864096
39 0 0.000409839230837039
40 0 0.000391424908848359
41 0 0.000475742849987193
42 0 0.000444250532814716
43 0 0.000396111836795776
44 0 0.000407160552085450
45 0 0.000474234990288203
46 0 0.000482863636652953
47 0 0.00053465272924913
48 0 0.00054957480585649
49 0 0.000636976835786451
50 0 0.000635466297946863
51 0 0.00067861042938433
52 0 0.000747734099621256
53 0 0.000732359403794014
54 0 0.000757565187013975
55 0 0.000908610258448461
56 0 0.00097993090832471
57 0 0.00100512123677432
58 0 0.00102197485554911
59 0 0.00102028935291965
60 0 0.00104852564912838
61 0 0.00122708105664315
62 0 0.00136486592042939
63 0 0.00155447147528032
64 0 0.00160433089470779
65 0 0.00200368431359754
66 0 0.00215605086302362
67 0 0.00231927380979746
68 0 0.00236964094239234
69 0 0.00263193329253697
70 0 0.00309247699589021
71 0 0.00339345791331136
72 0 0.00385494197503633
73 0 0.00395986461382591
74 0 0.004517047831473
75 0 0.00515183291603005
76 0 0.00539065469217959
77 0 0.00657926562625577
78 0 0.00671404901304185
79 0 0.00789286182370086
80 0 0.009010201330919
81 0 0.00959138826252903
82 0 0.0109100992377947
83 0 0.0122838507587897
84 0 0.0130703275141683
85 0 0.0144472881955879
86 0 0.0162009903278356
87 0 0.0202271364923179
88 0 0.0187939654564798
89 0 0.0240555162148389
90 0 0.0235679857317200
91 0 0.0255309627463944
92 0 0.0287129367298951
93 0 0.0286299651524199
94 0 0.0375424629232287
95 0 0.0371724350696595
96 0 0.0441538836667679
97 0 0.0428939744287445
98 0 0.0627927967791676
99 0 0.0230877513100556
100 0 0.0582209979649656

death 1 F single
1 0 0.00426479470819285
2 0 0.000738240127682643
3 0 0.000354105502173296
4 0 0.000246667705593784
5 0 0.000226782653323099
6 0 0.000172413401168914
7 0 0.000137604094123889
8 0 0.000111735307382288
9 0 0.000143112592958516
10 0 0.000147870201523848
11 0 0.000114739046749190
12 0 0.000130593760195308
13 0 0.000130343401125721
14 0 0.000131595203369583
15 0 0.000200387372256916
16 0 0.000228035784470504
17 0 0.000236139783039269
18 0 0.00026555417816887
19 0 0.000269565969733043
20 0 0.000304175024514741
21 0 0.000330851381036279
22 0 0.000293556835740061
23 0 0.000379039191373054
24 0 0.000330851381036279
25 0 0.000357870218085754
26 0 0.000322488044206648
27 0 0.000350340942213534
28 0 0.000355695029868763
29 0 0.000355862350190916
30 0 0.000337793535166164
31 0 0.000381549673372117
32 0 0.000307268745960765
33 0 0.000335786110795766
34 0 0.00035418916083263
35 0 0.000352181374265848
36 0 0.000368495924254808
37 0 0.00032098272531067
38 0 0.000366236811864096
39 0 0.000409839230837039
40 0 0.000391424908848359
41 0 0.000475742849987193
42 0 0.000444250532814716
43 0 0.000396111836795776
44 0 0.000407160552085450
45 0 0.000474234990288203
46 0 0.000482863636652953
47 0 0.00053465272924913
48 0 0.00054957480585649
49 0 0.000636976835786451
50 0 0.000635466297946863
51 0 0.00067861042938433
52 0 0.000747734099621256
53 0 0.000732359403794014
54 0 0.000757565187013975
55 0 0.000908610258448461
56 0 0.00097993090832471
57 0 0.00100512123677432
58 0 0.00102197485554911
59 0 0.00102028935291965
60 0 0.00104852564912838
61 0 0.00122708105664315
62 0 0.00136486592042939
63 0 0.00155447147528032
64 0 0.00160433089470779
65 0 0.00200368431359754
66 0 0.00215605086302362
67 0 0.00231927380979746
68 0 0.00236964094239234
69 0 0.00263193329253697
70 0 0.00309247699589021
71 0 0.00339345791331136
72 0 0.00385494197503633
73 0 0.00395986461382591
74 0 0.004517047831473
75 0 0.00515183291603005
76 0 0.00539065469217959
77 0 0.00657926562625577
78 0 0.00671404901304185
79 0 0.00789286182370086
80 0 0.009010201330919
81 0 0.00959138826252903
82 0 0.0109100992377947
83 0 0.0122838507587897
84 0 0.0130703275141683
85 0 0.0144472881955879
86 0 0.0162009903278356
87 0 0.0202271364923179
88 0 0.0187939654564798
89 0 0.0240555162148389
90 0 0.0235679857317200
91 0 0.0255309627463944
92 0 0.0287129367298951
93 0 0.0286299651524199
94 0 0.0375424629232287
95 0 0.0371724350696595
96 0 0.0441538836667679
97 0 0.0428939744287445
98 0 0.0627927967791676
99 0 0.0230877513100556
100 0 0.0582209979649656

death 1 F divorced
1 0 0.00426479470819285
2 0 0.000738240127682643
3 0 0.000354105502173296
4 0 0.000246667705593784
5 0 0.000226782653323099
6 0 0.000172413401168914
7 0 0.000137604094123889
8 0 0.000111735307382288
9 0 0.000143112592958516
10 0 0.000147870201523848
11 0 0.000114739046749190
12 0 0.000130593760195308
13 0 0.000130343401125721
14 0 0.000131595203369583
15 0 0.000200387372256916
16 0 0.000228035784470504
17 0 0.000236139783039269
18 0 0.00026555417816887
19 0 0.000269565969733043
20 0 0.000304175024514741
21 0 0.000330851381036279
22 0 0.000293556835740061
23 0 0.000379039191373054
24 0 0.000330851381036279
25 0 0.000357870218085754
26 0 0.000322488044206648
27 0 0.000350340942213534
28 0 0.000355695029868763
29 0 0.000355862350190916
30 0 0.000337793535166164
31 0 0.000381549673372117
32 0 0.000307268745960765
33 0 0.000335786110795766
34 0 0.00035418916083263
35 0 0.000352181374265848
36 0 0.000368495924254808
37 0 0.00032098272531067
38 0 0.000366236811864096
39 0 0.000409839230837039
40 0 0.000391424908848359
41 0 0.000475742849987193
42 0 0.000444250532814716
43 0 0.000396111836795776
44 0 0.000407160552085450
45 0 0.000474234990288203
46 0 0.000482863636652953
47 0 0.00053465272924913
48 0 0.00054957480585649
49 0 0.000636976835786451
50 0 0.000635466297946863
51 0 0.00067861042938433
52 0 0.000747734099621256
53 0 0.000732359403794014
54 0 0.000757565187013975
55 0 0.000908610258448461
56 0 0.00097993090832471
57 0 0.00100512123677432
58 0 0.00102197485554911
59 0 0.00102028935291965
60 0 0.00104852564912838
61 0 0.00122708105664315
62 0 0.00136486592042939
63 0 0.00155447147528032
64 0 0.00160433089470779
65 0 0.00200368431359754
66 0 0.00215605086302362
67 0 0.00231927380979746
68 0 0.00236964094239234
69 0 0.00263193329253697
70 0 0.00309247699589021
71 0 0.00339345791331136
72 0 0.00385494197503633
73 0 0.00395986461382591
74 0 0.004517047831473
75 0 0.00515183291603005
76 0 0.00539065469217959
77 0 0.00657926562625577
78 0 0.00671404901304185
79 0 0.00789286182370086
80 0 0.009010201330919
81 0 0.00959138826252903
82 0 0.0109100992377947
83 0 0.0122838507587897
84 0 0.0130703275141683
85 0 0.0144472881955879
86 0 0.0162009903278356
87 0 0.0202271364923179
88 0 0.0187939654564798
89 0 0.0240555162148389
90 0 0.0235679857317200
91 0 0.0255309627463944
92 0 0.0287129367298951
93 0 0.0286299651524199
94 0 0.0375424629232287
95 0 0.0371724350696595
96 0 0.0441538836667679
97 0 0.0428939744287445
98 0 0.0627927967791676
99 0 0.0230877513100556
100 0 0.0582209979649656

death 1 F widowed
1 0 0.00426479470819285
2 0 0.000738240127682643
3 0 0.000354105502173296
4 0 0.000246667705593784
5 0 0.000226782653323099
6 0 0.000172413401168914
7 0 0.000137604094123889
8 0 0.000111735307382288
9 0 0.000143112592958516
10 0 0.000147870201523848
11 0 0.000114739046749190
12 0 0.000130593760195308
13 0 0.000130343401125721
14 0 0.000131595203369583
15 0 0.000200387372256916
16 0 0.000228035784470504
17 0 0.000236139783039269
18 0 0.00026555417816887
19 0 0.000269565969733043
20 0 0.000304175024514741
21 0 0.000330851381036279
22 0 0.000293556835740061
23 0 0.000379039191373054
24 0 0.000330851381036279
25 0 0.000357870218085754
26 0 0.000322488044206648
27 0 0.000350340942213534
28 0 0.000355695029868763
29 0 0.000355862350190916
30 0 0.000337793535166164
31 0 0.000381549673372117
32 0 0.000307268745960765
33 0 0.000335786110795766
34 0 0.00035418916083263
35 0 0.000352181374265848
36 0 0.000368495924254808
37 0 0.00032098272531067
38 0 0.000366236811864096
39 0 0.000409839230837039
40 0 0.000391424908848359
41 0 0.000475742849987193
42 0 0.000444250532814716
43 0 0.000396111836795776
44 0 0.000407160552085450
45 0 0.000474234990288203
46 0 0.000482863636652953
47 0 0.00053465272924913
48 0 0.00054957480585649
49 0 0.000636976835786451
50 0 0.000635466297946863
51 0 0.00067861042938433
52 0 0.000747734099621256
53 0 0.000732359403794014
54 0 0.000757565187013975
55 0 0.000908610258448461
56 0 0.00097993090832471
57 0 0.00100512123677432
58 0 0.00102197485554911
59 0 0.00102028935291965
60 0 0.00104852564912838
61 0 0.00122708105664315
62 0 0.00136486592042939
63 0 0.00155447147528032
64 0 0.00160433089470779
65 0 0.00200368431359754
66 0 0.00215605086302362
67 0 0.00231927380979746
68 0 0.00236964094239234
69 0 0.00263193329253697
70 0 0.00309247699589021
71 0 0.00339345791331136
72 0 0.00385494197503633
73 0 0.00395986461382591
74 0 0.004517047831473
75 0 0.00515183291603005
76 0 0.00539065469217959
77 0 0.00657926562625577
78 0 0.00671404901304185
79 0 0.00789286182370086
80 0 0.009010201330919
81 0 0.00959138826252903
82 0 0.0109100992377947
83 0 0.0122838507587897
84 0 0.0130703275141683
85 0 0.0144472881955879
86 0 0.0162009903278356
87 0 0.0202271364923179
88 0 0.0187939654564798
89 0 0.0240555162148389
90 0 0.0235679857317200
91 0 0.0255309627463944
92 0 0.0287129367298951
93 0 0.0286299651524199
94 0 0.0375424629232287
95 0 0.0371724350696595
96 0 0.0441538836667679
97 0 0.0428939744287445
98 0 0.0627927967791676
99 0 0.0230877513100556
100 0 0.0582209979649656
