*Period monthly mortality rates for SWE in 2067 
* Mon Dec 20 14:21:52 2010
death 1 M married
1 0 0.000165984779734729
2 0 0.0000166681946396352
3 0 0.00000500013750526218
4 0 0.00000416676215586609
5 0 0.00000333339444602565
6 0 0.00000333339444602565
7 0 0.00000250003437562984
8 0 0.00000250003437562984
9 0 0.00000250003437562984
10 0 0.00000250003437562984
11 0 0.00000250003437562984
12 0 0.00000333339444602565
13 0 0.00000250003437562984
14 0 0.00000416676215586609
15 0 0.00000416676215586609
16 0 0.00000666691112360951
17 0 0.00000916712885190574
18 0 0.0000116674153447516
19 0 0.0000141677706060328
20 0 0.0000200022003373768
21 0 0.0000233363283135279
22 0 0.0000250034381590325
23 0 0.0000258370045466139
24 0 0.0000250034381590325
25 0 0.0000241698794146705
26 0 0.0000241698794146705
27 0 0.0000241698794146705
28 0 0.0000225027848553827
29 0 0.0000225027848553827
30 0 0.0000216692490401238
31 0 0.0000225027848553827
32 0 0.0000208357208674181
33 0 0.0000216692490401238
34 0 0.0000233363283135279
35 0 0.0000241698794146705
36 0 0.0000258370045466139
37 0 0.0000275041602521009
38 0 0.0000283377495704507
39 0 0.0000316721832838152
40 0 0.0000341730888351321
41 0 0.0000366740631904117
42 0 0.0000400088026996093
43 0 0.0000441773991204375
44 0 0.0000500137552731372
45 0 0.0000533489841776369
46 0 0.0000591859292243813
47 0 0.0000650232490866376
48 0 0.000070860943814588
49 0 0.0000800352216044908
50 0 0.000086708005247571
51 0 0.000095049673682679
52 0 0.000108397935606575
53 0 0.000118410418553538
54 0 0.000135934917957492
55 0 0.000145950434766062
56 0 0.000160140972956802
57 0 0.000177673520552979
58 0 0.000198550011486498
59 0 0.000210242941224514
60 0 0.000236139783039269
61 0 0.000253686998195723
62 0 0.000281268040052463
63 0 0.000312202195326683
64 0 0.000343146883615142
65 0 0.000384143910967083
66 0 0.000417624589193033
67 0 0.000458655238387728
68 0 0.000513112255822956
69 0 0.000562570745430535
70 0 0.000623802434801979
71 0 0.000695151648024361
72 0 0.000764876172548612
73 0 0.000856523480591731
74 0 0.00095584234764956
75 0 0.00107044643917442
76 0 0.00121897263629989
77 0 0.00134574951585698
78 0 0.00157354709987223
79 0 0.00180106780454503
80 0 0.00207092596487490
81 0 0.00240660032995466
82 0 0.00283117203643479
83 0 0.00335972596381595
84 0 0.00394358754871715
85 0 0.00475753453164862
86 0 0.00567463371589472
87 0 0.00679943515139092
88 0 0.00804583328438024
89 0 0.00967156894358157
90 0 0.0114245474613530
91 0 0.0135400057910502
92 0 0.0162986844505741
93 0 0.0195460249013120
94 0 0.0225320073000465
95 0 0.0263957513473644
96 0 0.0295447680038957
97 0 0.0349445699442268
98 0 0.0394831484325779
99 0 0.0435835962484538
100 0 0.0492284453291836

death 1 M single
1 0 0.000165984779734729
2 0 0.0000166681946396352
3 0 0.00000500013750526218
4 0 0.00000416676215586609
5 0 0.00000333339444602565
6 0 0.00000333339444602565
7 0 0.00000250003437562984
8 0 0.00000250003437562984
9 0 0.00000250003437562984
10 0 0.00000250003437562984
11 0 0.00000250003437562984
12 0 0.00000333339444602565
13 0 0.00000250003437562984
14 0 0.00000416676215586609
15 0 0.00000416676215586609
16 0 0.00000666691112360951
17 0 0.00000916712885190574
18 0 0.0000116674153447516
19 0 0.0000141677706060328
20 0 0.0000200022003373768
21 0 0.0000233363283135279
22 0 0.0000250034381590325
23 0 0.0000258370045466139
24 0 0.0000250034381590325
25 0 0.0000241698794146705
26 0 0.0000241698794146705
27 0 0.0000241698794146705
28 0 0.0000225027848553827
29 0 0.0000225027848553827
30 0 0.0000216692490401238
31 0 0.0000225027848553827
32 0 0.0000208357208674181
33 0 0.0000216692490401238
34 0 0.0000233363283135279
35 0 0.0000241698794146705
36 0 0.0000258370045466139
37 0 0.0000275041602521009
38 0 0.0000283377495704507
39 0 0.0000316721832838152
40 0 0.0000341730888351321
41 0 0.0000366740631904117
42 0 0.0000400088026996093
43 0 0.0000441773991204375
44 0 0.0000500137552731372
45 0 0.0000533489841776369
46 0 0.0000591859292243813
47 0 0.0000650232490866376
48 0 0.000070860943814588
49 0 0.0000800352216044908
50 0 0.000086708005247571
51 0 0.000095049673682679
52 0 0.000108397935606575
53 0 0.000118410418553538
54 0 0.000135934917957492
55 0 0.000145950434766062
56 0 0.000160140972956802
57 0 0.000177673520552979
58 0 0.000198550011486498
59 0 0.000210242941224514
60 0 0.000236139783039269
61 0 0.000253686998195723
62 0 0.000281268040052463
63 0 0.000312202195326683
64 0 0.000343146883615142
65 0 0.000384143910967083
66 0 0.000417624589193033
67 0 0.000458655238387728
68 0 0.000513112255822956
69 0 0.000562570745430535
70 0 0.000623802434801979
71 0 0.000695151648024361
72 0 0.000764876172548612
73 0 0.000856523480591731
74 0 0.00095584234764956
75 0 0.00107044643917442
76 0 0.00121897263629989
77 0 0.00134574951585698
78 0 0.00157354709987223
79 0 0.00180106780454503
80 0 0.00207092596487490
81 0 0.00240660032995466
82 0 0.00283117203643479
83 0 0.00335972596381595
84 0 0.00394358754871715
85 0 0.00475753453164862
86 0 0.00567463371589472
87 0 0.00679943515139092
88 0 0.00804583328438024
89 0 0.00967156894358157
90 0 0.0114245474613530
91 0 0.0135400057910502
92 0 0.0162986844505741
93 0 0.0195460249013120
94 0 0.0225320073000465
95 0 0.0263957513473644
96 0 0.0295447680038957
97 0 0.0349445699442268
98 0 0.0394831484325779
99 0 0.0435835962484538
100 0 0.0492284453291836

death 1 M divorced
1 0 0.000165984779734729
2 0 0.0000166681946396352
3 0 0.00000500013750526218
4 0 0.00000416676215586609
5 0 0.00000333339444602565
6 0 0.00000333339444602565
7 0 0.00000250003437562984
8 0 0.00000250003437562984
9 0 0.00000250003437562984
10 0 0.00000250003437562984
11 0 0.00000250003437562984
12 0 0.00000333339444602565
13 0 0.00000250003437562984
14 0 0.00000416676215586609
15 0 0.00000416676215586609
16 0 0.00000666691112360951
17 0 0.00000916712885190574
18 0 0.0000116674153447516
19 0 0.0000141677706060328
20 0 0.0000200022003373768
21 0 0.0000233363283135279
22 0 0.0000250034381590325
23 0 0.0000258370045466139
24 0 0.0000250034381590325
25 0 0.0000241698794146705
26 0 0.0000241698794146705
27 0 0.0000241698794146705
28 0 0.0000225027848553827
29 0 0.0000225027848553827
30 0 0.0000216692490401238
31 0 0.0000225027848553827
32 0 0.0000208357208674181
33 0 0.0000216692490401238
34 0 0.0000233363283135279
35 0 0.0000241698794146705
36 0 0.0000258370045466139
37 0 0.0000275041602521009
38 0 0.0000283377495704507
39 0 0.0000316721832838152
40 0 0.0000341730888351321
41 0 0.0000366740631904117
42 0 0.0000400088026996093
43 0 0.0000441773991204375
44 0 0.0000500137552731372
45 0 0.0000533489841776369
46 0 0.0000591859292243813
47 0 0.0000650232490866376
48 0 0.000070860943814588
49 0 0.0000800352216044908
50 0 0.000086708005247571
51 0 0.000095049673682679
52 0 0.000108397935606575
53 0 0.000118410418553538
54 0 0.000135934917957492
55 0 0.000145950434766062
56 0 0.000160140972956802
57 0 0.000177673520552979
58 0 0.000198550011486498
59 0 0.000210242941224514
60 0 0.000236139783039269
61 0 0.000253686998195723
62 0 0.000281268040052463
63 0 0.000312202195326683
64 0 0.000343146883615142
65 0 0.000384143910967083
66 0 0.000417624589193033
67 0 0.000458655238387728
68 0 0.000513112255822956
69 0 0.000562570745430535
70 0 0.000623802434801979
71 0 0.000695151648024361
72 0 0.000764876172548612
73 0 0.000856523480591731
74 0 0.00095584234764956
75 0 0.00107044643917442
76 0 0.00121897263629989
77 0 0.00134574951585698
78 0 0.00157354709987223
79 0 0.00180106780454503
80 0 0.00207092596487490
81 0 0.00240660032995466
82 0 0.00283117203643479
83 0 0.00335972596381595
84 0 0.00394358754871715
85 0 0.00475753453164862
86 0 0.00567463371589472
87 0 0.00679943515139092
88 0 0.00804583328438024
89 0 0.00967156894358157
90 0 0.0114245474613530
91 0 0.0135400057910502
92 0 0.0162986844505741
93 0 0.0195460249013120
94 0 0.0225320073000465
95 0 0.0263957513473644
96 0 0.0295447680038957
97 0 0.0349445699442268
98 0 0.0394831484325779
99 0 0.0435835962484538
100 0 0.0492284453291836

death 1 M widowed
1 0 0.000165984779734729
2 0 0.0000166681946396352
3 0 0.00000500013750526218
4 0 0.00000416676215586609
5 0 0.00000333339444602565
6 0 0.00000333339444602565
7 0 0.00000250003437562984
8 0 0.00000250003437562984
9 0 0.00000250003437562984
10 0 0.00000250003437562984
11 0 0.00000250003437562984
12 0 0.00000333339444602565
13 0 0.00000250003437562984
14 0 0.00000416676215586609
15 0 0.00000416676215586609
16 0 0.00000666691112360951
17 0 0.00000916712885190574
18 0 0.0000116674153447516
19 0 0.0000141677706060328
20 0 0.0000200022003373768
21 0 0.0000233363283135279
22 0 0.0000250034381590325
23 0 0.0000258370045466139
24 0 0.0000250034381590325
25 0 0.0000241698794146705
26 0 0.0000241698794146705
27 0 0.0000241698794146705
28 0 0.0000225027848553827
29 0 0.0000225027848553827
30 0 0.0000216692490401238
31 0 0.0000225027848553827
32 0 0.0000208357208674181
33 0 0.0000216692490401238
34 0 0.0000233363283135279
35 0 0.0000241698794146705
36 0 0.0000258370045466139
37 0 0.0000275041602521009
38 0 0.0000283377495704507
39 0 0.0000316721832838152
40 0 0.0000341730888351321
41 0 0.0000366740631904117
42 0 0.0000400088026996093
43 0 0.0000441773991204375
44 0 0.0000500137552731372
45 0 0.0000533489841776369
46 0 0.0000591859292243813
47 0 0.0000650232490866376
48 0 0.000070860943814588
49 0 0.0000800352216044908
50 0 0.000086708005247571
51 0 0.000095049673682679
52 0 0.000108397935606575
53 0 0.000118410418553538
54 0 0.000135934917957492
55 0 0.000145950434766062
56 0 0.000160140972956802
57 0 0.000177673520552979
58 0 0.000198550011486498
59 0 0.000210242941224514
60 0 0.000236139783039269
61 0 0.000253686998195723
62 0 0.000281268040052463
63 0 0.000312202195326683
64 0 0.000343146883615142
65 0 0.000384143910967083
66 0 0.000417624589193033
67 0 0.000458655238387728
68 0 0.000513112255822956
69 0 0.000562570745430535
70 0 0.000623802434801979
71 0 0.000695151648024361
72 0 0.000764876172548612
73 0 0.000856523480591731
74 0 0.00095584234764956
75 0 0.00107044643917442
76 0 0.00121897263629989
77 0 0.00134574951585698
78 0 0.00157354709987223
79 0 0.00180106780454503
80 0 0.00207092596487490
81 0 0.00240660032995466
82 0 0.00283117203643479
83 0 0.00335972596381595
84 0 0.00394358754871715
85 0 0.00475753453164862
86 0 0.00567463371589472
87 0 0.00679943515139092
88 0 0.00804583328438024
89 0 0.00967156894358157
90 0 0.0114245474613530
91 0 0.0135400057910502
92 0 0.0162986844505741
93 0 0.0195460249013120
94 0 0.0225320073000465
95 0 0.0263957513473644
96 0 0.0295447680038957
97 0 0.0349445699442268
98 0 0.0394831484325779
99 0 0.0435835962484538
100 0 0.0492284453291836

death 1 F married
1 0 0.000164315082316957
2 0 0.0000175016846010179
3 0 0.00000583352049443597
4 0 0.00000416676215586609
5 0 0.00000333339444602565
6 0 0.00000333339444602565
7 0 0.00000333339444602565
8 0 0.00000250003437562984
9 0 0.00000250003437562984
10 0 0.00000250003437562984
11 0 0.00000250003437562984
12 0 0.00000250003437562984
13 0 0.00000250003437562984
14 0 0.00000250003437562984
15 0 0.00000333339444602565
16 0 0.00000500013750526218
17 0 0.00000583352049443597
18 0 0.00000666691112360951
19 0 0.00000750030939278279
20 0 0.00000833371530217786
21 0 0.0000100005500421885
22 0 0.0000100005500421885
23 0 0.00000916712885190574
24 0 0.00000916712885190574
25 0 0.00000833371530217786
26 0 0.00000833371530217786
27 0 0.00000916712885190574
28 0 0.00000916712885190574
29 0 0.00000916712885190574
30 0 0.00000916712885190574
31 0 0.0000100005500421885
32 0 0.0000108339788730261
33 0 0.0000108339788730261
34 0 0.0000116674153447516
35 0 0.000012500859457365
36 0 0.0000141677706060328
37 0 0.0000166681946396352
38 0 0.0000175016846010179
39 0 0.0000183351822042876
40 0 0.0000191686874497776
41 0 0.0000200022003373768
42 0 0.0000225027848553827
43 0 0.0000266705785775256
44 0 0.0000283377495704507
45 0 0.0000333394460065861
46 0 0.0000383414176537977
47 0 0.0000441773991204375
48 0 0.0000508475510273554
49 0 0.0000608536966506534
50 0 0.0000716949308086079
51 0 0.0000842056539793745
52 0 0.0000958838826297104
53 0 0.000104226393189744
54 0 0.000113404039220888
55 0 0.000126754996901401
56 0 0.000141777168646939
57 0 0.000160140972956802
58 0 0.000176003608403419
59 0 0.000194374329680724
60 0 0.000207737186784573
61 0 0.000236139783039269
62 0 0.000261208270468494
63 0 0.000276252682558709
64 0 0.000308021288723315
65 0 0.000332273224842417
66 0 0.000370755092807151
67 0 0.000398371692003185
68 0 0.000436044221624798
69 0 0.000478758644453348
70 0 0.000518978804833314
71 0 0.000581858469204777
72 0 0.000638907004019584
73 0 0.000706068822767358
74 0 0.000787569185370485
75 0 0.000883446679927902
76 0 0.000986164653397181
77 0 0.00111008591587791
78 0 0.00126290191065015
79 0 0.00142359368018141
80 0 0.00164055550485087
81 0 0.00188015439118905
82 0 0.00218097225817782
83 0 0.00247080172963343
84 0 0.00287244857129654
85 0 0.00331390522990926
86 0 0.00401498464046113
87 0 0.00481200025508011
88 0 0.00574741064394457
89 0 0.0068893079669422
90 0 0.00821904678676066
91 0 0.00966044134524968
92 0 0.0116498842279045
93 0 0.0135061267965029
94 0 0.0158405761796470
95 0 0.0181988085316297
96 0 0.0211002189298144
97 0 0.0241746552933736
98 0 0.0280154471346503
99 0 0.0319688379976519
100 0 0.0350111436049779

death 1 F single
1 0 0.000164315082316957
2 0 0.0000175016846010179
3 0 0.00000583352049443597
4 0 0.00000416676215586609
5 0 0.00000333339444602565
6 0 0.00000333339444602565
7 0 0.00000333339444602565
8 0 0.00000250003437562984
9 0 0.00000250003437562984
10 0 0.00000250003437562984
11 0 0.00000250003437562984
12 0 0.00000250003437562984
13 0 0.00000250003437562984
14 0 0.00000250003437562984
15 0 0.00000333339444602565
16 0 0.00000500013750526218
17 0 0.00000583352049443597
18 0 0.00000666691112360951
19 0 0.00000750030939278279
20 0 0.00000833371530217786
21 0 0.0000100005500421885
22 0 0.0000100005500421885
23 0 0.00000916712885190574
24 0 0.00000916712885190574
25 0 0.00000833371530217786
26 0 0.00000833371530217786
27 0 0.00000916712885190574
28 0 0.00000916712885190574
29 0 0.00000916712885190574
30 0 0.00000916712885190574
31 0 0.0000100005500421885
32 0 0.0000108339788730261
33 0 0.0000108339788730261
34 0 0.0000116674153447516
35 0 0.000012500859457365
36 0 0.0000141677706060328
37 0 0.0000166681946396352
38 0 0.0000175016846010179
39 0 0.0000183351822042876
40 0 0.0000191686874497776
41 0 0.0000200022003373768
42 0 0.0000225027848553827
43 0 0.0000266705785775256
44 0 0.0000283377495704507
45 0 0.0000333394460065861
46 0 0.0000383414176537977
47 0 0.0000441773991204375
48 0 0.0000508475510273554
49 0 0.0000608536966506534
50 0 0.0000716949308086079
51 0 0.0000842056539793745
52 0 0.0000958838826297104
53 0 0.000104226393189744
54 0 0.000113404039220888
55 0 0.000126754996901401
56 0 0.000141777168646939
57 0 0.000160140972956802
58 0 0.000176003608403419
59 0 0.000194374329680724
60 0 0.000207737186784573
61 0 0.000236139783039269
62 0 0.000261208270468494
63 0 0.000276252682558709
64 0 0.000308021288723315
65 0 0.000332273224842417
66 0 0.000370755092807151
67 0 0.000398371692003185
68 0 0.000436044221624798
69 0 0.000478758644453348
70 0 0.000518978804833314
71 0 0.000581858469204777
72 0 0.000638907004019584
73 0 0.000706068822767358
74 0 0.000787569185370485
75 0 0.000883446679927902
76 0 0.000986164653397181
77 0 0.00111008591587791
78 0 0.00126290191065015
79 0 0.00142359368018141
80 0 0.00164055550485087
81 0 0.00188015439118905
82 0 0.00218097225817782
83 0 0.00247080172963343
84 0 0.00287244857129654
85 0 0.00331390522990926
86 0 0.00401498464046113
87 0 0.00481200025508011
88 0 0.00574741064394457
89 0 0.0068893079669422
90 0 0.00821904678676066
91 0 0.00966044134524968
92 0 0.0116498842279045
93 0 0.0135061267965029
94 0 0.0158405761796470
95 0 0.0181988085316297
96 0 0.0211002189298144
97 0 0.0241746552933736
98 0 0.0280154471346503
99 0 0.0319688379976519
100 0 0.0350111436049779

death 1 F divorced
1 0 0.000164315082316957
2 0 0.0000175016846010179
3 0 0.00000583352049443597
4 0 0.00000416676215586609
5 0 0.00000333339444602565
6 0 0.00000333339444602565
7 0 0.00000333339444602565
8 0 0.00000250003437562984
9 0 0.00000250003437562984
10 0 0.00000250003437562984
11 0 0.00000250003437562984
12 0 0.00000250003437562984
13 0 0.00000250003437562984
14 0 0.00000250003437562984
15 0 0.00000333339444602565
16 0 0.00000500013750526218
17 0 0.00000583352049443597
18 0 0.00000666691112360951
19 0 0.00000750030939278279
20 0 0.00000833371530217786
21 0 0.0000100005500421885
22 0 0.0000100005500421885
23 0 0.00000916712885190574
24 0 0.00000916712885190574
25 0 0.00000833371530217786
26 0 0.00000833371530217786
27 0 0.00000916712885190574
28 0 0.00000916712885190574
29 0 0.00000916712885190574
30 0 0.00000916712885190574
31 0 0.0000100005500421885
32 0 0.0000108339788730261
33 0 0.0000108339788730261
34 0 0.0000116674153447516
35 0 0.000012500859457365
36 0 0.0000141677706060328
37 0 0.0000166681946396352
38 0 0.0000175016846010179
39 0 0.0000183351822042876
40 0 0.0000191686874497776
41 0 0.0000200022003373768
42 0 0.0000225027848553827
43 0 0.0000266705785775256
44 0 0.0000283377495704507
45 0 0.0000333394460065861
46 0 0.0000383414176537977
47 0 0.0000441773991204375
48 0 0.0000508475510273554
49 0 0.0000608536966506534
50 0 0.0000716949308086079
51 0 0.0000842056539793745
52 0 0.0000958838826297104
53 0 0.000104226393189744
54 0 0.000113404039220888
55 0 0.000126754996901401
56 0 0.000141777168646939
57 0 0.000160140972956802
58 0 0.000176003608403419
59 0 0.000194374329680724
60 0 0.000207737186784573
61 0 0.000236139783039269
62 0 0.000261208270468494
63 0 0.000276252682558709
64 0 0.000308021288723315
65 0 0.000332273224842417
66 0 0.000370755092807151
67 0 0.000398371692003185
68 0 0.000436044221624798
69 0 0.000478758644453348
70 0 0.000518978804833314
71 0 0.000581858469204777
72 0 0.000638907004019584
73 0 0.000706068822767358
74 0 0.000787569185370485
75 0 0.000883446679927902
76 0 0.000986164653397181
77 0 0.00111008591587791
78 0 0.00126290191065015
79 0 0.00142359368018141
80 0 0.00164055550485087
81 0 0.00188015439118905
82 0 0.00218097225817782
83 0 0.00247080172963343
84 0 0.00287244857129654
85 0 0.00331390522990926
86 0 0.00401498464046113
87 0 0.00481200025508011
88 0 0.00574741064394457
89 0 0.0068893079669422
90 0 0.00821904678676066
91 0 0.00966044134524968
92 0 0.0116498842279045
93 0 0.0135061267965029
94 0 0.0158405761796470
95 0 0.0181988085316297
96 0 0.0211002189298144
97 0 0.0241746552933736
98 0 0.0280154471346503
99 0 0.0319688379976519
100 0 0.0350111436049779

death 1 F widowed
1 0 0.000164315082316957
2 0 0.0000175016846010179
3 0 0.00000583352049443597
4 0 0.00000416676215586609
5 0 0.00000333339444602565
6 0 0.00000333339444602565
7 0 0.00000333339444602565
8 0 0.00000250003437562984
9 0 0.00000250003437562984
10 0 0.00000250003437562984
11 0 0.00000250003437562984
12 0 0.00000250003437562984
13 0 0.00000250003437562984
14 0 0.00000250003437562984
15 0 0.00000333339444602565
16 0 0.00000500013750526218
17 0 0.00000583352049443597
18 0 0.00000666691112360951
19 0 0.00000750030939278279
20 0 0.00000833371530217786
21 0 0.0000100005500421885
22 0 0.0000100005500421885
23 0 0.00000916712885190574
24 0 0.00000916712885190574
25 0 0.00000833371530217786
26 0 0.00000833371530217786
27 0 0.00000916712885190574
28 0 0.00000916712885190574
29 0 0.00000916712885190574
30 0 0.00000916712885190574
31 0 0.0000100005500421885
32 0 0.0000108339788730261
33 0 0.0000108339788730261
34 0 0.0000116674153447516
35 0 0.000012500859457365
36 0 0.0000141677706060328
37 0 0.0000166681946396352
38 0 0.0000175016846010179
39 0 0.0000183351822042876
40 0 0.0000191686874497776
41 0 0.0000200022003373768
42 0 0.0000225027848553827
43 0 0.0000266705785775256
44 0 0.0000283377495704507
45 0 0.0000333394460065861
46 0 0.0000383414176537977
47 0 0.0000441773991204375
48 0 0.0000508475510273554
49 0 0.0000608536966506534
50 0 0.0000716949308086079
51 0 0.0000842056539793745
52 0 0.0000958838826297104
53 0 0.000104226393189744
54 0 0.000113404039220888
55 0 0.000126754996901401
56 0 0.000141777168646939
57 0 0.000160140972956802
58 0 0.000176003608403419
59 0 0.000194374329680724
60 0 0.000207737186784573
61 0 0.000236139783039269
62 0 0.000261208270468494
63 0 0.000276252682558709
64 0 0.000308021288723315
65 0 0.000332273224842417
66 0 0.000370755092807151
67 0 0.000398371692003185
68 0 0.000436044221624798
69 0 0.000478758644453348
70 0 0.000518978804833314
71 0 0.000581858469204777
72 0 0.000638907004019584
73 0 0.000706068822767358
74 0 0.000787569185370485
75 0 0.000883446679927902
76 0 0.000986164653397181
77 0 0.00111008591587791
78 0 0.00126290191065015
79 0 0.00142359368018141
80 0 0.00164055550485087
81 0 0.00188015439118905
82 0 0.00218097225817782
83 0 0.00247080172963343
84 0 0.00287244857129654
85 0 0.00331390522990926
86 0 0.00401498464046113
87 0 0.00481200025508011
88 0 0.00574741064394457
89 0 0.0068893079669422
90 0 0.00821904678676066
91 0 0.00966044134524968
92 0 0.0116498842279045
93 0 0.0135061267965029
94 0 0.0158405761796470
95 0 0.0181988085316297
96 0 0.0211002189298144
97 0 0.0241746552933736
98 0 0.0280154471346503
99 0 0.0319688379976519
100 0 0.0350111436049779
