*Period monthly mortality rates for SWE in 1982 
* Mon Dec 20 14:21:32 2010
death 1 M married
1 0 0.000595362312520109
2 0 0.0000373410013059239
3 0 0.0000285044683513425
4 0 0.0000256702906575867
5 0 0.0000307552018201651
6 0 0.0000165014975644917
7 0 0.0000111673525448053
8 0 0.0000180851321208708
9 0 0.0000220026624491165
10 0 0.0000116674153447516
11 0 0.0000143344634019327
12 0 0.00000725028910986136
13 0 0.0000134176568067357
14 0 0.0000116674153447516
15 0 0.0000124175147022676
16 0 0.000033089354648852
17 0 0.0000355069332620417
18 0 0.00004342703765714
19 0 0.0000667745181418544
20 0 0.0000694431834846743
21 0 0.0000734463284016718
22 0 0.0000824540490774739
23 0 0.0000589357667495349
24 0 0.0000664409404824706
25 0 0.000064189323299324
26 0 0.0000958004613904606
27 0 0.0000751977597391873
28 0 0.0000963009899740408
29 0 0.0000963844116725898
30 0 0.0000917963319376769
31 0 0.0000959673039454545
32 0 0.0000842056539793745
33 0 0.000096050725337693
34 0 0.000102390975172728
35 0 0.000127589496870306
36 0 0.000139523684609455
37 0 0.000135934917957492
38 0 0.000146033902042819
39 0 0.000161142741721632
40 0 0.000145700033395535
41 0 0.000162812380864907
42 0 0.000196879715743670
43 0 0.000215755844170995
44 0 0.000216257033747613
45 0 0.000238228559586440
46 0 0.000298155111656984
47 0 0.000287203237308242
48 0 0.000315881552247821
49 0 0.000359878130344438
50 0 0.000424154758938755
51 0 0.000412517988551908
52 0 0.000522415102303886
53 0 0.000529204267122663
54 0 0.000542448789399907
55 0 0.000607106416657843
56 0 0.000719087169092525
57 0 0.000838943573200801
58 0 0.000836588628725599
59 0 0.00095676871262218
60 0 0.00104119179688045
61 0 0.00114881436797998
62 0 0.00131665970386097
63 0 0.00150743540097187
64 0 0.00145703639588490
65 0 0.00176477908199113
66 0 0.00186246022320669
67 0 0.00205813854362014
68 0 0.00235416011963008
69 0 0.00259093758209061
70 0 0.00291744420239171
71 0 0.00314733041321813
72 0 0.0033458908474685
73 0 0.00400183289755907
74 0 0.00408844307064127
75 0 0.00477791141507533
76 0 0.00518888666565276
77 0 0.00563188241026014
78 0 0.00640773709658526
79 0 0.0072417525880325
80 0 0.00813969193603958
81 0 0.0090797313369717
82 0 0.00934637631965973
83 0 0.0107597911764645
84 0 0.0122683860171460
85 0 0.013196099921437
86 0 0.0140255889861535
87 0 0.0153658283527569
88 0 0.0171013300871498
89 0 0.0197289653642297
90 0 0.0210458669608503
91 0 0.0221255154525819
92 0 0.0264031333421765
93 0 0.0272001982280835
94 0 0.0312184036758935
95 0 0.0356606622888199
96 0 0.0396584200719592
97 0 0.0438394761150869
98 0 0.0451172841414106
99 0 0.0515208928853079
100 0 0.0626076221623892

death 1 M single
1 0 0.000595362312520109
2 0 0.0000373410013059239
3 0 0.0000285044683513425
4 0 0.0000256702906575867
5 0 0.0000307552018201651
6 0 0.0000165014975644917
7 0 0.0000111673525448053
8 0 0.0000180851321208708
9 0 0.0000220026624491165
10 0 0.0000116674153447516
11 0 0.0000143344634019327
12 0 0.00000725028910986136
13 0 0.0000134176568067357
14 0 0.0000116674153447516
15 0 0.0000124175147022676
16 0 0.000033089354648852
17 0 0.0000355069332620417
18 0 0.00004342703765714
19 0 0.0000667745181418544
20 0 0.0000694431834846743
21 0 0.0000734463284016718
22 0 0.0000824540490774739
23 0 0.0000589357667495349
24 0 0.0000664409404824706
25 0 0.000064189323299324
26 0 0.0000958004613904606
27 0 0.0000751977597391873
28 0 0.0000963009899740408
29 0 0.0000963844116725898
30 0 0.0000917963319376769
31 0 0.0000959673039454545
32 0 0.0000842056539793745
33 0 0.000096050725337693
34 0 0.000102390975172728
35 0 0.000127589496870306
36 0 0.000139523684609455
37 0 0.000135934917957492
38 0 0.000146033902042819
39 0 0.000161142741721632
40 0 0.000145700033395535
41 0 0.000162812380864907
42 0 0.000196879715743670
43 0 0.000215755844170995
44 0 0.000216257033747613
45 0 0.000238228559586440
46 0 0.000298155111656984
47 0 0.000287203237308242
48 0 0.000315881552247821
49 0 0.000359878130344438
50 0 0.000424154758938755
51 0 0.000412517988551908
52 0 0.000522415102303886
53 0 0.000529204267122663
54 0 0.000542448789399907
55 0 0.000607106416657843
56 0 0.000719087169092525
57 0 0.000838943573200801
58 0 0.000836588628725599
59 0 0.00095676871262218
60 0 0.00104119179688045
61 0 0.00114881436797998
62 0 0.00131665970386097
63 0 0.00150743540097187
64 0 0.00145703639588490
65 0 0.00176477908199113
66 0 0.00186246022320669
67 0 0.00205813854362014
68 0 0.00235416011963008
69 0 0.00259093758209061
70 0 0.00291744420239171
71 0 0.00314733041321813
72 0 0.0033458908474685
73 0 0.00400183289755907
74 0 0.00408844307064127
75 0 0.00477791141507533
76 0 0.00518888666565276
77 0 0.00563188241026014
78 0 0.00640773709658526
79 0 0.0072417525880325
80 0 0.00813969193603958
81 0 0.0090797313369717
82 0 0.00934637631965973
83 0 0.0107597911764645
84 0 0.0122683860171460
85 0 0.013196099921437
86 0 0.0140255889861535
87 0 0.0153658283527569
88 0 0.0171013300871498
89 0 0.0197289653642297
90 0 0.0210458669608503
91 0 0.0221255154525819
92 0 0.0264031333421765
93 0 0.0272001982280835
94 0 0.0312184036758935
95 0 0.0356606622888199
96 0 0.0396584200719592
97 0 0.0438394761150869
98 0 0.0451172841414106
99 0 0.0515208928853079
100 0 0.0626076221623892

death 1 M divorced
1 0 0.000595362312520109
2 0 0.0000373410013059239
3 0 0.0000285044683513425
4 0 0.0000256702906575867
5 0 0.0000307552018201651
6 0 0.0000165014975644917
7 0 0.0000111673525448053
8 0 0.0000180851321208708
9 0 0.0000220026624491165
10 0 0.0000116674153447516
11 0 0.0000143344634019327
12 0 0.00000725028910986136
13 0 0.0000134176568067357
14 0 0.0000116674153447516
15 0 0.0000124175147022676
16 0 0.000033089354648852
17 0 0.0000355069332620417
18 0 0.00004342703765714
19 0 0.0000667745181418544
20 0 0.0000694431834846743
21 0 0.0000734463284016718
22 0 0.0000824540490774739
23 0 0.0000589357667495349
24 0 0.0000664409404824706
25 0 0.000064189323299324
26 0 0.0000958004613904606
27 0 0.0000751977597391873
28 0 0.0000963009899740408
29 0 0.0000963844116725898
30 0 0.0000917963319376769
31 0 0.0000959673039454545
32 0 0.0000842056539793745
33 0 0.000096050725337693
34 0 0.000102390975172728
35 0 0.000127589496870306
36 0 0.000139523684609455
37 0 0.000135934917957492
38 0 0.000146033902042819
39 0 0.000161142741721632
40 0 0.000145700033395535
41 0 0.000162812380864907
42 0 0.000196879715743670
43 0 0.000215755844170995
44 0 0.000216257033747613
45 0 0.000238228559586440
46 0 0.000298155111656984
47 0 0.000287203237308242
48 0 0.000315881552247821
49 0 0.000359878130344438
50 0 0.000424154758938755
51 0 0.000412517988551908
52 0 0.000522415102303886
53 0 0.000529204267122663
54 0 0.000542448789399907
55 0 0.000607106416657843
56 0 0.000719087169092525
57 0 0.000838943573200801
58 0 0.000836588628725599
59 0 0.00095676871262218
60 0 0.00104119179688045
61 0 0.00114881436797998
62 0 0.00131665970386097
63 0 0.00150743540097187
64 0 0.00145703639588490
65 0 0.00176477908199113
66 0 0.00186246022320669
67 0 0.00205813854362014
68 0 0.00235416011963008
69 0 0.00259093758209061
70 0 0.00291744420239171
71 0 0.00314733041321813
72 0 0.0033458908474685
73 0 0.00400183289755907
74 0 0.00408844307064127
75 0 0.00477791141507533
76 0 0.00518888666565276
77 0 0.00563188241026014
78 0 0.00640773709658526
79 0 0.0072417525880325
80 0 0.00813969193603958
81 0 0.0090797313369717
82 0 0.00934637631965973
83 0 0.0107597911764645
84 0 0.0122683860171460
85 0 0.013196099921437
86 0 0.0140255889861535
87 0 0.0153658283527569
88 0 0.0171013300871498
89 0 0.0197289653642297
90 0 0.0210458669608503
91 0 0.0221255154525819
92 0 0.0264031333421765
93 0 0.0272001982280835
94 0 0.0312184036758935
95 0 0.0356606622888199
96 0 0.0396584200719592
97 0 0.0438394761150869
98 0 0.0451172841414106
99 0 0.0515208928853079
100 0 0.0626076221623892

death 1 M widowed
1 0 0.000595362312520109
2 0 0.0000373410013059239
3 0 0.0000285044683513425
4 0 0.0000256702906575867
5 0 0.0000307552018201651
6 0 0.0000165014975644917
7 0 0.0000111673525448053
8 0 0.0000180851321208708
9 0 0.0000220026624491165
10 0 0.0000116674153447516
11 0 0.0000143344634019327
12 0 0.00000725028910986136
13 0 0.0000134176568067357
14 0 0.0000116674153447516
15 0 0.0000124175147022676
16 0 0.000033089354648852
17 0 0.0000355069332620417
18 0 0.00004342703765714
19 0 0.0000667745181418544
20 0 0.0000694431834846743
21 0 0.0000734463284016718
22 0 0.0000824540490774739
23 0 0.0000589357667495349
24 0 0.0000664409404824706
25 0 0.000064189323299324
26 0 0.0000958004613904606
27 0 0.0000751977597391873
28 0 0.0000963009899740408
29 0 0.0000963844116725898
30 0 0.0000917963319376769
31 0 0.0000959673039454545
32 0 0.0000842056539793745
33 0 0.000096050725337693
34 0 0.000102390975172728
35 0 0.000127589496870306
36 0 0.000139523684609455
37 0 0.000135934917957492
38 0 0.000146033902042819
39 0 0.000161142741721632
40 0 0.000145700033395535
41 0 0.000162812380864907
42 0 0.000196879715743670
43 0 0.000215755844170995
44 0 0.000216257033747613
45 0 0.000238228559586440
46 0 0.000298155111656984
47 0 0.000287203237308242
48 0 0.000315881552247821
49 0 0.000359878130344438
50 0 0.000424154758938755
51 0 0.000412517988551908
52 0 0.000522415102303886
53 0 0.000529204267122663
54 0 0.000542448789399907
55 0 0.000607106416657843
56 0 0.000719087169092525
57 0 0.000838943573200801
58 0 0.000836588628725599
59 0 0.00095676871262218
60 0 0.00104119179688045
61 0 0.00114881436797998
62 0 0.00131665970386097
63 0 0.00150743540097187
64 0 0.00145703639588490
65 0 0.00176477908199113
66 0 0.00186246022320669
67 0 0.00205813854362014
68 0 0.00235416011963008
69 0 0.00259093758209061
70 0 0.00291744420239171
71 0 0.00314733041321813
72 0 0.0033458908474685
73 0 0.00400183289755907
74 0 0.00408844307064127
75 0 0.00477791141507533
76 0 0.00518888666565276
77 0 0.00563188241026014
78 0 0.00640773709658526
79 0 0.0072417525880325
80 0 0.00813969193603958
81 0 0.0090797313369717
82 0 0.00934637631965973
83 0 0.0107597911764645
84 0 0.0122683860171460
85 0 0.013196099921437
86 0 0.0140255889861535
87 0 0.0153658283527569
88 0 0.0171013300871498
89 0 0.0197289653642297
90 0 0.0210458669608503
91 0 0.0221255154525819
92 0 0.0264031333421765
93 0 0.0272001982280835
94 0 0.0312184036758935
95 0 0.0356606622888199
96 0 0.0396584200719592
97 0 0.0438394761150869
98 0 0.0451172841414106
99 0 0.0515208928853079
100 0 0.0626076221623892

death 1 F married
1 0 0.000539682368907002
2 0 0.0000337562664652902
3 0 0.0000175850340174977
4 0 0.0000232529736238218
5 0 0.0000215025427940940
6 0 0.0000139177319852246
7 0 0.0000100005500421885
8 0 0.0000125842042888458
9 0 0.0000138343859310552
10 0 0.0000122508254212228
11 0 0.0000105839494215498
12 0 0.0000137510399533802
13 0 0.0000110006655561490
14 0 0.0000107506356461506
15 0 0.0000130842748826687
16 0 0.0000321723588899703
17 0 0.0000221693696121905
18 0 0.0000193353894158976
19 0 0.0000100005500421885
20 0 0.0000303383951216762
21 0 0.0000155846691144435
22 0 0.0000394252144547691
23 0 0.0000250867944537880
24 0 0.000024753369733177
25 0 0.0000348400086022105
26 0 0.0000283377495704507
27 0 0.0000386748922163171
28 0 0.00004342703765714
29 0 0.0000415094753898337
30 0 0.0000261704332417123
31 0 0.0000377578401129508
32 0 0.0000483461867075707
33 0 0.000055683717221644
34 0 0.0000454280153232567
35 0 0.0000545163432041917
36 0 0.000061354032845129
37 0 0.000054933260775214
38 0 0.0000833715521976197
39 0 0.0000929641848083085
40 0 0.0000902114127544484
41 0 0.0000920465848611718
42 0 0.000079701595279924
43 0 0.000111818743246617
44 0 0.000138605614536935
45 0 0.000135267256073268
46 0 0.000142945663846650
47 0 0.000158888777526678
48 0 0.000186524567187818
49 0 0.000220016043667726
50 0 0.000206150244702274
51 0 0.000198466495970329
52 0 0.000241570701913885
53 0 0.00033536790296651
54 0 0.000308104904970574
55 0 0.000340135586309964
56 0 0.000418629200148568
57 0 0.000432862381978483
58 0 0.00040875100807114
59 0 0.000499201667864435
60 0 0.000493503969533515
61 0 0.00058143912732056
62 0 0.000576407175669646
63 0 0.000689189744931262
64 0 0.000753363737428181
65 0 0.00080581175384431
66 0 0.000922836235095703
67 0 0.000959800518597231
68 0 0.00118072079463716
69 0 0.00136901115864863
70 0 0.00135234675813356
71 0 0.00160280417949299
72 0 0.00175016570954867
73 0 0.00195369019950109
74 0 0.0022739758372875
75 0 0.00248202023835575
76 0 0.00285593570189535
77 0 0.00344745516883094
78 0 0.00348797424141878
79 0 0.00402909658180806
80 0 0.00469853771957951
81 0 0.00548798930157945
82 0 0.00595754979345386
83 0 0.0068233325884175
84 0 0.00790140900404646
85 0 0.00879651402085457
86 0 0.0101428779966477
87 0 0.0108773858476962
88 0 0.0124461046364468
89 0 0.0137837306625280
90 0 0.0166843144939831
91 0 0.0168508270346746
92 0 0.0204882576318628
93 0 0.0214720920341345
94 0 0.0252296634665058
95 0 0.0284238493504102
96 0 0.0258350684667469
97 0 0.0304465543502024
98 0 0.035825819355327
99 0 0.0350852970766748
100 0 0.0376372164470683

death 1 F single
1 0 0.000539682368907002
2 0 0.0000337562664652902
3 0 0.0000175850340174977
4 0 0.0000232529736238218
5 0 0.0000215025427940940
6 0 0.0000139177319852246
7 0 0.0000100005500421885
8 0 0.0000125842042888458
9 0 0.0000138343859310552
10 0 0.0000122508254212228
11 0 0.0000105839494215498
12 0 0.0000137510399533802
13 0 0.0000110006655561490
14 0 0.0000107506356461506
15 0 0.0000130842748826687
16 0 0.0000321723588899703
17 0 0.0000221693696121905
18 0 0.0000193353894158976
19 0 0.0000100005500421885
20 0 0.0000303383951216762
21 0 0.0000155846691144435
22 0 0.0000394252144547691
23 0 0.0000250867944537880
24 0 0.000024753369733177
25 0 0.0000348400086022105
26 0 0.0000283377495704507
27 0 0.0000386748922163171
28 0 0.00004342703765714
29 0 0.0000415094753898337
30 0 0.0000261704332417123
31 0 0.0000377578401129508
32 0 0.0000483461867075707
33 0 0.000055683717221644
34 0 0.0000454280153232567
35 0 0.0000545163432041917
36 0 0.000061354032845129
37 0 0.000054933260775214
38 0 0.0000833715521976197
39 0 0.0000929641848083085
40 0 0.0000902114127544484
41 0 0.0000920465848611718
42 0 0.000079701595279924
43 0 0.000111818743246617
44 0 0.000138605614536935
45 0 0.000135267256073268
46 0 0.000142945663846650
47 0 0.000158888777526678
48 0 0.000186524567187818
49 0 0.000220016043667726
50 0 0.000206150244702274
51 0 0.000198466495970329
52 0 0.000241570701913885
53 0 0.00033536790296651
54 0 0.000308104904970574
55 0 0.000340135586309964
56 0 0.000418629200148568
57 0 0.000432862381978483
58 0 0.00040875100807114
59 0 0.000499201667864435
60 0 0.000493503969533515
61 0 0.00058143912732056
62 0 0.000576407175669646
63 0 0.000689189744931262
64 0 0.000753363737428181
65 0 0.00080581175384431
66 0 0.000922836235095703
67 0 0.000959800518597231
68 0 0.00118072079463716
69 0 0.00136901115864863
70 0 0.00135234675813356
71 0 0.00160280417949299
72 0 0.00175016570954867
73 0 0.00195369019950109
74 0 0.0022739758372875
75 0 0.00248202023835575
76 0 0.00285593570189535
77 0 0.00344745516883094
78 0 0.00348797424141878
79 0 0.00402909658180806
80 0 0.00469853771957951
81 0 0.00548798930157945
82 0 0.00595754979345386
83 0 0.0068233325884175
84 0 0.00790140900404646
85 0 0.00879651402085457
86 0 0.0101428779966477
87 0 0.0108773858476962
88 0 0.0124461046364468
89 0 0.0137837306625280
90 0 0.0166843144939831
91 0 0.0168508270346746
92 0 0.0204882576318628
93 0 0.0214720920341345
94 0 0.0252296634665058
95 0 0.0284238493504102
96 0 0.0258350684667469
97 0 0.0304465543502024
98 0 0.035825819355327
99 0 0.0350852970766748
100 0 0.0376372164470683

death 1 F divorced
1 0 0.000539682368907002
2 0 0.0000337562664652902
3 0 0.0000175850340174977
4 0 0.0000232529736238218
5 0 0.0000215025427940940
6 0 0.0000139177319852246
7 0 0.0000100005500421885
8 0 0.0000125842042888458
9 0 0.0000138343859310552
10 0 0.0000122508254212228
11 0 0.0000105839494215498
12 0 0.0000137510399533802
13 0 0.0000110006655561490
14 0 0.0000107506356461506
15 0 0.0000130842748826687
16 0 0.0000321723588899703
17 0 0.0000221693696121905
18 0 0.0000193353894158976
19 0 0.0000100005500421885
20 0 0.0000303383951216762
21 0 0.0000155846691144435
22 0 0.0000394252144547691
23 0 0.0000250867944537880
24 0 0.000024753369733177
25 0 0.0000348400086022105
26 0 0.0000283377495704507
27 0 0.0000386748922163171
28 0 0.00004342703765714
29 0 0.0000415094753898337
30 0 0.0000261704332417123
31 0 0.0000377578401129508
32 0 0.0000483461867075707
33 0 0.000055683717221644
34 0 0.0000454280153232567
35 0 0.0000545163432041917
36 0 0.000061354032845129
37 0 0.000054933260775214
38 0 0.0000833715521976197
39 0 0.0000929641848083085
40 0 0.0000902114127544484
41 0 0.0000920465848611718
42 0 0.000079701595279924
43 0 0.000111818743246617
44 0 0.000138605614536935
45 0 0.000135267256073268
46 0 0.000142945663846650
47 0 0.000158888777526678
48 0 0.000186524567187818
49 0 0.000220016043667726
50 0 0.000206150244702274
51 0 0.000198466495970329
52 0 0.000241570701913885
53 0 0.00033536790296651
54 0 0.000308104904970574
55 0 0.000340135586309964
56 0 0.000418629200148568
57 0 0.000432862381978483
58 0 0.00040875100807114
59 0 0.000499201667864435
60 0 0.000493503969533515
61 0 0.00058143912732056
62 0 0.000576407175669646
63 0 0.000689189744931262
64 0 0.000753363737428181
65 0 0.00080581175384431
66 0 0.000922836235095703
67 0 0.000959800518597231
68 0 0.00118072079463716
69 0 0.00136901115864863
70 0 0.00135234675813356
71 0 0.00160280417949299
72 0 0.00175016570954867
73 0 0.00195369019950109
74 0 0.0022739758372875
75 0 0.00248202023835575
76 0 0.00285593570189535
77 0 0.00344745516883094
78 0 0.00348797424141878
79 0 0.00402909658180806
80 0 0.00469853771957951
81 0 0.00548798930157945
82 0 0.00595754979345386
83 0 0.0068233325884175
84 0 0.00790140900404646
85 0 0.00879651402085457
86 0 0.0101428779966477
87 0 0.0108773858476962
88 0 0.0124461046364468
89 0 0.0137837306625280
90 0 0.0166843144939831
91 0 0.0168508270346746
92 0 0.0204882576318628
93 0 0.0214720920341345
94 0 0.0252296634665058
95 0 0.0284238493504102
96 0 0.0258350684667469
97 0 0.0304465543502024
98 0 0.035825819355327
99 0 0.0350852970766748
100 0 0.0376372164470683

death 1 F widowed
1 0 0.000539682368907002
2 0 0.0000337562664652902
3 0 0.0000175850340174977
4 0 0.0000232529736238218
5 0 0.0000215025427940940
6 0 0.0000139177319852246
7 0 0.0000100005500421885
8 0 0.0000125842042888458
9 0 0.0000138343859310552
10 0 0.0000122508254212228
11 0 0.0000105839494215498
12 0 0.0000137510399533802
13 0 0.0000110006655561490
14 0 0.0000107506356461506
15 0 0.0000130842748826687
16 0 0.0000321723588899703
17 0 0.0000221693696121905
18 0 0.0000193353894158976
19 0 0.0000100005500421885
20 0 0.0000303383951216762
21 0 0.0000155846691144435
22 0 0.0000394252144547691
23 0 0.0000250867944537880
24 0 0.000024753369733177
25 0 0.0000348400086022105
26 0 0.0000283377495704507
27 0 0.0000386748922163171
28 0 0.00004342703765714
29 0 0.0000415094753898337
30 0 0.0000261704332417123
31 0 0.0000377578401129508
32 0 0.0000483461867075707
33 0 0.000055683717221644
34 0 0.0000454280153232567
35 0 0.0000545163432041917
36 0 0.000061354032845129
37 0 0.000054933260775214
38 0 0.0000833715521976197
39 0 0.0000929641848083085
40 0 0.0000902114127544484
41 0 0.0000920465848611718
42 0 0.000079701595279924
43 0 0.000111818743246617
44 0 0.000138605614536935
45 0 0.000135267256073268
46 0 0.000142945663846650
47 0 0.000158888777526678
48 0 0.000186524567187818
49 0 0.000220016043667726
50 0 0.000206150244702274
51 0 0.000198466495970329
52 0 0.000241570701913885
53 0 0.00033536790296651
54 0 0.000308104904970574
55 0 0.000340135586309964
56 0 0.000418629200148568
57 0 0.000432862381978483
58 0 0.00040875100807114
59 0 0.000499201667864435
60 0 0.000493503969533515
61 0 0.00058143912732056
62 0 0.000576407175669646
63 0 0.000689189744931262
64 0 0.000753363737428181
65 0 0.00080581175384431
66 0 0.000922836235095703
67 0 0.000959800518597231
68 0 0.00118072079463716
69 0 0.00136901115864863
70 0 0.00135234675813356
71 0 0.00160280417949299
72 0 0.00175016570954867
73 0 0.00195369019950109
74 0 0.0022739758372875
75 0 0.00248202023835575
76 0 0.00285593570189535
77 0 0.00344745516883094
78 0 0.00348797424141878
79 0 0.00402909658180806
80 0 0.00469853771957951
81 0 0.00548798930157945
82 0 0.00595754979345386
83 0 0.0068233325884175
84 0 0.00790140900404646
85 0 0.00879651402085457
86 0 0.0101428779966477
87 0 0.0108773858476962
88 0 0.0124461046364468
89 0 0.0137837306625280
90 0 0.0166843144939831
91 0 0.0168508270346746
92 0 0.0204882576318628
93 0 0.0214720920341345
94 0 0.0252296634665058
95 0 0.0284238493504102
96 0 0.0258350684667469
97 0 0.0304465543502024
98 0 0.035825819355327
99 0 0.0350852970766748
100 0 0.0376372164470683
