*Period monthly mortality rates for SWE in 2062 
* Mon Dec 20 14:21:52 2010
death 1 M married
1 0 0.000174333726933429
2 0 0.0000175016846010179
3 0 0.00000583352049443597
4 0 0.00000416676215586609
5 0 0.00000333339444602565
6 0 0.00000333339444602565
7 0 0.00000333339444602565
8 0 0.00000250003437562984
9 0 0.00000250003437562984
10 0 0.00000250003437562984
11 0 0.00000333339444602565
12 0 0.00000333339444602565
13 0 0.00000333339444602565
14 0 0.00000416676215586609
15 0 0.00000500013750526218
16 0 0.00000666691112360951
17 0 0.00000916712885190574
18 0 0.0000116674153447516
19 0 0.0000150012376423092
20 0 0.0000208357208674181
21 0 0.0000241698794146705
22 0 0.0000258370045466139
23 0 0.0000266705785775256
24 0 0.0000258370045466139
25 0 0.0000258370045466139
26 0 0.0000250034381590325
27 0 0.0000250034381590325
28 0 0.0000233363283135279
29 0 0.0000233363283135279
30 0 0.0000233363283135279
31 0 0.0000241698794146705
32 0 0.0000225027848553827
33 0 0.0000233363283135279
34 0 0.0000250034381590325
35 0 0.0000250034381590325
36 0 0.0000275041602521009
37 0 0.0000291713465325749
38 0 0.0000300049511388067
39 0 0.0000333394460065861
40 0 0.0000358403974268784
41 0 0.0000383414176537977
42 0 0.0000416762183291786
43 0 0.0000466786487315352
44 0 0.0000525151654794387
45 0 0.000055850486162301
46 0 0.0000625214946752273
47 0 0.0000683590287403613
48 0 0.0000750309553007034
49 0 0.0000842056539793745
50 0 0.0000917129144495377
51 0 0.000100055042203562
52 0 0.000113404039220888
53 0 0.000124251542961140
54 0 0.000142611806542514
55 0 0.000153462796661064
56 0 0.000167654507824855
57 0 0.00018602354153463
58 0 0.000208572430588916
59 0 0.000221102008810981
60 0 0.000248673162449031
61 0 0.000266222797798643
62 0 0.000295479722820513
63 0 0.000328091394796726
64 0 0.000360714773546156
65 0 0.000405067889250321
66 0 0.000440231022489468
67 0 0.000483785191003339
68 0 0.000540772160864456
69 0 0.000592762037593619
70 0 0.000657371555145225
71 0 0.000732947459052058
72 0 0.000806063980928307
73 0 0.000902802659984658
74 0 0.00100807039429152
75 0 0.00112864651152456
76 0 0.00128402932202842
77 0 0.00141766840787905
78 0 0.00165583016534587
79 0 0.00189291675017178
80 0 0.00217243676290857
81 0 0.00252048199679378
82 0 0.00295936271193675
83 0 0.00350425623749351
84 0 0.00410125865260091
85 0 0.00493334825972347
86 0 0.0058664650613649
87 0 0.00700807723883057
88 0 0.00826651064167117
89 0 0.00990742636555053
90 0 0.0116707422369297
91 0 0.0137920798389355
92 0 0.0165566543244757
93 0 0.0198021429879928
94 0 0.0227678865668409
95 0 0.0266174794753501
96 0 0.0297420205235962
97 0 0.0351370318650138
98 0 0.0396689553721421
99 0 0.0437620059206778
100 0 0.0493985020594053

death 1 M single
1 0 0.000174333726933429
2 0 0.0000175016846010179
3 0 0.00000583352049443597
4 0 0.00000416676215586609
5 0 0.00000333339444602565
6 0 0.00000333339444602565
7 0 0.00000333339444602565
8 0 0.00000250003437562984
9 0 0.00000250003437562984
10 0 0.00000250003437562984
11 0 0.00000333339444602565
12 0 0.00000333339444602565
13 0 0.00000333339444602565
14 0 0.00000416676215586609
15 0 0.00000500013750526218
16 0 0.00000666691112360951
17 0 0.00000916712885190574
18 0 0.0000116674153447516
19 0 0.0000150012376423092
20 0 0.0000208357208674181
21 0 0.0000241698794146705
22 0 0.0000258370045466139
23 0 0.0000266705785775256
24 0 0.0000258370045466139
25 0 0.0000258370045466139
26 0 0.0000250034381590325
27 0 0.0000250034381590325
28 0 0.0000233363283135279
29 0 0.0000233363283135279
30 0 0.0000233363283135279
31 0 0.0000241698794146705
32 0 0.0000225027848553827
33 0 0.0000233363283135279
34 0 0.0000250034381590325
35 0 0.0000250034381590325
36 0 0.0000275041602521009
37 0 0.0000291713465325749
38 0 0.0000300049511388067
39 0 0.0000333394460065861
40 0 0.0000358403974268784
41 0 0.0000383414176537977
42 0 0.0000416762183291786
43 0 0.0000466786487315352
44 0 0.0000525151654794387
45 0 0.000055850486162301
46 0 0.0000625214946752273
47 0 0.0000683590287403613
48 0 0.0000750309553007034
49 0 0.0000842056539793745
50 0 0.0000917129144495377
51 0 0.000100055042203562
52 0 0.000113404039220888
53 0 0.000124251542961140
54 0 0.000142611806542514
55 0 0.000153462796661064
56 0 0.000167654507824855
57 0 0.00018602354153463
58 0 0.000208572430588916
59 0 0.000221102008810981
60 0 0.000248673162449031
61 0 0.000266222797798643
62 0 0.000295479722820513
63 0 0.000328091394796726
64 0 0.000360714773546156
65 0 0.000405067889250321
66 0 0.000440231022489468
67 0 0.000483785191003339
68 0 0.000540772160864456
69 0 0.000592762037593619
70 0 0.000657371555145225
71 0 0.000732947459052058
72 0 0.000806063980928307
73 0 0.000902802659984658
74 0 0.00100807039429152
75 0 0.00112864651152456
76 0 0.00128402932202842
77 0 0.00141766840787905
78 0 0.00165583016534587
79 0 0.00189291675017178
80 0 0.00217243676290857
81 0 0.00252048199679378
82 0 0.00295936271193675
83 0 0.00350425623749351
84 0 0.00410125865260091
85 0 0.00493334825972347
86 0 0.0058664650613649
87 0 0.00700807723883057
88 0 0.00826651064167117
89 0 0.00990742636555053
90 0 0.0116707422369297
91 0 0.0137920798389355
92 0 0.0165566543244757
93 0 0.0198021429879928
94 0 0.0227678865668409
95 0 0.0266174794753501
96 0 0.0297420205235962
97 0 0.0351370318650138
98 0 0.0396689553721421
99 0 0.0437620059206778
100 0 0.0493985020594053

death 1 M divorced
1 0 0.000174333726933429
2 0 0.0000175016846010179
3 0 0.00000583352049443597
4 0 0.00000416676215586609
5 0 0.00000333339444602565
6 0 0.00000333339444602565
7 0 0.00000333339444602565
8 0 0.00000250003437562984
9 0 0.00000250003437562984
10 0 0.00000250003437562984
11 0 0.00000333339444602565
12 0 0.00000333339444602565
13 0 0.00000333339444602565
14 0 0.00000416676215586609
15 0 0.00000500013750526218
16 0 0.00000666691112360951
17 0 0.00000916712885190574
18 0 0.0000116674153447516
19 0 0.0000150012376423092
20 0 0.0000208357208674181
21 0 0.0000241698794146705
22 0 0.0000258370045466139
23 0 0.0000266705785775256
24 0 0.0000258370045466139
25 0 0.0000258370045466139
26 0 0.0000250034381590325
27 0 0.0000250034381590325
28 0 0.0000233363283135279
29 0 0.0000233363283135279
30 0 0.0000233363283135279
31 0 0.0000241698794146705
32 0 0.0000225027848553827
33 0 0.0000233363283135279
34 0 0.0000250034381590325
35 0 0.0000250034381590325
36 0 0.0000275041602521009
37 0 0.0000291713465325749
38 0 0.0000300049511388067
39 0 0.0000333394460065861
40 0 0.0000358403974268784
41 0 0.0000383414176537977
42 0 0.0000416762183291786
43 0 0.0000466786487315352
44 0 0.0000525151654794387
45 0 0.000055850486162301
46 0 0.0000625214946752273
47 0 0.0000683590287403613
48 0 0.0000750309553007034
49 0 0.0000842056539793745
50 0 0.0000917129144495377
51 0 0.000100055042203562
52 0 0.000113404039220888
53 0 0.000124251542961140
54 0 0.000142611806542514
55 0 0.000153462796661064
56 0 0.000167654507824855
57 0 0.00018602354153463
58 0 0.000208572430588916
59 0 0.000221102008810981
60 0 0.000248673162449031
61 0 0.000266222797798643
62 0 0.000295479722820513
63 0 0.000328091394796726
64 0 0.000360714773546156
65 0 0.000405067889250321
66 0 0.000440231022489468
67 0 0.000483785191003339
68 0 0.000540772160864456
69 0 0.000592762037593619
70 0 0.000657371555145225
71 0 0.000732947459052058
72 0 0.000806063980928307
73 0 0.000902802659984658
74 0 0.00100807039429152
75 0 0.00112864651152456
76 0 0.00128402932202842
77 0 0.00141766840787905
78 0 0.00165583016534587
79 0 0.00189291675017178
80 0 0.00217243676290857
81 0 0.00252048199679378
82 0 0.00295936271193675
83 0 0.00350425623749351
84 0 0.00410125865260091
85 0 0.00493334825972347
86 0 0.0058664650613649
87 0 0.00700807723883057
88 0 0.00826651064167117
89 0 0.00990742636555053
90 0 0.0116707422369297
91 0 0.0137920798389355
92 0 0.0165566543244757
93 0 0.0198021429879928
94 0 0.0227678865668409
95 0 0.0266174794753501
96 0 0.0297420205235962
97 0 0.0351370318650138
98 0 0.0396689553721421
99 0 0.0437620059206778
100 0 0.0493985020594053

death 1 M widowed
1 0 0.000174333726933429
2 0 0.0000175016846010179
3 0 0.00000583352049443597
4 0 0.00000416676215586609
5 0 0.00000333339444602565
6 0 0.00000333339444602565
7 0 0.00000333339444602565
8 0 0.00000250003437562984
9 0 0.00000250003437562984
10 0 0.00000250003437562984
11 0 0.00000333339444602565
12 0 0.00000333339444602565
13 0 0.00000333339444602565
14 0 0.00000416676215586609
15 0 0.00000500013750526218
16 0 0.00000666691112360951
17 0 0.00000916712885190574
18 0 0.0000116674153447516
19 0 0.0000150012376423092
20 0 0.0000208357208674181
21 0 0.0000241698794146705
22 0 0.0000258370045466139
23 0 0.0000266705785775256
24 0 0.0000258370045466139
25 0 0.0000258370045466139
26 0 0.0000250034381590325
27 0 0.0000250034381590325
28 0 0.0000233363283135279
29 0 0.0000233363283135279
30 0 0.0000233363283135279
31 0 0.0000241698794146705
32 0 0.0000225027848553827
33 0 0.0000233363283135279
34 0 0.0000250034381590325
35 0 0.0000250034381590325
36 0 0.0000275041602521009
37 0 0.0000291713465325749
38 0 0.0000300049511388067
39 0 0.0000333394460065861
40 0 0.0000358403974268784
41 0 0.0000383414176537977
42 0 0.0000416762183291786
43 0 0.0000466786487315352
44 0 0.0000525151654794387
45 0 0.000055850486162301
46 0 0.0000625214946752273
47 0 0.0000683590287403613
48 0 0.0000750309553007034
49 0 0.0000842056539793745
50 0 0.0000917129144495377
51 0 0.000100055042203562
52 0 0.000113404039220888
53 0 0.000124251542961140
54 0 0.000142611806542514
55 0 0.000153462796661064
56 0 0.000167654507824855
57 0 0.00018602354153463
58 0 0.000208572430588916
59 0 0.000221102008810981
60 0 0.000248673162449031
61 0 0.000266222797798643
62 0 0.000295479722820513
63 0 0.000328091394796726
64 0 0.000360714773546156
65 0 0.000405067889250321
66 0 0.000440231022489468
67 0 0.000483785191003339
68 0 0.000540772160864456
69 0 0.000592762037593619
70 0 0.000657371555145225
71 0 0.000732947459052058
72 0 0.000806063980928307
73 0 0.000902802659984658
74 0 0.00100807039429152
75 0 0.00112864651152456
76 0 0.00128402932202842
77 0 0.00141766840787905
78 0 0.00165583016534587
79 0 0.00189291675017178
80 0 0.00217243676290857
81 0 0.00252048199679378
82 0 0.00295936271193675
83 0 0.00350425623749351
84 0 0.00410125865260091
85 0 0.00493334825972347
86 0 0.0058664650613649
87 0 0.00700807723883057
88 0 0.00826651064167117
89 0 0.00990742636555053
90 0 0.0116707422369297
91 0 0.0137920798389355
92 0 0.0165566543244757
93 0 0.0198021429879928
94 0 0.0227678865668409
95 0 0.0266174794753501
96 0 0.0297420205235962
97 0 0.0351370318650138
98 0 0.0396689553721421
99 0 0.0437620059206778
100 0 0.0493985020594053

death 1 F married
1 0 0.000172663876141788
2 0 0.0000183351822042876
3 0 0.00000583352049443597
4 0 0.00000416676215586609
5 0 0.00000333339444602565
6 0 0.00000333339444602565
7 0 0.00000333339444602565
8 0 0.00000250003437562984
9 0 0.00000250003437562984
10 0 0.00000250003437562984
11 0 0.00000250003437562984
12 0 0.00000250003437562984
13 0 0.00000250003437562984
14 0 0.00000250003437562984
15 0 0.00000416676215586609
16 0 0.00000583352049443597
17 0 0.00000583352049443597
18 0 0.00000666691112360951
19 0 0.00000750030939278279
20 0 0.00000916712885190574
21 0 0.0000100005500421885
22 0 0.0000108339788730261
23 0 0.0000100005500421885
24 0 0.0000100005500421885
25 0 0.00000833371530217786
26 0 0.00000833371530217786
27 0 0.0000100005500421885
28 0 0.00000916712885190574
29 0 0.00000916712885190574
30 0 0.0000100005500421885
31 0 0.0000108339788730261
32 0 0.0000116674153447516
33 0 0.0000116674153447516
34 0 0.000012500859457365
35 0 0.0000133343112110884
36 0 0.0000150012376423092
37 0 0.0000175016846010179
38 0 0.0000183351822042876
39 0 0.0000200022003373768
40 0 0.0000208357208674181
41 0 0.0000216692490401238
42 0 0.0000233363283135279
43 0 0.0000283377495704507
44 0 0.0000300049511388067
45 0 0.0000350067393084519
46 0 0.0000400088026996093
47 0 0.0000458448912142861
48 0 0.0000525151654794387
49 0 0.000064189323299324
50 0 0.0000750309553007034
51 0 0.000086708005247571
52 0 0.0000992207949763735
53 0 0.000107563611807859
54 0 0.000116741594805347
55 0 0.000130927573360862
56 0 0.000146785110982983
57 0 0.000165984779734729
58 0 0.00018184843515745
59 0 0.000200220337924772
60 0 0.000215254657358166
61 0 0.000244495177269322
62 0 0.000269565969733043
63 0 0.000285447716062204
64 0 0.000318892045984898
65 0 0.000343146883615142
66 0 0.000383307052038151
67 0 0.00041176457996317
68 0 0.000451117607631391
69 0 0.000494676995866028
70 0 0.000535742460881616
71 0 0.000601989156088334
72 0 0.000660729149487893
73 0 0.000729587194564396
74 0 0.000814471951187667
75 0 0.000912903069911875
76 0 0.00101902524647612
77 0 0.00114721090168135
78 0 0.00130516165090644
79 0 0.00147185672818695
80 0 0.00169487709227212
81 0 0.00194313278564207
82 0 0.00225441069131205
83 0 0.00255390300421920
84 0 0.00296969468574593
85 0 0.0034237408722001
86 0 0.00413788460020348
87 0 0.00494830819439163
88 0 0.00589580851531257
89 0 0.00705130483616145
90 0 0.0083953365922489
91 0 0.00984886864085588
92 0 0.0118577323653398
93 0 0.013723173867785
94 0 0.0160723247464785
95 0 0.0184428992767701
96 0 0.0213460597066426
97 0 0.0244193206866142
98 0 0.028254984697446
99 0 0.0322002621738858
100 0 0.0352371308196222

death 1 F single
1 0 0.000172663876141788
2 0 0.0000183351822042876
3 0 0.00000583352049443597
4 0 0.00000416676215586609
5 0 0.00000333339444602565
6 0 0.00000333339444602565
7 0 0.00000333339444602565
8 0 0.00000250003437562984
9 0 0.00000250003437562984
10 0 0.00000250003437562984
11 0 0.00000250003437562984
12 0 0.00000250003437562984
13 0 0.00000250003437562984
14 0 0.00000250003437562984
15 0 0.00000416676215586609
16 0 0.00000583352049443597
17 0 0.00000583352049443597
18 0 0.00000666691112360951
19 0 0.00000750030939278279
20 0 0.00000916712885190574
21 0 0.0000100005500421885
22 0 0.0000108339788730261
23 0 0.0000100005500421885
24 0 0.0000100005500421885
25 0 0.00000833371530217786
26 0 0.00000833371530217786
27 0 0.0000100005500421885
28 0 0.00000916712885190574
29 0 0.00000916712885190574
30 0 0.0000100005500421885
31 0 0.0000108339788730261
32 0 0.0000116674153447516
33 0 0.0000116674153447516
34 0 0.000012500859457365
35 0 0.0000133343112110884
36 0 0.0000150012376423092
37 0 0.0000175016846010179
38 0 0.0000183351822042876
39 0 0.0000200022003373768
40 0 0.0000208357208674181
41 0 0.0000216692490401238
42 0 0.0000233363283135279
43 0 0.0000283377495704507
44 0 0.0000300049511388067
45 0 0.0000350067393084519
46 0 0.0000400088026996093
47 0 0.0000458448912142861
48 0 0.0000525151654794387
49 0 0.000064189323299324
50 0 0.0000750309553007034
51 0 0.000086708005247571
52 0 0.0000992207949763735
53 0 0.000107563611807859
54 0 0.000116741594805347
55 0 0.000130927573360862
56 0 0.000146785110982983
57 0 0.000165984779734729
58 0 0.00018184843515745
59 0 0.000200220337924772
60 0 0.000215254657358166
61 0 0.000244495177269322
62 0 0.000269565969733043
63 0 0.000285447716062204
64 0 0.000318892045984898
65 0 0.000343146883615142
66 0 0.000383307052038151
67 0 0.00041176457996317
68 0 0.000451117607631391
69 0 0.000494676995866028
70 0 0.000535742460881616
71 0 0.000601989156088334
72 0 0.000660729149487893
73 0 0.000729587194564396
74 0 0.000814471951187667
75 0 0.000912903069911875
76 0 0.00101902524647612
77 0 0.00114721090168135
78 0 0.00130516165090644
79 0 0.00147185672818695
80 0 0.00169487709227212
81 0 0.00194313278564207
82 0 0.00225441069131205
83 0 0.00255390300421920
84 0 0.00296969468574593
85 0 0.0034237408722001
86 0 0.00413788460020348
87 0 0.00494830819439163
88 0 0.00589580851531257
89 0 0.00705130483616145
90 0 0.0083953365922489
91 0 0.00984886864085588
92 0 0.0118577323653398
93 0 0.013723173867785
94 0 0.0160723247464785
95 0 0.0184428992767701
96 0 0.0213460597066426
97 0 0.0244193206866142
98 0 0.028254984697446
99 0 0.0322002621738858
100 0 0.0352371308196222

death 1 F divorced
1 0 0.000172663876141788
2 0 0.0000183351822042876
3 0 0.00000583352049443597
4 0 0.00000416676215586609
5 0 0.00000333339444602565
6 0 0.00000333339444602565
7 0 0.00000333339444602565
8 0 0.00000250003437562984
9 0 0.00000250003437562984
10 0 0.00000250003437562984
11 0 0.00000250003437562984
12 0 0.00000250003437562984
13 0 0.00000250003437562984
14 0 0.00000250003437562984
15 0 0.00000416676215586609
16 0 0.00000583352049443597
17 0 0.00000583352049443597
18 0 0.00000666691112360951
19 0 0.00000750030939278279
20 0 0.00000916712885190574
21 0 0.0000100005500421885
22 0 0.0000108339788730261
23 0 0.0000100005500421885
24 0 0.0000100005500421885
25 0 0.00000833371530217786
26 0 0.00000833371530217786
27 0 0.0000100005500421885
28 0 0.00000916712885190574
29 0 0.00000916712885190574
30 0 0.0000100005500421885
31 0 0.0000108339788730261
32 0 0.0000116674153447516
33 0 0.0000116674153447516
34 0 0.000012500859457365
35 0 0.0000133343112110884
36 0 0.0000150012376423092
37 0 0.0000175016846010179
38 0 0.0000183351822042876
39 0 0.0000200022003373768
40 0 0.0000208357208674181
41 0 0.0000216692490401238
42 0 0.0000233363283135279
43 0 0.0000283377495704507
44 0 0.0000300049511388067
45 0 0.0000350067393084519
46 0 0.0000400088026996093
47 0 0.0000458448912142861
48 0 0.0000525151654794387
49 0 0.000064189323299324
50 0 0.0000750309553007034
51 0 0.000086708005247571
52 0 0.0000992207949763735
53 0 0.000107563611807859
54 0 0.000116741594805347
55 0 0.000130927573360862
56 0 0.000146785110982983
57 0 0.000165984779734729
58 0 0.00018184843515745
59 0 0.000200220337924772
60 0 0.000215254657358166
61 0 0.000244495177269322
62 0 0.000269565969733043
63 0 0.000285447716062204
64 0 0.000318892045984898
65 0 0.000343146883615142
66 0 0.000383307052038151
67 0 0.00041176457996317
68 0 0.000451117607631391
69 0 0.000494676995866028
70 0 0.000535742460881616
71 0 0.000601989156088334
72 0 0.000660729149487893
73 0 0.000729587194564396
74 0 0.000814471951187667
75 0 0.000912903069911875
76 0 0.00101902524647612
77 0 0.00114721090168135
78 0 0.00130516165090644
79 0 0.00147185672818695
80 0 0.00169487709227212
81 0 0.00194313278564207
82 0 0.00225441069131205
83 0 0.00255390300421920
84 0 0.00296969468574593
85 0 0.0034237408722001
86 0 0.00413788460020348
87 0 0.00494830819439163
88 0 0.00589580851531257
89 0 0.00705130483616145
90 0 0.0083953365922489
91 0 0.00984886864085588
92 0 0.0118577323653398
93 0 0.013723173867785
94 0 0.0160723247464785
95 0 0.0184428992767701
96 0 0.0213460597066426
97 0 0.0244193206866142
98 0 0.028254984697446
99 0 0.0322002621738858
100 0 0.0352371308196222

death 1 F widowed
1 0 0.000172663876141788
2 0 0.0000183351822042876
3 0 0.00000583352049443597
4 0 0.00000416676215586609
5 0 0.00000333339444602565
6 0 0.00000333339444602565
7 0 0.00000333339444602565
8 0 0.00000250003437562984
9 0 0.00000250003437562984
10 0 0.00000250003437562984
11 0 0.00000250003437562984
12 0 0.00000250003437562984
13 0 0.00000250003437562984
14 0 0.00000250003437562984
15 0 0.00000416676215586609
16 0 0.00000583352049443597
17 0 0.00000583352049443597
18 0 0.00000666691112360951
19 0 0.00000750030939278279
20 0 0.00000916712885190574
21 0 0.0000100005500421885
22 0 0.0000108339788730261
23 0 0.0000100005500421885
24 0 0.0000100005500421885
25 0 0.00000833371530217786
26 0 0.00000833371530217786
27 0 0.0000100005500421885
28 0 0.00000916712885190574
29 0 0.00000916712885190574
30 0 0.0000100005500421885
31 0 0.0000108339788730261
32 0 0.0000116674153447516
33 0 0.0000116674153447516
34 0 0.000012500859457365
35 0 0.0000133343112110884
36 0 0.0000150012376423092
37 0 0.0000175016846010179
38 0 0.0000183351822042876
39 0 0.0000200022003373768
40 0 0.0000208357208674181
41 0 0.0000216692490401238
42 0 0.0000233363283135279
43 0 0.0000283377495704507
44 0 0.0000300049511388067
45 0 0.0000350067393084519
46 0 0.0000400088026996093
47 0 0.0000458448912142861
48 0 0.0000525151654794387
49 0 0.000064189323299324
50 0 0.0000750309553007034
51 0 0.000086708005247571
52 0 0.0000992207949763735
53 0 0.000107563611807859
54 0 0.000116741594805347
55 0 0.000130927573360862
56 0 0.000146785110982983
57 0 0.000165984779734729
58 0 0.00018184843515745
59 0 0.000200220337924772
60 0 0.000215254657358166
61 0 0.000244495177269322
62 0 0.000269565969733043
63 0 0.000285447716062204
64 0 0.000318892045984898
65 0 0.000343146883615142
66 0 0.000383307052038151
67 0 0.00041176457996317
68 0 0.000451117607631391
69 0 0.000494676995866028
70 0 0.000535742460881616
71 0 0.000601989156088334
72 0 0.000660729149487893
73 0 0.000729587194564396
74 0 0.000814471951187667
75 0 0.000912903069911875
76 0 0.00101902524647612
77 0 0.00114721090168135
78 0 0.00130516165090644
79 0 0.00147185672818695
80 0 0.00169487709227212
81 0 0.00194313278564207
82 0 0.00225441069131205
83 0 0.00255390300421920
84 0 0.00296969468574593
85 0 0.0034237408722001
86 0 0.00413788460020348
87 0 0.00494830819439163
88 0 0.00589580851531257
89 0 0.00705130483616145
90 0 0.0083953365922489
91 0 0.00984886864085588
92 0 0.0118577323653398
93 0 0.013723173867785
94 0 0.0160723247464785
95 0 0.0184428992767701
96 0 0.0213460597066426
97 0 0.0244193206866142
98 0 0.028254984697446
99 0 0.0322002621738858
100 0 0.0352371308196222
