*Period monthly mortality rates for SWE in 2087 
* Mon Dec 20 14:21:52 2010
death 1 M married
1 0 0.000135934917957492
2 0 0.0000141677706060328
3 0 0.00000416676215586609
4 0 0.00000333339444602565
5 0 0.00000250003437562984
6 0 0.00000250003437562984
7 0 0.00000250003437562984
8 0 0.00000250003437562984
9 0 0.00000166668194467867
10 0 0.00000250003437562984
11 0 0.00000250003437562984
12 0 0.00000250003437562984
13 0 0.00000250003437562984
14 0 0.00000333339444602565
15 0 0.00000333339444602565
16 0 0.00000500013750526218
17 0 0.00000750030939278279
18 0 0.00000916712885190574
19 0 0.0000116674153447516
20 0 0.0000158347123201397
21 0 0.0000191686874497776
22 0 0.0000200022003373768
23 0 0.0000208357208674181
24 0 0.0000200022003373768
25 0 0.0000200022003373768
26 0 0.0000200022003373768
27 0 0.0000200022003373768
28 0 0.0000183351822042876
29 0 0.0000183351822042876
30 0 0.0000183351822042876
31 0 0.0000183351822042876
32 0 0.0000175016846010179
33 0 0.0000183351822042876
34 0 0.0000191686874497776
35 0 0.0000191686874497776
36 0 0.0000208357208674181
37 0 0.0000225027848553827
38 0 0.0000233363283135279
39 0 0.0000258370045466139
40 0 0.0000283377495704507
41 0 0.0000300049511388067
42 0 0.0000325058108229248
43 0 0.0000366740631904117
44 0 0.0000408425066913409
45 0 0.0000433436645435048
46 0 0.0000483461867075707
47 0 0.0000533489841776369
48 0 0.0000583520569852336
49 0 0.0000650232490866376
50 0 0.000070860943814588
51 0 0.0000775330540162544
52 0 0.0000883762776967556
53 0 0.0000967180992323957
54 0 0.000110900952950965
55 0 0.000119244841917165
56 0 0.000130927573360862
57 0 0.000145115766213677
58 0 0.000162645415570539
59 0 0.000171828962249876
60 0 0.000192704110671182
61 0 0.000206901950655758
62 0 0.000229456020658048
63 0 0.000255358338245082
64 0 0.000280432127916508
65 0 0.000313038399728627
66 0 0.000338128110205616
67 0 0.000370755092807151
68 0 0.000415113110393106
69 0 0.000455305103081116
70 0 0.000504732128525753
71 0 0.000562570745430535
72 0 0.000618768136389614
73 0 0.000692632486307909
74 0 0.000773280331120896
75 0 0.00086577743026095
76 0 0.000987849522813833
77 0 0.00109321593850065
78 0 0.00128487452075166
79 0 0.00147524457247405
80 0 0.00171101007460861
81 0 0.0020018952925549
82 0 0.00237237815833979
83 0 0.00284148940827056
84 0 0.00337269830435349
85 0 0.00411695367298548
86 0 0.00497031259366298
87 0 0.00602841741577442
88 0 0.00722081253317841
89 0 0.0087820046077014
90 0 0.0104951088887504
91 0 0.0125799122030913
92 0 0.0153097226461697
93 0 0.0185585390754549
94 0 0.0216127144918217
95 0 0.0255342855116824
96 0 0.0287693284411663
97 0 0.0341862463156375
98 0 0.0387528583016121
99 0 0.0428816924330736
100 0 0.0485544255298144

death 1 M single
1 0 0.000135934917957492
2 0 0.0000141677706060328
3 0 0.00000416676215586609
4 0 0.00000333339444602565
5 0 0.00000250003437562984
6 0 0.00000250003437562984
7 0 0.00000250003437562984
8 0 0.00000250003437562984
9 0 0.00000166668194467867
10 0 0.00000250003437562984
11 0 0.00000250003437562984
12 0 0.00000250003437562984
13 0 0.00000250003437562984
14 0 0.00000333339444602565
15 0 0.00000333339444602565
16 0 0.00000500013750526218
17 0 0.00000750030939278279
18 0 0.00000916712885190574
19 0 0.0000116674153447516
20 0 0.0000158347123201397
21 0 0.0000191686874497776
22 0 0.0000200022003373768
23 0 0.0000208357208674181
24 0 0.0000200022003373768
25 0 0.0000200022003373768
26 0 0.0000200022003373768
27 0 0.0000200022003373768
28 0 0.0000183351822042876
29 0 0.0000183351822042876
30 0 0.0000183351822042876
31 0 0.0000183351822042876
32 0 0.0000175016846010179
33 0 0.0000183351822042876
34 0 0.0000191686874497776
35 0 0.0000191686874497776
36 0 0.0000208357208674181
37 0 0.0000225027848553827
38 0 0.0000233363283135279
39 0 0.0000258370045466139
40 0 0.0000283377495704507
41 0 0.0000300049511388067
42 0 0.0000325058108229248
43 0 0.0000366740631904117
44 0 0.0000408425066913409
45 0 0.0000433436645435048
46 0 0.0000483461867075707
47 0 0.0000533489841776369
48 0 0.0000583520569852336
49 0 0.0000650232490866376
50 0 0.000070860943814588
51 0 0.0000775330540162544
52 0 0.0000883762776967556
53 0 0.0000967180992323957
54 0 0.000110900952950965
55 0 0.000119244841917165
56 0 0.000130927573360862
57 0 0.000145115766213677
58 0 0.000162645415570539
59 0 0.000171828962249876
60 0 0.000192704110671182
61 0 0.000206901950655758
62 0 0.000229456020658048
63 0 0.000255358338245082
64 0 0.000280432127916508
65 0 0.000313038399728627
66 0 0.000338128110205616
67 0 0.000370755092807151
68 0 0.000415113110393106
69 0 0.000455305103081116
70 0 0.000504732128525753
71 0 0.000562570745430535
72 0 0.000618768136389614
73 0 0.000692632486307909
74 0 0.000773280331120896
75 0 0.00086577743026095
76 0 0.000987849522813833
77 0 0.00109321593850065
78 0 0.00128487452075166
79 0 0.00147524457247405
80 0 0.00171101007460861
81 0 0.0020018952925549
82 0 0.00237237815833979
83 0 0.00284148940827056
84 0 0.00337269830435349
85 0 0.00411695367298548
86 0 0.00497031259366298
87 0 0.00602841741577442
88 0 0.00722081253317841
89 0 0.0087820046077014
90 0 0.0104951088887504
91 0 0.0125799122030913
92 0 0.0153097226461697
93 0 0.0185585390754549
94 0 0.0216127144918217
95 0 0.0255342855116824
96 0 0.0287693284411663
97 0 0.0341862463156375
98 0 0.0387528583016121
99 0 0.0428816924330736
100 0 0.0485544255298144

death 1 M divorced
1 0 0.000135934917957492
2 0 0.0000141677706060328
3 0 0.00000416676215586609
4 0 0.00000333339444602565
5 0 0.00000250003437562984
6 0 0.00000250003437562984
7 0 0.00000250003437562984
8 0 0.00000250003437562984
9 0 0.00000166668194467867
10 0 0.00000250003437562984
11 0 0.00000250003437562984
12 0 0.00000250003437562984
13 0 0.00000250003437562984
14 0 0.00000333339444602565
15 0 0.00000333339444602565
16 0 0.00000500013750526218
17 0 0.00000750030939278279
18 0 0.00000916712885190574
19 0 0.0000116674153447516
20 0 0.0000158347123201397
21 0 0.0000191686874497776
22 0 0.0000200022003373768
23 0 0.0000208357208674181
24 0 0.0000200022003373768
25 0 0.0000200022003373768
26 0 0.0000200022003373768
27 0 0.0000200022003373768
28 0 0.0000183351822042876
29 0 0.0000183351822042876
30 0 0.0000183351822042876
31 0 0.0000183351822042876
32 0 0.0000175016846010179
33 0 0.0000183351822042876
34 0 0.0000191686874497776
35 0 0.0000191686874497776
36 0 0.0000208357208674181
37 0 0.0000225027848553827
38 0 0.0000233363283135279
39 0 0.0000258370045466139
40 0 0.0000283377495704507
41 0 0.0000300049511388067
42 0 0.0000325058108229248
43 0 0.0000366740631904117
44 0 0.0000408425066913409
45 0 0.0000433436645435048
46 0 0.0000483461867075707
47 0 0.0000533489841776369
48 0 0.0000583520569852336
49 0 0.0000650232490866376
50 0 0.000070860943814588
51 0 0.0000775330540162544
52 0 0.0000883762776967556
53 0 0.0000967180992323957
54 0 0.000110900952950965
55 0 0.000119244841917165
56 0 0.000130927573360862
57 0 0.000145115766213677
58 0 0.000162645415570539
59 0 0.000171828962249876
60 0 0.000192704110671182
61 0 0.000206901950655758
62 0 0.000229456020658048
63 0 0.000255358338245082
64 0 0.000280432127916508
65 0 0.000313038399728627
66 0 0.000338128110205616
67 0 0.000370755092807151
68 0 0.000415113110393106
69 0 0.000455305103081116
70 0 0.000504732128525753
71 0 0.000562570745430535
72 0 0.000618768136389614
73 0 0.000692632486307909
74 0 0.000773280331120896
75 0 0.00086577743026095
76 0 0.000987849522813833
77 0 0.00109321593850065
78 0 0.00128487452075166
79 0 0.00147524457247405
80 0 0.00171101007460861
81 0 0.0020018952925549
82 0 0.00237237815833979
83 0 0.00284148940827056
84 0 0.00337269830435349
85 0 0.00411695367298548
86 0 0.00497031259366298
87 0 0.00602841741577442
88 0 0.00722081253317841
89 0 0.0087820046077014
90 0 0.0104951088887504
91 0 0.0125799122030913
92 0 0.0153097226461697
93 0 0.0185585390754549
94 0 0.0216127144918217
95 0 0.0255342855116824
96 0 0.0287693284411663
97 0 0.0341862463156375
98 0 0.0387528583016121
99 0 0.0428816924330736
100 0 0.0485544255298144

death 1 M widowed
1 0 0.000135934917957492
2 0 0.0000141677706060328
3 0 0.00000416676215586609
4 0 0.00000333339444602565
5 0 0.00000250003437562984
6 0 0.00000250003437562984
7 0 0.00000250003437562984
8 0 0.00000250003437562984
9 0 0.00000166668194467867
10 0 0.00000250003437562984
11 0 0.00000250003437562984
12 0 0.00000250003437562984
13 0 0.00000250003437562984
14 0 0.00000333339444602565
15 0 0.00000333339444602565
16 0 0.00000500013750526218
17 0 0.00000750030939278279
18 0 0.00000916712885190574
19 0 0.0000116674153447516
20 0 0.0000158347123201397
21 0 0.0000191686874497776
22 0 0.0000200022003373768
23 0 0.0000208357208674181
24 0 0.0000200022003373768
25 0 0.0000200022003373768
26 0 0.0000200022003373768
27 0 0.0000200022003373768
28 0 0.0000183351822042876
29 0 0.0000183351822042876
30 0 0.0000183351822042876
31 0 0.0000183351822042876
32 0 0.0000175016846010179
33 0 0.0000183351822042876
34 0 0.0000191686874497776
35 0 0.0000191686874497776
36 0 0.0000208357208674181
37 0 0.0000225027848553827
38 0 0.0000233363283135279
39 0 0.0000258370045466139
40 0 0.0000283377495704507
41 0 0.0000300049511388067
42 0 0.0000325058108229248
43 0 0.0000366740631904117
44 0 0.0000408425066913409
45 0 0.0000433436645435048
46 0 0.0000483461867075707
47 0 0.0000533489841776369
48 0 0.0000583520569852336
49 0 0.0000650232490866376
50 0 0.000070860943814588
51 0 0.0000775330540162544
52 0 0.0000883762776967556
53 0 0.0000967180992323957
54 0 0.000110900952950965
55 0 0.000119244841917165
56 0 0.000130927573360862
57 0 0.000145115766213677
58 0 0.000162645415570539
59 0 0.000171828962249876
60 0 0.000192704110671182
61 0 0.000206901950655758
62 0 0.000229456020658048
63 0 0.000255358338245082
64 0 0.000280432127916508
65 0 0.000313038399728627
66 0 0.000338128110205616
67 0 0.000370755092807151
68 0 0.000415113110393106
69 0 0.000455305103081116
70 0 0.000504732128525753
71 0 0.000562570745430535
72 0 0.000618768136389614
73 0 0.000692632486307909
74 0 0.000773280331120896
75 0 0.00086577743026095
76 0 0.000987849522813833
77 0 0.00109321593850065
78 0 0.00128487452075166
79 0 0.00147524457247405
80 0 0.00171101007460861
81 0 0.0020018952925549
82 0 0.00237237815833979
83 0 0.00284148940827056
84 0 0.00337269830435349
85 0 0.00411695367298548
86 0 0.00497031259366298
87 0 0.00602841741577442
88 0 0.00722081253317841
89 0 0.0087820046077014
90 0 0.0104951088887504
91 0 0.0125799122030913
92 0 0.0153097226461697
93 0 0.0185585390754549
94 0 0.0216127144918217
95 0 0.0255342855116824
96 0 0.0287693284411663
97 0 0.0341862463156375
98 0 0.0387528583016121
99 0 0.0428816924330736
100 0 0.0485544255298144

death 1 F married
1 0 0.000134265772442244
2 0 0.0000141677706060328
3 0 0.00000500013750526218
4 0 0.00000333339444602565
5 0 0.00000250003437562984
6 0 0.00000250003437562984
7 0 0.00000250003437562984
8 0 0.00000166668194467867
9 0 0.00000166668194467867
10 0 0.00000250003437562984
11 0 0.00000166668194467867
12 0 0.00000250003437562984
13 0 0.00000166668194467867
14 0 0.00000250003437562984
15 0 0.00000333339444602565
16 0 0.00000416676215586609
17 0 0.00000500013750526218
18 0 0.00000583352049443597
19 0 0.00000583352049443597
20 0 0.00000666691112360951
21 0 0.00000833371530217786
22 0 0.00000833371530217786
23 0 0.00000750030939278279
24 0 0.00000750030939278279
25 0 0.00000666691112360951
26 0 0.00000666691112360951
27 0 0.00000750030939278279
28 0 0.00000750030939278279
29 0 0.00000750030939278279
30 0 0.00000750030939278279
31 0 0.00000833371530217786
32 0 0.00000916712885190574
33 0 0.00000916712885190574
34 0 0.0000100005500421885
35 0 0.0000100005500421885
36 0 0.0000116674153447516
37 0 0.0000133343112110884
38 0 0.0000141677706060328
39 0 0.0000150012376423092
40 0 0.0000158347123201397
41 0 0.0000166681946396352
42 0 0.0000183351822042876
43 0 0.0000216692490401238
44 0 0.0000233363283135279
45 0 0.0000266705785775256
46 0 0.0000316721832838152
47 0 0.0000366740631904117
48 0 0.0000425099376131222
49 0 0.0000516813544294559
50 0 0.000061687591838111
51 0 0.0000725289254539518
52 0 0.0000833715521976197
53 0 0.0000908787437792213
54 0 0.0000992207949763735
55 0 0.000110900952950965
56 0 0.000124251542961140
57 0 0.000140942538415234
58 0 0.0001542975418658
59 0 0.000170159157473537
60 0 0.000182683441090514
61 0 0.000207737186784573
62 0 0.000228620584918904
63 0 0.000242824036972289
64 0 0.000270401781932272
65 0 0.000291299585426952
66 0 0.000325582389131607
67 0 0.000349839012667941
68 0 0.000382470200815832
69 0 0.000420136137406546
70 0 0.000455305103081116
71 0 0.000510598136479801
72 0 0.00056089374554491
73 0 0.000619607166753133
74 0 0.000690953083971824
75 0 0.000774961256142737
76 0 0.000864936123149307
77 0 0.000973529129001727
78 0 0.00110755521946915
79 0 0.00124853807856806
80 0 0.00143798523754546
81 0 0.00164819251376025
82 0 0.00191163812433781
83 0 0.00216475550379625
84 0 0.0025161981429459
85 0 0.00290772050124510
86 0 0.00355797293079652
87 0 0.00430638030858843
88 0 0.00519418129797145
89 0 0.00628082244590145
90 0 0.00755082181845435
91 0 0.00894376054236323
92 0 0.0108580266310284
93 0 0.0126738305567079
94 0 0.0149500207433365
95 0 0.0172573183389549
96 0 0.0201486051912082
97 0 0.0232242646566384
98 0 0.0270795147063017
99 0 0.0310609685283372
100 0 0.034123957850154

death 1 F single
1 0 0.000134265772442244
2 0 0.0000141677706060328
3 0 0.00000500013750526218
4 0 0.00000333339444602565
5 0 0.00000250003437562984
6 0 0.00000250003437562984
7 0 0.00000250003437562984
8 0 0.00000166668194467867
9 0 0.00000166668194467867
10 0 0.00000250003437562984
11 0 0.00000166668194467867
12 0 0.00000250003437562984
13 0 0.00000166668194467867
14 0 0.00000250003437562984
15 0 0.00000333339444602565
16 0 0.00000416676215586609
17 0 0.00000500013750526218
18 0 0.00000583352049443597
19 0 0.00000583352049443597
20 0 0.00000666691112360951
21 0 0.00000833371530217786
22 0 0.00000833371530217786
23 0 0.00000750030939278279
24 0 0.00000750030939278279
25 0 0.00000666691112360951
26 0 0.00000666691112360951
27 0 0.00000750030939278279
28 0 0.00000750030939278279
29 0 0.00000750030939278279
30 0 0.00000750030939278279
31 0 0.00000833371530217786
32 0 0.00000916712885190574
33 0 0.00000916712885190574
34 0 0.0000100005500421885
35 0 0.0000100005500421885
36 0 0.0000116674153447516
37 0 0.0000133343112110884
38 0 0.0000141677706060328
39 0 0.0000150012376423092
40 0 0.0000158347123201397
41 0 0.0000166681946396352
42 0 0.0000183351822042876
43 0 0.0000216692490401238
44 0 0.0000233363283135279
45 0 0.0000266705785775256
46 0 0.0000316721832838152
47 0 0.0000366740631904117
48 0 0.0000425099376131222
49 0 0.0000516813544294559
50 0 0.000061687591838111
51 0 0.0000725289254539518
52 0 0.0000833715521976197
53 0 0.0000908787437792213
54 0 0.0000992207949763735
55 0 0.000110900952950965
56 0 0.000124251542961140
57 0 0.000140942538415234
58 0 0.0001542975418658
59 0 0.000170159157473537
60 0 0.000182683441090514
61 0 0.000207737186784573
62 0 0.000228620584918904
63 0 0.000242824036972289
64 0 0.000270401781932272
65 0 0.000291299585426952
66 0 0.000325582389131607
67 0 0.000349839012667941
68 0 0.000382470200815832
69 0 0.000420136137406546
70 0 0.000455305103081116
71 0 0.000510598136479801
72 0 0.00056089374554491
73 0 0.000619607166753133
74 0 0.000690953083971824
75 0 0.000774961256142737
76 0 0.000864936123149307
77 0 0.000973529129001727
78 0 0.00110755521946915
79 0 0.00124853807856806
80 0 0.00143798523754546
81 0 0.00164819251376025
82 0 0.00191163812433781
83 0 0.00216475550379625
84 0 0.0025161981429459
85 0 0.00290772050124510
86 0 0.00355797293079652
87 0 0.00430638030858843
88 0 0.00519418129797145
89 0 0.00628082244590145
90 0 0.00755082181845435
91 0 0.00894376054236323
92 0 0.0108580266310284
93 0 0.0126738305567079
94 0 0.0149500207433365
95 0 0.0172573183389549
96 0 0.0201486051912082
97 0 0.0232242646566384
98 0 0.0270795147063017
99 0 0.0310609685283372
100 0 0.034123957850154

death 1 F divorced
1 0 0.000134265772442244
2 0 0.0000141677706060328
3 0 0.00000500013750526218
4 0 0.00000333339444602565
5 0 0.00000250003437562984
6 0 0.00000250003437562984
7 0 0.00000250003437562984
8 0 0.00000166668194467867
9 0 0.00000166668194467867
10 0 0.00000250003437562984
11 0 0.00000166668194467867
12 0 0.00000250003437562984
13 0 0.00000166668194467867
14 0 0.00000250003437562984
15 0 0.00000333339444602565
16 0 0.00000416676215586609
17 0 0.00000500013750526218
18 0 0.00000583352049443597
19 0 0.00000583352049443597
20 0 0.00000666691112360951
21 0 0.00000833371530217786
22 0 0.00000833371530217786
23 0 0.00000750030939278279
24 0 0.00000750030939278279
25 0 0.00000666691112360951
26 0 0.00000666691112360951
27 0 0.00000750030939278279
28 0 0.00000750030939278279
29 0 0.00000750030939278279
30 0 0.00000750030939278279
31 0 0.00000833371530217786
32 0 0.00000916712885190574
33 0 0.00000916712885190574
34 0 0.0000100005500421885
35 0 0.0000100005500421885
36 0 0.0000116674153447516
37 0 0.0000133343112110884
38 0 0.0000141677706060328
39 0 0.0000150012376423092
40 0 0.0000158347123201397
41 0 0.0000166681946396352
42 0 0.0000183351822042876
43 0 0.0000216692490401238
44 0 0.0000233363283135279
45 0 0.0000266705785775256
46 0 0.0000316721832838152
47 0 0.0000366740631904117
48 0 0.0000425099376131222
49 0 0.0000516813544294559
50 0 0.000061687591838111
51 0 0.0000725289254539518
52 0 0.0000833715521976197
53 0 0.0000908787437792213
54 0 0.0000992207949763735
55 0 0.000110900952950965
56 0 0.000124251542961140
57 0 0.000140942538415234
58 0 0.0001542975418658
59 0 0.000170159157473537
60 0 0.000182683441090514
61 0 0.000207737186784573
62 0 0.000228620584918904
63 0 0.000242824036972289
64 0 0.000270401781932272
65 0 0.000291299585426952
66 0 0.000325582389131607
67 0 0.000349839012667941
68 0 0.000382470200815832
69 0 0.000420136137406546
70 0 0.000455305103081116
71 0 0.000510598136479801
72 0 0.00056089374554491
73 0 0.000619607166753133
74 0 0.000690953083971824
75 0 0.000774961256142737
76 0 0.000864936123149307
77 0 0.000973529129001727
78 0 0.00110755521946915
79 0 0.00124853807856806
80 0 0.00143798523754546
81 0 0.00164819251376025
82 0 0.00191163812433781
83 0 0.00216475550379625
84 0 0.0025161981429459
85 0 0.00290772050124510
86 0 0.00355797293079652
87 0 0.00430638030858843
88 0 0.00519418129797145
89 0 0.00628082244590145
90 0 0.00755082181845435
91 0 0.00894376054236323
92 0 0.0108580266310284
93 0 0.0126738305567079
94 0 0.0149500207433365
95 0 0.0172573183389549
96 0 0.0201486051912082
97 0 0.0232242646566384
98 0 0.0270795147063017
99 0 0.0310609685283372
100 0 0.034123957850154

death 1 F widowed
1 0 0.000134265772442244
2 0 0.0000141677706060328
3 0 0.00000500013750526218
4 0 0.00000333339444602565
5 0 0.00000250003437562984
6 0 0.00000250003437562984
7 0 0.00000250003437562984
8 0 0.00000166668194467867
9 0 0.00000166668194467867
10 0 0.00000250003437562984
11 0 0.00000166668194467867
12 0 0.00000250003437562984
13 0 0.00000166668194467867
14 0 0.00000250003437562984
15 0 0.00000333339444602565
16 0 0.00000416676215586609
17 0 0.00000500013750526218
18 0 0.00000583352049443597
19 0 0.00000583352049443597
20 0 0.00000666691112360951
21 0 0.00000833371530217786
22 0 0.00000833371530217786
23 0 0.00000750030939278279
24 0 0.00000750030939278279
25 0 0.00000666691112360951
26 0 0.00000666691112360951
27 0 0.00000750030939278279
28 0 0.00000750030939278279
29 0 0.00000750030939278279
30 0 0.00000750030939278279
31 0 0.00000833371530217786
32 0 0.00000916712885190574
33 0 0.00000916712885190574
34 0 0.0000100005500421885
35 0 0.0000100005500421885
36 0 0.0000116674153447516
37 0 0.0000133343112110884
38 0 0.0000141677706060328
39 0 0.0000150012376423092
40 0 0.0000158347123201397
41 0 0.0000166681946396352
42 0 0.0000183351822042876
43 0 0.0000216692490401238
44 0 0.0000233363283135279
45 0 0.0000266705785775256
46 0 0.0000316721832838152
47 0 0.0000366740631904117
48 0 0.0000425099376131222
49 0 0.0000516813544294559
50 0 0.000061687591838111
51 0 0.0000725289254539518
52 0 0.0000833715521976197
53 0 0.0000908787437792213
54 0 0.0000992207949763735
55 0 0.000110900952950965
56 0 0.000124251542961140
57 0 0.000140942538415234
58 0 0.0001542975418658
59 0 0.000170159157473537
60 0 0.000182683441090514
61 0 0.000207737186784573
62 0 0.000228620584918904
63 0 0.000242824036972289
64 0 0.000270401781932272
65 0 0.000291299585426952
66 0 0.000325582389131607
67 0 0.000349839012667941
68 0 0.000382470200815832
69 0 0.000420136137406546
70 0 0.000455305103081116
71 0 0.000510598136479801
72 0 0.00056089374554491
73 0 0.000619607166753133
74 0 0.000690953083971824
75 0 0.000774961256142737
76 0 0.000864936123149307
77 0 0.000973529129001727
78 0 0.00110755521946915
79 0 0.00124853807856806
80 0 0.00143798523754546
81 0 0.00164819251376025
82 0 0.00191163812433781
83 0 0.00216475550379625
84 0 0.0025161981429459
85 0 0.00290772050124510
86 0 0.00355797293079652
87 0 0.00430638030858843
88 0 0.00519418129797145
89 0 0.00628082244590145
90 0 0.00755082181845435
91 0 0.00894376054236323
92 0 0.0108580266310284
93 0 0.0126738305567079
94 0 0.0149500207433365
95 0 0.0172573183389549
96 0 0.0201486051912082
97 0 0.0232242646566384
98 0 0.0270795147063017
99 0 0.0310609685283372
100 0 0.034123957850154
