*Period monthly mortality rates for SWE in 1940 
* Mon Dec 20 14:21:00 2010
death 1 M married
1 0 0.00385885481619586
2 0 0.000381214938431795
3 0 0.000188111166643634
4 0 0.000136519126129109
5 0 0.000120663379214681
6 0 0.000107480179849184
7 0 0.0000879592067141166
8 0 0.000099971617136374
9 0 0.000112653106102423
10 0 0.000068692613438337
11 0 0.0000720285277485688
12 0 0.0000539326618169689
13 0 0.0000691929927806312
14 0 0.0000696933748773887
15 0 0.0000771994368748974
16 0 0.000116324393655498
17 0 0.000117909768212021
18 0 0.000155716626307645
19 0 0.000209157105818814
20 0 0.000202475327309215
21 0 0.000258450398364030
22 0 0.000268730165220221
23 0 0.000257698265950346
24 0 0.000223775209060029
25 0 0.000232296559613432
26 0 0.000269816712585746
27 0 0.000252182818429092
28 0 0.000217927685629893
29 0 0.000210493520467980
30 0 0.000233883958285497
31 0 0.000221185545128622
32 0 0.000252600643644962
33 0 0.000197297286801734
34 0 0.000230040830244693
35 0 0.000220517256736885
36 0 0.000253686998195723
37 0 0.000230542098599629
38 0 0.000248673162449031
39 0 0.000322822562902947
40 0 0.00033628796273133
41 0 0.000316048799283597
42 0 0.000363726752850346
43 0 0.000399710891978988
44 0 0.000405067889250321
45 0 0.000376445099498746
46 0 0.000502888604236751
47 0 0.000476413017885258
48 0 0.000538005791418605
49 0 0.00060861648304833
50 0 0.00058143912732056
51 0 0.000693556170826115
52 0 0.000750506862701616
53 0 0.00070917625851008
54 0 0.000841298578732386
55 0 0.0009966956001074
56 0 0.000960811143079776
57 0 0.0010714582957011
58 0 0.00118764377469460
59 0 0.00125310046132221
60 0 0.00146245612249607
61 0 0.00161094695740915
62 0 0.00183626557937522
63 0 0.00173648904517010
64 0 0.00204552338758979
65 0 0.00215144286192737
66 0 0.00243450095417352
67 0 0.00254473242467190
68 0 0.00277685324714594
69 0 0.00308635548215197
70 0 0.00348312485075208
71 0 0.00379574827456020
72 0 0.0043490341285386
73 0 0.00501407324395398
74 0 0.00524679148509943
75 0 0.00600561975520886
76 0 0.00627662479673385
77 0 0.0075916822166957
78 0 0.0087210538663679
79 0 0.0093263274455363
80 0 0.0103382981323530
81 0 0.0120116027159411
82 0 0.0128240164957363
83 0 0.0131967750383660
84 0 0.0148427842694600
85 0 0.0176998402977053
86 0 0.0195160025791484
87 0 0.0220267641120477
88 0 0.0223056167404635
89 0 0.0260147379710057
90 0 0.0288602511904353
91 0 0.0329154290620588
92 0 0.0387019015614744
93 0 0.0469488313778952
94 0 0.0386583030962826
95 0 0.0542433072488061
96 0 0.0440811954787163
97 0 0.0900248101394121
98 0 0.074071112681553
99 0 0.0482769461007804
100 0 0.137604145800738

death 1 M single
1 0 0.00385885481619586
2 0 0.000381214938431795
3 0 0.000188111166643634
4 0 0.000136519126129109
5 0 0.000120663379214681
6 0 0.000107480179849184
7 0 0.0000879592067141166
8 0 0.000099971617136374
9 0 0.000112653106102423
10 0 0.000068692613438337
11 0 0.0000720285277485688
12 0 0.0000539326618169689
13 0 0.0000691929927806312
14 0 0.0000696933748773887
15 0 0.0000771994368748974
16 0 0.000116324393655498
17 0 0.000117909768212021
18 0 0.000155716626307645
19 0 0.000209157105818814
20 0 0.000202475327309215
21 0 0.000258450398364030
22 0 0.000268730165220221
23 0 0.000257698265950346
24 0 0.000223775209060029
25 0 0.000232296559613432
26 0 0.000269816712585746
27 0 0.000252182818429092
28 0 0.000217927685629893
29 0 0.000210493520467980
30 0 0.000233883958285497
31 0 0.000221185545128622
32 0 0.000252600643644962
33 0 0.000197297286801734
34 0 0.000230040830244693
35 0 0.000220517256736885
36 0 0.000253686998195723
37 0 0.000230542098599629
38 0 0.000248673162449031
39 0 0.000322822562902947
40 0 0.00033628796273133
41 0 0.000316048799283597
42 0 0.000363726752850346
43 0 0.000399710891978988
44 0 0.000405067889250321
45 0 0.000376445099498746
46 0 0.000502888604236751
47 0 0.000476413017885258
48 0 0.000538005791418605
49 0 0.00060861648304833
50 0 0.00058143912732056
51 0 0.000693556170826115
52 0 0.000750506862701616
53 0 0.00070917625851008
54 0 0.000841298578732386
55 0 0.0009966956001074
56 0 0.000960811143079776
57 0 0.0010714582957011
58 0 0.00118764377469460
59 0 0.00125310046132221
60 0 0.00146245612249607
61 0 0.00161094695740915
62 0 0.00183626557937522
63 0 0.00173648904517010
64 0 0.00204552338758979
65 0 0.00215144286192737
66 0 0.00243450095417352
67 0 0.00254473242467190
68 0 0.00277685324714594
69 0 0.00308635548215197
70 0 0.00348312485075208
71 0 0.00379574827456020
72 0 0.0043490341285386
73 0 0.00501407324395398
74 0 0.00524679148509943
75 0 0.00600561975520886
76 0 0.00627662479673385
77 0 0.0075916822166957
78 0 0.0087210538663679
79 0 0.0093263274455363
80 0 0.0103382981323530
81 0 0.0120116027159411
82 0 0.0128240164957363
83 0 0.0131967750383660
84 0 0.0148427842694600
85 0 0.0176998402977053
86 0 0.0195160025791484
87 0 0.0220267641120477
88 0 0.0223056167404635
89 0 0.0260147379710057
90 0 0.0288602511904353
91 0 0.0329154290620588
92 0 0.0387019015614744
93 0 0.0469488313778952
94 0 0.0386583030962826
95 0 0.0542433072488061
96 0 0.0440811954787163
97 0 0.0900248101394121
98 0 0.074071112681553
99 0 0.0482769461007804
100 0 0.137604145800738

death 1 M divorced
1 0 0.00385885481619586
2 0 0.000381214938431795
3 0 0.000188111166643634
4 0 0.000136519126129109
5 0 0.000120663379214681
6 0 0.000107480179849184
7 0 0.0000879592067141166
8 0 0.000099971617136374
9 0 0.000112653106102423
10 0 0.000068692613438337
11 0 0.0000720285277485688
12 0 0.0000539326618169689
13 0 0.0000691929927806312
14 0 0.0000696933748773887
15 0 0.0000771994368748974
16 0 0.000116324393655498
17 0 0.000117909768212021
18 0 0.000155716626307645
19 0 0.000209157105818814
20 0 0.000202475327309215
21 0 0.000258450398364030
22 0 0.000268730165220221
23 0 0.000257698265950346
24 0 0.000223775209060029
25 0 0.000232296559613432
26 0 0.000269816712585746
27 0 0.000252182818429092
28 0 0.000217927685629893
29 0 0.000210493520467980
30 0 0.000233883958285497
31 0 0.000221185545128622
32 0 0.000252600643644962
33 0 0.000197297286801734
34 0 0.000230040830244693
35 0 0.000220517256736885
36 0 0.000253686998195723
37 0 0.000230542098599629
38 0 0.000248673162449031
39 0 0.000322822562902947
40 0 0.00033628796273133
41 0 0.000316048799283597
42 0 0.000363726752850346
43 0 0.000399710891978988
44 0 0.000405067889250321
45 0 0.000376445099498746
46 0 0.000502888604236751
47 0 0.000476413017885258
48 0 0.000538005791418605
49 0 0.00060861648304833
50 0 0.00058143912732056
51 0 0.000693556170826115
52 0 0.000750506862701616
53 0 0.00070917625851008
54 0 0.000841298578732386
55 0 0.0009966956001074
56 0 0.000960811143079776
57 0 0.0010714582957011
58 0 0.00118764377469460
59 0 0.00125310046132221
60 0 0.00146245612249607
61 0 0.00161094695740915
62 0 0.00183626557937522
63 0 0.00173648904517010
64 0 0.00204552338758979
65 0 0.00215144286192737
66 0 0.00243450095417352
67 0 0.00254473242467190
68 0 0.00277685324714594
69 0 0.00308635548215197
70 0 0.00348312485075208
71 0 0.00379574827456020
72 0 0.0043490341285386
73 0 0.00501407324395398
74 0 0.00524679148509943
75 0 0.00600561975520886
76 0 0.00627662479673385
77 0 0.0075916822166957
78 0 0.0087210538663679
79 0 0.0093263274455363
80 0 0.0103382981323530
81 0 0.0120116027159411
82 0 0.0128240164957363
83 0 0.0131967750383660
84 0 0.0148427842694600
85 0 0.0176998402977053
86 0 0.0195160025791484
87 0 0.0220267641120477
88 0 0.0223056167404635
89 0 0.0260147379710057
90 0 0.0288602511904353
91 0 0.0329154290620588
92 0 0.0387019015614744
93 0 0.0469488313778952
94 0 0.0386583030962826
95 0 0.0542433072488061
96 0 0.0440811954787163
97 0 0.0900248101394121
98 0 0.074071112681553
99 0 0.0482769461007804
100 0 0.137604145800738

death 1 M widowed
1 0 0.00385885481619586
2 0 0.000381214938431795
3 0 0.000188111166643634
4 0 0.000136519126129109
5 0 0.000120663379214681
6 0 0.000107480179849184
7 0 0.0000879592067141166
8 0 0.000099971617136374
9 0 0.000112653106102423
10 0 0.000068692613438337
11 0 0.0000720285277485688
12 0 0.0000539326618169689
13 0 0.0000691929927806312
14 0 0.0000696933748773887
15 0 0.0000771994368748974
16 0 0.000116324393655498
17 0 0.000117909768212021
18 0 0.000155716626307645
19 0 0.000209157105818814
20 0 0.000202475327309215
21 0 0.000258450398364030
22 0 0.000268730165220221
23 0 0.000257698265950346
24 0 0.000223775209060029
25 0 0.000232296559613432
26 0 0.000269816712585746
27 0 0.000252182818429092
28 0 0.000217927685629893
29 0 0.000210493520467980
30 0 0.000233883958285497
31 0 0.000221185545128622
32 0 0.000252600643644962
33 0 0.000197297286801734
34 0 0.000230040830244693
35 0 0.000220517256736885
36 0 0.000253686998195723
37 0 0.000230542098599629
38 0 0.000248673162449031
39 0 0.000322822562902947
40 0 0.00033628796273133
41 0 0.000316048799283597
42 0 0.000363726752850346
43 0 0.000399710891978988
44 0 0.000405067889250321
45 0 0.000376445099498746
46 0 0.000502888604236751
47 0 0.000476413017885258
48 0 0.000538005791418605
49 0 0.00060861648304833
50 0 0.00058143912732056
51 0 0.000693556170826115
52 0 0.000750506862701616
53 0 0.00070917625851008
54 0 0.000841298578732386
55 0 0.0009966956001074
56 0 0.000960811143079776
57 0 0.0010714582957011
58 0 0.00118764377469460
59 0 0.00125310046132221
60 0 0.00146245612249607
61 0 0.00161094695740915
62 0 0.00183626557937522
63 0 0.00173648904517010
64 0 0.00204552338758979
65 0 0.00215144286192737
66 0 0.00243450095417352
67 0 0.00254473242467190
68 0 0.00277685324714594
69 0 0.00308635548215197
70 0 0.00348312485075208
71 0 0.00379574827456020
72 0 0.0043490341285386
73 0 0.00501407324395398
74 0 0.00524679148509943
75 0 0.00600561975520886
76 0 0.00627662479673385
77 0 0.0075916822166957
78 0 0.0087210538663679
79 0 0.0093263274455363
80 0 0.0103382981323530
81 0 0.0120116027159411
82 0 0.0128240164957363
83 0 0.0131967750383660
84 0 0.0148427842694600
85 0 0.0176998402977053
86 0 0.0195160025791484
87 0 0.0220267641120477
88 0 0.0223056167404635
89 0 0.0260147379710057
90 0 0.0288602511904353
91 0 0.0329154290620588
92 0 0.0387019015614744
93 0 0.0469488313778952
94 0 0.0386583030962826
95 0 0.0542433072488061
96 0 0.0440811954787163
97 0 0.0900248101394121
98 0 0.074071112681553
99 0 0.0482769461007804
100 0 0.137604145800738

death 1 F married
1 0 0.00292880418322083
2 0 0.000288457201817138
3 0 0.000163229795442921
4 0 0.000108064205168068
5 0 0.0000702771574714323
6 0 0.0000998881921456807
7 0 0.0000982197084101744
8 0 0.0000872084837675313
9 0 0.0000683590287403613
10 0 0.000066941307430457
11 0 0.00005668433545436
12 0 0.0000749475531963695
13 0 0.0000545163432041917
14 0 0.0000703605552908604
15 0 0.0000942154723914124
16 0 0.0000945491519892538
17 0 0.000107313316161539
18 0 0.000112569669472262
19 0 0.000161810593698575
20 0 0.000155549674046851
21 0 0.000161309704255874
22 0 0.000180094947666687
23 0 0.000155883578874971
24 0 0.000144948833422975
25 0 0.000174417220278333
26 0 0.000192954641566101
27 0 0.000174667700773123
28 0 0.00016381417907263
29 0 0.000198717042748986
30 0 0.000169407755332029
31 0 0.000182349437796714
32 0 0.000212247594516213
33 0 0.000229372476738599
34 0 0.000179927950622383
35 0 0.000235387835233580
36 0 0.00022210444969073
37 0 0.000248506039354224
38 0 0.000241487146857899
39 0 0.000247586867826111
40 0 0.000245832111630984
41 0 0.000222689211976435
42 0 0.000290045581699649
43 0 0.000357284585367101
44 0 0.000286367270580956
45 0 0.000367073513608762
46 0 0.000359208821328783
47 0 0.000400966409880743
48 0 0.000422312868676
49 0 0.000521241717824306
50 0 0.000510262925823346
51 0 0.000570201485755484
52 0 0.000551000076216779
53 0 0.000688434038677022
54 0 0.00067651150530168
55 0 0.000734795657502896
56 0 0.000812033559689063
57 0 0.000784122844257329
58 0 0.000826160322741742
59 0 0.00111885954283841
60 0 0.00117405159351536
61 0 0.00122353353364479
62 0 0.0013948174082149
63 0 0.00144060982633487
64 0 0.00166898540548133
65 0 0.00194287737955812
66 0 0.00195556341737280
67 0 0.00218797196366072
68 0 0.00246420829191474
69 0 0.00279515641839301
70 0 0.00295471370793077
71 0 0.00351499702824676
72 0 0.00392148327910979
73 0 0.00437649004570617
74 0 0.00489719063523464
75 0 0.00532629444975596
76 0 0.00589909913301967
77 0 0.00687015755754727
78 0 0.0076409930094019
79 0 0.00846796224130852
80 0 0.00966238857567725
81 0 0.0109951345067035
82 0 0.0118676147496600
83 0 0.0134774848323576
84 0 0.0150533486584212
85 0 0.0167994048909903
86 0 0.0182382875787888
87 0 0.0199404622339791
88 0 0.0202909093616896
89 0 0.0251031470808029
90 0 0.0275743471764641
91 0 0.0350219974349071
92 0 0.0339073916168702
93 0 0.0346340678117338
94 0 0.0448784682317869
95 0 0.0514611195990800
96 0 0.0440028260854092
97 0 0.0625023032485668
98 0 0.0507576935508705
99 0 0.0779552602407594
100 0 0.0854275353853697

death 1 F single
1 0 0.00292880418322083
2 0 0.000288457201817138
3 0 0.000163229795442921
4 0 0.000108064205168068
5 0 0.0000702771574714323
6 0 0.0000998881921456807
7 0 0.0000982197084101744
8 0 0.0000872084837675313
9 0 0.0000683590287403613
10 0 0.000066941307430457
11 0 0.00005668433545436
12 0 0.0000749475531963695
13 0 0.0000545163432041917
14 0 0.0000703605552908604
15 0 0.0000942154723914124
16 0 0.0000945491519892538
17 0 0.000107313316161539
18 0 0.000112569669472262
19 0 0.000161810593698575
20 0 0.000155549674046851
21 0 0.000161309704255874
22 0 0.000180094947666687
23 0 0.000155883578874971
24 0 0.000144948833422975
25 0 0.000174417220278333
26 0 0.000192954641566101
27 0 0.000174667700773123
28 0 0.00016381417907263
29 0 0.000198717042748986
30 0 0.000169407755332029
31 0 0.000182349437796714
32 0 0.000212247594516213
33 0 0.000229372476738599
34 0 0.000179927950622383
35 0 0.000235387835233580
36 0 0.00022210444969073
37 0 0.000248506039354224
38 0 0.000241487146857899
39 0 0.000247586867826111
40 0 0.000245832111630984
41 0 0.000222689211976435
42 0 0.000290045581699649
43 0 0.000357284585367101
44 0 0.000286367270580956
45 0 0.000367073513608762
46 0 0.000359208821328783
47 0 0.000400966409880743
48 0 0.000422312868676
49 0 0.000521241717824306
50 0 0.000510262925823346
51 0 0.000570201485755484
52 0 0.000551000076216779
53 0 0.000688434038677022
54 0 0.00067651150530168
55 0 0.000734795657502896
56 0 0.000812033559689063
57 0 0.000784122844257329
58 0 0.000826160322741742
59 0 0.00111885954283841
60 0 0.00117405159351536
61 0 0.00122353353364479
62 0 0.0013948174082149
63 0 0.00144060982633487
64 0 0.00166898540548133
65 0 0.00194287737955812
66 0 0.00195556341737280
67 0 0.00218797196366072
68 0 0.00246420829191474
69 0 0.00279515641839301
70 0 0.00295471370793077
71 0 0.00351499702824676
72 0 0.00392148327910979
73 0 0.00437649004570617
74 0 0.00489719063523464
75 0 0.00532629444975596
76 0 0.00589909913301967
77 0 0.00687015755754727
78 0 0.0076409930094019
79 0 0.00846796224130852
80 0 0.00966238857567725
81 0 0.0109951345067035
82 0 0.0118676147496600
83 0 0.0134774848323576
84 0 0.0150533486584212
85 0 0.0167994048909903
86 0 0.0182382875787888
87 0 0.0199404622339791
88 0 0.0202909093616896
89 0 0.0251031470808029
90 0 0.0275743471764641
91 0 0.0350219974349071
92 0 0.0339073916168702
93 0 0.0346340678117338
94 0 0.0448784682317869
95 0 0.0514611195990800
96 0 0.0440028260854092
97 0 0.0625023032485668
98 0 0.0507576935508705
99 0 0.0779552602407594
100 0 0.0854275353853697

death 1 F divorced
1 0 0.00292880418322083
2 0 0.000288457201817138
3 0 0.000163229795442921
4 0 0.000108064205168068
5 0 0.0000702771574714323
6 0 0.0000998881921456807
7 0 0.0000982197084101744
8 0 0.0000872084837675313
9 0 0.0000683590287403613
10 0 0.000066941307430457
11 0 0.00005668433545436
12 0 0.0000749475531963695
13 0 0.0000545163432041917
14 0 0.0000703605552908604
15 0 0.0000942154723914124
16 0 0.0000945491519892538
17 0 0.000107313316161539
18 0 0.000112569669472262
19 0 0.000161810593698575
20 0 0.000155549674046851
21 0 0.000161309704255874
22 0 0.000180094947666687
23 0 0.000155883578874971
24 0 0.000144948833422975
25 0 0.000174417220278333
26 0 0.000192954641566101
27 0 0.000174667700773123
28 0 0.00016381417907263
29 0 0.000198717042748986
30 0 0.000169407755332029
31 0 0.000182349437796714
32 0 0.000212247594516213
33 0 0.000229372476738599
34 0 0.000179927950622383
35 0 0.000235387835233580
36 0 0.00022210444969073
37 0 0.000248506039354224
38 0 0.000241487146857899
39 0 0.000247586867826111
40 0 0.000245832111630984
41 0 0.000222689211976435
42 0 0.000290045581699649
43 0 0.000357284585367101
44 0 0.000286367270580956
45 0 0.000367073513608762
46 0 0.000359208821328783
47 0 0.000400966409880743
48 0 0.000422312868676
49 0 0.000521241717824306
50 0 0.000510262925823346
51 0 0.000570201485755484
52 0 0.000551000076216779
53 0 0.000688434038677022
54 0 0.00067651150530168
55 0 0.000734795657502896
56 0 0.000812033559689063
57 0 0.000784122844257329
58 0 0.000826160322741742
59 0 0.00111885954283841
60 0 0.00117405159351536
61 0 0.00122353353364479
62 0 0.0013948174082149
63 0 0.00144060982633487
64 0 0.00166898540548133
65 0 0.00194287737955812
66 0 0.00195556341737280
67 0 0.00218797196366072
68 0 0.00246420829191474
69 0 0.00279515641839301
70 0 0.00295471370793077
71 0 0.00351499702824676
72 0 0.00392148327910979
73 0 0.00437649004570617
74 0 0.00489719063523464
75 0 0.00532629444975596
76 0 0.00589909913301967
77 0 0.00687015755754727
78 0 0.0076409930094019
79 0 0.00846796224130852
80 0 0.00966238857567725
81 0 0.0109951345067035
82 0 0.0118676147496600
83 0 0.0134774848323576
84 0 0.0150533486584212
85 0 0.0167994048909903
86 0 0.0182382875787888
87 0 0.0199404622339791
88 0 0.0202909093616896
89 0 0.0251031470808029
90 0 0.0275743471764641
91 0 0.0350219974349071
92 0 0.0339073916168702
93 0 0.0346340678117338
94 0 0.0448784682317869
95 0 0.0514611195990800
96 0 0.0440028260854092
97 0 0.0625023032485668
98 0 0.0507576935508705
99 0 0.0779552602407594
100 0 0.0854275353853697

death 1 F widowed
1 0 0.00292880418322083
2 0 0.000288457201817138
3 0 0.000163229795442921
4 0 0.000108064205168068
5 0 0.0000702771574714323
6 0 0.0000998881921456807
7 0 0.0000982197084101744
8 0 0.0000872084837675313
9 0 0.0000683590287403613
10 0 0.000066941307430457
11 0 0.00005668433545436
12 0 0.0000749475531963695
13 0 0.0000545163432041917
14 0 0.0000703605552908604
15 0 0.0000942154723914124
16 0 0.0000945491519892538
17 0 0.000107313316161539
18 0 0.000112569669472262
19 0 0.000161810593698575
20 0 0.000155549674046851
21 0 0.000161309704255874
22 0 0.000180094947666687
23 0 0.000155883578874971
24 0 0.000144948833422975
25 0 0.000174417220278333
26 0 0.000192954641566101
27 0 0.000174667700773123
28 0 0.00016381417907263
29 0 0.000198717042748986
30 0 0.000169407755332029
31 0 0.000182349437796714
32 0 0.000212247594516213
33 0 0.000229372476738599
34 0 0.000179927950622383
35 0 0.000235387835233580
36 0 0.00022210444969073
37 0 0.000248506039354224
38 0 0.000241487146857899
39 0 0.000247586867826111
40 0 0.000245832111630984
41 0 0.000222689211976435
42 0 0.000290045581699649
43 0 0.000357284585367101
44 0 0.000286367270580956
45 0 0.000367073513608762
46 0 0.000359208821328783
47 0 0.000400966409880743
48 0 0.000422312868676
49 0 0.000521241717824306
50 0 0.000510262925823346
51 0 0.000570201485755484
52 0 0.000551000076216779
53 0 0.000688434038677022
54 0 0.00067651150530168
55 0 0.000734795657502896
56 0 0.000812033559689063
57 0 0.000784122844257329
58 0 0.000826160322741742
59 0 0.00111885954283841
60 0 0.00117405159351536
61 0 0.00122353353364479
62 0 0.0013948174082149
63 0 0.00144060982633487
64 0 0.00166898540548133
65 0 0.00194287737955812
66 0 0.00195556341737280
67 0 0.00218797196366072
68 0 0.00246420829191474
69 0 0.00279515641839301
70 0 0.00295471370793077
71 0 0.00351499702824676
72 0 0.00392148327910979
73 0 0.00437649004570617
74 0 0.00489719063523464
75 0 0.00532629444975596
76 0 0.00589909913301967
77 0 0.00687015755754727
78 0 0.0076409930094019
79 0 0.00846796224130852
80 0 0.00966238857567725
81 0 0.0109951345067035
82 0 0.0118676147496600
83 0 0.0134774848323576
84 0 0.0150533486584212
85 0 0.0167994048909903
86 0 0.0182382875787888
87 0 0.0199404622339791
88 0 0.0202909093616896
89 0 0.0251031470808029
90 0 0.0275743471764641
91 0 0.0350219974349071
92 0 0.0339073916168702
93 0 0.0346340678117338
94 0 0.0448784682317869
95 0 0.0514611195990800
96 0 0.0440028260854092
97 0 0.0625023032485668
98 0 0.0507576935508705
99 0 0.0779552602407594
100 0 0.0854275353853697
