*Period monthly mortality rates for SWE in 1968 
* Mon Dec 20 14:21:21 2010
death 1 M married
1 0 0.00121246953075294
2 0 0.0000707775455360826
3 0 0.0000450945159868876
4 0 0.0000571846487010808
5 0 0.0000441773991204375
6 0 0.000035340201638423
7 0 0.0000384247861797693
8 0 0.000033089354648852
9 0 0.0000439272779444444
10 0 0.0000308385633891461
11 0 0.0000322557217584674
12 0 0.0000272540849471925
13 0 0.0000180851321208708
14 0 0.0000384247861797693
15 0 0.0000303383951216762
16 0 0.0000520148779317164
17 0 0.000066857912747853
18 0 0.0000592693168689484
19 0 0.0000867914181428286
20 0 0.000107647043843140
21 0 0.000107647043843140
22 0 0.0000784505074681308
23 0 0.0000921300026553995
24 0 0.0000926305110285908
25 0 0.000101389853692679
26 0 0.0000770326287634626
27 0 0.0000832047327596896
28 0 0.000126254300597428
29 0 0.000108147637662870
30 0 0.000117993209744149
31 0 0.000133180844293479
32 0 0.000110066606177961
33 0 0.000135183798682603
34 0 0.000144781900938806
35 0 0.000141777168646939
36 0 0.000152878479579011
37 0 0.000162561933038319
38 0 0.000173164828158101
39 0 0.000176003608403419
40 0 0.000181180435934070
41 0 0.000180428942676003
42 0 0.00016823891990303
43 0 0.000199552203665965
44 0 0.000268312265846116
45 0 0.000203143483056167
46 0 0.000288457201817138
47 0 0.000336957102956337
48 0 0.000358037542412815
49 0 0.000414359680288245
50 0 0.000383390737584310
51 0 0.000419382665653778
52 0 0.00051956548056753
53 0 0.000569530625746828
54 0 0.000547981883087689
55 0 0.000653678344685882
56 0 0.000742776946239587
57 0 0.000780004217844743
58 0 0.000908273575933816
59 0 0.000990629625689854
60 0 0.00109971050876878
61 0 0.00117168794359757
62 0 0.00134820228071786
63 0 0.00146846901033360
64 0 0.00172578700625015
65 0 0.00174600302827832
66 0 0.00200095820037316
67 0 0.00224168279675396
68 0 0.00247671054215848
69 0 0.00293887444749985
70 0 0.00296754209407757
71 0 0.00340280128944048
72 0 0.0038491165025426
73 0 0.00435664050719409
74 0 0.00484056394011645
75 0 0.00495948576030747
76 0 0.00597810992528358
77 0 0.00649068543239417
78 0 0.00722911576673091
79 0 0.00796672165033074
80 0 0.00845560992228511
81 0 0.00978765613944155
82 0 0.0109441413180512
83 0 0.0118058676762397
84 0 0.0128954069110033
85 0 0.0141634327186205
86 0 0.0161258215664998
87 0 0.0191409557356464
88 0 0.0207132113519394
89 0 0.022138626628173
90 0 0.0243651958834648
91 0 0.0256435631535721
92 0 0.0301440383789557
93 0 0.036160069011944
94 0 0.0331791896490163
95 0 0.0324775788672265
96 0 0.0335920345852643
97 0 0.0434991496302547
98 0 0.0581829619289714
99 0 0.0469624096847003
100 0 0.0475891814341838

death 1 M single
1 0 0.00121246953075294
2 0 0.0000707775455360826
3 0 0.0000450945159868876
4 0 0.0000571846487010808
5 0 0.0000441773991204375
6 0 0.000035340201638423
7 0 0.0000384247861797693
8 0 0.000033089354648852
9 0 0.0000439272779444444
10 0 0.0000308385633891461
11 0 0.0000322557217584674
12 0 0.0000272540849471925
13 0 0.0000180851321208708
14 0 0.0000384247861797693
15 0 0.0000303383951216762
16 0 0.0000520148779317164
17 0 0.000066857912747853
18 0 0.0000592693168689484
19 0 0.0000867914181428286
20 0 0.000107647043843140
21 0 0.000107647043843140
22 0 0.0000784505074681308
23 0 0.0000921300026553995
24 0 0.0000926305110285908
25 0 0.000101389853692679
26 0 0.0000770326287634626
27 0 0.0000832047327596896
28 0 0.000126254300597428
29 0 0.000108147637662870
30 0 0.000117993209744149
31 0 0.000133180844293479
32 0 0.000110066606177961
33 0 0.000135183798682603
34 0 0.000144781900938806
35 0 0.000141777168646939
36 0 0.000152878479579011
37 0 0.000162561933038319
38 0 0.000173164828158101
39 0 0.000176003608403419
40 0 0.000181180435934070
41 0 0.000180428942676003
42 0 0.00016823891990303
43 0 0.000199552203665965
44 0 0.000268312265846116
45 0 0.000203143483056167
46 0 0.000288457201817138
47 0 0.000336957102956337
48 0 0.000358037542412815
49 0 0.000414359680288245
50 0 0.000383390737584310
51 0 0.000419382665653778
52 0 0.00051956548056753
53 0 0.000569530625746828
54 0 0.000547981883087689
55 0 0.000653678344685882
56 0 0.000742776946239587
57 0 0.000780004217844743
58 0 0.000908273575933816
59 0 0.000990629625689854
60 0 0.00109971050876878
61 0 0.00117168794359757
62 0 0.00134820228071786
63 0 0.00146846901033360
64 0 0.00172578700625015
65 0 0.00174600302827832
66 0 0.00200095820037316
67 0 0.00224168279675396
68 0 0.00247671054215848
69 0 0.00293887444749985
70 0 0.00296754209407757
71 0 0.00340280128944048
72 0 0.0038491165025426
73 0 0.00435664050719409
74 0 0.00484056394011645
75 0 0.00495948576030747
76 0 0.00597810992528358
77 0 0.00649068543239417
78 0 0.00722911576673091
79 0 0.00796672165033074
80 0 0.00845560992228511
81 0 0.00978765613944155
82 0 0.0109441413180512
83 0 0.0118058676762397
84 0 0.0128954069110033
85 0 0.0141634327186205
86 0 0.0161258215664998
87 0 0.0191409557356464
88 0 0.0207132113519394
89 0 0.022138626628173
90 0 0.0243651958834648
91 0 0.0256435631535721
92 0 0.0301440383789557
93 0 0.036160069011944
94 0 0.0331791896490163
95 0 0.0324775788672265
96 0 0.0335920345852643
97 0 0.0434991496302547
98 0 0.0581829619289714
99 0 0.0469624096847003
100 0 0.0475891814341838

death 1 M divorced
1 0 0.00121246953075294
2 0 0.0000707775455360826
3 0 0.0000450945159868876
4 0 0.0000571846487010808
5 0 0.0000441773991204375
6 0 0.000035340201638423
7 0 0.0000384247861797693
8 0 0.000033089354648852
9 0 0.0000439272779444444
10 0 0.0000308385633891461
11 0 0.0000322557217584674
12 0 0.0000272540849471925
13 0 0.0000180851321208708
14 0 0.0000384247861797693
15 0 0.0000303383951216762
16 0 0.0000520148779317164
17 0 0.000066857912747853
18 0 0.0000592693168689484
19 0 0.0000867914181428286
20 0 0.000107647043843140
21 0 0.000107647043843140
22 0 0.0000784505074681308
23 0 0.0000921300026553995
24 0 0.0000926305110285908
25 0 0.000101389853692679
26 0 0.0000770326287634626
27 0 0.0000832047327596896
28 0 0.000126254300597428
29 0 0.000108147637662870
30 0 0.000117993209744149
31 0 0.000133180844293479
32 0 0.000110066606177961
33 0 0.000135183798682603
34 0 0.000144781900938806
35 0 0.000141777168646939
36 0 0.000152878479579011
37 0 0.000162561933038319
38 0 0.000173164828158101
39 0 0.000176003608403419
40 0 0.000181180435934070
41 0 0.000180428942676003
42 0 0.00016823891990303
43 0 0.000199552203665965
44 0 0.000268312265846116
45 0 0.000203143483056167
46 0 0.000288457201817138
47 0 0.000336957102956337
48 0 0.000358037542412815
49 0 0.000414359680288245
50 0 0.000383390737584310
51 0 0.000419382665653778
52 0 0.00051956548056753
53 0 0.000569530625746828
54 0 0.000547981883087689
55 0 0.000653678344685882
56 0 0.000742776946239587
57 0 0.000780004217844743
58 0 0.000908273575933816
59 0 0.000990629625689854
60 0 0.00109971050876878
61 0 0.00117168794359757
62 0 0.00134820228071786
63 0 0.00146846901033360
64 0 0.00172578700625015
65 0 0.00174600302827832
66 0 0.00200095820037316
67 0 0.00224168279675396
68 0 0.00247671054215848
69 0 0.00293887444749985
70 0 0.00296754209407757
71 0 0.00340280128944048
72 0 0.0038491165025426
73 0 0.00435664050719409
74 0 0.00484056394011645
75 0 0.00495948576030747
76 0 0.00597810992528358
77 0 0.00649068543239417
78 0 0.00722911576673091
79 0 0.00796672165033074
80 0 0.00845560992228511
81 0 0.00978765613944155
82 0 0.0109441413180512
83 0 0.0118058676762397
84 0 0.0128954069110033
85 0 0.0141634327186205
86 0 0.0161258215664998
87 0 0.0191409557356464
88 0 0.0207132113519394
89 0 0.022138626628173
90 0 0.0243651958834648
91 0 0.0256435631535721
92 0 0.0301440383789557
93 0 0.036160069011944
94 0 0.0331791896490163
95 0 0.0324775788672265
96 0 0.0335920345852643
97 0 0.0434991496302547
98 0 0.0581829619289714
99 0 0.0469624096847003
100 0 0.0475891814341838

death 1 M widowed
1 0 0.00121246953075294
2 0 0.0000707775455360826
3 0 0.0000450945159868876
4 0 0.0000571846487010808
5 0 0.0000441773991204375
6 0 0.000035340201638423
7 0 0.0000384247861797693
8 0 0.000033089354648852
9 0 0.0000439272779444444
10 0 0.0000308385633891461
11 0 0.0000322557217584674
12 0 0.0000272540849471925
13 0 0.0000180851321208708
14 0 0.0000384247861797693
15 0 0.0000303383951216762
16 0 0.0000520148779317164
17 0 0.000066857912747853
18 0 0.0000592693168689484
19 0 0.0000867914181428286
20 0 0.000107647043843140
21 0 0.000107647043843140
22 0 0.0000784505074681308
23 0 0.0000921300026553995
24 0 0.0000926305110285908
25 0 0.000101389853692679
26 0 0.0000770326287634626
27 0 0.0000832047327596896
28 0 0.000126254300597428
29 0 0.000108147637662870
30 0 0.000117993209744149
31 0 0.000133180844293479
32 0 0.000110066606177961
33 0 0.000135183798682603
34 0 0.000144781900938806
35 0 0.000141777168646939
36 0 0.000152878479579011
37 0 0.000162561933038319
38 0 0.000173164828158101
39 0 0.000176003608403419
40 0 0.000181180435934070
41 0 0.000180428942676003
42 0 0.00016823891990303
43 0 0.000199552203665965
44 0 0.000268312265846116
45 0 0.000203143483056167
46 0 0.000288457201817138
47 0 0.000336957102956337
48 0 0.000358037542412815
49 0 0.000414359680288245
50 0 0.000383390737584310
51 0 0.000419382665653778
52 0 0.00051956548056753
53 0 0.000569530625746828
54 0 0.000547981883087689
55 0 0.000653678344685882
56 0 0.000742776946239587
57 0 0.000780004217844743
58 0 0.000908273575933816
59 0 0.000990629625689854
60 0 0.00109971050876878
61 0 0.00117168794359757
62 0 0.00134820228071786
63 0 0.00146846901033360
64 0 0.00172578700625015
65 0 0.00174600302827832
66 0 0.00200095820037316
67 0 0.00224168279675396
68 0 0.00247671054215848
69 0 0.00293887444749985
70 0 0.00296754209407757
71 0 0.00340280128944048
72 0 0.0038491165025426
73 0 0.00435664050719409
74 0 0.00484056394011645
75 0 0.00495948576030747
76 0 0.00597810992528358
77 0 0.00649068543239417
78 0 0.00722911576673091
79 0 0.00796672165033074
80 0 0.00845560992228511
81 0 0.00978765613944155
82 0 0.0109441413180512
83 0 0.0118058676762397
84 0 0.0128954069110033
85 0 0.0141634327186205
86 0 0.0161258215664998
87 0 0.0191409557356464
88 0 0.0207132113519394
89 0 0.022138626628173
90 0 0.0243651958834648
91 0 0.0256435631535721
92 0 0.0301440383789557
93 0 0.036160069011944
94 0 0.0331791896490163
95 0 0.0324775788672265
96 0 0.0335920345852643
97 0 0.0434991496302547
98 0 0.0581829619289714
99 0 0.0469624096847003
100 0 0.0475891814341838

death 1 F married
1 0 0.000909283627221757
2 0 0.0000481794315334572
3 0 0.000040759135948143
4 0 0.0000265872208304874
5 0 0.0000261704332417123
6 0 0.0000295881478802329
7 0 0.0000420097051251345
8 0 0.0000280876719723766
9 0 0.0000347566433637203
10 0 0.0000196687942652929
11 0 0.0000129175843790463
12 0 0.0000160014081727056
13 0 0.0000289212666413352
14 0 0.0000210857785167828
15 0 0.0000224194309299541
16 0 0.0000235030379223122
17 0 0.0000187519338717967
18 0 0.00004100924840722
19 0 0.0000345065481069939
20 0 0.0000420097051251345
21 0 0.0000444275209845468
22 0 0.00004342703765714
23 0 0.0000377578401129508
24 0 0.0000379245761709113
25 0 0.0000456781406285023
26 0 0.0000379245761709113
27 0 0.0000450945159868876
28 0 0.0000471789069125261
29 0 0.00004100924840722
30 0 0.0000482628090823223
31 0 0.0000609370858251079
32 0 0.0000626882761606273
33 0 0.0000702771574714323
34 0 0.0000466786487315352
35 0 0.0000822038225609667
36 0 0.0000805356633871712
37 0 0.0000837051919918563
38 0 0.000102224120826944
39 0 0.000107146452780205
40 0 0.000089627502126488
41 0 0.000120329603741309
42 0 0.000126170851481588
43 0 0.000160892298495363
44 0 0.000118660744758303
45 0 0.000168071944640080
46 0 0.000171244527088721
47 0 0.000230124374778540
48 0 0.000232380106220842
49 0 0.000271906263261124
50 0 0.000208655955391435
51 0 0.000272240595827533
52 0 0.000255274770512681
53 0 0.00034640923496676
54 0 0.000379122872988913
55 0 0.000373097993592197
56 0 0.000391508601870427
57 0 0.000486382349004555
58 0 0.000506743288591127
59 0 0.000617593506898162
60 0 0.000653258671178714
61 0 0.00065711974057181
62 0 0.000724295030031907
63 0 0.000813210706033352
64 0 0.000939000995595962
65 0 0.00104262480191242
66 0 0.00120090022166042
67 0 0.00135099343858225
68 0 0.00142892675594308
69 0 0.00157168175085043
70 0 0.0018198552560994
71 0 0.00209181596327634
72 0 0.00237545762503089
73 0 0.00288113623616415
74 0 0.0032827949224119
75 0 0.00349005263117275
76 0 0.00401768490351506
77 0 0.00468116206475144
78 0 0.00533035981281671
79 0 0.00587784563369698
80 0 0.0070142899321346
81 0 0.00756622156943298
82 0 0.00851006433974255
83 0 0.0101605920303347
84 0 0.0112742271559806
85 0 0.0115364824594497
86 0 0.0131672675263316
87 0 0.0152432907702332
88 0 0.0163928871618336
89 0 0.0203311170398273
90 0 0.0197559458629035
91 0 0.0235487047351638
92 0 0.0253943942145022
93 0 0.0300125085511438
94 0 0.0279621528495649
95 0 0.0311199442386922
96 0 0.0367477145585542
97 0 0.0345958845512602
98 0 0.0527067013541032
99 0 0.0509260526823658
100 0 0.0678663852097708

death 1 F single
1 0 0.000909283627221757
2 0 0.0000481794315334572
3 0 0.000040759135948143
4 0 0.0000265872208304874
5 0 0.0000261704332417123
6 0 0.0000295881478802329
7 0 0.0000420097051251345
8 0 0.0000280876719723766
9 0 0.0000347566433637203
10 0 0.0000196687942652929
11 0 0.0000129175843790463
12 0 0.0000160014081727056
13 0 0.0000289212666413352
14 0 0.0000210857785167828
15 0 0.0000224194309299541
16 0 0.0000235030379223122
17 0 0.0000187519338717967
18 0 0.00004100924840722
19 0 0.0000345065481069939
20 0 0.0000420097051251345
21 0 0.0000444275209845468
22 0 0.00004342703765714
23 0 0.0000377578401129508
24 0 0.0000379245761709113
25 0 0.0000456781406285023
26 0 0.0000379245761709113
27 0 0.0000450945159868876
28 0 0.0000471789069125261
29 0 0.00004100924840722
30 0 0.0000482628090823223
31 0 0.0000609370858251079
32 0 0.0000626882761606273
33 0 0.0000702771574714323
34 0 0.0000466786487315352
35 0 0.0000822038225609667
36 0 0.0000805356633871712
37 0 0.0000837051919918563
38 0 0.000102224120826944
39 0 0.000107146452780205
40 0 0.000089627502126488
41 0 0.000120329603741309
42 0 0.000126170851481588
43 0 0.000160892298495363
44 0 0.000118660744758303
45 0 0.000168071944640080
46 0 0.000171244527088721
47 0 0.000230124374778540
48 0 0.000232380106220842
49 0 0.000271906263261124
50 0 0.000208655955391435
51 0 0.000272240595827533
52 0 0.000255274770512681
53 0 0.00034640923496676
54 0 0.000379122872988913
55 0 0.000373097993592197
56 0 0.000391508601870427
57 0 0.000486382349004555
58 0 0.000506743288591127
59 0 0.000617593506898162
60 0 0.000653258671178714
61 0 0.00065711974057181
62 0 0.000724295030031907
63 0 0.000813210706033352
64 0 0.000939000995595962
65 0 0.00104262480191242
66 0 0.00120090022166042
67 0 0.00135099343858225
68 0 0.00142892675594308
69 0 0.00157168175085043
70 0 0.0018198552560994
71 0 0.00209181596327634
72 0 0.00237545762503089
73 0 0.00288113623616415
74 0 0.0032827949224119
75 0 0.00349005263117275
76 0 0.00401768490351506
77 0 0.00468116206475144
78 0 0.00533035981281671
79 0 0.00587784563369698
80 0 0.0070142899321346
81 0 0.00756622156943298
82 0 0.00851006433974255
83 0 0.0101605920303347
84 0 0.0112742271559806
85 0 0.0115364824594497
86 0 0.0131672675263316
87 0 0.0152432907702332
88 0 0.0163928871618336
89 0 0.0203311170398273
90 0 0.0197559458629035
91 0 0.0235487047351638
92 0 0.0253943942145022
93 0 0.0300125085511438
94 0 0.0279621528495649
95 0 0.0311199442386922
96 0 0.0367477145585542
97 0 0.0345958845512602
98 0 0.0527067013541032
99 0 0.0509260526823658
100 0 0.0678663852097708

death 1 F divorced
1 0 0.000909283627221757
2 0 0.0000481794315334572
3 0 0.000040759135948143
4 0 0.0000265872208304874
5 0 0.0000261704332417123
6 0 0.0000295881478802329
7 0 0.0000420097051251345
8 0 0.0000280876719723766
9 0 0.0000347566433637203
10 0 0.0000196687942652929
11 0 0.0000129175843790463
12 0 0.0000160014081727056
13 0 0.0000289212666413352
14 0 0.0000210857785167828
15 0 0.0000224194309299541
16 0 0.0000235030379223122
17 0 0.0000187519338717967
18 0 0.00004100924840722
19 0 0.0000345065481069939
20 0 0.0000420097051251345
21 0 0.0000444275209845468
22 0 0.00004342703765714
23 0 0.0000377578401129508
24 0 0.0000379245761709113
25 0 0.0000456781406285023
26 0 0.0000379245761709113
27 0 0.0000450945159868876
28 0 0.0000471789069125261
29 0 0.00004100924840722
30 0 0.0000482628090823223
31 0 0.0000609370858251079
32 0 0.0000626882761606273
33 0 0.0000702771574714323
34 0 0.0000466786487315352
35 0 0.0000822038225609667
36 0 0.0000805356633871712
37 0 0.0000837051919918563
38 0 0.000102224120826944
39 0 0.000107146452780205
40 0 0.000089627502126488
41 0 0.000120329603741309
42 0 0.000126170851481588
43 0 0.000160892298495363
44 0 0.000118660744758303
45 0 0.000168071944640080
46 0 0.000171244527088721
47 0 0.000230124374778540
48 0 0.000232380106220842
49 0 0.000271906263261124
50 0 0.000208655955391435
51 0 0.000272240595827533
52 0 0.000255274770512681
53 0 0.00034640923496676
54 0 0.000379122872988913
55 0 0.000373097993592197
56 0 0.000391508601870427
57 0 0.000486382349004555
58 0 0.000506743288591127
59 0 0.000617593506898162
60 0 0.000653258671178714
61 0 0.00065711974057181
62 0 0.000724295030031907
63 0 0.000813210706033352
64 0 0.000939000995595962
65 0 0.00104262480191242
66 0 0.00120090022166042
67 0 0.00135099343858225
68 0 0.00142892675594308
69 0 0.00157168175085043
70 0 0.0018198552560994
71 0 0.00209181596327634
72 0 0.00237545762503089
73 0 0.00288113623616415
74 0 0.0032827949224119
75 0 0.00349005263117275
76 0 0.00401768490351506
77 0 0.00468116206475144
78 0 0.00533035981281671
79 0 0.00587784563369698
80 0 0.0070142899321346
81 0 0.00756622156943298
82 0 0.00851006433974255
83 0 0.0101605920303347
84 0 0.0112742271559806
85 0 0.0115364824594497
86 0 0.0131672675263316
87 0 0.0152432907702332
88 0 0.0163928871618336
89 0 0.0203311170398273
90 0 0.0197559458629035
91 0 0.0235487047351638
92 0 0.0253943942145022
93 0 0.0300125085511438
94 0 0.0279621528495649
95 0 0.0311199442386922
96 0 0.0367477145585542
97 0 0.0345958845512602
98 0 0.0527067013541032
99 0 0.0509260526823658
100 0 0.0678663852097708

death 1 F widowed
1 0 0.000909283627221757
2 0 0.0000481794315334572
3 0 0.000040759135948143
4 0 0.0000265872208304874
5 0 0.0000261704332417123
6 0 0.0000295881478802329
7 0 0.0000420097051251345
8 0 0.0000280876719723766
9 0 0.0000347566433637203
10 0 0.0000196687942652929
11 0 0.0000129175843790463
12 0 0.0000160014081727056
13 0 0.0000289212666413352
14 0 0.0000210857785167828
15 0 0.0000224194309299541
16 0 0.0000235030379223122
17 0 0.0000187519338717967
18 0 0.00004100924840722
19 0 0.0000345065481069939
20 0 0.0000420097051251345
21 0 0.0000444275209845468
22 0 0.00004342703765714
23 0 0.0000377578401129508
24 0 0.0000379245761709113
25 0 0.0000456781406285023
26 0 0.0000379245761709113
27 0 0.0000450945159868876
28 0 0.0000471789069125261
29 0 0.00004100924840722
30 0 0.0000482628090823223
31 0 0.0000609370858251079
32 0 0.0000626882761606273
33 0 0.0000702771574714323
34 0 0.0000466786487315352
35 0 0.0000822038225609667
36 0 0.0000805356633871712
37 0 0.0000837051919918563
38 0 0.000102224120826944
39 0 0.000107146452780205
40 0 0.000089627502126488
41 0 0.000120329603741309
42 0 0.000126170851481588
43 0 0.000160892298495363
44 0 0.000118660744758303
45 0 0.000168071944640080
46 0 0.000171244527088721
47 0 0.000230124374778540
48 0 0.000232380106220842
49 0 0.000271906263261124
50 0 0.000208655955391435
51 0 0.000272240595827533
52 0 0.000255274770512681
53 0 0.00034640923496676
54 0 0.000379122872988913
55 0 0.000373097993592197
56 0 0.000391508601870427
57 0 0.000486382349004555
58 0 0.000506743288591127
59 0 0.000617593506898162
60 0 0.000653258671178714
61 0 0.00065711974057181
62 0 0.000724295030031907
63 0 0.000813210706033352
64 0 0.000939000995595962
65 0 0.00104262480191242
66 0 0.00120090022166042
67 0 0.00135099343858225
68 0 0.00142892675594308
69 0 0.00157168175085043
70 0 0.0018198552560994
71 0 0.00209181596327634
72 0 0.00237545762503089
73 0 0.00288113623616415
74 0 0.0032827949224119
75 0 0.00349005263117275
76 0 0.00401768490351506
77 0 0.00468116206475144
78 0 0.00533035981281671
79 0 0.00587784563369698
80 0 0.0070142899321346
81 0 0.00756622156943298
82 0 0.00851006433974255
83 0 0.0101605920303347
84 0 0.0112742271559806
85 0 0.0115364824594497
86 0 0.0131672675263316
87 0 0.0152432907702332
88 0 0.0163928871618336
89 0 0.0203311170398273
90 0 0.0197559458629035
91 0 0.0235487047351638
92 0 0.0253943942145022
93 0 0.0300125085511438
94 0 0.0279621528495649
95 0 0.0311199442386922
96 0 0.0367477145585542
97 0 0.0345958845512602
98 0 0.0527067013541032
99 0 0.0509260526823658
100 0 0.0678663852097708
