*Period monthly mortality rates for SWE in 2110 
* Mon Dec 20 14:21:53 2010
death 1 M married
1 0 0.000107563611807859
2 0 0.0000108339788730261
3 0 0.00000333339444602565
4 0 0.00000250003437562984
5 0 0.00000250003437562984
6 0 0.00000166668194467867
7 0 0.00000166668194467867
8 0 0.00000166668194467867
9 0 0.00000166668194467867
10 0 0.00000166668194467867
11 0 0.00000166668194467867
12 0 0.00000166668194467867
13 0 0.00000166668194467867
14 0 0.00000250003437562984
15 0 0.00000333339444602565
16 0 0.00000416676215586609
17 0 0.00000583352049443597
18 0 0.00000750030939278279
19 0 0.00000916712885190574
20 0 0.000012500859457365
21 0 0.0000150012376423092
22 0 0.0000158347123201397
23 0 0.0000166681946396352
24 0 0.0000158347123201397
25 0 0.0000158347123201397
26 0 0.0000158347123201397
27 0 0.0000158347123201397
28 0 0.0000150012376423092
29 0 0.0000141677706060328
30 0 0.0000141677706060328
31 0 0.0000150012376423092
32 0 0.0000133343112110884
33 0 0.0000141677706060328
34 0 0.0000150012376423092
35 0 0.0000158347123201397
36 0 0.0000166681946396352
37 0 0.0000183351822042876
38 0 0.0000183351822042876
39 0 0.0000208357208674181
40 0 0.0000225027848553827
41 0 0.0000233363283135279
42 0 0.0000258370045466139
43 0 0.0000291713465325749
44 0 0.0000325058108229248
45 0 0.0000350067393084519
46 0 0.0000383414176537977
47 0 0.0000425099376131222
48 0 0.0000458448912142861
49 0 0.0000516813544294559
50 0 0.00005668433545436
51 0 0.000061687591838111
52 0 0.0000700269644720031
53 0 0.0000766990134587475
54 0 0.0000883762776967556
55 0 0.000095049673682679
56 0 0.000103392107678624
57 0 0.000115072801694871
58 0 0.000129258519792286
59 0 0.000135934917957492
60 0 0.000153462796661064
61 0 0.000164315082316957
62 0 0.00018184843515745
63 0 0.000202725885138699
64 0 0.000222772749752909
65 0 0.000246166348294219
66 0 0.000264551257946888
67 0 0.000291299585426952
68 0 0.000325582389131607
69 0 0.000356531634559953
70 0 0.000395860745241672
71 0 0.000441068405811706
72 0 0.000484622975796212
73 0 0.000543287115269853
74 0 0.000606183610663558
75 0 0.0006783585559339
76 0 0.000776642212269807
77 0 0.000860729704474372
78 0 0.00101818251862229
79 0 0.00117337625868907
80 0 0.00137451023612511
81 0 0.00162104162333765
82 0 0.00193717349766775
83 0 0.00234415458487869
84 0 0.00281913658656496
85 0 0.00348780104442492
86 0 0.00426968614028855
87 0 0.00525244272134495
88 0 0.00638001515835318
89 0 0.00786567990061504
90 0 0.00952423976165684
91 0 0.0115646063934254
92 0 0.0142515103737539
93 0 0.0174897382986848
94 0 0.0206074217417724
95 0 0.0245835372440495
96 0 0.0279072978688105
97 0 0.0333375605524266
98 0 0.0379329324272427
99 0 0.0420917383721765
100 0 0.0477941664116069

death 1 M single
1 0 0.000107563611807859
2 0 0.0000108339788730261
3 0 0.00000333339444602565
4 0 0.00000250003437562984
5 0 0.00000250003437562984
6 0 0.00000166668194467867
7 0 0.00000166668194467867
8 0 0.00000166668194467867
9 0 0.00000166668194467867
10 0 0.00000166668194467867
11 0 0.00000166668194467867
12 0 0.00000166668194467867
13 0 0.00000166668194467867
14 0 0.00000250003437562984
15 0 0.00000333339444602565
16 0 0.00000416676215586609
17 0 0.00000583352049443597
18 0 0.00000750030939278279
19 0 0.00000916712885190574
20 0 0.000012500859457365
21 0 0.0000150012376423092
22 0 0.0000158347123201397
23 0 0.0000166681946396352
24 0 0.0000158347123201397
25 0 0.0000158347123201397
26 0 0.0000158347123201397
27 0 0.0000158347123201397
28 0 0.0000150012376423092
29 0 0.0000141677706060328
30 0 0.0000141677706060328
31 0 0.0000150012376423092
32 0 0.0000133343112110884
33 0 0.0000141677706060328
34 0 0.0000150012376423092
35 0 0.0000158347123201397
36 0 0.0000166681946396352
37 0 0.0000183351822042876
38 0 0.0000183351822042876
39 0 0.0000208357208674181
40 0 0.0000225027848553827
41 0 0.0000233363283135279
42 0 0.0000258370045466139
43 0 0.0000291713465325749
44 0 0.0000325058108229248
45 0 0.0000350067393084519
46 0 0.0000383414176537977
47 0 0.0000425099376131222
48 0 0.0000458448912142861
49 0 0.0000516813544294559
50 0 0.00005668433545436
51 0 0.000061687591838111
52 0 0.0000700269644720031
53 0 0.0000766990134587475
54 0 0.0000883762776967556
55 0 0.000095049673682679
56 0 0.000103392107678624
57 0 0.000115072801694871
58 0 0.000129258519792286
59 0 0.000135934917957492
60 0 0.000153462796661064
61 0 0.000164315082316957
62 0 0.00018184843515745
63 0 0.000202725885138699
64 0 0.000222772749752909
65 0 0.000246166348294219
66 0 0.000264551257946888
67 0 0.000291299585426952
68 0 0.000325582389131607
69 0 0.000356531634559953
70 0 0.000395860745241672
71 0 0.000441068405811706
72 0 0.000484622975796212
73 0 0.000543287115269853
74 0 0.000606183610663558
75 0 0.0006783585559339
76 0 0.000776642212269807
77 0 0.000860729704474372
78 0 0.00101818251862229
79 0 0.00117337625868907
80 0 0.00137451023612511
81 0 0.00162104162333765
82 0 0.00193717349766775
83 0 0.00234415458487869
84 0 0.00281913658656496
85 0 0.00348780104442492
86 0 0.00426968614028855
87 0 0.00525244272134495
88 0 0.00638001515835318
89 0 0.00786567990061504
90 0 0.00952423976165684
91 0 0.0115646063934254
92 0 0.0142515103737539
93 0 0.0174897382986848
94 0 0.0206074217417724
95 0 0.0245835372440495
96 0 0.0279072978688105
97 0 0.0333375605524266
98 0 0.0379329324272427
99 0 0.0420917383721765
100 0 0.0477941664116069

death 1 M divorced
1 0 0.000107563611807859
2 0 0.0000108339788730261
3 0 0.00000333339444602565
4 0 0.00000250003437562984
5 0 0.00000250003437562984
6 0 0.00000166668194467867
7 0 0.00000166668194467867
8 0 0.00000166668194467867
9 0 0.00000166668194467867
10 0 0.00000166668194467867
11 0 0.00000166668194467867
12 0 0.00000166668194467867
13 0 0.00000166668194467867
14 0 0.00000250003437562984
15 0 0.00000333339444602565
16 0 0.00000416676215586609
17 0 0.00000583352049443597
18 0 0.00000750030939278279
19 0 0.00000916712885190574
20 0 0.000012500859457365
21 0 0.0000150012376423092
22 0 0.0000158347123201397
23 0 0.0000166681946396352
24 0 0.0000158347123201397
25 0 0.0000158347123201397
26 0 0.0000158347123201397
27 0 0.0000158347123201397
28 0 0.0000150012376423092
29 0 0.0000141677706060328
30 0 0.0000141677706060328
31 0 0.0000150012376423092
32 0 0.0000133343112110884
33 0 0.0000141677706060328
34 0 0.0000150012376423092
35 0 0.0000158347123201397
36 0 0.0000166681946396352
37 0 0.0000183351822042876
38 0 0.0000183351822042876
39 0 0.0000208357208674181
40 0 0.0000225027848553827
41 0 0.0000233363283135279
42 0 0.0000258370045466139
43 0 0.0000291713465325749
44 0 0.0000325058108229248
45 0 0.0000350067393084519
46 0 0.0000383414176537977
47 0 0.0000425099376131222
48 0 0.0000458448912142861
49 0 0.0000516813544294559
50 0 0.00005668433545436
51 0 0.000061687591838111
52 0 0.0000700269644720031
53 0 0.0000766990134587475
54 0 0.0000883762776967556
55 0 0.000095049673682679
56 0 0.000103392107678624
57 0 0.000115072801694871
58 0 0.000129258519792286
59 0 0.000135934917957492
60 0 0.000153462796661064
61 0 0.000164315082316957
62 0 0.00018184843515745
63 0 0.000202725885138699
64 0 0.000222772749752909
65 0 0.000246166348294219
66 0 0.000264551257946888
67 0 0.000291299585426952
68 0 0.000325582389131607
69 0 0.000356531634559953
70 0 0.000395860745241672
71 0 0.000441068405811706
72 0 0.000484622975796212
73 0 0.000543287115269853
74 0 0.000606183610663558
75 0 0.0006783585559339
76 0 0.000776642212269807
77 0 0.000860729704474372
78 0 0.00101818251862229
79 0 0.00117337625868907
80 0 0.00137451023612511
81 0 0.00162104162333765
82 0 0.00193717349766775
83 0 0.00234415458487869
84 0 0.00281913658656496
85 0 0.00348780104442492
86 0 0.00426968614028855
87 0 0.00525244272134495
88 0 0.00638001515835318
89 0 0.00786567990061504
90 0 0.00952423976165684
91 0 0.0115646063934254
92 0 0.0142515103737539
93 0 0.0174897382986848
94 0 0.0206074217417724
95 0 0.0245835372440495
96 0 0.0279072978688105
97 0 0.0333375605524266
98 0 0.0379329324272427
99 0 0.0420917383721765
100 0 0.0477941664116069

death 1 M widowed
1 0 0.000107563611807859
2 0 0.0000108339788730261
3 0 0.00000333339444602565
4 0 0.00000250003437562984
5 0 0.00000250003437562984
6 0 0.00000166668194467867
7 0 0.00000166668194467867
8 0 0.00000166668194467867
9 0 0.00000166668194467867
10 0 0.00000166668194467867
11 0 0.00000166668194467867
12 0 0.00000166668194467867
13 0 0.00000166668194467867
14 0 0.00000250003437562984
15 0 0.00000333339444602565
16 0 0.00000416676215586609
17 0 0.00000583352049443597
18 0 0.00000750030939278279
19 0 0.00000916712885190574
20 0 0.000012500859457365
21 0 0.0000150012376423092
22 0 0.0000158347123201397
23 0 0.0000166681946396352
24 0 0.0000158347123201397
25 0 0.0000158347123201397
26 0 0.0000158347123201397
27 0 0.0000158347123201397
28 0 0.0000150012376423092
29 0 0.0000141677706060328
30 0 0.0000141677706060328
31 0 0.0000150012376423092
32 0 0.0000133343112110884
33 0 0.0000141677706060328
34 0 0.0000150012376423092
35 0 0.0000158347123201397
36 0 0.0000166681946396352
37 0 0.0000183351822042876
38 0 0.0000183351822042876
39 0 0.0000208357208674181
40 0 0.0000225027848553827
41 0 0.0000233363283135279
42 0 0.0000258370045466139
43 0 0.0000291713465325749
44 0 0.0000325058108229248
45 0 0.0000350067393084519
46 0 0.0000383414176537977
47 0 0.0000425099376131222
48 0 0.0000458448912142861
49 0 0.0000516813544294559
50 0 0.00005668433545436
51 0 0.000061687591838111
52 0 0.0000700269644720031
53 0 0.0000766990134587475
54 0 0.0000883762776967556
55 0 0.000095049673682679
56 0 0.000103392107678624
57 0 0.000115072801694871
58 0 0.000129258519792286
59 0 0.000135934917957492
60 0 0.000153462796661064
61 0 0.000164315082316957
62 0 0.00018184843515745
63 0 0.000202725885138699
64 0 0.000222772749752909
65 0 0.000246166348294219
66 0 0.000264551257946888
67 0 0.000291299585426952
68 0 0.000325582389131607
69 0 0.000356531634559953
70 0 0.000395860745241672
71 0 0.000441068405811706
72 0 0.000484622975796212
73 0 0.000543287115269853
74 0 0.000606183610663558
75 0 0.0006783585559339
76 0 0.000776642212269807
77 0 0.000860729704474372
78 0 0.00101818251862229
79 0 0.00117337625868907
80 0 0.00137451023612511
81 0 0.00162104162333765
82 0 0.00193717349766775
83 0 0.00234415458487869
84 0 0.00281913658656496
85 0 0.00348780104442492
86 0 0.00426968614028855
87 0 0.00525244272134495
88 0 0.00638001515835318
89 0 0.00786567990061504
90 0 0.00952423976165684
91 0 0.0115646063934254
92 0 0.0142515103737539
93 0 0.0174897382986848
94 0 0.0206074217417724
95 0 0.0245835372440495
96 0 0.0279072978688105
97 0 0.0333375605524266
98 0 0.0379329324272427
99 0 0.0420917383721765
100 0 0.0477941664116069

death 1 F married
1 0 0.000106729295667018
2 0 0.0000116674153447516
3 0 0.00000333339444602565
4 0 0.00000250003437562984
5 0 0.00000166668194467867
6 0 0.00000166668194467867
7 0 0.00000166668194467867
8 0 0.00000166668194467867
9 0 0.00000166668194467867
10 0 0.00000166668194467867
11 0 0.00000166668194467867
12 0 0.00000166668194467867
13 0 0.00000166668194467867
14 0 0.00000166668194467867
15 0 0.00000250003437562984
16 0 0.00000333339444602565
17 0 0.00000416676215586609
18 0 0.00000416676215586609
19 0 0.00000500013750526218
20 0 0.00000583352049443597
21 0 0.00000666691112360951
22 0 0.00000666691112360951
23 0 0.00000583352049443597
24 0 0.00000583352049443597
25 0 0.00000500013750526218
26 0 0.00000500013750526218
27 0 0.00000583352049443597
28 0 0.00000583352049443597
29 0 0.00000583352049443597
30 0 0.00000583352049443597
31 0 0.00000666691112360951
32 0 0.00000750030939278279
33 0 0.00000750030939278279
34 0 0.00000750030939278279
35 0 0.00000833371530217786
36 0 0.00000916712885190574
37 0 0.0000108339788730261
38 0 0.0000116674153447516
39 0 0.000012500859457365
40 0 0.000012500859457365
41 0 0.0000133343112110884
42 0 0.0000141677706060328
43 0 0.0000175016846010179
44 0 0.0000183351822042876
45 0 0.0000216692490401238
46 0 0.0000250034381590325
47 0 0.0000300049511388067
48 0 0.0000350067393084519
49 0 0.0000425099376131222
50 0 0.0000516813544294559
51 0 0.000061687591838111
52 0 0.0000716949308086079
53 0 0.0000783671022263066
54 0 0.0000850397634148958
55 0 0.000095049673682679
56 0 0.000106729295667018
57 0 0.000120913711624038
58 0 0.000132596657577144
59 0 0.000146785110982983
60 0 0.000156801823476993
61 0 0.000178508488132945
62 0 0.000196879715743670
63 0 0.000208572430588916
64 0 0.000232797840409416
65 0 0.000251180045748089
66 0 0.000280432127916508
67 0 0.000301332238197172
68 0 0.000329764103723651
69 0 0.000361551424450379
70 0 0.000391675988146045
71 0 0.000439393646883834
72 0 0.000482109644590722
73 0 0.00053322771529607
74 0 0.000594439625801968
75 0 0.000666605238195506
76 0 0.000743869177139422
77 0 0.000837177359120589
78 0 0.00095247382739705
79 0 0.00107381933810935
80 0 0.00123671074637699
81 0 0.00141682197197746
82 0 0.00164310110308585
83 0 0.00186058892642516
84 0 0.00216134181962568
85 0 0.00250334779551287
86 0 0.00309721929780271
87 0 0.00379140371214393
88 0 0.00462502114397312
89 0 0.00564890955320896
90 0 0.00685155048749864
91 0 0.00818893844896296
92 0 0.0100172085233513
93 0 0.0117845985141112
94 0 0.0139923044782007
95 0 0.0162397957470436
96 0 0.0191132333301438
97 0 0.0221836243900455
98 0 0.0260463708289241
99 0 0.0300538819800648
100 0 0.0331357178150083

death 1 F single
1 0 0.000106729295667018
2 0 0.0000116674153447516
3 0 0.00000333339444602565
4 0 0.00000250003437562984
5 0 0.00000166668194467867
6 0 0.00000166668194467867
7 0 0.00000166668194467867
8 0 0.00000166668194467867
9 0 0.00000166668194467867
10 0 0.00000166668194467867
11 0 0.00000166668194467867
12 0 0.00000166668194467867
13 0 0.00000166668194467867
14 0 0.00000166668194467867
15 0 0.00000250003437562984
16 0 0.00000333339444602565
17 0 0.00000416676215586609
18 0 0.00000416676215586609
19 0 0.00000500013750526218
20 0 0.00000583352049443597
21 0 0.00000666691112360951
22 0 0.00000666691112360951
23 0 0.00000583352049443597
24 0 0.00000583352049443597
25 0 0.00000500013750526218
26 0 0.00000500013750526218
27 0 0.00000583352049443597
28 0 0.00000583352049443597
29 0 0.00000583352049443597
30 0 0.00000583352049443597
31 0 0.00000666691112360951
32 0 0.00000750030939278279
33 0 0.00000750030939278279
34 0 0.00000750030939278279
35 0 0.00000833371530217786
36 0 0.00000916712885190574
37 0 0.0000108339788730261
38 0 0.0000116674153447516
39 0 0.000012500859457365
40 0 0.000012500859457365
41 0 0.0000133343112110884
42 0 0.0000141677706060328
43 0 0.0000175016846010179
44 0 0.0000183351822042876
45 0 0.0000216692490401238
46 0 0.0000250034381590325
47 0 0.0000300049511388067
48 0 0.0000350067393084519
49 0 0.0000425099376131222
50 0 0.0000516813544294559
51 0 0.000061687591838111
52 0 0.0000716949308086079
53 0 0.0000783671022263066
54 0 0.0000850397634148958
55 0 0.000095049673682679
56 0 0.000106729295667018
57 0 0.000120913711624038
58 0 0.000132596657577144
59 0 0.000146785110982983
60 0 0.000156801823476993
61 0 0.000178508488132945
62 0 0.000196879715743670
63 0 0.000208572430588916
64 0 0.000232797840409416
65 0 0.000251180045748089
66 0 0.000280432127916508
67 0 0.000301332238197172
68 0 0.000329764103723651
69 0 0.000361551424450379
70 0 0.000391675988146045
71 0 0.000439393646883834
72 0 0.000482109644590722
73 0 0.00053322771529607
74 0 0.000594439625801968
75 0 0.000666605238195506
76 0 0.000743869177139422
77 0 0.000837177359120589
78 0 0.00095247382739705
79 0 0.00107381933810935
80 0 0.00123671074637699
81 0 0.00141682197197746
82 0 0.00164310110308585
83 0 0.00186058892642516
84 0 0.00216134181962568
85 0 0.00250334779551287
86 0 0.00309721929780271
87 0 0.00379140371214393
88 0 0.00462502114397312
89 0 0.00564890955320896
90 0 0.00685155048749864
91 0 0.00818893844896296
92 0 0.0100172085233513
93 0 0.0117845985141112
94 0 0.0139923044782007
95 0 0.0162397957470436
96 0 0.0191132333301438
97 0 0.0221836243900455
98 0 0.0260463708289241
99 0 0.0300538819800648
100 0 0.0331357178150083

death 1 F divorced
1 0 0.000106729295667018
2 0 0.0000116674153447516
3 0 0.00000333339444602565
4 0 0.00000250003437562984
5 0 0.00000166668194467867
6 0 0.00000166668194467867
7 0 0.00000166668194467867
8 0 0.00000166668194467867
9 0 0.00000166668194467867
10 0 0.00000166668194467867
11 0 0.00000166668194467867
12 0 0.00000166668194467867
13 0 0.00000166668194467867
14 0 0.00000166668194467867
15 0 0.00000250003437562984
16 0 0.00000333339444602565
17 0 0.00000416676215586609
18 0 0.00000416676215586609
19 0 0.00000500013750526218
20 0 0.00000583352049443597
21 0 0.00000666691112360951
22 0 0.00000666691112360951
23 0 0.00000583352049443597
24 0 0.00000583352049443597
25 0 0.00000500013750526218
26 0 0.00000500013750526218
27 0 0.00000583352049443597
28 0 0.00000583352049443597
29 0 0.00000583352049443597
30 0 0.00000583352049443597
31 0 0.00000666691112360951
32 0 0.00000750030939278279
33 0 0.00000750030939278279
34 0 0.00000750030939278279
35 0 0.00000833371530217786
36 0 0.00000916712885190574
37 0 0.0000108339788730261
38 0 0.0000116674153447516
39 0 0.000012500859457365
40 0 0.000012500859457365
41 0 0.0000133343112110884
42 0 0.0000141677706060328
43 0 0.0000175016846010179
44 0 0.0000183351822042876
45 0 0.0000216692490401238
46 0 0.0000250034381590325
47 0 0.0000300049511388067
48 0 0.0000350067393084519
49 0 0.0000425099376131222
50 0 0.0000516813544294559
51 0 0.000061687591838111
52 0 0.0000716949308086079
53 0 0.0000783671022263066
54 0 0.0000850397634148958
55 0 0.000095049673682679
56 0 0.000106729295667018
57 0 0.000120913711624038
58 0 0.000132596657577144
59 0 0.000146785110982983
60 0 0.000156801823476993
61 0 0.000178508488132945
62 0 0.000196879715743670
63 0 0.000208572430588916
64 0 0.000232797840409416
65 0 0.000251180045748089
66 0 0.000280432127916508
67 0 0.000301332238197172
68 0 0.000329764103723651
69 0 0.000361551424450379
70 0 0.000391675988146045
71 0 0.000439393646883834
72 0 0.000482109644590722
73 0 0.00053322771529607
74 0 0.000594439625801968
75 0 0.000666605238195506
76 0 0.000743869177139422
77 0 0.000837177359120589
78 0 0.00095247382739705
79 0 0.00107381933810935
80 0 0.00123671074637699
81 0 0.00141682197197746
82 0 0.00164310110308585
83 0 0.00186058892642516
84 0 0.00216134181962568
85 0 0.00250334779551287
86 0 0.00309721929780271
87 0 0.00379140371214393
88 0 0.00462502114397312
89 0 0.00564890955320896
90 0 0.00685155048749864
91 0 0.00818893844896296
92 0 0.0100172085233513
93 0 0.0117845985141112
94 0 0.0139923044782007
95 0 0.0162397957470436
96 0 0.0191132333301438
97 0 0.0221836243900455
98 0 0.0260463708289241
99 0 0.0300538819800648
100 0 0.0331357178150083

death 1 F widowed
1 0 0.000106729295667018
2 0 0.0000116674153447516
3 0 0.00000333339444602565
4 0 0.00000250003437562984
5 0 0.00000166668194467867
6 0 0.00000166668194467867
7 0 0.00000166668194467867
8 0 0.00000166668194467867
9 0 0.00000166668194467867
10 0 0.00000166668194467867
11 0 0.00000166668194467867
12 0 0.00000166668194467867
13 0 0.00000166668194467867
14 0 0.00000166668194467867
15 0 0.00000250003437562984
16 0 0.00000333339444602565
17 0 0.00000416676215586609
18 0 0.00000416676215586609
19 0 0.00000500013750526218
20 0 0.00000583352049443597
21 0 0.00000666691112360951
22 0 0.00000666691112360951
23 0 0.00000583352049443597
24 0 0.00000583352049443597
25 0 0.00000500013750526218
26 0 0.00000500013750526218
27 0 0.00000583352049443597
28 0 0.00000583352049443597
29 0 0.00000583352049443597
30 0 0.00000583352049443597
31 0 0.00000666691112360951
32 0 0.00000750030939278279
33 0 0.00000750030939278279
34 0 0.00000750030939278279
35 0 0.00000833371530217786
36 0 0.00000916712885190574
37 0 0.0000108339788730261
38 0 0.0000116674153447516
39 0 0.000012500859457365
40 0 0.000012500859457365
41 0 0.0000133343112110884
42 0 0.0000141677706060328
43 0 0.0000175016846010179
44 0 0.0000183351822042876
45 0 0.0000216692490401238
46 0 0.0000250034381590325
47 0 0.0000300049511388067
48 0 0.0000350067393084519
49 0 0.0000425099376131222
50 0 0.0000516813544294559
51 0 0.000061687591838111
52 0 0.0000716949308086079
53 0 0.0000783671022263066
54 0 0.0000850397634148958
55 0 0.000095049673682679
56 0 0.000106729295667018
57 0 0.000120913711624038
58 0 0.000132596657577144
59 0 0.000146785110982983
60 0 0.000156801823476993
61 0 0.000178508488132945
62 0 0.000196879715743670
63 0 0.000208572430588916
64 0 0.000232797840409416
65 0 0.000251180045748089
66 0 0.000280432127916508
67 0 0.000301332238197172
68 0 0.000329764103723651
69 0 0.000361551424450379
70 0 0.000391675988146045
71 0 0.000439393646883834
72 0 0.000482109644590722
73 0 0.00053322771529607
74 0 0.000594439625801968
75 0 0.000666605238195506
76 0 0.000743869177139422
77 0 0.000837177359120589
78 0 0.00095247382739705
79 0 0.00107381933810935
80 0 0.00123671074637699
81 0 0.00141682197197746
82 0 0.00164310110308585
83 0 0.00186058892642516
84 0 0.00216134181962568
85 0 0.00250334779551287
86 0 0.00309721929780271
87 0 0.00379140371214393
88 0 0.00462502114397312
89 0 0.00564890955320896
90 0 0.00685155048749864
91 0 0.00818893844896296
92 0 0.0100172085233513
93 0 0.0117845985141112
94 0 0.0139923044782007
95 0 0.0162397957470436
96 0 0.0191132333301438
97 0 0.0221836243900455
98 0 0.0260463708289241
99 0 0.0300538819800648
100 0 0.0331357178150083
