*Period monthly mortality rates for SWE in 1992 
* Mon Dec 20 14:21:40 2010
death 1 M married
1 0 0.000499117875594646
2 0 0.0000274208017406741
3 0 0.0000268372943009743
4 0 0.0000237531029086968
5 0 0.0000175850340174977
6 0 0.00000916712885190574
7 0 0.0000140844243226024
8 0 0.0000145845031690461
9 0 0.0000116674153447516
10 0 0.00000841705631338119
11 0 0.0000166681946396352
12 0 0.00000816703350903225
13 0 0.0000097505228828787
14 0 0.0000183351822042876
15 0 0.0000116674153447516
16 0 0.0000242532349451485
17 0 0.0000249200819406603
18 0 0.0000515979737450989
19 0 0.0000373410013059239
20 0 0.0000485129421875508
21 0 0.000065857182524165
22 0 0.0000779500771647124
23 0 0.0000403422833787914
24 0 0.0000685258209363049
25 0 0.0000576015785100914
26 0 0.0000636889714991096
27 0 0.0000591859292243813
28 0 0.0000772828410454673
29 0 0.0000836217819284446
30 0 0.0000683590287403613
31 0 0.0000876255513057034
32 0 0.0000654402148491107
33 0 0.0000824540490774739
34 0 0.0000984699790181898
35 0 0.0000924636745979202
36 0 0.000117576002849673
37 0 0.000103809249477060
38 0 0.000111318129209281
39 0 0.000117492561700461
40 0 0.000136852961055811
41 0 0.000123750860446914
42 0 0.000149790008828976
43 0 0.000158304425562750
44 0 0.000192203050953244
45 0 0.000189864808791018
46 0 0.000220767864307914
47 0 0.000235972682989360
48 0 0.000259369679767141
49 0 0.000265637755353598
50 0 0.000302920843119003
51 0 0.000330265922405371
52 0 0.000346576538193033
53 0 0.000449693903136761
54 0 0.000421810541447409
55 0 0.000481020555990752
56 0 0.000563996219670404
57 0 0.000659889739268782
58 0 0.0006919607216479
59 0 0.000745969658089041
60 0 0.000816574065362174
61 0 0.00092502504467129
62 0 0.00105282507926552
63 0 0.00119144319539177
64 0 0.00132748273112904
65 0 0.00147973366091880
66 0 0.00165684856745441
67 0 0.00180905837192202
68 0 0.00185786710908553
69 0 0.00216313398779744
70 0 0.00225133533167776
71 0 0.0027102025083916
72 0 0.00275039322303328
73 0 0.00334675548035057
74 0 0.00361796533297587
75 0 0.00402535060516995
76 0 0.00413413411989061
77 0 0.00476947904462999
78 0 0.00574341526817579
79 0 0.00617674257932532
80 0 0.00702356474816013
81 0 0.00763827296190855
82 0 0.0084202093193938
83 0 0.00978709900890162
84 0 0.0108546438947335
85 0 0.0118297065161880
86 0 0.0134311545368283
87 0 0.0145951865045713
88 0 0.0163835923444046
89 0 0.0185742080260358
90 0 0.0188897080991355
91 0 0.024242416820227
92 0 0.0248527431228934
93 0 0.028471697744454
94 0 0.0294344989340454
95 0 0.0330086859758236
96 0 0.0407700490434254
97 0 0.0388093829738675
98 0 0.0537557444681555
99 0 0.0491460083643476
100 0 0.055478121659748

death 1 M single
1 0 0.000499117875594646
2 0 0.0000274208017406741
3 0 0.0000268372943009743
4 0 0.0000237531029086968
5 0 0.0000175850340174977
6 0 0.00000916712885190574
7 0 0.0000140844243226024
8 0 0.0000145845031690461
9 0 0.0000116674153447516
10 0 0.00000841705631338119
11 0 0.0000166681946396352
12 0 0.00000816703350903225
13 0 0.0000097505228828787
14 0 0.0000183351822042876
15 0 0.0000116674153447516
16 0 0.0000242532349451485
17 0 0.0000249200819406603
18 0 0.0000515979737450989
19 0 0.0000373410013059239
20 0 0.0000485129421875508
21 0 0.000065857182524165
22 0 0.0000779500771647124
23 0 0.0000403422833787914
24 0 0.0000685258209363049
25 0 0.0000576015785100914
26 0 0.0000636889714991096
27 0 0.0000591859292243813
28 0 0.0000772828410454673
29 0 0.0000836217819284446
30 0 0.0000683590287403613
31 0 0.0000876255513057034
32 0 0.0000654402148491107
33 0 0.0000824540490774739
34 0 0.0000984699790181898
35 0 0.0000924636745979202
36 0 0.000117576002849673
37 0 0.000103809249477060
38 0 0.000111318129209281
39 0 0.000117492561700461
40 0 0.000136852961055811
41 0 0.000123750860446914
42 0 0.000149790008828976
43 0 0.000158304425562750
44 0 0.000192203050953244
45 0 0.000189864808791018
46 0 0.000220767864307914
47 0 0.000235972682989360
48 0 0.000259369679767141
49 0 0.000265637755353598
50 0 0.000302920843119003
51 0 0.000330265922405371
52 0 0.000346576538193033
53 0 0.000449693903136761
54 0 0.000421810541447409
55 0 0.000481020555990752
56 0 0.000563996219670404
57 0 0.000659889739268782
58 0 0.0006919607216479
59 0 0.000745969658089041
60 0 0.000816574065362174
61 0 0.00092502504467129
62 0 0.00105282507926552
63 0 0.00119144319539177
64 0 0.00132748273112904
65 0 0.00147973366091880
66 0 0.00165684856745441
67 0 0.00180905837192202
68 0 0.00185786710908553
69 0 0.00216313398779744
70 0 0.00225133533167776
71 0 0.0027102025083916
72 0 0.00275039322303328
73 0 0.00334675548035057
74 0 0.00361796533297587
75 0 0.00402535060516995
76 0 0.00413413411989061
77 0 0.00476947904462999
78 0 0.00574341526817579
79 0 0.00617674257932532
80 0 0.00702356474816013
81 0 0.00763827296190855
82 0 0.0084202093193938
83 0 0.00978709900890162
84 0 0.0108546438947335
85 0 0.0118297065161880
86 0 0.0134311545368283
87 0 0.0145951865045713
88 0 0.0163835923444046
89 0 0.0185742080260358
90 0 0.0188897080991355
91 0 0.024242416820227
92 0 0.0248527431228934
93 0 0.028471697744454
94 0 0.0294344989340454
95 0 0.0330086859758236
96 0 0.0407700490434254
97 0 0.0388093829738675
98 0 0.0537557444681555
99 0 0.0491460083643476
100 0 0.055478121659748

death 1 M divorced
1 0 0.000499117875594646
2 0 0.0000274208017406741
3 0 0.0000268372943009743
4 0 0.0000237531029086968
5 0 0.0000175850340174977
6 0 0.00000916712885190574
7 0 0.0000140844243226024
8 0 0.0000145845031690461
9 0 0.0000116674153447516
10 0 0.00000841705631338119
11 0 0.0000166681946396352
12 0 0.00000816703350903225
13 0 0.0000097505228828787
14 0 0.0000183351822042876
15 0 0.0000116674153447516
16 0 0.0000242532349451485
17 0 0.0000249200819406603
18 0 0.0000515979737450989
19 0 0.0000373410013059239
20 0 0.0000485129421875508
21 0 0.000065857182524165
22 0 0.0000779500771647124
23 0 0.0000403422833787914
24 0 0.0000685258209363049
25 0 0.0000576015785100914
26 0 0.0000636889714991096
27 0 0.0000591859292243813
28 0 0.0000772828410454673
29 0 0.0000836217819284446
30 0 0.0000683590287403613
31 0 0.0000876255513057034
32 0 0.0000654402148491107
33 0 0.0000824540490774739
34 0 0.0000984699790181898
35 0 0.0000924636745979202
36 0 0.000117576002849673
37 0 0.000103809249477060
38 0 0.000111318129209281
39 0 0.000117492561700461
40 0 0.000136852961055811
41 0 0.000123750860446914
42 0 0.000149790008828976
43 0 0.000158304425562750
44 0 0.000192203050953244
45 0 0.000189864808791018
46 0 0.000220767864307914
47 0 0.000235972682989360
48 0 0.000259369679767141
49 0 0.000265637755353598
50 0 0.000302920843119003
51 0 0.000330265922405371
52 0 0.000346576538193033
53 0 0.000449693903136761
54 0 0.000421810541447409
55 0 0.000481020555990752
56 0 0.000563996219670404
57 0 0.000659889739268782
58 0 0.0006919607216479
59 0 0.000745969658089041
60 0 0.000816574065362174
61 0 0.00092502504467129
62 0 0.00105282507926552
63 0 0.00119144319539177
64 0 0.00132748273112904
65 0 0.00147973366091880
66 0 0.00165684856745441
67 0 0.00180905837192202
68 0 0.00185786710908553
69 0 0.00216313398779744
70 0 0.00225133533167776
71 0 0.0027102025083916
72 0 0.00275039322303328
73 0 0.00334675548035057
74 0 0.00361796533297587
75 0 0.00402535060516995
76 0 0.00413413411989061
77 0 0.00476947904462999
78 0 0.00574341526817579
79 0 0.00617674257932532
80 0 0.00702356474816013
81 0 0.00763827296190855
82 0 0.0084202093193938
83 0 0.00978709900890162
84 0 0.0108546438947335
85 0 0.0118297065161880
86 0 0.0134311545368283
87 0 0.0145951865045713
88 0 0.0163835923444046
89 0 0.0185742080260358
90 0 0.0188897080991355
91 0 0.024242416820227
92 0 0.0248527431228934
93 0 0.028471697744454
94 0 0.0294344989340454
95 0 0.0330086859758236
96 0 0.0407700490434254
97 0 0.0388093829738675
98 0 0.0537557444681555
99 0 0.0491460083643476
100 0 0.055478121659748

death 1 M widowed
1 0 0.000499117875594646
2 0 0.0000274208017406741
3 0 0.0000268372943009743
4 0 0.0000237531029086968
5 0 0.0000175850340174977
6 0 0.00000916712885190574
7 0 0.0000140844243226024
8 0 0.0000145845031690461
9 0 0.0000116674153447516
10 0 0.00000841705631338119
11 0 0.0000166681946396352
12 0 0.00000816703350903225
13 0 0.0000097505228828787
14 0 0.0000183351822042876
15 0 0.0000116674153447516
16 0 0.0000242532349451485
17 0 0.0000249200819406603
18 0 0.0000515979737450989
19 0 0.0000373410013059239
20 0 0.0000485129421875508
21 0 0.000065857182524165
22 0 0.0000779500771647124
23 0 0.0000403422833787914
24 0 0.0000685258209363049
25 0 0.0000576015785100914
26 0 0.0000636889714991096
27 0 0.0000591859292243813
28 0 0.0000772828410454673
29 0 0.0000836217819284446
30 0 0.0000683590287403613
31 0 0.0000876255513057034
32 0 0.0000654402148491107
33 0 0.0000824540490774739
34 0 0.0000984699790181898
35 0 0.0000924636745979202
36 0 0.000117576002849673
37 0 0.000103809249477060
38 0 0.000111318129209281
39 0 0.000117492561700461
40 0 0.000136852961055811
41 0 0.000123750860446914
42 0 0.000149790008828976
43 0 0.000158304425562750
44 0 0.000192203050953244
45 0 0.000189864808791018
46 0 0.000220767864307914
47 0 0.000235972682989360
48 0 0.000259369679767141
49 0 0.000265637755353598
50 0 0.000302920843119003
51 0 0.000330265922405371
52 0 0.000346576538193033
53 0 0.000449693903136761
54 0 0.000421810541447409
55 0 0.000481020555990752
56 0 0.000563996219670404
57 0 0.000659889739268782
58 0 0.0006919607216479
59 0 0.000745969658089041
60 0 0.000816574065362174
61 0 0.00092502504467129
62 0 0.00105282507926552
63 0 0.00119144319539177
64 0 0.00132748273112904
65 0 0.00147973366091880
66 0 0.00165684856745441
67 0 0.00180905837192202
68 0 0.00185786710908553
69 0 0.00216313398779744
70 0 0.00225133533167776
71 0 0.0027102025083916
72 0 0.00275039322303328
73 0 0.00334675548035057
74 0 0.00361796533297587
75 0 0.00402535060516995
76 0 0.00413413411989061
77 0 0.00476947904462999
78 0 0.00574341526817579
79 0 0.00617674257932532
80 0 0.00702356474816013
81 0 0.00763827296190855
82 0 0.0084202093193938
83 0 0.00978709900890162
84 0 0.0108546438947335
85 0 0.0118297065161880
86 0 0.0134311545368283
87 0 0.0145951865045713
88 0 0.0163835923444046
89 0 0.0185742080260358
90 0 0.0188897080991355
91 0 0.024242416820227
92 0 0.0248527431228934
93 0 0.028471697744454
94 0 0.0294344989340454
95 0 0.0330086859758236
96 0 0.0407700490434254
97 0 0.0388093829738675
98 0 0.0537557444681555
99 0 0.0491460083643476
100 0 0.055478121659748

death 1 F married
1 0 0.000389918447630255
2 0 0.0000192520383945904
3 0 0.0000155846691144435
4 0 0.0000192520383945904
5 0 0.00000616687582932762
6 0 0.0000192520383945904
7 0 0.0000082503743674689
8 0 0.0000068335901662886
9 0 0.0000123341700235535
10 0 0.00000533348978415393
11 0 0.0000157513645084872
12 0 0.00000858373856482686
13 0 0.0000068335901662886
14 0 0.0000139177319852246
15 0 0.0000122508254212228
16 0 0.0000136676940520886
17 0 0.0000261704332417123
18 0 0.0000123341700235535
19 0 0.0000210857785167828
20 0 0.0000223360770809089
21 0 0.0000234196830797284
22 0 0.0000249200819406603
23 0 0.0000299215903342143
24 0 0.0000277542362450145
25 0 0.0000205856639059476
26 0 0.0000251701508250379
27 0 0.000020919073340786
28 0 0.0000311720104296809
29 0 0.0000282543902946353
30 0 0.0000256702906575867
31 0 0.0000397586929929972
32 0 0.0000404256537397396
33 0 0.0000523484026575538
34 0 0.0000282543902946353
35 0 0.0000468454011526287
36 0 0.0000608536966506534
37 0 0.0000595194802618382
38 0 0.00004109261937979
39 0 0.0000539326618169689
40 0 0.0000705273511594218
41 0 0.0000851231747793779
42 0 0.0000849563521269081
43 0 0.000097552323490957
44 0 0.000106395571354834
45 0 0.000112903416452648
46 0 0.000153212374594536
47 0 0.000132930478098148
48 0 0.000152628059122195
49 0 0.000188946230113229
50 0 0.00021650762957226
51 0 0.000225613079840259
52 0 0.000190365855619157
53 0 0.000282772701272194
54 0 0.000290630781285772
55 0 0.000288122809589786
56 0 0.000287788418592672
57 0 0.000381800725386627
58 0 0.000364228759106799
59 0 0.000448353966341686
60 0 0.000450112637437217
61 0 0.000553012260670616
62 0 0.000581942337813834
63 0 0.000663667146333591
64 0 0.00067290146931065
65 0 0.000700610071401986
66 0 0.000833813236830627
67 0 0.000951294874824038
68 0 0.000970665321181396
69 0 0.00102736867418873
70 0 0.00134245107448694
71 0 0.00130313273388805
72 0 0.00145559683539287
73 0 0.00170633970583489
74 0 0.00198860652622512
75 0 0.00220026543666474
76 0 0.00237443112451574
77 0 0.00263905368364947
78 0 0.00318806071311939
79 0 0.00352028127170789
80 0 0.00393227366576498
81 0 0.00439433211210161
82 0 0.0053638618277978
83 0 0.00583233194037114
84 0 0.00644244622502144
85 0 0.0080314441878696
86 0 0.00820380888650918
87 0 0.0096564542905394
88 0 0.0111983594234204
89 0 0.0128844496453637
90 0 0.0144902328313650
91 0 0.0167385801675425
92 0 0.0187771286663295
93 0 0.0208981468549633
94 0 0.0241747643685668
95 0 0.0281438041352373
96 0 0.0308462768854105
97 0 0.0344945523531190
98 0 0.0371500631706272
99 0 0.0372170695537595
100 0 0.0443970297242521

death 1 F single
1 0 0.000389918447630255
2 0 0.0000192520383945904
3 0 0.0000155846691144435
4 0 0.0000192520383945904
5 0 0.00000616687582932762
6 0 0.0000192520383945904
7 0 0.0000082503743674689
8 0 0.0000068335901662886
9 0 0.0000123341700235535
10 0 0.00000533348978415393
11 0 0.0000157513645084872
12 0 0.00000858373856482686
13 0 0.0000068335901662886
14 0 0.0000139177319852246
15 0 0.0000122508254212228
16 0 0.0000136676940520886
17 0 0.0000261704332417123
18 0 0.0000123341700235535
19 0 0.0000210857785167828
20 0 0.0000223360770809089
21 0 0.0000234196830797284
22 0 0.0000249200819406603
23 0 0.0000299215903342143
24 0 0.0000277542362450145
25 0 0.0000205856639059476
26 0 0.0000251701508250379
27 0 0.000020919073340786
28 0 0.0000311720104296809
29 0 0.0000282543902946353
30 0 0.0000256702906575867
31 0 0.0000397586929929972
32 0 0.0000404256537397396
33 0 0.0000523484026575538
34 0 0.0000282543902946353
35 0 0.0000468454011526287
36 0 0.0000608536966506534
37 0 0.0000595194802618382
38 0 0.00004109261937979
39 0 0.0000539326618169689
40 0 0.0000705273511594218
41 0 0.0000851231747793779
42 0 0.0000849563521269081
43 0 0.000097552323490957
44 0 0.000106395571354834
45 0 0.000112903416452648
46 0 0.000153212374594536
47 0 0.000132930478098148
48 0 0.000152628059122195
49 0 0.000188946230113229
50 0 0.00021650762957226
51 0 0.000225613079840259
52 0 0.000190365855619157
53 0 0.000282772701272194
54 0 0.000290630781285772
55 0 0.000288122809589786
56 0 0.000287788418592672
57 0 0.000381800725386627
58 0 0.000364228759106799
59 0 0.000448353966341686
60 0 0.000450112637437217
61 0 0.000553012260670616
62 0 0.000581942337813834
63 0 0.000663667146333591
64 0 0.00067290146931065
65 0 0.000700610071401986
66 0 0.000833813236830627
67 0 0.000951294874824038
68 0 0.000970665321181396
69 0 0.00102736867418873
70 0 0.00134245107448694
71 0 0.00130313273388805
72 0 0.00145559683539287
73 0 0.00170633970583489
74 0 0.00198860652622512
75 0 0.00220026543666474
76 0 0.00237443112451574
77 0 0.00263905368364947
78 0 0.00318806071311939
79 0 0.00352028127170789
80 0 0.00393227366576498
81 0 0.00439433211210161
82 0 0.0053638618277978
83 0 0.00583233194037114
84 0 0.00644244622502144
85 0 0.0080314441878696
86 0 0.00820380888650918
87 0 0.0096564542905394
88 0 0.0111983594234204
89 0 0.0128844496453637
90 0 0.0144902328313650
91 0 0.0167385801675425
92 0 0.0187771286663295
93 0 0.0208981468549633
94 0 0.0241747643685668
95 0 0.0281438041352373
96 0 0.0308462768854105
97 0 0.0344945523531190
98 0 0.0371500631706272
99 0 0.0372170695537595
100 0 0.0443970297242521

death 1 F divorced
1 0 0.000389918447630255
2 0 0.0000192520383945904
3 0 0.0000155846691144435
4 0 0.0000192520383945904
5 0 0.00000616687582932762
6 0 0.0000192520383945904
7 0 0.0000082503743674689
8 0 0.0000068335901662886
9 0 0.0000123341700235535
10 0 0.00000533348978415393
11 0 0.0000157513645084872
12 0 0.00000858373856482686
13 0 0.0000068335901662886
14 0 0.0000139177319852246
15 0 0.0000122508254212228
16 0 0.0000136676940520886
17 0 0.0000261704332417123
18 0 0.0000123341700235535
19 0 0.0000210857785167828
20 0 0.0000223360770809089
21 0 0.0000234196830797284
22 0 0.0000249200819406603
23 0 0.0000299215903342143
24 0 0.0000277542362450145
25 0 0.0000205856639059476
26 0 0.0000251701508250379
27 0 0.000020919073340786
28 0 0.0000311720104296809
29 0 0.0000282543902946353
30 0 0.0000256702906575867
31 0 0.0000397586929929972
32 0 0.0000404256537397396
33 0 0.0000523484026575538
34 0 0.0000282543902946353
35 0 0.0000468454011526287
36 0 0.0000608536966506534
37 0 0.0000595194802618382
38 0 0.00004109261937979
39 0 0.0000539326618169689
40 0 0.0000705273511594218
41 0 0.0000851231747793779
42 0 0.0000849563521269081
43 0 0.000097552323490957
44 0 0.000106395571354834
45 0 0.000112903416452648
46 0 0.000153212374594536
47 0 0.000132930478098148
48 0 0.000152628059122195
49 0 0.000188946230113229
50 0 0.00021650762957226
51 0 0.000225613079840259
52 0 0.000190365855619157
53 0 0.000282772701272194
54 0 0.000290630781285772
55 0 0.000288122809589786
56 0 0.000287788418592672
57 0 0.000381800725386627
58 0 0.000364228759106799
59 0 0.000448353966341686
60 0 0.000450112637437217
61 0 0.000553012260670616
62 0 0.000581942337813834
63 0 0.000663667146333591
64 0 0.00067290146931065
65 0 0.000700610071401986
66 0 0.000833813236830627
67 0 0.000951294874824038
68 0 0.000970665321181396
69 0 0.00102736867418873
70 0 0.00134245107448694
71 0 0.00130313273388805
72 0 0.00145559683539287
73 0 0.00170633970583489
74 0 0.00198860652622512
75 0 0.00220026543666474
76 0 0.00237443112451574
77 0 0.00263905368364947
78 0 0.00318806071311939
79 0 0.00352028127170789
80 0 0.00393227366576498
81 0 0.00439433211210161
82 0 0.0053638618277978
83 0 0.00583233194037114
84 0 0.00644244622502144
85 0 0.0080314441878696
86 0 0.00820380888650918
87 0 0.0096564542905394
88 0 0.0111983594234204
89 0 0.0128844496453637
90 0 0.0144902328313650
91 0 0.0167385801675425
92 0 0.0187771286663295
93 0 0.0208981468549633
94 0 0.0241747643685668
95 0 0.0281438041352373
96 0 0.0308462768854105
97 0 0.0344945523531190
98 0 0.0371500631706272
99 0 0.0372170695537595
100 0 0.0443970297242521

death 1 F widowed
1 0 0.000389918447630255
2 0 0.0000192520383945904
3 0 0.0000155846691144435
4 0 0.0000192520383945904
5 0 0.00000616687582932762
6 0 0.0000192520383945904
7 0 0.0000082503743674689
8 0 0.0000068335901662886
9 0 0.0000123341700235535
10 0 0.00000533348978415393
11 0 0.0000157513645084872
12 0 0.00000858373856482686
13 0 0.0000068335901662886
14 0 0.0000139177319852246
15 0 0.0000122508254212228
16 0 0.0000136676940520886
17 0 0.0000261704332417123
18 0 0.0000123341700235535
19 0 0.0000210857785167828
20 0 0.0000223360770809089
21 0 0.0000234196830797284
22 0 0.0000249200819406603
23 0 0.0000299215903342143
24 0 0.0000277542362450145
25 0 0.0000205856639059476
26 0 0.0000251701508250379
27 0 0.000020919073340786
28 0 0.0000311720104296809
29 0 0.0000282543902946353
30 0 0.0000256702906575867
31 0 0.0000397586929929972
32 0 0.0000404256537397396
33 0 0.0000523484026575538
34 0 0.0000282543902946353
35 0 0.0000468454011526287
36 0 0.0000608536966506534
37 0 0.0000595194802618382
38 0 0.00004109261937979
39 0 0.0000539326618169689
40 0 0.0000705273511594218
41 0 0.0000851231747793779
42 0 0.0000849563521269081
43 0 0.000097552323490957
44 0 0.000106395571354834
45 0 0.000112903416452648
46 0 0.000153212374594536
47 0 0.000132930478098148
48 0 0.000152628059122195
49 0 0.000188946230113229
50 0 0.00021650762957226
51 0 0.000225613079840259
52 0 0.000190365855619157
53 0 0.000282772701272194
54 0 0.000290630781285772
55 0 0.000288122809589786
56 0 0.000287788418592672
57 0 0.000381800725386627
58 0 0.000364228759106799
59 0 0.000448353966341686
60 0 0.000450112637437217
61 0 0.000553012260670616
62 0 0.000581942337813834
63 0 0.000663667146333591
64 0 0.00067290146931065
65 0 0.000700610071401986
66 0 0.000833813236830627
67 0 0.000951294874824038
68 0 0.000970665321181396
69 0 0.00102736867418873
70 0 0.00134245107448694
71 0 0.00130313273388805
72 0 0.00145559683539287
73 0 0.00170633970583489
74 0 0.00198860652622512
75 0 0.00220026543666474
76 0 0.00237443112451574
77 0 0.00263905368364947
78 0 0.00318806071311939
79 0 0.00352028127170789
80 0 0.00393227366576498
81 0 0.00439433211210161
82 0 0.0053638618277978
83 0 0.00583233194037114
84 0 0.00644244622502144
85 0 0.0080314441878696
86 0 0.00820380888650918
87 0 0.0096564542905394
88 0 0.0111983594234204
89 0 0.0128844496453637
90 0 0.0144902328313650
91 0 0.0167385801675425
92 0 0.0187771286663295
93 0 0.0208981468549633
94 0 0.0241747643685668
95 0 0.0281438041352373
96 0 0.0308462768854105
97 0 0.0344945523531190
98 0 0.0371500631706272
99 0 0.0372170695537595
100 0 0.0443970297242521
