*Period monthly mortality rates for SWE in 2060 
* Mon Dec 20 14:21:52 2010
death 1 M married
1 0 0.000178508488132945
2 0 0.0000183351822042876
3 0 0.00000583352049443597
4 0 0.00000416676215586609
5 0 0.00000333339444602565
6 0 0.00000333339444602565
7 0 0.00000333339444602565
8 0 0.00000250003437562984
9 0 0.00000250003437562984
10 0 0.00000250003437562984
11 0 0.00000333339444602565
12 0 0.00000333339444602565
13 0 0.00000333339444602565
14 0 0.00000416676215586609
15 0 0.00000500013750526218
16 0 0.00000666691112360951
17 0 0.0000100005500421885
18 0 0.000012500859457365
19 0 0.0000158347123201397
20 0 0.0000216692490401238
21 0 0.0000250034381590325
22 0 0.0000266705785775256
23 0 0.0000275041602521009
24 0 0.0000266705785775256
25 0 0.0000258370045466139
26 0 0.0000258370045466139
27 0 0.0000258370045466139
28 0 0.0000241698794146705
29 0 0.0000241698794146705
30 0 0.0000233363283135279
31 0 0.0000241698794146705
32 0 0.0000225027848553827
33 0 0.0000233363283135279
34 0 0.0000250034381590325
35 0 0.0000258370045466139
36 0 0.0000275041602521009
37 0 0.0000300049511388067
38 0 0.0000308385633891461
39 0 0.0000341730888351321
40 0 0.0000366740631904117
41 0 0.0000391751063537615
42 0 0.0000425099376131222
43 0 0.0000475124138960004
44 0 0.0000533489841776369
45 0 0.0000575181923953005
46 0 0.0000633554051622243
47 0 0.0000700269644720031
48 0 0.0000758649805536749
49 0 0.0000858738805041837
50 0 0.0000933812787555777
51 0 0.000102557829824601
52 0 0.000115907194420450
53 0 0.000126754996901401
54 0 0.000145950434766062
55 0 0.000156801823476993
56 0 0.000170994056027163
57 0 0.000190198839702838
58 0 0.000213584054607918
59 0 0.000225278918752347
60 0 0.000253686998195723
61 0 0.000272073429390618
62 0 0.000301332238197172
63 0 0.000334782415238655
64 0 0.000368244908993565
65 0 0.00041343882975442
66 0 0.000449442663482569
67 0 0.000493839118368977
68 0 0.000552509210379415
69 0 0.000605344704256772
70 0 0.00067164218817839
71 0 0.000748910413016057
72 0 0.000823721617461026
73 0 0.000922162765838341
74 0 0.00102913859073595
75 0 0.00115311854910738
76 0 0.00131192503511424
77 0 0.00144814535777016
78 0 0.00168978306203249
79 0 0.00193121460107026
80 0 0.00221426836603822
81 0 0.00256761775093628
82 0 0.00301275725835959
83 0 0.00356403972041441
84 0 0.00416580003289579
85 0 0.00500553077002686
86 0 0.00594562528034459
87 0 0.00709365192645472
88 0 0.00835694365016348
89 0 0.0100041765181184
90 0 0.0117703585861033
91 0 0.0138950521973447
92 0 0.0166608530367742
93 0 0.0199050046076771
94 0 0.0228634886582096
95 0 0.0267061020439390
96 0 0.02982104520424
97 0 0.03521487673293
98 0 0.0397431286441943
99 0 0.0438329266666659
100 0 0.0494669097703616

death 1 M single
1 0 0.000178508488132945
2 0 0.0000183351822042876
3 0 0.00000583352049443597
4 0 0.00000416676215586609
5 0 0.00000333339444602565
6 0 0.00000333339444602565
7 0 0.00000333339444602565
8 0 0.00000250003437562984
9 0 0.00000250003437562984
10 0 0.00000250003437562984
11 0 0.00000333339444602565
12 0 0.00000333339444602565
13 0 0.00000333339444602565
14 0 0.00000416676215586609
15 0 0.00000500013750526218
16 0 0.00000666691112360951
17 0 0.0000100005500421885
18 0 0.000012500859457365
19 0 0.0000158347123201397
20 0 0.0000216692490401238
21 0 0.0000250034381590325
22 0 0.0000266705785775256
23 0 0.0000275041602521009
24 0 0.0000266705785775256
25 0 0.0000258370045466139
26 0 0.0000258370045466139
27 0 0.0000258370045466139
28 0 0.0000241698794146705
29 0 0.0000241698794146705
30 0 0.0000233363283135279
31 0 0.0000241698794146705
32 0 0.0000225027848553827
33 0 0.0000233363283135279
34 0 0.0000250034381590325
35 0 0.0000258370045466139
36 0 0.0000275041602521009
37 0 0.0000300049511388067
38 0 0.0000308385633891461
39 0 0.0000341730888351321
40 0 0.0000366740631904117
41 0 0.0000391751063537615
42 0 0.0000425099376131222
43 0 0.0000475124138960004
44 0 0.0000533489841776369
45 0 0.0000575181923953005
46 0 0.0000633554051622243
47 0 0.0000700269644720031
48 0 0.0000758649805536749
49 0 0.0000858738805041837
50 0 0.0000933812787555777
51 0 0.000102557829824601
52 0 0.000115907194420450
53 0 0.000126754996901401
54 0 0.000145950434766062
55 0 0.000156801823476993
56 0 0.000170994056027163
57 0 0.000190198839702838
58 0 0.000213584054607918
59 0 0.000225278918752347
60 0 0.000253686998195723
61 0 0.000272073429390618
62 0 0.000301332238197172
63 0 0.000334782415238655
64 0 0.000368244908993565
65 0 0.00041343882975442
66 0 0.000449442663482569
67 0 0.000493839118368977
68 0 0.000552509210379415
69 0 0.000605344704256772
70 0 0.00067164218817839
71 0 0.000748910413016057
72 0 0.000823721617461026
73 0 0.000922162765838341
74 0 0.00102913859073595
75 0 0.00115311854910738
76 0 0.00131192503511424
77 0 0.00144814535777016
78 0 0.00168978306203249
79 0 0.00193121460107026
80 0 0.00221426836603822
81 0 0.00256761775093628
82 0 0.00301275725835959
83 0 0.00356403972041441
84 0 0.00416580003289579
85 0 0.00500553077002686
86 0 0.00594562528034459
87 0 0.00709365192645472
88 0 0.00835694365016348
89 0 0.0100041765181184
90 0 0.0117703585861033
91 0 0.0138950521973447
92 0 0.0166608530367742
93 0 0.0199050046076771
94 0 0.0228634886582096
95 0 0.0267061020439390
96 0 0.02982104520424
97 0 0.03521487673293
98 0 0.0397431286441943
99 0 0.0438329266666659
100 0 0.0494669097703616

death 1 M divorced
1 0 0.000178508488132945
2 0 0.0000183351822042876
3 0 0.00000583352049443597
4 0 0.00000416676215586609
5 0 0.00000333339444602565
6 0 0.00000333339444602565
7 0 0.00000333339444602565
8 0 0.00000250003437562984
9 0 0.00000250003437562984
10 0 0.00000250003437562984
11 0 0.00000333339444602565
12 0 0.00000333339444602565
13 0 0.00000333339444602565
14 0 0.00000416676215586609
15 0 0.00000500013750526218
16 0 0.00000666691112360951
17 0 0.0000100005500421885
18 0 0.000012500859457365
19 0 0.0000158347123201397
20 0 0.0000216692490401238
21 0 0.0000250034381590325
22 0 0.0000266705785775256
23 0 0.0000275041602521009
24 0 0.0000266705785775256
25 0 0.0000258370045466139
26 0 0.0000258370045466139
27 0 0.0000258370045466139
28 0 0.0000241698794146705
29 0 0.0000241698794146705
30 0 0.0000233363283135279
31 0 0.0000241698794146705
32 0 0.0000225027848553827
33 0 0.0000233363283135279
34 0 0.0000250034381590325
35 0 0.0000258370045466139
36 0 0.0000275041602521009
37 0 0.0000300049511388067
38 0 0.0000308385633891461
39 0 0.0000341730888351321
40 0 0.0000366740631904117
41 0 0.0000391751063537615
42 0 0.0000425099376131222
43 0 0.0000475124138960004
44 0 0.0000533489841776369
45 0 0.0000575181923953005
46 0 0.0000633554051622243
47 0 0.0000700269644720031
48 0 0.0000758649805536749
49 0 0.0000858738805041837
50 0 0.0000933812787555777
51 0 0.000102557829824601
52 0 0.000115907194420450
53 0 0.000126754996901401
54 0 0.000145950434766062
55 0 0.000156801823476993
56 0 0.000170994056027163
57 0 0.000190198839702838
58 0 0.000213584054607918
59 0 0.000225278918752347
60 0 0.000253686998195723
61 0 0.000272073429390618
62 0 0.000301332238197172
63 0 0.000334782415238655
64 0 0.000368244908993565
65 0 0.00041343882975442
66 0 0.000449442663482569
67 0 0.000493839118368977
68 0 0.000552509210379415
69 0 0.000605344704256772
70 0 0.00067164218817839
71 0 0.000748910413016057
72 0 0.000823721617461026
73 0 0.000922162765838341
74 0 0.00102913859073595
75 0 0.00115311854910738
76 0 0.00131192503511424
77 0 0.00144814535777016
78 0 0.00168978306203249
79 0 0.00193121460107026
80 0 0.00221426836603822
81 0 0.00256761775093628
82 0 0.00301275725835959
83 0 0.00356403972041441
84 0 0.00416580003289579
85 0 0.00500553077002686
86 0 0.00594562528034459
87 0 0.00709365192645472
88 0 0.00835694365016348
89 0 0.0100041765181184
90 0 0.0117703585861033
91 0 0.0138950521973447
92 0 0.0166608530367742
93 0 0.0199050046076771
94 0 0.0228634886582096
95 0 0.0267061020439390
96 0 0.02982104520424
97 0 0.03521487673293
98 0 0.0397431286441943
99 0 0.0438329266666659
100 0 0.0494669097703616

death 1 M widowed
1 0 0.000178508488132945
2 0 0.0000183351822042876
3 0 0.00000583352049443597
4 0 0.00000416676215586609
5 0 0.00000333339444602565
6 0 0.00000333339444602565
7 0 0.00000333339444602565
8 0 0.00000250003437562984
9 0 0.00000250003437562984
10 0 0.00000250003437562984
11 0 0.00000333339444602565
12 0 0.00000333339444602565
13 0 0.00000333339444602565
14 0 0.00000416676215586609
15 0 0.00000500013750526218
16 0 0.00000666691112360951
17 0 0.0000100005500421885
18 0 0.000012500859457365
19 0 0.0000158347123201397
20 0 0.0000216692490401238
21 0 0.0000250034381590325
22 0 0.0000266705785775256
23 0 0.0000275041602521009
24 0 0.0000266705785775256
25 0 0.0000258370045466139
26 0 0.0000258370045466139
27 0 0.0000258370045466139
28 0 0.0000241698794146705
29 0 0.0000241698794146705
30 0 0.0000233363283135279
31 0 0.0000241698794146705
32 0 0.0000225027848553827
33 0 0.0000233363283135279
34 0 0.0000250034381590325
35 0 0.0000258370045466139
36 0 0.0000275041602521009
37 0 0.0000300049511388067
38 0 0.0000308385633891461
39 0 0.0000341730888351321
40 0 0.0000366740631904117
41 0 0.0000391751063537615
42 0 0.0000425099376131222
43 0 0.0000475124138960004
44 0 0.0000533489841776369
45 0 0.0000575181923953005
46 0 0.0000633554051622243
47 0 0.0000700269644720031
48 0 0.0000758649805536749
49 0 0.0000858738805041837
50 0 0.0000933812787555777
51 0 0.000102557829824601
52 0 0.000115907194420450
53 0 0.000126754996901401
54 0 0.000145950434766062
55 0 0.000156801823476993
56 0 0.000170994056027163
57 0 0.000190198839702838
58 0 0.000213584054607918
59 0 0.000225278918752347
60 0 0.000253686998195723
61 0 0.000272073429390618
62 0 0.000301332238197172
63 0 0.000334782415238655
64 0 0.000368244908993565
65 0 0.00041343882975442
66 0 0.000449442663482569
67 0 0.000493839118368977
68 0 0.000552509210379415
69 0 0.000605344704256772
70 0 0.00067164218817839
71 0 0.000748910413016057
72 0 0.000823721617461026
73 0 0.000922162765838341
74 0 0.00102913859073595
75 0 0.00115311854910738
76 0 0.00131192503511424
77 0 0.00144814535777016
78 0 0.00168978306203249
79 0 0.00193121460107026
80 0 0.00221426836603822
81 0 0.00256761775093628
82 0 0.00301275725835959
83 0 0.00356403972041441
84 0 0.00416580003289579
85 0 0.00500553077002686
86 0 0.00594562528034459
87 0 0.00709365192645472
88 0 0.00835694365016348
89 0 0.0100041765181184
90 0 0.0117703585861033
91 0 0.0138950521973447
92 0 0.0166608530367742
93 0 0.0199050046076771
94 0 0.0228634886582096
95 0 0.0267061020439390
96 0 0.02982104520424
97 0 0.03521487673293
98 0 0.0397431286441943
99 0 0.0438329266666659
100 0 0.0494669097703616

death 1 F married
1 0 0.000176838560643211
2 0 0.0000191686874497776
3 0 0.00000583352049443597
4 0 0.00000416676215586609
5 0 0.00000333339444602565
6 0 0.00000333339444602565
7 0 0.00000333339444602565
8 0 0.00000250003437562984
9 0 0.00000250003437562984
10 0 0.00000250003437562984
11 0 0.00000250003437562984
12 0 0.00000250003437562984
13 0 0.00000250003437562984
14 0 0.00000250003437562984
15 0 0.00000416676215586609
16 0 0.00000583352049443597
17 0 0.00000666691112360951
18 0 0.00000750030939278279
19 0 0.00000750030939278279
20 0 0.00000916712885190574
21 0 0.0000100005500421885
22 0 0.0000108339788730261
23 0 0.0000100005500421885
24 0 0.0000100005500421885
25 0 0.00000833371530217786
26 0 0.00000833371530217786
27 0 0.0000100005500421885
28 0 0.00000916712885190574
29 0 0.00000916712885190574
30 0 0.0000100005500421885
31 0 0.0000108339788730261
32 0 0.0000116674153447516
33 0 0.0000116674153447516
34 0 0.000012500859457365
35 0 0.0000133343112110884
36 0 0.0000158347123201397
37 0 0.0000183351822042876
38 0 0.0000191686874497776
39 0 0.0000200022003373768
40 0 0.0000208357208674181
41 0 0.0000216692490401238
42 0 0.0000241698794146705
43 0 0.0000283377495704507
44 0 0.0000308385633891461
45 0 0.0000350067393084519
46 0 0.0000408425066913409
47 0 0.0000475124138960004
48 0 0.0000533489841776369
49 0 0.0000650232490866376
50 0 0.0000758649805536749
51 0 0.0000883762776967556
52 0 0.000100889297087292
53 0 0.000109232267063164
54 0 0.000118410418553538
55 0 0.000132596657577144
56 0 0.000148454486411209
57 0 0.000167654507824855
58 0 0.000183518454694553
59 0 0.000202725885138699
60 0 0.00021776061905987
61 0 0.000247837550048202
62 0 0.000272909264649956
63 0 0.000289627584302288
64 0 0.000323073452733302
65 0 0.000347329406522712
66 0 0.000388328321214826
67 0 0.000417624589193033
68 0 0.000456980155295161
69 0 0.000500542354690436
70 0 0.000543287115269853
71 0 0.00060953931375396
72 0 0.000669123678278649
73 0 0.000738828221010124
74 0 0.000824562542920404
75 0 0.000924688301303211
76 0 0.00103250995577886
77 0 0.00116240277166990
78 0 0.00132207105621718
79 0 0.00149133855975192
80 0 0.00171780376735764
81 0 0.00196867702546288
82 0 0.00228431545721286
83 0 0.00258733633424668
84 0 0.00300931149953854
85 0 0.00346875139631952
86 0 0.00418848766185531
87 0 0.00500288893111278
88 0 0.0059554139440865
89 0 0.00711708651413334
90 0 0.00846668118140581
91 0 0.00992509411147102
92 0 0.0119423379485911
93 0 0.0138114995354282
94 0 0.0161659901139602
95 0 0.0185411323571091
96 0 0.0214454327282946
97 0 0.0245178141257563
98 0 0.0283521253256120
99 0 0.0322934808465400
100 0 0.0353286792152152

death 1 F single
1 0 0.000176838560643211
2 0 0.0000191686874497776
3 0 0.00000583352049443597
4 0 0.00000416676215586609
5 0 0.00000333339444602565
6 0 0.00000333339444602565
7 0 0.00000333339444602565
8 0 0.00000250003437562984
9 0 0.00000250003437562984
10 0 0.00000250003437562984
11 0 0.00000250003437562984
12 0 0.00000250003437562984
13 0 0.00000250003437562984
14 0 0.00000250003437562984
15 0 0.00000416676215586609
16 0 0.00000583352049443597
17 0 0.00000666691112360951
18 0 0.00000750030939278279
19 0 0.00000750030939278279
20 0 0.00000916712885190574
21 0 0.0000100005500421885
22 0 0.0000108339788730261
23 0 0.0000100005500421885
24 0 0.0000100005500421885
25 0 0.00000833371530217786
26 0 0.00000833371530217786
27 0 0.0000100005500421885
28 0 0.00000916712885190574
29 0 0.00000916712885190574
30 0 0.0000100005500421885
31 0 0.0000108339788730261
32 0 0.0000116674153447516
33 0 0.0000116674153447516
34 0 0.000012500859457365
35 0 0.0000133343112110884
36 0 0.0000158347123201397
37 0 0.0000183351822042876
38 0 0.0000191686874497776
39 0 0.0000200022003373768
40 0 0.0000208357208674181
41 0 0.0000216692490401238
42 0 0.0000241698794146705
43 0 0.0000283377495704507
44 0 0.0000308385633891461
45 0 0.0000350067393084519
46 0 0.0000408425066913409
47 0 0.0000475124138960004
48 0 0.0000533489841776369
49 0 0.0000650232490866376
50 0 0.0000758649805536749
51 0 0.0000883762776967556
52 0 0.000100889297087292
53 0 0.000109232267063164
54 0 0.000118410418553538
55 0 0.000132596657577144
56 0 0.000148454486411209
57 0 0.000167654507824855
58 0 0.000183518454694553
59 0 0.000202725885138699
60 0 0.00021776061905987
61 0 0.000247837550048202
62 0 0.000272909264649956
63 0 0.000289627584302288
64 0 0.000323073452733302
65 0 0.000347329406522712
66 0 0.000388328321214826
67 0 0.000417624589193033
68 0 0.000456980155295161
69 0 0.000500542354690436
70 0 0.000543287115269853
71 0 0.00060953931375396
72 0 0.000669123678278649
73 0 0.000738828221010124
74 0 0.000824562542920404
75 0 0.000924688301303211
76 0 0.00103250995577886
77 0 0.00116240277166990
78 0 0.00132207105621718
79 0 0.00149133855975192
80 0 0.00171780376735764
81 0 0.00196867702546288
82 0 0.00228431545721286
83 0 0.00258733633424668
84 0 0.00300931149953854
85 0 0.00346875139631952
86 0 0.00418848766185531
87 0 0.00500288893111278
88 0 0.0059554139440865
89 0 0.00711708651413334
90 0 0.00846668118140581
91 0 0.00992509411147102
92 0 0.0119423379485911
93 0 0.0138114995354282
94 0 0.0161659901139602
95 0 0.0185411323571091
96 0 0.0214454327282946
97 0 0.0245178141257563
98 0 0.0283521253256120
99 0 0.0322934808465400
100 0 0.0353286792152152

death 1 F divorced
1 0 0.000176838560643211
2 0 0.0000191686874497776
3 0 0.00000583352049443597
4 0 0.00000416676215586609
5 0 0.00000333339444602565
6 0 0.00000333339444602565
7 0 0.00000333339444602565
8 0 0.00000250003437562984
9 0 0.00000250003437562984
10 0 0.00000250003437562984
11 0 0.00000250003437562984
12 0 0.00000250003437562984
13 0 0.00000250003437562984
14 0 0.00000250003437562984
15 0 0.00000416676215586609
16 0 0.00000583352049443597
17 0 0.00000666691112360951
18 0 0.00000750030939278279
19 0 0.00000750030939278279
20 0 0.00000916712885190574
21 0 0.0000100005500421885
22 0 0.0000108339788730261
23 0 0.0000100005500421885
24 0 0.0000100005500421885
25 0 0.00000833371530217786
26 0 0.00000833371530217786
27 0 0.0000100005500421885
28 0 0.00000916712885190574
29 0 0.00000916712885190574
30 0 0.0000100005500421885
31 0 0.0000108339788730261
32 0 0.0000116674153447516
33 0 0.0000116674153447516
34 0 0.000012500859457365
35 0 0.0000133343112110884
36 0 0.0000158347123201397
37 0 0.0000183351822042876
38 0 0.0000191686874497776
39 0 0.0000200022003373768
40 0 0.0000208357208674181
41 0 0.0000216692490401238
42 0 0.0000241698794146705
43 0 0.0000283377495704507
44 0 0.0000308385633891461
45 0 0.0000350067393084519
46 0 0.0000408425066913409
47 0 0.0000475124138960004
48 0 0.0000533489841776369
49 0 0.0000650232490866376
50 0 0.0000758649805536749
51 0 0.0000883762776967556
52 0 0.000100889297087292
53 0 0.000109232267063164
54 0 0.000118410418553538
55 0 0.000132596657577144
56 0 0.000148454486411209
57 0 0.000167654507824855
58 0 0.000183518454694553
59 0 0.000202725885138699
60 0 0.00021776061905987
61 0 0.000247837550048202
62 0 0.000272909264649956
63 0 0.000289627584302288
64 0 0.000323073452733302
65 0 0.000347329406522712
66 0 0.000388328321214826
67 0 0.000417624589193033
68 0 0.000456980155295161
69 0 0.000500542354690436
70 0 0.000543287115269853
71 0 0.00060953931375396
72 0 0.000669123678278649
73 0 0.000738828221010124
74 0 0.000824562542920404
75 0 0.000924688301303211
76 0 0.00103250995577886
77 0 0.00116240277166990
78 0 0.00132207105621718
79 0 0.00149133855975192
80 0 0.00171780376735764
81 0 0.00196867702546288
82 0 0.00228431545721286
83 0 0.00258733633424668
84 0 0.00300931149953854
85 0 0.00346875139631952
86 0 0.00418848766185531
87 0 0.00500288893111278
88 0 0.0059554139440865
89 0 0.00711708651413334
90 0 0.00846668118140581
91 0 0.00992509411147102
92 0 0.0119423379485911
93 0 0.0138114995354282
94 0 0.0161659901139602
95 0 0.0185411323571091
96 0 0.0214454327282946
97 0 0.0245178141257563
98 0 0.0283521253256120
99 0 0.0322934808465400
100 0 0.0353286792152152

death 1 F widowed
1 0 0.000176838560643211
2 0 0.0000191686874497776
3 0 0.00000583352049443597
4 0 0.00000416676215586609
5 0 0.00000333339444602565
6 0 0.00000333339444602565
7 0 0.00000333339444602565
8 0 0.00000250003437562984
9 0 0.00000250003437562984
10 0 0.00000250003437562984
11 0 0.00000250003437562984
12 0 0.00000250003437562984
13 0 0.00000250003437562984
14 0 0.00000250003437562984
15 0 0.00000416676215586609
16 0 0.00000583352049443597
17 0 0.00000666691112360951
18 0 0.00000750030939278279
19 0 0.00000750030939278279
20 0 0.00000916712885190574
21 0 0.0000100005500421885
22 0 0.0000108339788730261
23 0 0.0000100005500421885
24 0 0.0000100005500421885
25 0 0.00000833371530217786
26 0 0.00000833371530217786
27 0 0.0000100005500421885
28 0 0.00000916712885190574
29 0 0.00000916712885190574
30 0 0.0000100005500421885
31 0 0.0000108339788730261
32 0 0.0000116674153447516
33 0 0.0000116674153447516
34 0 0.000012500859457365
35 0 0.0000133343112110884
36 0 0.0000158347123201397
37 0 0.0000183351822042876
38 0 0.0000191686874497776
39 0 0.0000200022003373768
40 0 0.0000208357208674181
41 0 0.0000216692490401238
42 0 0.0000241698794146705
43 0 0.0000283377495704507
44 0 0.0000308385633891461
45 0 0.0000350067393084519
46 0 0.0000408425066913409
47 0 0.0000475124138960004
48 0 0.0000533489841776369
49 0 0.0000650232490866376
50 0 0.0000758649805536749
51 0 0.0000883762776967556
52 0 0.000100889297087292
53 0 0.000109232267063164
54 0 0.000118410418553538
55 0 0.000132596657577144
56 0 0.000148454486411209
57 0 0.000167654507824855
58 0 0.000183518454694553
59 0 0.000202725885138699
60 0 0.00021776061905987
61 0 0.000247837550048202
62 0 0.000272909264649956
63 0 0.000289627584302288
64 0 0.000323073452733302
65 0 0.000347329406522712
66 0 0.000388328321214826
67 0 0.000417624589193033
68 0 0.000456980155295161
69 0 0.000500542354690436
70 0 0.000543287115269853
71 0 0.00060953931375396
72 0 0.000669123678278649
73 0 0.000738828221010124
74 0 0.000824562542920404
75 0 0.000924688301303211
76 0 0.00103250995577886
77 0 0.00116240277166990
78 0 0.00132207105621718
79 0 0.00149133855975192
80 0 0.00171780376735764
81 0 0.00196867702546288
82 0 0.00228431545721286
83 0 0.00258733633424668
84 0 0.00300931149953854
85 0 0.00346875139631952
86 0 0.00418848766185531
87 0 0.00500288893111278
88 0 0.0059554139440865
89 0 0.00711708651413334
90 0 0.00846668118140581
91 0 0.00992509411147102
92 0 0.0119423379485911
93 0 0.0138114995354282
94 0 0.0161659901139602
95 0 0.0185411323571091
96 0 0.0214454327282946
97 0 0.0245178141257563
98 0 0.0283521253256120
99 0 0.0322934808465400
100 0 0.0353286792152152
