*Period monthly mortality rates for SWE in 1906 
* Mon Dec 20 14:20:34 2010
death 1 M married
1 0 0.00827107579096731
2 0 0.00166126177531434
3 0 0.000785047459526789
4 0 0.00053741899660642
5 0 0.000481523210645651
6 0 0.000388746772837067
7 0 0.000384646030023639
8 0 0.000316466918219738
9 0 0.000305596451020351
10 0 0.00028360863493615
11 0 0.000242824036972289
12 0 0.000245664993760220
13 0 0.000248004671913771
14 0 0.000238061455696048
15 0 0.000228035784470504
16 0 0.000284026604651544
17 0 0.000342644993801655
18 0 0.000359292484686136
19 0 0.000442073275984556
20 0 0.000509173499730231
21 0 0.000542448789399907
22 0 0.000517470227481831
23 0 0.000482863636652953
24 0 0.000545466798731575
25 0 0.000492917462045939
26 0 0.000475323997560895
27 0 0.000502721012974217
28 0 0.000485544547990102
29 0 0.000533563010686189
30 0 0.000523504687174658
31 0 0.000460916649545839
32 0 0.000437886390239117
33 0 0.000541694302730322
34 0 0.000454802593437997
35 0 0.000436630362132928
36 0 0.000559132928977579
37 0 0.000561564541784798
38 0 0.000440398498536498
39 0 0.000532221836549773
40 0 0.000606267501730207
41 0 0.000595194550601641
42 0 0.000681632965258694
43 0 0.000687678338709086
44 0 0.000674244721758588
45 0 0.000705396958744386
46 0 0.000765380400137294
47 0 0.000861066210799843
48 0 0.000845419985338935
49 0 0.000716987309626105
50 0 0.000748322254414568
51 0 0.000948431768001523
52 0 0.00100225643260132
53 0 0.00107002483561591
54 0 0.00117312300942418
55 0 0.00117346067526769
56 0 0.00125445232246291
57 0 0.00142486343170722
58 0 0.00144958480009905
59 0 0.00153523035123826
60 0 0.00164191314835782
61 0 0.0017645241774229
62 0 0.00211748740551865
63 0 0.00183303429662540
64 0 0.00209744429561465
65 0 0.00240283525889229
66 0 0.00244229069793089
67 0 0.00278871121826585
68 0 0.00275400095342127
69 0 0.00341854878888592
70 0 0.00336361747095937
71 0 0.00391286929662149
72 0 0.00425090797536687
73 0 0.00497682692267187
74 0 0.00511655773893627
75 0 0.00558445389814
76 0 0.00658518003707864
77 0 0.0068369012416678
78 0 0.00845835473578915
79 0 0.00883316528363298
80 0 0.00914405983419175
81 0 0.0107280707150860
82 0 0.0121071196367033
83 0 0.0144835794674351
84 0 0.0138823199610032
85 0 0.0167187157105859
86 0 0.017376888566778
87 0 0.0198452472935036
88 0 0.0214481829220006
89 0 0.0247246778593914
90 0 0.0297721112825168
91 0 0.0261887471335904
92 0 0.0361915641330902
93 0 0.0340957593723358
94 0 0.0460320011005499
95 0 0.045980238153407
96 0 0.0539250115297044
97 0 0.0759124540922055
98 0 0.0405256464903863
99 0 0.0765383777780408
100 0 0.192446411905429

death 1 M single
1 0 0.00827107579096731
2 0 0.00166126177531434
3 0 0.000785047459526789
4 0 0.00053741899660642
5 0 0.000481523210645651
6 0 0.000388746772837067
7 0 0.000384646030023639
8 0 0.000316466918219738
9 0 0.000305596451020351
10 0 0.00028360863493615
11 0 0.000242824036972289
12 0 0.000245664993760220
13 0 0.000248004671913771
14 0 0.000238061455696048
15 0 0.000228035784470504
16 0 0.000284026604651544
17 0 0.000342644993801655
18 0 0.000359292484686136
19 0 0.000442073275984556
20 0 0.000509173499730231
21 0 0.000542448789399907
22 0 0.000517470227481831
23 0 0.000482863636652953
24 0 0.000545466798731575
25 0 0.000492917462045939
26 0 0.000475323997560895
27 0 0.000502721012974217
28 0 0.000485544547990102
29 0 0.000533563010686189
30 0 0.000523504687174658
31 0 0.000460916649545839
32 0 0.000437886390239117
33 0 0.000541694302730322
34 0 0.000454802593437997
35 0 0.000436630362132928
36 0 0.000559132928977579
37 0 0.000561564541784798
38 0 0.000440398498536498
39 0 0.000532221836549773
40 0 0.000606267501730207
41 0 0.000595194550601641
42 0 0.000681632965258694
43 0 0.000687678338709086
44 0 0.000674244721758588
45 0 0.000705396958744386
46 0 0.000765380400137294
47 0 0.000861066210799843
48 0 0.000845419985338935
49 0 0.000716987309626105
50 0 0.000748322254414568
51 0 0.000948431768001523
52 0 0.00100225643260132
53 0 0.00107002483561591
54 0 0.00117312300942418
55 0 0.00117346067526769
56 0 0.00125445232246291
57 0 0.00142486343170722
58 0 0.00144958480009905
59 0 0.00153523035123826
60 0 0.00164191314835782
61 0 0.0017645241774229
62 0 0.00211748740551865
63 0 0.00183303429662540
64 0 0.00209744429561465
65 0 0.00240283525889229
66 0 0.00244229069793089
67 0 0.00278871121826585
68 0 0.00275400095342127
69 0 0.00341854878888592
70 0 0.00336361747095937
71 0 0.00391286929662149
72 0 0.00425090797536687
73 0 0.00497682692267187
74 0 0.00511655773893627
75 0 0.00558445389814
76 0 0.00658518003707864
77 0 0.0068369012416678
78 0 0.00845835473578915
79 0 0.00883316528363298
80 0 0.00914405983419175
81 0 0.0107280707150860
82 0 0.0121071196367033
83 0 0.0144835794674351
84 0 0.0138823199610032
85 0 0.0167187157105859
86 0 0.017376888566778
87 0 0.0198452472935036
88 0 0.0214481829220006
89 0 0.0247246778593914
90 0 0.0297721112825168
91 0 0.0261887471335904
92 0 0.0361915641330902
93 0 0.0340957593723358
94 0 0.0460320011005499
95 0 0.045980238153407
96 0 0.0539250115297044
97 0 0.0759124540922055
98 0 0.0405256464903863
99 0 0.0765383777780408
100 0 0.192446411905429

death 1 M divorced
1 0 0.00827107579096731
2 0 0.00166126177531434
3 0 0.000785047459526789
4 0 0.00053741899660642
5 0 0.000481523210645651
6 0 0.000388746772837067
7 0 0.000384646030023639
8 0 0.000316466918219738
9 0 0.000305596451020351
10 0 0.00028360863493615
11 0 0.000242824036972289
12 0 0.000245664993760220
13 0 0.000248004671913771
14 0 0.000238061455696048
15 0 0.000228035784470504
16 0 0.000284026604651544
17 0 0.000342644993801655
18 0 0.000359292484686136
19 0 0.000442073275984556
20 0 0.000509173499730231
21 0 0.000542448789399907
22 0 0.000517470227481831
23 0 0.000482863636652953
24 0 0.000545466798731575
25 0 0.000492917462045939
26 0 0.000475323997560895
27 0 0.000502721012974217
28 0 0.000485544547990102
29 0 0.000533563010686189
30 0 0.000523504687174658
31 0 0.000460916649545839
32 0 0.000437886390239117
33 0 0.000541694302730322
34 0 0.000454802593437997
35 0 0.000436630362132928
36 0 0.000559132928977579
37 0 0.000561564541784798
38 0 0.000440398498536498
39 0 0.000532221836549773
40 0 0.000606267501730207
41 0 0.000595194550601641
42 0 0.000681632965258694
43 0 0.000687678338709086
44 0 0.000674244721758588
45 0 0.000705396958744386
46 0 0.000765380400137294
47 0 0.000861066210799843
48 0 0.000845419985338935
49 0 0.000716987309626105
50 0 0.000748322254414568
51 0 0.000948431768001523
52 0 0.00100225643260132
53 0 0.00107002483561591
54 0 0.00117312300942418
55 0 0.00117346067526769
56 0 0.00125445232246291
57 0 0.00142486343170722
58 0 0.00144958480009905
59 0 0.00153523035123826
60 0 0.00164191314835782
61 0 0.0017645241774229
62 0 0.00211748740551865
63 0 0.00183303429662540
64 0 0.00209744429561465
65 0 0.00240283525889229
66 0 0.00244229069793089
67 0 0.00278871121826585
68 0 0.00275400095342127
69 0 0.00341854878888592
70 0 0.00336361747095937
71 0 0.00391286929662149
72 0 0.00425090797536687
73 0 0.00497682692267187
74 0 0.00511655773893627
75 0 0.00558445389814
76 0 0.00658518003707864
77 0 0.0068369012416678
78 0 0.00845835473578915
79 0 0.00883316528363298
80 0 0.00914405983419175
81 0 0.0107280707150860
82 0 0.0121071196367033
83 0 0.0144835794674351
84 0 0.0138823199610032
85 0 0.0167187157105859
86 0 0.017376888566778
87 0 0.0198452472935036
88 0 0.0214481829220006
89 0 0.0247246778593914
90 0 0.0297721112825168
91 0 0.0261887471335904
92 0 0.0361915641330902
93 0 0.0340957593723358
94 0 0.0460320011005499
95 0 0.045980238153407
96 0 0.0539250115297044
97 0 0.0759124540922055
98 0 0.0405256464903863
99 0 0.0765383777780408
100 0 0.192446411905429

death 1 M widowed
1 0 0.00827107579096731
2 0 0.00166126177531434
3 0 0.000785047459526789
4 0 0.00053741899660642
5 0 0.000481523210645651
6 0 0.000388746772837067
7 0 0.000384646030023639
8 0 0.000316466918219738
9 0 0.000305596451020351
10 0 0.00028360863493615
11 0 0.000242824036972289
12 0 0.000245664993760220
13 0 0.000248004671913771
14 0 0.000238061455696048
15 0 0.000228035784470504
16 0 0.000284026604651544
17 0 0.000342644993801655
18 0 0.000359292484686136
19 0 0.000442073275984556
20 0 0.000509173499730231
21 0 0.000542448789399907
22 0 0.000517470227481831
23 0 0.000482863636652953
24 0 0.000545466798731575
25 0 0.000492917462045939
26 0 0.000475323997560895
27 0 0.000502721012974217
28 0 0.000485544547990102
29 0 0.000533563010686189
30 0 0.000523504687174658
31 0 0.000460916649545839
32 0 0.000437886390239117
33 0 0.000541694302730322
34 0 0.000454802593437997
35 0 0.000436630362132928
36 0 0.000559132928977579
37 0 0.000561564541784798
38 0 0.000440398498536498
39 0 0.000532221836549773
40 0 0.000606267501730207
41 0 0.000595194550601641
42 0 0.000681632965258694
43 0 0.000687678338709086
44 0 0.000674244721758588
45 0 0.000705396958744386
46 0 0.000765380400137294
47 0 0.000861066210799843
48 0 0.000845419985338935
49 0 0.000716987309626105
50 0 0.000748322254414568
51 0 0.000948431768001523
52 0 0.00100225643260132
53 0 0.00107002483561591
54 0 0.00117312300942418
55 0 0.00117346067526769
56 0 0.00125445232246291
57 0 0.00142486343170722
58 0 0.00144958480009905
59 0 0.00153523035123826
60 0 0.00164191314835782
61 0 0.0017645241774229
62 0 0.00211748740551865
63 0 0.00183303429662540
64 0 0.00209744429561465
65 0 0.00240283525889229
66 0 0.00244229069793089
67 0 0.00278871121826585
68 0 0.00275400095342127
69 0 0.00341854878888592
70 0 0.00336361747095937
71 0 0.00391286929662149
72 0 0.00425090797536687
73 0 0.00497682692267187
74 0 0.00511655773893627
75 0 0.00558445389814
76 0 0.00658518003707864
77 0 0.0068369012416678
78 0 0.00845835473578915
79 0 0.00883316528363298
80 0 0.00914405983419175
81 0 0.0107280707150860
82 0 0.0121071196367033
83 0 0.0144835794674351
84 0 0.0138823199610032
85 0 0.0167187157105859
86 0 0.017376888566778
87 0 0.0198452472935036
88 0 0.0214481829220006
89 0 0.0247246778593914
90 0 0.0297721112825168
91 0 0.0261887471335904
92 0 0.0361915641330902
93 0 0.0340957593723358
94 0 0.0460320011005499
95 0 0.045980238153407
96 0 0.0539250115297044
97 0 0.0759124540922055
98 0 0.0405256464903863
99 0 0.0765383777780408
100 0 0.192446411905429

death 1 F married
1 0 0.00662668141822542
2 0 0.00164293139431559
3 0 0.000799758513928439
4 0 0.000552173845065895
5 0 0.000508922095563746
6 0 0.000381633357299904
7 0 0.000360882103110804
8 0 0.000278676737456296
9 0 0.000309024688766923
10 0 0.000250595100126927
11 0 0.000275082472299681
12 0 0.000224025825614427
13 0 0.000304007799328598
14 0 0.000273160016726615
15 0 0.000309860863932587
16 0 0.000324411543526026
17 0 0.000381633357299904
18 0 0.000434620753273829
19 0 0.000441068405811706
20 0 0.0004333647703052
21 0 0.000450028890422782
22 0 0.000540939822325726
23 0 0.000455388854958438
24 0 0.000455305103081116
25 0 0.000446176611190174
26 0 0.000494258056151664
27 0 0.000513615088039487
28 0 0.000469711561316588
29 0 0.000566260254137085
30 0 0.000517051182662542
31 0 0.000513866505191252
32 0 0.00051185518745589
33 0 0.000498363748643538
34 0 0.00051110095478335
35 0 0.000541023653172434
36 0 0.000510598136479801
37 0 0.000595446193595417
38 0 0.000539263221634556
39 0 0.000578336057530104
40 0 0.000582361682020527
41 0 0.00053741899660642
42 0 0.00062741052027071
43 0 0.000581522995542594
44 0 0.00061012657453785
45 0 0.000582361682020527
46 0 0.000596033363291615
47 0 0.000618516428791627
48 0 0.000688685940063327
49 0 0.00070909227236271
50 0 0.000831963022678184
51 0 0.000752019314600227
52 0 0.00077807104943528
53 0 0.000826748985550019
54 0 0.00084575643495055
55 0 0.000905748496854875
56 0 0.000988354989734042
57 0 0.00112932151376532
58 0 0.00108216780173731
59 0 0.000996190086764104
60 0 0.00127338049219561
61 0 0.00134329681726009
62 0 0.00147134856244902
63 0 0.00165829132333684
64 0 0.00182750736917681
65 0 0.00191308493676567
66 0 0.00206879460282694
67 0 0.00227098525790004
68 0 0.00241224822964514
69 0 0.0026910580702062
70 0 0.00307730329712463
71 0 0.00314129146111841
72 0 0.00359316596784576
73 0 0.00423291952662008
74 0 0.0046848475309017
75 0 0.00466256152641997
76 0 0.005425594609065
77 0 0.00578337697555009
78 0 0.00716442490936031
79 0 0.00735728097385568
80 0 0.0081837389360202
81 0 0.00968056475754742
82 0 0.0112397767784774
83 0 0.0109125438195345
84 0 0.0122938756252445
85 0 0.0137295769794948
86 0 0.0167409882805049
87 0 0.0182841133289962
88 0 0.0205913912740923
89 0 0.0184458651508507
90 0 0.0244902249347015
91 0 0.0304026555578333
92 0 0.0262166471539549
93 0 0.0320862633829549
94 0 0.0416000359836034
95 0 0.0387414033141003
96 0 0.0476584539929555
97 0 0.0435309604663665
98 0 0.0827185473056109
99 0 0.0420736855793666
100 0 0.0281742678459072

death 1 F single
1 0 0.00662668141822542
2 0 0.00164293139431559
3 0 0.000799758513928439
4 0 0.000552173845065895
5 0 0.000508922095563746
6 0 0.000381633357299904
7 0 0.000360882103110804
8 0 0.000278676737456296
9 0 0.000309024688766923
10 0 0.000250595100126927
11 0 0.000275082472299681
12 0 0.000224025825614427
13 0 0.000304007799328598
14 0 0.000273160016726615
15 0 0.000309860863932587
16 0 0.000324411543526026
17 0 0.000381633357299904
18 0 0.000434620753273829
19 0 0.000441068405811706
20 0 0.0004333647703052
21 0 0.000450028890422782
22 0 0.000540939822325726
23 0 0.000455388854958438
24 0 0.000455305103081116
25 0 0.000446176611190174
26 0 0.000494258056151664
27 0 0.000513615088039487
28 0 0.000469711561316588
29 0 0.000566260254137085
30 0 0.000517051182662542
31 0 0.000513866505191252
32 0 0.00051185518745589
33 0 0.000498363748643538
34 0 0.00051110095478335
35 0 0.000541023653172434
36 0 0.000510598136479801
37 0 0.000595446193595417
38 0 0.000539263221634556
39 0 0.000578336057530104
40 0 0.000582361682020527
41 0 0.00053741899660642
42 0 0.00062741052027071
43 0 0.000581522995542594
44 0 0.00061012657453785
45 0 0.000582361682020527
46 0 0.000596033363291615
47 0 0.000618516428791627
48 0 0.000688685940063327
49 0 0.00070909227236271
50 0 0.000831963022678184
51 0 0.000752019314600227
52 0 0.00077807104943528
53 0 0.000826748985550019
54 0 0.00084575643495055
55 0 0.000905748496854875
56 0 0.000988354989734042
57 0 0.00112932151376532
58 0 0.00108216780173731
59 0 0.000996190086764104
60 0 0.00127338049219561
61 0 0.00134329681726009
62 0 0.00147134856244902
63 0 0.00165829132333684
64 0 0.00182750736917681
65 0 0.00191308493676567
66 0 0.00206879460282694
67 0 0.00227098525790004
68 0 0.00241224822964514
69 0 0.0026910580702062
70 0 0.00307730329712463
71 0 0.00314129146111841
72 0 0.00359316596784576
73 0 0.00423291952662008
74 0 0.0046848475309017
75 0 0.00466256152641997
76 0 0.005425594609065
77 0 0.00578337697555009
78 0 0.00716442490936031
79 0 0.00735728097385568
80 0 0.0081837389360202
81 0 0.00968056475754742
82 0 0.0112397767784774
83 0 0.0109125438195345
84 0 0.0122938756252445
85 0 0.0137295769794948
86 0 0.0167409882805049
87 0 0.0182841133289962
88 0 0.0205913912740923
89 0 0.0184458651508507
90 0 0.0244902249347015
91 0 0.0304026555578333
92 0 0.0262166471539549
93 0 0.0320862633829549
94 0 0.0416000359836034
95 0 0.0387414033141003
96 0 0.0476584539929555
97 0 0.0435309604663665
98 0 0.0827185473056109
99 0 0.0420736855793666
100 0 0.0281742678459072

death 1 F divorced
1 0 0.00662668141822542
2 0 0.00164293139431559
3 0 0.000799758513928439
4 0 0.000552173845065895
5 0 0.000508922095563746
6 0 0.000381633357299904
7 0 0.000360882103110804
8 0 0.000278676737456296
9 0 0.000309024688766923
10 0 0.000250595100126927
11 0 0.000275082472299681
12 0 0.000224025825614427
13 0 0.000304007799328598
14 0 0.000273160016726615
15 0 0.000309860863932587
16 0 0.000324411543526026
17 0 0.000381633357299904
18 0 0.000434620753273829
19 0 0.000441068405811706
20 0 0.0004333647703052
21 0 0.000450028890422782
22 0 0.000540939822325726
23 0 0.000455388854958438
24 0 0.000455305103081116
25 0 0.000446176611190174
26 0 0.000494258056151664
27 0 0.000513615088039487
28 0 0.000469711561316588
29 0 0.000566260254137085
30 0 0.000517051182662542
31 0 0.000513866505191252
32 0 0.00051185518745589
33 0 0.000498363748643538
34 0 0.00051110095478335
35 0 0.000541023653172434
36 0 0.000510598136479801
37 0 0.000595446193595417
38 0 0.000539263221634556
39 0 0.000578336057530104
40 0 0.000582361682020527
41 0 0.00053741899660642
42 0 0.00062741052027071
43 0 0.000581522995542594
44 0 0.00061012657453785
45 0 0.000582361682020527
46 0 0.000596033363291615
47 0 0.000618516428791627
48 0 0.000688685940063327
49 0 0.00070909227236271
50 0 0.000831963022678184
51 0 0.000752019314600227
52 0 0.00077807104943528
53 0 0.000826748985550019
54 0 0.00084575643495055
55 0 0.000905748496854875
56 0 0.000988354989734042
57 0 0.00112932151376532
58 0 0.00108216780173731
59 0 0.000996190086764104
60 0 0.00127338049219561
61 0 0.00134329681726009
62 0 0.00147134856244902
63 0 0.00165829132333684
64 0 0.00182750736917681
65 0 0.00191308493676567
66 0 0.00206879460282694
67 0 0.00227098525790004
68 0 0.00241224822964514
69 0 0.0026910580702062
70 0 0.00307730329712463
71 0 0.00314129146111841
72 0 0.00359316596784576
73 0 0.00423291952662008
74 0 0.0046848475309017
75 0 0.00466256152641997
76 0 0.005425594609065
77 0 0.00578337697555009
78 0 0.00716442490936031
79 0 0.00735728097385568
80 0 0.0081837389360202
81 0 0.00968056475754742
82 0 0.0112397767784774
83 0 0.0109125438195345
84 0 0.0122938756252445
85 0 0.0137295769794948
86 0 0.0167409882805049
87 0 0.0182841133289962
88 0 0.0205913912740923
89 0 0.0184458651508507
90 0 0.0244902249347015
91 0 0.0304026555578333
92 0 0.0262166471539549
93 0 0.0320862633829549
94 0 0.0416000359836034
95 0 0.0387414033141003
96 0 0.0476584539929555
97 0 0.0435309604663665
98 0 0.0827185473056109
99 0 0.0420736855793666
100 0 0.0281742678459072

death 1 F widowed
1 0 0.00662668141822542
2 0 0.00164293139431559
3 0 0.000799758513928439
4 0 0.000552173845065895
5 0 0.000508922095563746
6 0 0.000381633357299904
7 0 0.000360882103110804
8 0 0.000278676737456296
9 0 0.000309024688766923
10 0 0.000250595100126927
11 0 0.000275082472299681
12 0 0.000224025825614427
13 0 0.000304007799328598
14 0 0.000273160016726615
15 0 0.000309860863932587
16 0 0.000324411543526026
17 0 0.000381633357299904
18 0 0.000434620753273829
19 0 0.000441068405811706
20 0 0.0004333647703052
21 0 0.000450028890422782
22 0 0.000540939822325726
23 0 0.000455388854958438
24 0 0.000455305103081116
25 0 0.000446176611190174
26 0 0.000494258056151664
27 0 0.000513615088039487
28 0 0.000469711561316588
29 0 0.000566260254137085
30 0 0.000517051182662542
31 0 0.000513866505191252
32 0 0.00051185518745589
33 0 0.000498363748643538
34 0 0.00051110095478335
35 0 0.000541023653172434
36 0 0.000510598136479801
37 0 0.000595446193595417
38 0 0.000539263221634556
39 0 0.000578336057530104
40 0 0.000582361682020527
41 0 0.00053741899660642
42 0 0.00062741052027071
43 0 0.000581522995542594
44 0 0.00061012657453785
45 0 0.000582361682020527
46 0 0.000596033363291615
47 0 0.000618516428791627
48 0 0.000688685940063327
49 0 0.00070909227236271
50 0 0.000831963022678184
51 0 0.000752019314600227
52 0 0.00077807104943528
53 0 0.000826748985550019
54 0 0.00084575643495055
55 0 0.000905748496854875
56 0 0.000988354989734042
57 0 0.00112932151376532
58 0 0.00108216780173731
59 0 0.000996190086764104
60 0 0.00127338049219561
61 0 0.00134329681726009
62 0 0.00147134856244902
63 0 0.00165829132333684
64 0 0.00182750736917681
65 0 0.00191308493676567
66 0 0.00206879460282694
67 0 0.00227098525790004
68 0 0.00241224822964514
69 0 0.0026910580702062
70 0 0.00307730329712463
71 0 0.00314129146111841
72 0 0.00359316596784576
73 0 0.00423291952662008
74 0 0.0046848475309017
75 0 0.00466256152641997
76 0 0.005425594609065
77 0 0.00578337697555009
78 0 0.00716442490936031
79 0 0.00735728097385568
80 0 0.0081837389360202
81 0 0.00968056475754742
82 0 0.0112397767784774
83 0 0.0109125438195345
84 0 0.0122938756252445
85 0 0.0137295769794948
86 0 0.0167409882805049
87 0 0.0182841133289962
88 0 0.0205913912740923
89 0 0.0184458651508507
90 0 0.0244902249347015
91 0 0.0304026555578333
92 0 0.0262166471539549
93 0 0.0320862633829549
94 0 0.0416000359836034
95 0 0.0387414033141003
96 0 0.0476584539929555
97 0 0.0435309604663665
98 0 0.0827185473056109
99 0 0.0420736855793666
100 0 0.0281742678459072
