*Period monthly mortality rates for SWE in 1816 
* Mon Dec 20 14:19:26 2010
death 1 M married
1 0 0.0224691761061652
2 0 0.00407519349190688
3 0 0.00296797260832149
4 0 0.00160483980548620
5 0 0.000908946942211108
6 0 0.000787989479817175
7 0 0.00074370114076161
8 0 0.000696831127978581
9 0 0.000607945339331728
10 0 0.000506240494401511
11 0 0.000428759647938537
12 0 0.000383558108907667
13 0 0.000357033601071644
14 0 0.000335116979192751
15 0 0.000330684106756962
16 0 0.000354272819568902
17 0 0.0003909227523341
18 0 0.000422815198681481
19 0 0.00044801898523017
20 0 0.000482109644590722
21 0 0.00052962336799478
22 0 0.000569530625746828
23 0 0.000589155327833768
24 0 0.000597459362637887
25 0 0.000613398525539544
26 0 0.000643774566880029
27 0 0.00067508426462426
28 0 0.000677938768401831
29 0 0.000665597881710056
30 0 0.000661988279358927
31 0 0.000663163482983564
32 0 0.000681632965258694
33 0 0.000709596190411665
34 0 0.000756892942021747
35 0 0.000822796608447418
36 0 0.00088378327042582
37 0 0.00092502504467129
38 0 0.000952558038880724
39 0 0.000985322230410257
40 0 0.00102062645094303
41 0 0.00105813642106489
42 0 0.00110569942025873
43 0 0.00112290919505253
44 0 0.00118578633799094
45 0 0.00125310046132221
46 0 0.00127811315126147
47 0 0.00132046452732304
48 0 0.00139041713543153
49 0 0.00149498127918446
50 0 0.00157990653238804
51 0 0.00164708935054270
52 0 0.0017732763106727
53 0 0.00188747125745059
54 0 0.00199099154609339
55 0 0.00208218038674379
56 0 0.00217960652496185
57 0 0.00228243543864537
58 0 0.0024393801659226
59 0 0.00263991159984156
60 0 0.00288199644630449
61 0 0.00313827213597051
62 0 0.00341102079656774
63 0 0.00372009578799759
64 0 0.00403946416236445
65 0 0.00436459728843874
66 0 0.00458670742299683
67 0 0.00478195220444333
68 0 0.00514045516828721
69 0 0.00548869757359871
70 0 0.00588415891290084
71 0 0.00642419543287187
72 0 0.00705589898517656
73 0 0.00777401269124656
74 0 0.0085479730499114
75 0 0.00938491595266089
76 0 0.0103117692680816
77 0 0.0113669784332437
78 0 0.0125783796571941
79 0 0.0138775579861148
80 0 0.0153468591087791
81 0 0.0171048562238620
82 0 0.0189186977037954
83 0 0.0205586059074766
84 0 0.0219939777881615
85 0 0.0231088723531786
86 0 0.0237432230635022
87 0 0.0245765244568328
88 0 0.0261306317314203
89 0 0.0287222371592214
90 0 0.0326699884354870
91 0 0.0384060138262623
92 0 0.0435506781508886
93 0 0.0429142232614594
94 0 0.036845767090636
95 0 0.0315839247256336
96 0 0.0314918096597331
97 0 0.0381182798981944
98 0 0.0568777815787745
99 0 0.0989885532560852
100 0 1

death 1 M single
1 0 0.0224691761061652
2 0 0.00407519349190688
3 0 0.00296797260832149
4 0 0.00160483980548620
5 0 0.000908946942211108
6 0 0.000787989479817175
7 0 0.00074370114076161
8 0 0.000696831127978581
9 0 0.000607945339331728
10 0 0.000506240494401511
11 0 0.000428759647938537
12 0 0.000383558108907667
13 0 0.000357033601071644
14 0 0.000335116979192751
15 0 0.000330684106756962
16 0 0.000354272819568902
17 0 0.0003909227523341
18 0 0.000422815198681481
19 0 0.00044801898523017
20 0 0.000482109644590722
21 0 0.00052962336799478
22 0 0.000569530625746828
23 0 0.000589155327833768
24 0 0.000597459362637887
25 0 0.000613398525539544
26 0 0.000643774566880029
27 0 0.00067508426462426
28 0 0.000677938768401831
29 0 0.000665597881710056
30 0 0.000661988279358927
31 0 0.000663163482983564
32 0 0.000681632965258694
33 0 0.000709596190411665
34 0 0.000756892942021747
35 0 0.000822796608447418
36 0 0.00088378327042582
37 0 0.00092502504467129
38 0 0.000952558038880724
39 0 0.000985322230410257
40 0 0.00102062645094303
41 0 0.00105813642106489
42 0 0.00110569942025873
43 0 0.00112290919505253
44 0 0.00118578633799094
45 0 0.00125310046132221
46 0 0.00127811315126147
47 0 0.00132046452732304
48 0 0.00139041713543153
49 0 0.00149498127918446
50 0 0.00157990653238804
51 0 0.00164708935054270
52 0 0.0017732763106727
53 0 0.00188747125745059
54 0 0.00199099154609339
55 0 0.00208218038674379
56 0 0.00217960652496185
57 0 0.00228243543864537
58 0 0.0024393801659226
59 0 0.00263991159984156
60 0 0.00288199644630449
61 0 0.00313827213597051
62 0 0.00341102079656774
63 0 0.00372009578799759
64 0 0.00403946416236445
65 0 0.00436459728843874
66 0 0.00458670742299683
67 0 0.00478195220444333
68 0 0.00514045516828721
69 0 0.00548869757359871
70 0 0.00588415891290084
71 0 0.00642419543287187
72 0 0.00705589898517656
73 0 0.00777401269124656
74 0 0.0085479730499114
75 0 0.00938491595266089
76 0 0.0103117692680816
77 0 0.0113669784332437
78 0 0.0125783796571941
79 0 0.0138775579861148
80 0 0.0153468591087791
81 0 0.0171048562238620
82 0 0.0189186977037954
83 0 0.0205586059074766
84 0 0.0219939777881615
85 0 0.0231088723531786
86 0 0.0237432230635022
87 0 0.0245765244568328
88 0 0.0261306317314203
89 0 0.0287222371592214
90 0 0.0326699884354870
91 0 0.0384060138262623
92 0 0.0435506781508886
93 0 0.0429142232614594
94 0 0.036845767090636
95 0 0.0315839247256336
96 0 0.0314918096597331
97 0 0.0381182798981944
98 0 0.0568777815787745
99 0 0.0989885532560852
100 0 1

death 1 M divorced
1 0 0.0224691761061652
2 0 0.00407519349190688
3 0 0.00296797260832149
4 0 0.00160483980548620
5 0 0.000908946942211108
6 0 0.000787989479817175
7 0 0.00074370114076161
8 0 0.000696831127978581
9 0 0.000607945339331728
10 0 0.000506240494401511
11 0 0.000428759647938537
12 0 0.000383558108907667
13 0 0.000357033601071644
14 0 0.000335116979192751
15 0 0.000330684106756962
16 0 0.000354272819568902
17 0 0.0003909227523341
18 0 0.000422815198681481
19 0 0.00044801898523017
20 0 0.000482109644590722
21 0 0.00052962336799478
22 0 0.000569530625746828
23 0 0.000589155327833768
24 0 0.000597459362637887
25 0 0.000613398525539544
26 0 0.000643774566880029
27 0 0.00067508426462426
28 0 0.000677938768401831
29 0 0.000665597881710056
30 0 0.000661988279358927
31 0 0.000663163482983564
32 0 0.000681632965258694
33 0 0.000709596190411665
34 0 0.000756892942021747
35 0 0.000822796608447418
36 0 0.00088378327042582
37 0 0.00092502504467129
38 0 0.000952558038880724
39 0 0.000985322230410257
40 0 0.00102062645094303
41 0 0.00105813642106489
42 0 0.00110569942025873
43 0 0.00112290919505253
44 0 0.00118578633799094
45 0 0.00125310046132221
46 0 0.00127811315126147
47 0 0.00132046452732304
48 0 0.00139041713543153
49 0 0.00149498127918446
50 0 0.00157990653238804
51 0 0.00164708935054270
52 0 0.0017732763106727
53 0 0.00188747125745059
54 0 0.00199099154609339
55 0 0.00208218038674379
56 0 0.00217960652496185
57 0 0.00228243543864537
58 0 0.0024393801659226
59 0 0.00263991159984156
60 0 0.00288199644630449
61 0 0.00313827213597051
62 0 0.00341102079656774
63 0 0.00372009578799759
64 0 0.00403946416236445
65 0 0.00436459728843874
66 0 0.00458670742299683
67 0 0.00478195220444333
68 0 0.00514045516828721
69 0 0.00548869757359871
70 0 0.00588415891290084
71 0 0.00642419543287187
72 0 0.00705589898517656
73 0 0.00777401269124656
74 0 0.0085479730499114
75 0 0.00938491595266089
76 0 0.0103117692680816
77 0 0.0113669784332437
78 0 0.0125783796571941
79 0 0.0138775579861148
80 0 0.0153468591087791
81 0 0.0171048562238620
82 0 0.0189186977037954
83 0 0.0205586059074766
84 0 0.0219939777881615
85 0 0.0231088723531786
86 0 0.0237432230635022
87 0 0.0245765244568328
88 0 0.0261306317314203
89 0 0.0287222371592214
90 0 0.0326699884354870
91 0 0.0384060138262623
92 0 0.0435506781508886
93 0 0.0429142232614594
94 0 0.036845767090636
95 0 0.0315839247256336
96 0 0.0314918096597331
97 0 0.0381182798981944
98 0 0.0568777815787745
99 0 0.0989885532560852
100 0 1

death 1 M widowed
1 0 0.0224691761061652
2 0 0.00407519349190688
3 0 0.00296797260832149
4 0 0.00160483980548620
5 0 0.000908946942211108
6 0 0.000787989479817175
7 0 0.00074370114076161
8 0 0.000696831127978581
9 0 0.000607945339331728
10 0 0.000506240494401511
11 0 0.000428759647938537
12 0 0.000383558108907667
13 0 0.000357033601071644
14 0 0.000335116979192751
15 0 0.000330684106756962
16 0 0.000354272819568902
17 0 0.0003909227523341
18 0 0.000422815198681481
19 0 0.00044801898523017
20 0 0.000482109644590722
21 0 0.00052962336799478
22 0 0.000569530625746828
23 0 0.000589155327833768
24 0 0.000597459362637887
25 0 0.000613398525539544
26 0 0.000643774566880029
27 0 0.00067508426462426
28 0 0.000677938768401831
29 0 0.000665597881710056
30 0 0.000661988279358927
31 0 0.000663163482983564
32 0 0.000681632965258694
33 0 0.000709596190411665
34 0 0.000756892942021747
35 0 0.000822796608447418
36 0 0.00088378327042582
37 0 0.00092502504467129
38 0 0.000952558038880724
39 0 0.000985322230410257
40 0 0.00102062645094303
41 0 0.00105813642106489
42 0 0.00110569942025873
43 0 0.00112290919505253
44 0 0.00118578633799094
45 0 0.00125310046132221
46 0 0.00127811315126147
47 0 0.00132046452732304
48 0 0.00139041713543153
49 0 0.00149498127918446
50 0 0.00157990653238804
51 0 0.00164708935054270
52 0 0.0017732763106727
53 0 0.00188747125745059
54 0 0.00199099154609339
55 0 0.00208218038674379
56 0 0.00217960652496185
57 0 0.00228243543864537
58 0 0.0024393801659226
59 0 0.00263991159984156
60 0 0.00288199644630449
61 0 0.00313827213597051
62 0 0.00341102079656774
63 0 0.00372009578799759
64 0 0.00403946416236445
65 0 0.00436459728843874
66 0 0.00458670742299683
67 0 0.00478195220444333
68 0 0.00514045516828721
69 0 0.00548869757359871
70 0 0.00588415891290084
71 0 0.00642419543287187
72 0 0.00705589898517656
73 0 0.00777401269124656
74 0 0.0085479730499114
75 0 0.00938491595266089
76 0 0.0103117692680816
77 0 0.0113669784332437
78 0 0.0125783796571941
79 0 0.0138775579861148
80 0 0.0153468591087791
81 0 0.0171048562238620
82 0 0.0189186977037954
83 0 0.0205586059074766
84 0 0.0219939777881615
85 0 0.0231088723531786
86 0 0.0237432230635022
87 0 0.0245765244568328
88 0 0.0261306317314203
89 0 0.0287222371592214
90 0 0.0326699884354870
91 0 0.0384060138262623
92 0 0.0435506781508886
93 0 0.0429142232614594
94 0 0.036845767090636
95 0 0.0315839247256336
96 0 0.0314918096597331
97 0 0.0381182798981944
98 0 0.0568777815787745
99 0 0.0989885532560852
100 0 1

death 1 F married
1 0 0.0183951520471985
2 0 0.00363539832096627
3 0 0.00264317175540685
4 0 0.00144060982633487
5 0 0.000827505843337906
6 0 0.000710352072726406
7 0 0.00065644823845501
8 0 0.000606603066771738
9 0 0.000525516262802506
10 0 0.00044483672625939
11 0 0.000392178148822531
12 0 0.000366153142113301
13 0 0.000354356478382112
14 0 0.000341557575381124
15 0 0.000342310402132506
16 0 0.000371173463517227
17 0 0.000403310089710063
18 0 0.000427168841719561
19 0 0.000442491975169657
20 0 0.00046359691342801
21 0 0.000496268984396475
22 0 0.000529371907239562
23 0 0.000543957781534932
24 0 0.000549910161576905
25 0 0.000559887560470873
26 0 0.000580013379391398
27 0 0.000594439625801968
28 0 0.000591923255105264
29 0 0.000587142342781455
30 0 0.000593852466405531
31 0 0.000606099719674291
32 0 0.00063403970193654
33 0 0.000669627374673132
34 0 0.000727571095532231
35 0 0.000804466554557792
36 0 0.00087562130245844
37 0 0.000903980983267494
38 0 0.000913913172684522
39 0 0.000923257155917567
40 0 0.000920984206653985
41 0 0.00091063037974537
42 0 0.000927550659728715
43 0 0.00092039493279672
44 0 0.000952221193414537
45 0 0.000987849522813833
46 0 0.000992820069714906
47 0 0.00100293049604139
48 0 0.00103503856169740
49 0 0.00109886703183992
50 0 0.00115261216426765
51 0 0.00119591827255516
52 0 0.00128343768760364
53 0 0.00136799598076798
54 0 0.00145204037204638
55 0 0.00153234877193797
56 0 0.00162723470516501
57 0 0.00173631916167882
58 0 0.00187887825401234
59 0 0.00204646094019711
60 0 0.00223348322003836
61 0 0.00241070785848285
62 0 0.00259959831129808
63 0 0.00285043208047731
64 0 0.00312679961774698
65 0 0.00344563743008663
66 0 0.00372157175327403
67 0 0.00396700307332709
68 0 0.00432735508529325
69 0 0.00468326802702757
70 0 0.00510306862057808
71 0 0.00561707495076924
72 0 0.00619190970949535
73 0 0.00682872386212097
74 0 0.00752184118060628
75 0 0.00819851728409127
76 0 0.0089285835813775
77 0 0.00987275187429115
78 0 0.0109503492745315
79 0 0.012056824886592
80 0 0.0132866108953927
81 0 0.0139278144304272
82 0 0.0153533793329921
83 0 0.0167997061064654
84 0 0.0182231875863909
85 0 0.0194627119870757
86 0 0.0203666402192223
87 0 0.0214130714509947
88 0 0.0229234804652989
89 0 0.0249673458454588
90 0 0.0276117585892589
91 0 0.0309072276807217
92 0 0.0337422775891262
93 0 0.0347227760140998
94 0 0.0332713969262034
95 0 0.0304945753964582
96 0 0.0288508212189358
97 0 0.0296617899637064
98 0 0.0379796152281655
99 0 0.0606863577869172
100 0 0.0845674079845873

death 1 F single
1 0 0.0183951520471985
2 0 0.00363539832096627
3 0 0.00264317175540685
4 0 0.00144060982633487
5 0 0.000827505843337906
6 0 0.000710352072726406
7 0 0.00065644823845501
8 0 0.000606603066771738
9 0 0.000525516262802506
10 0 0.00044483672625939
11 0 0.000392178148822531
12 0 0.000366153142113301
13 0 0.000354356478382112
14 0 0.000341557575381124
15 0 0.000342310402132506
16 0 0.000371173463517227
17 0 0.000403310089710063
18 0 0.000427168841719561
19 0 0.000442491975169657
20 0 0.00046359691342801
21 0 0.000496268984396475
22 0 0.000529371907239562
23 0 0.000543957781534932
24 0 0.000549910161576905
25 0 0.000559887560470873
26 0 0.000580013379391398
27 0 0.000594439625801968
28 0 0.000591923255105264
29 0 0.000587142342781455
30 0 0.000593852466405531
31 0 0.000606099719674291
32 0 0.00063403970193654
33 0 0.000669627374673132
34 0 0.000727571095532231
35 0 0.000804466554557792
36 0 0.00087562130245844
37 0 0.000903980983267494
38 0 0.000913913172684522
39 0 0.000923257155917567
40 0 0.000920984206653985
41 0 0.00091063037974537
42 0 0.000927550659728715
43 0 0.00092039493279672
44 0 0.000952221193414537
45 0 0.000987849522813833
46 0 0.000992820069714906
47 0 0.00100293049604139
48 0 0.00103503856169740
49 0 0.00109886703183992
50 0 0.00115261216426765
51 0 0.00119591827255516
52 0 0.00128343768760364
53 0 0.00136799598076798
54 0 0.00145204037204638
55 0 0.00153234877193797
56 0 0.00162723470516501
57 0 0.00173631916167882
58 0 0.00187887825401234
59 0 0.00204646094019711
60 0 0.00223348322003836
61 0 0.00241070785848285
62 0 0.00259959831129808
63 0 0.00285043208047731
64 0 0.00312679961774698
65 0 0.00344563743008663
66 0 0.00372157175327403
67 0 0.00396700307332709
68 0 0.00432735508529325
69 0 0.00468326802702757
70 0 0.00510306862057808
71 0 0.00561707495076924
72 0 0.00619190970949535
73 0 0.00682872386212097
74 0 0.00752184118060628
75 0 0.00819851728409127
76 0 0.0089285835813775
77 0 0.00987275187429115
78 0 0.0109503492745315
79 0 0.012056824886592
80 0 0.0132866108953927
81 0 0.0139278144304272
82 0 0.0153533793329921
83 0 0.0167997061064654
84 0 0.0182231875863909
85 0 0.0194627119870757
86 0 0.0203666402192223
87 0 0.0214130714509947
88 0 0.0229234804652989
89 0 0.0249673458454588
90 0 0.0276117585892589
91 0 0.0309072276807217
92 0 0.0337422775891262
93 0 0.0347227760140998
94 0 0.0332713969262034
95 0 0.0304945753964582
96 0 0.0288508212189358
97 0 0.0296617899637064
98 0 0.0379796152281655
99 0 0.0606863577869172
100 0 0.0845674079845873

death 1 F divorced
1 0 0.0183951520471985
2 0 0.00363539832096627
3 0 0.00264317175540685
4 0 0.00144060982633487
5 0 0.000827505843337906
6 0 0.000710352072726406
7 0 0.00065644823845501
8 0 0.000606603066771738
9 0 0.000525516262802506
10 0 0.00044483672625939
11 0 0.000392178148822531
12 0 0.000366153142113301
13 0 0.000354356478382112
14 0 0.000341557575381124
15 0 0.000342310402132506
16 0 0.000371173463517227
17 0 0.000403310089710063
18 0 0.000427168841719561
19 0 0.000442491975169657
20 0 0.00046359691342801
21 0 0.000496268984396475
22 0 0.000529371907239562
23 0 0.000543957781534932
24 0 0.000549910161576905
25 0 0.000559887560470873
26 0 0.000580013379391398
27 0 0.000594439625801968
28 0 0.000591923255105264
29 0 0.000587142342781455
30 0 0.000593852466405531
31 0 0.000606099719674291
32 0 0.00063403970193654
33 0 0.000669627374673132
34 0 0.000727571095532231
35 0 0.000804466554557792
36 0 0.00087562130245844
37 0 0.000903980983267494
38 0 0.000913913172684522
39 0 0.000923257155917567
40 0 0.000920984206653985
41 0 0.00091063037974537
42 0 0.000927550659728715
43 0 0.00092039493279672
44 0 0.000952221193414537
45 0 0.000987849522813833
46 0 0.000992820069714906
47 0 0.00100293049604139
48 0 0.00103503856169740
49 0 0.00109886703183992
50 0 0.00115261216426765
51 0 0.00119591827255516
52 0 0.00128343768760364
53 0 0.00136799598076798
54 0 0.00145204037204638
55 0 0.00153234877193797
56 0 0.00162723470516501
57 0 0.00173631916167882
58 0 0.00187887825401234
59 0 0.00204646094019711
60 0 0.00223348322003836
61 0 0.00241070785848285
62 0 0.00259959831129808
63 0 0.00285043208047731
64 0 0.00312679961774698
65 0 0.00344563743008663
66 0 0.00372157175327403
67 0 0.00396700307332709
68 0 0.00432735508529325
69 0 0.00468326802702757
70 0 0.00510306862057808
71 0 0.00561707495076924
72 0 0.00619190970949535
73 0 0.00682872386212097
74 0 0.00752184118060628
75 0 0.00819851728409127
76 0 0.0089285835813775
77 0 0.00987275187429115
78 0 0.0109503492745315
79 0 0.012056824886592
80 0 0.0132866108953927
81 0 0.0139278144304272
82 0 0.0153533793329921
83 0 0.0167997061064654
84 0 0.0182231875863909
85 0 0.0194627119870757
86 0 0.0203666402192223
87 0 0.0214130714509947
88 0 0.0229234804652989
89 0 0.0249673458454588
90 0 0.0276117585892589
91 0 0.0309072276807217
92 0 0.0337422775891262
93 0 0.0347227760140998
94 0 0.0332713969262034
95 0 0.0304945753964582
96 0 0.0288508212189358
97 0 0.0296617899637064
98 0 0.0379796152281655
99 0 0.0606863577869172
100 0 0.0845674079845873

death 1 F widowed
1 0 0.0183951520471985
2 0 0.00363539832096627
3 0 0.00264317175540685
4 0 0.00144060982633487
5 0 0.000827505843337906
6 0 0.000710352072726406
7 0 0.00065644823845501
8 0 0.000606603066771738
9 0 0.000525516262802506
10 0 0.00044483672625939
11 0 0.000392178148822531
12 0 0.000366153142113301
13 0 0.000354356478382112
14 0 0.000341557575381124
15 0 0.000342310402132506
16 0 0.000371173463517227
17 0 0.000403310089710063
18 0 0.000427168841719561
19 0 0.000442491975169657
20 0 0.00046359691342801
21 0 0.000496268984396475
22 0 0.000529371907239562
23 0 0.000543957781534932
24 0 0.000549910161576905
25 0 0.000559887560470873
26 0 0.000580013379391398
27 0 0.000594439625801968
28 0 0.000591923255105264
29 0 0.000587142342781455
30 0 0.000593852466405531
31 0 0.000606099719674291
32 0 0.00063403970193654
33 0 0.000669627374673132
34 0 0.000727571095532231
35 0 0.000804466554557792
36 0 0.00087562130245844
37 0 0.000903980983267494
38 0 0.000913913172684522
39 0 0.000923257155917567
40 0 0.000920984206653985
41 0 0.00091063037974537
42 0 0.000927550659728715
43 0 0.00092039493279672
44 0 0.000952221193414537
45 0 0.000987849522813833
46 0 0.000992820069714906
47 0 0.00100293049604139
48 0 0.00103503856169740
49 0 0.00109886703183992
50 0 0.00115261216426765
51 0 0.00119591827255516
52 0 0.00128343768760364
53 0 0.00136799598076798
54 0 0.00145204037204638
55 0 0.00153234877193797
56 0 0.00162723470516501
57 0 0.00173631916167882
58 0 0.00187887825401234
59 0 0.00204646094019711
60 0 0.00223348322003836
61 0 0.00241070785848285
62 0 0.00259959831129808
63 0 0.00285043208047731
64 0 0.00312679961774698
65 0 0.00344563743008663
66 0 0.00372157175327403
67 0 0.00396700307332709
68 0 0.00432735508529325
69 0 0.00468326802702757
70 0 0.00510306862057808
71 0 0.00561707495076924
72 0 0.00619190970949535
73 0 0.00682872386212097
74 0 0.00752184118060628
75 0 0.00819851728409127
76 0 0.0089285835813775
77 0 0.00987275187429115
78 0 0.0109503492745315
79 0 0.012056824886592
80 0 0.0132866108953927
81 0 0.0139278144304272
82 0 0.0153533793329921
83 0 0.0167997061064654
84 0 0.0182231875863909
85 0 0.0194627119870757
86 0 0.0203666402192223
87 0 0.0214130714509947
88 0 0.0229234804652989
89 0 0.0249673458454588
90 0 0.0276117585892589
91 0 0.0309072276807217
92 0 0.0337422775891262
93 0 0.0347227760140998
94 0 0.0332713969262034
95 0 0.0304945753964582
96 0 0.0288508212189358
97 0 0.0296617899637064
98 0 0.0379796152281655
99 0 0.0606863577869172
100 0 0.0845674079845873
