*Period monthly mortality rates for SWE in 1813 
* Mon Dec 20 14:19:24 2010
death 1 M married
1 0 0.0208011679550887
2 0 0.00612216198319748
3 0 0.00421729168914731
4 0 0.00255064605668220
5 0 0.00163520998094613
6 0 0.0013498938813008
7 0 0.00113455295126619
8 0 0.00097723536729355
9 0 0.000865272645058868
10 0 0.000775129350355619
11 0 0.00067374099976314
12 0 0.00058772945881469
13 0 0.000538676418701534
14 0 0.000512274208312569
15 0 0.000490655254341665
16 0 0.000473983682771073
17 0 0.000489398496619553
18 0 0.000537502824204728
19 0 0.000612056172412223
20 0 0.000697334978019493
21 0 0.000792780973963625
22 0 0.00087780897450207
23 0 0.00096350619668084
24 0 0.00102559879213482
25 0 0.00101076685068913
26 0 0.000947842316036063
27 0 0.000911724630874855
28 0 0.000907684384536367
29 0 0.000929739582922529
30 0 0.000972939514127136
31 0 0.00104431071913569
32 0 0.00111472570914295
33 0 0.00114611380947527
34 0 0.00115463772057034
35 0 0.00114974270351575
36 0 0.00115750733601405
37 0 0.00119549608604219
38 0 0.00126171892096516
39 0 0.00133458604402181
40 0 0.00135987496636647
41 0 0.00142604854915518
42 0 0.00150480887936744
43 0 0.00152294189982283
44 0 0.00157914337695964
45 0 0.00166839125674745
46 0 0.00180531801874806
47 0 0.00188219624800345
48 0 0.00193802480055816
49 0 0.00203708585009399
50 0 0.00214504324869691
51 0 0.0022585113330309
52 0 0.00240976653342995
53 0 0.0025655604066841
54 0 0.00271990504518982
55 0 0.00286883612407129
56 0 0.00299621881060463
57 0 0.00308420011799215
58 0 0.00317511477732191
59 0 0.00330241045543367
60 0 0.00355398640455418
61 0 0.00390112427725031
62 0 0.00434081646076301
63 0 0.00471881353503256
64 0 0.00508103190584097
65 0 0.00554395989365053
66 0 0.00596849681385081
67 0 0.0063409506123202
68 0 0.00680230969637174
69 0 0.0072696501219609
70 0 0.00771065416392858
71 0 0.00814069483742574
72 0 0.00879302420177652
73 0 0.00951387094002298
74 0 0.0102885162399992
75 0 0.0110101933771297
76 0 0.0114839512139806
77 0 0.0120237866598805
78 0 0.0128445726502457
79 0 0.0141546589566228
80 0 0.0160206515027271
81 0 0.0167881602395422
82 0 0.0185670388836271
83 0 0.0206107748843092
84 0 0.0229161674674652
85 0 0.0252202815980526
86 0 0.0269216342790973
87 0 0.0282923426267704
88 0 0.029105669360908
89 0 0.0297398134975044
90 0 0.0316439640041131
91 0 0.0349522110200647
92 0 0.0323933822224574
93 0 0.0288752032097691
94 0 0.0267621258719392
95 0 0.0264810173375321
96 0 0.0265115853874853
97 0 0.0273296365765412
98 0 0.0310930464169994
99 0 0.0402393654483265
100 0 0

death 1 M single
1 0 0.0208011679550887
2 0 0.00612216198319748
3 0 0.00421729168914731
4 0 0.00255064605668220
5 0 0.00163520998094613
6 0 0.0013498938813008
7 0 0.00113455295126619
8 0 0.00097723536729355
9 0 0.000865272645058868
10 0 0.000775129350355619
11 0 0.00067374099976314
12 0 0.00058772945881469
13 0 0.000538676418701534
14 0 0.000512274208312569
15 0 0.000490655254341665
16 0 0.000473983682771073
17 0 0.000489398496619553
18 0 0.000537502824204728
19 0 0.000612056172412223
20 0 0.000697334978019493
21 0 0.000792780973963625
22 0 0.00087780897450207
23 0 0.00096350619668084
24 0 0.00102559879213482
25 0 0.00101076685068913
26 0 0.000947842316036063
27 0 0.000911724630874855
28 0 0.000907684384536367
29 0 0.000929739582922529
30 0 0.000972939514127136
31 0 0.00104431071913569
32 0 0.00111472570914295
33 0 0.00114611380947527
34 0 0.00115463772057034
35 0 0.00114974270351575
36 0 0.00115750733601405
37 0 0.00119549608604219
38 0 0.00126171892096516
39 0 0.00133458604402181
40 0 0.00135987496636647
41 0 0.00142604854915518
42 0 0.00150480887936744
43 0 0.00152294189982283
44 0 0.00157914337695964
45 0 0.00166839125674745
46 0 0.00180531801874806
47 0 0.00188219624800345
48 0 0.00193802480055816
49 0 0.00203708585009399
50 0 0.00214504324869691
51 0 0.0022585113330309
52 0 0.00240976653342995
53 0 0.0025655604066841
54 0 0.00271990504518982
55 0 0.00286883612407129
56 0 0.00299621881060463
57 0 0.00308420011799215
58 0 0.00317511477732191
59 0 0.00330241045543367
60 0 0.00355398640455418
61 0 0.00390112427725031
62 0 0.00434081646076301
63 0 0.00471881353503256
64 0 0.00508103190584097
65 0 0.00554395989365053
66 0 0.00596849681385081
67 0 0.0063409506123202
68 0 0.00680230969637174
69 0 0.0072696501219609
70 0 0.00771065416392858
71 0 0.00814069483742574
72 0 0.00879302420177652
73 0 0.00951387094002298
74 0 0.0102885162399992
75 0 0.0110101933771297
76 0 0.0114839512139806
77 0 0.0120237866598805
78 0 0.0128445726502457
79 0 0.0141546589566228
80 0 0.0160206515027271
81 0 0.0167881602395422
82 0 0.0185670388836271
83 0 0.0206107748843092
84 0 0.0229161674674652
85 0 0.0252202815980526
86 0 0.0269216342790973
87 0 0.0282923426267704
88 0 0.029105669360908
89 0 0.0297398134975044
90 0 0.0316439640041131
91 0 0.0349522110200647
92 0 0.0323933822224574
93 0 0.0288752032097691
94 0 0.0267621258719392
95 0 0.0264810173375321
96 0 0.0265115853874853
97 0 0.0273296365765412
98 0 0.0310930464169994
99 0 0.0402393654483265
100 0 0

death 1 M divorced
1 0 0.0208011679550887
2 0 0.00612216198319748
3 0 0.00421729168914731
4 0 0.00255064605668220
5 0 0.00163520998094613
6 0 0.0013498938813008
7 0 0.00113455295126619
8 0 0.00097723536729355
9 0 0.000865272645058868
10 0 0.000775129350355619
11 0 0.00067374099976314
12 0 0.00058772945881469
13 0 0.000538676418701534
14 0 0.000512274208312569
15 0 0.000490655254341665
16 0 0.000473983682771073
17 0 0.000489398496619553
18 0 0.000537502824204728
19 0 0.000612056172412223
20 0 0.000697334978019493
21 0 0.000792780973963625
22 0 0.00087780897450207
23 0 0.00096350619668084
24 0 0.00102559879213482
25 0 0.00101076685068913
26 0 0.000947842316036063
27 0 0.000911724630874855
28 0 0.000907684384536367
29 0 0.000929739582922529
30 0 0.000972939514127136
31 0 0.00104431071913569
32 0 0.00111472570914295
33 0 0.00114611380947527
34 0 0.00115463772057034
35 0 0.00114974270351575
36 0 0.00115750733601405
37 0 0.00119549608604219
38 0 0.00126171892096516
39 0 0.00133458604402181
40 0 0.00135987496636647
41 0 0.00142604854915518
42 0 0.00150480887936744
43 0 0.00152294189982283
44 0 0.00157914337695964
45 0 0.00166839125674745
46 0 0.00180531801874806
47 0 0.00188219624800345
48 0 0.00193802480055816
49 0 0.00203708585009399
50 0 0.00214504324869691
51 0 0.0022585113330309
52 0 0.00240976653342995
53 0 0.0025655604066841
54 0 0.00271990504518982
55 0 0.00286883612407129
56 0 0.00299621881060463
57 0 0.00308420011799215
58 0 0.00317511477732191
59 0 0.00330241045543367
60 0 0.00355398640455418
61 0 0.00390112427725031
62 0 0.00434081646076301
63 0 0.00471881353503256
64 0 0.00508103190584097
65 0 0.00554395989365053
66 0 0.00596849681385081
67 0 0.0063409506123202
68 0 0.00680230969637174
69 0 0.0072696501219609
70 0 0.00771065416392858
71 0 0.00814069483742574
72 0 0.00879302420177652
73 0 0.00951387094002298
74 0 0.0102885162399992
75 0 0.0110101933771297
76 0 0.0114839512139806
77 0 0.0120237866598805
78 0 0.0128445726502457
79 0 0.0141546589566228
80 0 0.0160206515027271
81 0 0.0167881602395422
82 0 0.0185670388836271
83 0 0.0206107748843092
84 0 0.0229161674674652
85 0 0.0252202815980526
86 0 0.0269216342790973
87 0 0.0282923426267704
88 0 0.029105669360908
89 0 0.0297398134975044
90 0 0.0316439640041131
91 0 0.0349522110200647
92 0 0.0323933822224574
93 0 0.0288752032097691
94 0 0.0267621258719392
95 0 0.0264810173375321
96 0 0.0265115853874853
97 0 0.0273296365765412
98 0 0.0310930464169994
99 0 0.0402393654483265
100 0 0

death 1 M widowed
1 0 0.0208011679550887
2 0 0.00612216198319748
3 0 0.00421729168914731
4 0 0.00255064605668220
5 0 0.00163520998094613
6 0 0.0013498938813008
7 0 0.00113455295126619
8 0 0.00097723536729355
9 0 0.000865272645058868
10 0 0.000775129350355619
11 0 0.00067374099976314
12 0 0.00058772945881469
13 0 0.000538676418701534
14 0 0.000512274208312569
15 0 0.000490655254341665
16 0 0.000473983682771073
17 0 0.000489398496619553
18 0 0.000537502824204728
19 0 0.000612056172412223
20 0 0.000697334978019493
21 0 0.000792780973963625
22 0 0.00087780897450207
23 0 0.00096350619668084
24 0 0.00102559879213482
25 0 0.00101076685068913
26 0 0.000947842316036063
27 0 0.000911724630874855
28 0 0.000907684384536367
29 0 0.000929739582922529
30 0 0.000972939514127136
31 0 0.00104431071913569
32 0 0.00111472570914295
33 0 0.00114611380947527
34 0 0.00115463772057034
35 0 0.00114974270351575
36 0 0.00115750733601405
37 0 0.00119549608604219
38 0 0.00126171892096516
39 0 0.00133458604402181
40 0 0.00135987496636647
41 0 0.00142604854915518
42 0 0.00150480887936744
43 0 0.00152294189982283
44 0 0.00157914337695964
45 0 0.00166839125674745
46 0 0.00180531801874806
47 0 0.00188219624800345
48 0 0.00193802480055816
49 0 0.00203708585009399
50 0 0.00214504324869691
51 0 0.0022585113330309
52 0 0.00240976653342995
53 0 0.0025655604066841
54 0 0.00271990504518982
55 0 0.00286883612407129
56 0 0.00299621881060463
57 0 0.00308420011799215
58 0 0.00317511477732191
59 0 0.00330241045543367
60 0 0.00355398640455418
61 0 0.00390112427725031
62 0 0.00434081646076301
63 0 0.00471881353503256
64 0 0.00508103190584097
65 0 0.00554395989365053
66 0 0.00596849681385081
67 0 0.0063409506123202
68 0 0.00680230969637174
69 0 0.0072696501219609
70 0 0.00771065416392858
71 0 0.00814069483742574
72 0 0.00879302420177652
73 0 0.00951387094002298
74 0 0.0102885162399992
75 0 0.0110101933771297
76 0 0.0114839512139806
77 0 0.0120237866598805
78 0 0.0128445726502457
79 0 0.0141546589566228
80 0 0.0160206515027271
81 0 0.0167881602395422
82 0 0.0185670388836271
83 0 0.0206107748843092
84 0 0.0229161674674652
85 0 0.0252202815980526
86 0 0.0269216342790973
87 0 0.0282923426267704
88 0 0.029105669360908
89 0 0.0297398134975044
90 0 0.0316439640041131
91 0 0.0349522110200647
92 0 0.0323933822224574
93 0 0.0288752032097691
94 0 0.0267621258719392
95 0 0.0264810173375321
96 0 0.0265115853874853
97 0 0.0273296365765412
98 0 0.0310930464169994
99 0 0.0402393654483265
100 0 0

death 1 F married
1 0 0.0170874283896063
2 0 0.0057218432902556
3 0 0.00394654679747775
4 0 0.00233346613045482
5 0 0.00145187102012434
6 0 0.0012005624537611
7 0 0.00102104782523171
8 0 0.00088639188907802
9 0 0.000777650800877105
10 0 0.000678946261737701
11 0 0.000564247776269622
12 0 0.000481690762815234
13 0 0.000446260354654338
14 0 0.000439896071321222
15 0 0.000450028890422782
16 0 0.000472057014896388
17 0 0.00049300124859808
18 0 0.000524259022816276
19 0 0.000553179944719928
20 0 0.000567937353078252
21 0 0.000576407175669646
22 0 0.000603750803424008
23 0 0.000643019238307341
24 0 0.000676343593469908
25 0 0.000681381083428301
26 0 0.000677267112385027
27 0 0.00068406785895847
28 0 0.000706824675732687
29 0 0.00073866019395663
30 0 0.00077916370478559
31 0 0.000840709821625318
32 0 0.000913239769587904
33 0 0.00095390543323881
34 0 0.000972602593060312
35 0 0.0009768141962343
36 0 0.000991809088984663
37 0 0.000997032610566162
38 0 0.00102020507860934
39 0 0.00104953726143664
40 0 0.00104574377338396
41 0 0.00107449393292958
42 0 0.00113261222154470
43 0 0.00114653576644752
44 0 0.00118713719727992
45 0 0.00124929845977340
46 0 0.00135065511184651
47 0 0.00140573439048508
48 0 0.00144695995181410
49 0 0.00152573843564918
50 0 0.00161620622309211
51 0 0.00171406717341049
52 0 0.0018181548741536
53 0 0.00192457514867883
54 0 0.00203069429861313
55 0 0.00213710835524661
56 0 0.00224057239401532
57 0 0.00233201259795113
58 0 0.00243715452800164
59 0 0.002581763256436
60 0 0.00284234924226412
61 0 0.00317934357962046
62 0 0.00360114264527744
63 0 0.00394698198927601
64 0 0.00425195595635541
65 0 0.00460862404201723
66 0 0.00492164603550371
67 0 0.00523831529283914
68 0 0.00566806892351002
69 0 0.00615747507428877
70 0 0.00670588275146777
71 0 0.00732167632375447
72 0 0.00805913157946125
73 0 0.00882260010720304
74 0 0.00966999245019584
75 0 0.0104497300321088
76 0 0.0110260079061040
77 0 0.0116229655922404
78 0 0.0123576790948999
79 0 0.0133125845268875
80 0 0.0146887890226300
81 0 0.0149596596388926
82 0 0.0163425268137374
83 0 0.0179261967137273
84 0 0.0197318705639433
85 0 0.0216146220470178
86 0 0.0232406690044694
87 0 0.024845709011197
88 0 0.026466352900268
89 0 0.0283022845537478
90 0 0.0309968477746106
91 0 0.0325213258595227
92 0 0.0329587920655222
93 0 0.0331778610244795
94 0 0.0345130680257631
95 0 0.0391866772403983
96 0 0.0463619105056552
97 0 0.0491637082668427
98 0 0.0496448777814003
99 0 0.0519744906241859
100 0 0.0543506441244218

death 1 F single
1 0 0.0170874283896063
2 0 0.0057218432902556
3 0 0.00394654679747775
4 0 0.00233346613045482
5 0 0.00145187102012434
6 0 0.0012005624537611
7 0 0.00102104782523171
8 0 0.00088639188907802
9 0 0.000777650800877105
10 0 0.000678946261737701
11 0 0.000564247776269622
12 0 0.000481690762815234
13 0 0.000446260354654338
14 0 0.000439896071321222
15 0 0.000450028890422782
16 0 0.000472057014896388
17 0 0.00049300124859808
18 0 0.000524259022816276
19 0 0.000553179944719928
20 0 0.000567937353078252
21 0 0.000576407175669646
22 0 0.000603750803424008
23 0 0.000643019238307341
24 0 0.000676343593469908
25 0 0.000681381083428301
26 0 0.000677267112385027
27 0 0.00068406785895847
28 0 0.000706824675732687
29 0 0.00073866019395663
30 0 0.00077916370478559
31 0 0.000840709821625318
32 0 0.000913239769587904
33 0 0.00095390543323881
34 0 0.000972602593060312
35 0 0.0009768141962343
36 0 0.000991809088984663
37 0 0.000997032610566162
38 0 0.00102020507860934
39 0 0.00104953726143664
40 0 0.00104574377338396
41 0 0.00107449393292958
42 0 0.00113261222154470
43 0 0.00114653576644752
44 0 0.00118713719727992
45 0 0.00124929845977340
46 0 0.00135065511184651
47 0 0.00140573439048508
48 0 0.00144695995181410
49 0 0.00152573843564918
50 0 0.00161620622309211
51 0 0.00171406717341049
52 0 0.0018181548741536
53 0 0.00192457514867883
54 0 0.00203069429861313
55 0 0.00213710835524661
56 0 0.00224057239401532
57 0 0.00233201259795113
58 0 0.00243715452800164
59 0 0.002581763256436
60 0 0.00284234924226412
61 0 0.00317934357962046
62 0 0.00360114264527744
63 0 0.00394698198927601
64 0 0.00425195595635541
65 0 0.00460862404201723
66 0 0.00492164603550371
67 0 0.00523831529283914
68 0 0.00566806892351002
69 0 0.00615747507428877
70 0 0.00670588275146777
71 0 0.00732167632375447
72 0 0.00805913157946125
73 0 0.00882260010720304
74 0 0.00966999245019584
75 0 0.0104497300321088
76 0 0.0110260079061040
77 0 0.0116229655922404
78 0 0.0123576790948999
79 0 0.0133125845268875
80 0 0.0146887890226300
81 0 0.0149596596388926
82 0 0.0163425268137374
83 0 0.0179261967137273
84 0 0.0197318705639433
85 0 0.0216146220470178
86 0 0.0232406690044694
87 0 0.024845709011197
88 0 0.026466352900268
89 0 0.0283022845537478
90 0 0.0309968477746106
91 0 0.0325213258595227
92 0 0.0329587920655222
93 0 0.0331778610244795
94 0 0.0345130680257631
95 0 0.0391866772403983
96 0 0.0463619105056552
97 0 0.0491637082668427
98 0 0.0496448777814003
99 0 0.0519744906241859
100 0 0.0543506441244218

death 1 F divorced
1 0 0.0170874283896063
2 0 0.0057218432902556
3 0 0.00394654679747775
4 0 0.00233346613045482
5 0 0.00145187102012434
6 0 0.0012005624537611
7 0 0.00102104782523171
8 0 0.00088639188907802
9 0 0.000777650800877105
10 0 0.000678946261737701
11 0 0.000564247776269622
12 0 0.000481690762815234
13 0 0.000446260354654338
14 0 0.000439896071321222
15 0 0.000450028890422782
16 0 0.000472057014896388
17 0 0.00049300124859808
18 0 0.000524259022816276
19 0 0.000553179944719928
20 0 0.000567937353078252
21 0 0.000576407175669646
22 0 0.000603750803424008
23 0 0.000643019238307341
24 0 0.000676343593469908
25 0 0.000681381083428301
26 0 0.000677267112385027
27 0 0.00068406785895847
28 0 0.000706824675732687
29 0 0.00073866019395663
30 0 0.00077916370478559
31 0 0.000840709821625318
32 0 0.000913239769587904
33 0 0.00095390543323881
34 0 0.000972602593060312
35 0 0.0009768141962343
36 0 0.000991809088984663
37 0 0.000997032610566162
38 0 0.00102020507860934
39 0 0.00104953726143664
40 0 0.00104574377338396
41 0 0.00107449393292958
42 0 0.00113261222154470
43 0 0.00114653576644752
44 0 0.00118713719727992
45 0 0.00124929845977340
46 0 0.00135065511184651
47 0 0.00140573439048508
48 0 0.00144695995181410
49 0 0.00152573843564918
50 0 0.00161620622309211
51 0 0.00171406717341049
52 0 0.0018181548741536
53 0 0.00192457514867883
54 0 0.00203069429861313
55 0 0.00213710835524661
56 0 0.00224057239401532
57 0 0.00233201259795113
58 0 0.00243715452800164
59 0 0.002581763256436
60 0 0.00284234924226412
61 0 0.00317934357962046
62 0 0.00360114264527744
63 0 0.00394698198927601
64 0 0.00425195595635541
65 0 0.00460862404201723
66 0 0.00492164603550371
67 0 0.00523831529283914
68 0 0.00566806892351002
69 0 0.00615747507428877
70 0 0.00670588275146777
71 0 0.00732167632375447
72 0 0.00805913157946125
73 0 0.00882260010720304
74 0 0.00966999245019584
75 0 0.0104497300321088
76 0 0.0110260079061040
77 0 0.0116229655922404
78 0 0.0123576790948999
79 0 0.0133125845268875
80 0 0.0146887890226300
81 0 0.0149596596388926
82 0 0.0163425268137374
83 0 0.0179261967137273
84 0 0.0197318705639433
85 0 0.0216146220470178
86 0 0.0232406690044694
87 0 0.024845709011197
88 0 0.026466352900268
89 0 0.0283022845537478
90 0 0.0309968477746106
91 0 0.0325213258595227
92 0 0.0329587920655222
93 0 0.0331778610244795
94 0 0.0345130680257631
95 0 0.0391866772403983
96 0 0.0463619105056552
97 0 0.0491637082668427
98 0 0.0496448777814003
99 0 0.0519744906241859
100 0 0.0543506441244218

death 1 F widowed
1 0 0.0170874283896063
2 0 0.0057218432902556
3 0 0.00394654679747775
4 0 0.00233346613045482
5 0 0.00145187102012434
6 0 0.0012005624537611
7 0 0.00102104782523171
8 0 0.00088639188907802
9 0 0.000777650800877105
10 0 0.000678946261737701
11 0 0.000564247776269622
12 0 0.000481690762815234
13 0 0.000446260354654338
14 0 0.000439896071321222
15 0 0.000450028890422782
16 0 0.000472057014896388
17 0 0.00049300124859808
18 0 0.000524259022816276
19 0 0.000553179944719928
20 0 0.000567937353078252
21 0 0.000576407175669646
22 0 0.000603750803424008
23 0 0.000643019238307341
24 0 0.000676343593469908
25 0 0.000681381083428301
26 0 0.000677267112385027
27 0 0.00068406785895847
28 0 0.000706824675732687
29 0 0.00073866019395663
30 0 0.00077916370478559
31 0 0.000840709821625318
32 0 0.000913239769587904
33 0 0.00095390543323881
34 0 0.000972602593060312
35 0 0.0009768141962343
36 0 0.000991809088984663
37 0 0.000997032610566162
38 0 0.00102020507860934
39 0 0.00104953726143664
40 0 0.00104574377338396
41 0 0.00107449393292958
42 0 0.00113261222154470
43 0 0.00114653576644752
44 0 0.00118713719727992
45 0 0.00124929845977340
46 0 0.00135065511184651
47 0 0.00140573439048508
48 0 0.00144695995181410
49 0 0.00152573843564918
50 0 0.00161620622309211
51 0 0.00171406717341049
52 0 0.0018181548741536
53 0 0.00192457514867883
54 0 0.00203069429861313
55 0 0.00213710835524661
56 0 0.00224057239401532
57 0 0.00233201259795113
58 0 0.00243715452800164
59 0 0.002581763256436
60 0 0.00284234924226412
61 0 0.00317934357962046
62 0 0.00360114264527744
63 0 0.00394698198927601
64 0 0.00425195595635541
65 0 0.00460862404201723
66 0 0.00492164603550371
67 0 0.00523831529283914
68 0 0.00566806892351002
69 0 0.00615747507428877
70 0 0.00670588275146777
71 0 0.00732167632375447
72 0 0.00805913157946125
73 0 0.00882260010720304
74 0 0.00966999245019584
75 0 0.0104497300321088
76 0 0.0110260079061040
77 0 0.0116229655922404
78 0 0.0123576790948999
79 0 0.0133125845268875
80 0 0.0146887890226300
81 0 0.0149596596388926
82 0 0.0163425268137374
83 0 0.0179261967137273
84 0 0.0197318705639433
85 0 0.0216146220470178
86 0 0.0232406690044694
87 0 0.024845709011197
88 0 0.026466352900268
89 0 0.0283022845537478
90 0 0.0309968477746106
91 0 0.0325213258595227
92 0 0.0329587920655222
93 0 0.0331778610244795
94 0 0.0345130680257631
95 0 0.0391866772403983
96 0 0.0463619105056552
97 0 0.0491637082668427
98 0 0.0496448777814003
99 0 0.0519744906241859
100 0 0.0543506441244218
