*Period monthly mortality rates for SWE in 2049 
* Mon Dec 20 14:21:52 2010
death 1 M married
1 0 0.000199385170868593
2 0 0.0000200022003373768
3 0 0.00000666691112360951
4 0 0.00000500013750526218
5 0 0.00000416676215586609
6 0 0.00000333339444602565
7 0 0.00000333339444602565
8 0 0.00000333339444602565
9 0 0.00000250003437562984
10 0 0.00000333339444602565
11 0 0.00000333339444602565
12 0 0.00000333339444602565
13 0 0.00000333339444602565
14 0 0.00000500013750526218
15 0 0.00000583352049443597
16 0 0.00000750030939278279
17 0 0.0000108339788730261
18 0 0.0000133343112110884
19 0 0.0000175016846010179
20 0 0.0000241698794146705
21 0 0.0000275041602521009
22 0 0.0000300049511388067
23 0 0.0000308385633891461
24 0 0.0000300049511388067
25 0 0.0000291713465325749
26 0 0.0000291713465325749
27 0 0.0000283377495704507
28 0 0.0000266705785775256
29 0 0.0000266705785775256
30 0 0.0000266705785775256
31 0 0.0000275041602521009
32 0 0.0000250034381590325
33 0 0.0000266705785775256
34 0 0.0000283377495704507
35 0 0.0000283377495704507
36 0 0.0000308385633891461
37 0 0.0000333394460065861
38 0 0.0000341730888351321
39 0 0.0000383414176537977
40 0 0.0000408425066913409
41 0 0.0000433436645435048
42 0 0.0000475124138960004
43 0 0.0000533489841776369
44 0 0.0000600198091127435
45 0 0.000064189323299324
46 0 0.000070860943814588
47 0 0.0000783671022263066
48 0 0.0000850397634148958
49 0 0.0000958838826297104
50 0 0.000104226393189744
51 0 0.000114238416628387
52 0 0.000129258519792286
53 0 0.000141777168646939
54 0 0.000162645415570539
55 0 0.000175168663833603
56 0 0.00019103392235309
57 0 0.000212748764747639
58 0 0.000237810800436611
59 0 0.000252015688880669
60 0 0.000282939887389921
61 0 0.000303840574450209
62 0 0.000336455247325729
63 0 0.000374102112419727
64 0 0.000410927466635069
65 0 0.000462843081220354
66 0 0.000504732128525753
67 0 0.000555024489687916
68 0 0.000621285250725911
69 0 0.000680037725460325
70 0 0.000754792208484734
71 0 0.000841382687202019
72 0 0.000925530162064314
73 0 0.00103672433809132
74 0 0.00115733853259525
75 0 0.00129586282021077
76 0 0.00147185672818695
77 0 0.00162358667431095
78 0 0.00188951327892373
79 0 0.00215622153422623
80 0 0.0024605264508748
81 0 0.00284148940827056
82 0 0.00332082008241308
83 0 0.00390965013976807
84 0 0.00454175113521804
85 0 0.00542214424432086
86 0 0.00639789930590662
87 0 0.00758162394942419
88 0 0.00887203742076681
89 0 0.0105522158485220
90 0 0.0123369475463652
91 0 0.0144723285791614
92 0 0.0172492450384891
93 0 0.0204849090998662
94 0 0.0233970941452042
95 0 0.0272013268885609
96 0 0.0302627935491859
97 0 0.0356436419402996
98 0 0.0401554821026323
99 0 0.0442281403962257
100 0 0.0498463170502198

death 1 M single
1 0 0.000199385170868593
2 0 0.0000200022003373768
3 0 0.00000666691112360951
4 0 0.00000500013750526218
5 0 0.00000416676215586609
6 0 0.00000333339444602565
7 0 0.00000333339444602565
8 0 0.00000333339444602565
9 0 0.00000250003437562984
10 0 0.00000333339444602565
11 0 0.00000333339444602565
12 0 0.00000333339444602565
13 0 0.00000333339444602565
14 0 0.00000500013750526218
15 0 0.00000583352049443597
16 0 0.00000750030939278279
17 0 0.0000108339788730261
18 0 0.0000133343112110884
19 0 0.0000175016846010179
20 0 0.0000241698794146705
21 0 0.0000275041602521009
22 0 0.0000300049511388067
23 0 0.0000308385633891461
24 0 0.0000300049511388067
25 0 0.0000291713465325749
26 0 0.0000291713465325749
27 0 0.0000283377495704507
28 0 0.0000266705785775256
29 0 0.0000266705785775256
30 0 0.0000266705785775256
31 0 0.0000275041602521009
32 0 0.0000250034381590325
33 0 0.0000266705785775256
34 0 0.0000283377495704507
35 0 0.0000283377495704507
36 0 0.0000308385633891461
37 0 0.0000333394460065861
38 0 0.0000341730888351321
39 0 0.0000383414176537977
40 0 0.0000408425066913409
41 0 0.0000433436645435048
42 0 0.0000475124138960004
43 0 0.0000533489841776369
44 0 0.0000600198091127435
45 0 0.000064189323299324
46 0 0.000070860943814588
47 0 0.0000783671022263066
48 0 0.0000850397634148958
49 0 0.0000958838826297104
50 0 0.000104226393189744
51 0 0.000114238416628387
52 0 0.000129258519792286
53 0 0.000141777168646939
54 0 0.000162645415570539
55 0 0.000175168663833603
56 0 0.00019103392235309
57 0 0.000212748764747639
58 0 0.000237810800436611
59 0 0.000252015688880669
60 0 0.000282939887389921
61 0 0.000303840574450209
62 0 0.000336455247325729
63 0 0.000374102112419727
64 0 0.000410927466635069
65 0 0.000462843081220354
66 0 0.000504732128525753
67 0 0.000555024489687916
68 0 0.000621285250725911
69 0 0.000680037725460325
70 0 0.000754792208484734
71 0 0.000841382687202019
72 0 0.000925530162064314
73 0 0.00103672433809132
74 0 0.00115733853259525
75 0 0.00129586282021077
76 0 0.00147185672818695
77 0 0.00162358667431095
78 0 0.00188951327892373
79 0 0.00215622153422623
80 0 0.0024605264508748
81 0 0.00284148940827056
82 0 0.00332082008241308
83 0 0.00390965013976807
84 0 0.00454175113521804
85 0 0.00542214424432086
86 0 0.00639789930590662
87 0 0.00758162394942419
88 0 0.00887203742076681
89 0 0.0105522158485220
90 0 0.0123369475463652
91 0 0.0144723285791614
92 0 0.0172492450384891
93 0 0.0204849090998662
94 0 0.0233970941452042
95 0 0.0272013268885609
96 0 0.0302627935491859
97 0 0.0356436419402996
98 0 0.0401554821026323
99 0 0.0442281403962257
100 0 0.0498463170502198

death 1 M divorced
1 0 0.000199385170868593
2 0 0.0000200022003373768
3 0 0.00000666691112360951
4 0 0.00000500013750526218
5 0 0.00000416676215586609
6 0 0.00000333339444602565
7 0 0.00000333339444602565
8 0 0.00000333339444602565
9 0 0.00000250003437562984
10 0 0.00000333339444602565
11 0 0.00000333339444602565
12 0 0.00000333339444602565
13 0 0.00000333339444602565
14 0 0.00000500013750526218
15 0 0.00000583352049443597
16 0 0.00000750030939278279
17 0 0.0000108339788730261
18 0 0.0000133343112110884
19 0 0.0000175016846010179
20 0 0.0000241698794146705
21 0 0.0000275041602521009
22 0 0.0000300049511388067
23 0 0.0000308385633891461
24 0 0.0000300049511388067
25 0 0.0000291713465325749
26 0 0.0000291713465325749
27 0 0.0000283377495704507
28 0 0.0000266705785775256
29 0 0.0000266705785775256
30 0 0.0000266705785775256
31 0 0.0000275041602521009
32 0 0.0000250034381590325
33 0 0.0000266705785775256
34 0 0.0000283377495704507
35 0 0.0000283377495704507
36 0 0.0000308385633891461
37 0 0.0000333394460065861
38 0 0.0000341730888351321
39 0 0.0000383414176537977
40 0 0.0000408425066913409
41 0 0.0000433436645435048
42 0 0.0000475124138960004
43 0 0.0000533489841776369
44 0 0.0000600198091127435
45 0 0.000064189323299324
46 0 0.000070860943814588
47 0 0.0000783671022263066
48 0 0.0000850397634148958
49 0 0.0000958838826297104
50 0 0.000104226393189744
51 0 0.000114238416628387
52 0 0.000129258519792286
53 0 0.000141777168646939
54 0 0.000162645415570539
55 0 0.000175168663833603
56 0 0.00019103392235309
57 0 0.000212748764747639
58 0 0.000237810800436611
59 0 0.000252015688880669
60 0 0.000282939887389921
61 0 0.000303840574450209
62 0 0.000336455247325729
63 0 0.000374102112419727
64 0 0.000410927466635069
65 0 0.000462843081220354
66 0 0.000504732128525753
67 0 0.000555024489687916
68 0 0.000621285250725911
69 0 0.000680037725460325
70 0 0.000754792208484734
71 0 0.000841382687202019
72 0 0.000925530162064314
73 0 0.00103672433809132
74 0 0.00115733853259525
75 0 0.00129586282021077
76 0 0.00147185672818695
77 0 0.00162358667431095
78 0 0.00188951327892373
79 0 0.00215622153422623
80 0 0.0024605264508748
81 0 0.00284148940827056
82 0 0.00332082008241308
83 0 0.00390965013976807
84 0 0.00454175113521804
85 0 0.00542214424432086
86 0 0.00639789930590662
87 0 0.00758162394942419
88 0 0.00887203742076681
89 0 0.0105522158485220
90 0 0.0123369475463652
91 0 0.0144723285791614
92 0 0.0172492450384891
93 0 0.0204849090998662
94 0 0.0233970941452042
95 0 0.0272013268885609
96 0 0.0302627935491859
97 0 0.0356436419402996
98 0 0.0401554821026323
99 0 0.0442281403962257
100 0 0.0498463170502198

death 1 M widowed
1 0 0.000199385170868593
2 0 0.0000200022003373768
3 0 0.00000666691112360951
4 0 0.00000500013750526218
5 0 0.00000416676215586609
6 0 0.00000333339444602565
7 0 0.00000333339444602565
8 0 0.00000333339444602565
9 0 0.00000250003437562984
10 0 0.00000333339444602565
11 0 0.00000333339444602565
12 0 0.00000333339444602565
13 0 0.00000333339444602565
14 0 0.00000500013750526218
15 0 0.00000583352049443597
16 0 0.00000750030939278279
17 0 0.0000108339788730261
18 0 0.0000133343112110884
19 0 0.0000175016846010179
20 0 0.0000241698794146705
21 0 0.0000275041602521009
22 0 0.0000300049511388067
23 0 0.0000308385633891461
24 0 0.0000300049511388067
25 0 0.0000291713465325749
26 0 0.0000291713465325749
27 0 0.0000283377495704507
28 0 0.0000266705785775256
29 0 0.0000266705785775256
30 0 0.0000266705785775256
31 0 0.0000275041602521009
32 0 0.0000250034381590325
33 0 0.0000266705785775256
34 0 0.0000283377495704507
35 0 0.0000283377495704507
36 0 0.0000308385633891461
37 0 0.0000333394460065861
38 0 0.0000341730888351321
39 0 0.0000383414176537977
40 0 0.0000408425066913409
41 0 0.0000433436645435048
42 0 0.0000475124138960004
43 0 0.0000533489841776369
44 0 0.0000600198091127435
45 0 0.000064189323299324
46 0 0.000070860943814588
47 0 0.0000783671022263066
48 0 0.0000850397634148958
49 0 0.0000958838826297104
50 0 0.000104226393189744
51 0 0.000114238416628387
52 0 0.000129258519792286
53 0 0.000141777168646939
54 0 0.000162645415570539
55 0 0.000175168663833603
56 0 0.00019103392235309
57 0 0.000212748764747639
58 0 0.000237810800436611
59 0 0.000252015688880669
60 0 0.000282939887389921
61 0 0.000303840574450209
62 0 0.000336455247325729
63 0 0.000374102112419727
64 0 0.000410927466635069
65 0 0.000462843081220354
66 0 0.000504732128525753
67 0 0.000555024489687916
68 0 0.000621285250725911
69 0 0.000680037725460325
70 0 0.000754792208484734
71 0 0.000841382687202019
72 0 0.000925530162064314
73 0 0.00103672433809132
74 0 0.00115733853259525
75 0 0.00129586282021077
76 0 0.00147185672818695
77 0 0.00162358667431095
78 0 0.00188951327892373
79 0 0.00215622153422623
80 0 0.0024605264508748
81 0 0.00284148940827056
82 0 0.00332082008241308
83 0 0.00390965013976807
84 0 0.00454175113521804
85 0 0.00542214424432086
86 0 0.00639789930590662
87 0 0.00758162394942419
88 0 0.00887203742076681
89 0 0.0105522158485220
90 0 0.0123369475463652
91 0 0.0144723285791614
92 0 0.0172492450384891
93 0 0.0204849090998662
94 0 0.0233970941452042
95 0 0.0272013268885609
96 0 0.0302627935491859
97 0 0.0356436419402996
98 0 0.0401554821026323
99 0 0.0442281403962257
100 0 0.0498463170502198

death 1 F married
1 0 0.000196879715743670
2 0 0.0000216692490401238
3 0 0.00000666691112360951
4 0 0.00000500013750526218
5 0 0.00000333339444602565
6 0 0.00000416676215586609
7 0 0.00000333339444602565
8 0 0.00000250003437562984
9 0 0.00000250003437562984
10 0 0.00000333339444602565
11 0 0.00000333339444602565
12 0 0.00000333339444602565
13 0 0.00000333339444602565
14 0 0.00000333339444602565
15 0 0.00000416676215586609
16 0 0.00000666691112360951
17 0 0.00000666691112360951
18 0 0.00000833371530217786
19 0 0.00000833371530217786
20 0 0.0000100005500421885
21 0 0.0000116674153447516
22 0 0.0000116674153447516
23 0 0.0000108339788730261
24 0 0.0000116674153447516
25 0 0.0000100005500421885
26 0 0.0000100005500421885
27 0 0.0000108339788730261
28 0 0.0000108339788730261
29 0 0.0000108339788730261
30 0 0.0000108339788730261
31 0 0.000012500859457365
32 0 0.0000133343112110884
33 0 0.0000133343112110884
34 0 0.0000141677706060328
35 0 0.0000150012376423092
36 0 0.0000175016846010179
37 0 0.0000200022003373768
38 0 0.0000208357208674181
39 0 0.0000225027848553827
40 0 0.0000233363283135279
41 0 0.0000241698794146705
42 0 0.0000266705785775256
43 0 0.0000316721832838152
44 0 0.0000341730888351321
45 0 0.0000391751063537615
46 0 0.0000458448912142861
47 0 0.0000525151654794387
48 0 0.0000591859292243813
49 0 0.000070860943814588
50 0 0.0000825374580692984
51 0 0.0000958838826297104
52 0 0.000109232267063164
53 0 0.000117576002849673
54 0 0.000127589496870306
55 0 0.000142611806542514
56 0 0.000159306174086660
57 0 0.000180178446304025
58 0 0.000197714859778153
59 0 0.00021776061905987
60 0 0.000233633314546733
61 0 0.000266222797798643
62 0 0.000293807644791144
63 0 0.000310529809604554
64 0 0.000346492886541427
65 0 0.000373265345959606
66 0 0.000417624589193033
67 0 0.00044860520298573
68 0 0.000490487685641083
69 0 0.000538257276069709
70 0 0.000583535856096162
71 0 0.000654853440819392
72 0 0.000718667193316147
73 0 0.00079429412988874
74 0 0.000886812641038404
75 0 0.00099458931307339
76 0 0.00110924234257193
77 0 0.00124938294696708
78 0 0.00142105423040917
79 0 0.00160322826447667
80 0 0.00184698065607991
81 0 0.00211697561144997
82 0 0.00245624542832057
83 0 0.00278303982117256
84 0 0.00323701306589497
85 0 0.00372799682354297
86 0 0.00447781672701619
87 0 0.00531957816337458
88 0 0.00629779365423433
89 0 0.00749015426292232
90 0 0.0088729565867639
91 0 0.0103567047927446
92 0 0.0124162692056737
93 0 0.0143051992374255
94 0 0.0166919357793457
95 0 0.0190946878335232
96 0 0.0220003637862137
97 0 0.0250681030013014
98 0 0.0288911931707526
99 0 0.0328127681293688
100 0 0.035833911090949

death 1 F single
1 0 0.000196879715743670
2 0 0.0000216692490401238
3 0 0.00000666691112360951
4 0 0.00000500013750526218
5 0 0.00000333339444602565
6 0 0.00000416676215586609
7 0 0.00000333339444602565
8 0 0.00000250003437562984
9 0 0.00000250003437562984
10 0 0.00000333339444602565
11 0 0.00000333339444602565
12 0 0.00000333339444602565
13 0 0.00000333339444602565
14 0 0.00000333339444602565
15 0 0.00000416676215586609
16 0 0.00000666691112360951
17 0 0.00000666691112360951
18 0 0.00000833371530217786
19 0 0.00000833371530217786
20 0 0.0000100005500421885
21 0 0.0000116674153447516
22 0 0.0000116674153447516
23 0 0.0000108339788730261
24 0 0.0000116674153447516
25 0 0.0000100005500421885
26 0 0.0000100005500421885
27 0 0.0000108339788730261
28 0 0.0000108339788730261
29 0 0.0000108339788730261
30 0 0.0000108339788730261
31 0 0.000012500859457365
32 0 0.0000133343112110884
33 0 0.0000133343112110884
34 0 0.0000141677706060328
35 0 0.0000150012376423092
36 0 0.0000175016846010179
37 0 0.0000200022003373768
38 0 0.0000208357208674181
39 0 0.0000225027848553827
40 0 0.0000233363283135279
41 0 0.0000241698794146705
42 0 0.0000266705785775256
43 0 0.0000316721832838152
44 0 0.0000341730888351321
45 0 0.0000391751063537615
46 0 0.0000458448912142861
47 0 0.0000525151654794387
48 0 0.0000591859292243813
49 0 0.000070860943814588
50 0 0.0000825374580692984
51 0 0.0000958838826297104
52 0 0.000109232267063164
53 0 0.000117576002849673
54 0 0.000127589496870306
55 0 0.000142611806542514
56 0 0.000159306174086660
57 0 0.000180178446304025
58 0 0.000197714859778153
59 0 0.00021776061905987
60 0 0.000233633314546733
61 0 0.000266222797798643
62 0 0.000293807644791144
63 0 0.000310529809604554
64 0 0.000346492886541427
65 0 0.000373265345959606
66 0 0.000417624589193033
67 0 0.00044860520298573
68 0 0.000490487685641083
69 0 0.000538257276069709
70 0 0.000583535856096162
71 0 0.000654853440819392
72 0 0.000718667193316147
73 0 0.00079429412988874
74 0 0.000886812641038404
75 0 0.00099458931307339
76 0 0.00110924234257193
77 0 0.00124938294696708
78 0 0.00142105423040917
79 0 0.00160322826447667
80 0 0.00184698065607991
81 0 0.00211697561144997
82 0 0.00245624542832057
83 0 0.00278303982117256
84 0 0.00323701306589497
85 0 0.00372799682354297
86 0 0.00447781672701619
87 0 0.00531957816337458
88 0 0.00629779365423433
89 0 0.00749015426292232
90 0 0.0088729565867639
91 0 0.0103567047927446
92 0 0.0124162692056737
93 0 0.0143051992374255
94 0 0.0166919357793457
95 0 0.0190946878335232
96 0 0.0220003637862137
97 0 0.0250681030013014
98 0 0.0288911931707526
99 0 0.0328127681293688
100 0 0.035833911090949

death 1 F divorced
1 0 0.000196879715743670
2 0 0.0000216692490401238
3 0 0.00000666691112360951
4 0 0.00000500013750526218
5 0 0.00000333339444602565
6 0 0.00000416676215586609
7 0 0.00000333339444602565
8 0 0.00000250003437562984
9 0 0.00000250003437562984
10 0 0.00000333339444602565
11 0 0.00000333339444602565
12 0 0.00000333339444602565
13 0 0.00000333339444602565
14 0 0.00000333339444602565
15 0 0.00000416676215586609
16 0 0.00000666691112360951
17 0 0.00000666691112360951
18 0 0.00000833371530217786
19 0 0.00000833371530217786
20 0 0.0000100005500421885
21 0 0.0000116674153447516
22 0 0.0000116674153447516
23 0 0.0000108339788730261
24 0 0.0000116674153447516
25 0 0.0000100005500421885
26 0 0.0000100005500421885
27 0 0.0000108339788730261
28 0 0.0000108339788730261
29 0 0.0000108339788730261
30 0 0.0000108339788730261
31 0 0.000012500859457365
32 0 0.0000133343112110884
33 0 0.0000133343112110884
34 0 0.0000141677706060328
35 0 0.0000150012376423092
36 0 0.0000175016846010179
37 0 0.0000200022003373768
38 0 0.0000208357208674181
39 0 0.0000225027848553827
40 0 0.0000233363283135279
41 0 0.0000241698794146705
42 0 0.0000266705785775256
43 0 0.0000316721832838152
44 0 0.0000341730888351321
45 0 0.0000391751063537615
46 0 0.0000458448912142861
47 0 0.0000525151654794387
48 0 0.0000591859292243813
49 0 0.000070860943814588
50 0 0.0000825374580692984
51 0 0.0000958838826297104
52 0 0.000109232267063164
53 0 0.000117576002849673
54 0 0.000127589496870306
55 0 0.000142611806542514
56 0 0.000159306174086660
57 0 0.000180178446304025
58 0 0.000197714859778153
59 0 0.00021776061905987
60 0 0.000233633314546733
61 0 0.000266222797798643
62 0 0.000293807644791144
63 0 0.000310529809604554
64 0 0.000346492886541427
65 0 0.000373265345959606
66 0 0.000417624589193033
67 0 0.00044860520298573
68 0 0.000490487685641083
69 0 0.000538257276069709
70 0 0.000583535856096162
71 0 0.000654853440819392
72 0 0.000718667193316147
73 0 0.00079429412988874
74 0 0.000886812641038404
75 0 0.00099458931307339
76 0 0.00110924234257193
77 0 0.00124938294696708
78 0 0.00142105423040917
79 0 0.00160322826447667
80 0 0.00184698065607991
81 0 0.00211697561144997
82 0 0.00245624542832057
83 0 0.00278303982117256
84 0 0.00323701306589497
85 0 0.00372799682354297
86 0 0.00447781672701619
87 0 0.00531957816337458
88 0 0.00629779365423433
89 0 0.00749015426292232
90 0 0.0088729565867639
91 0 0.0103567047927446
92 0 0.0124162692056737
93 0 0.0143051992374255
94 0 0.0166919357793457
95 0 0.0190946878335232
96 0 0.0220003637862137
97 0 0.0250681030013014
98 0 0.0288911931707526
99 0 0.0328127681293688
100 0 0.035833911090949

death 1 F widowed
1 0 0.000196879715743670
2 0 0.0000216692490401238
3 0 0.00000666691112360951
4 0 0.00000500013750526218
5 0 0.00000333339444602565
6 0 0.00000416676215586609
7 0 0.00000333339444602565
8 0 0.00000250003437562984
9 0 0.00000250003437562984
10 0 0.00000333339444602565
11 0 0.00000333339444602565
12 0 0.00000333339444602565
13 0 0.00000333339444602565
14 0 0.00000333339444602565
15 0 0.00000416676215586609
16 0 0.00000666691112360951
17 0 0.00000666691112360951
18 0 0.00000833371530217786
19 0 0.00000833371530217786
20 0 0.0000100005500421885
21 0 0.0000116674153447516
22 0 0.0000116674153447516
23 0 0.0000108339788730261
24 0 0.0000116674153447516
25 0 0.0000100005500421885
26 0 0.0000100005500421885
27 0 0.0000108339788730261
28 0 0.0000108339788730261
29 0 0.0000108339788730261
30 0 0.0000108339788730261
31 0 0.000012500859457365
32 0 0.0000133343112110884
33 0 0.0000133343112110884
34 0 0.0000141677706060328
35 0 0.0000150012376423092
36 0 0.0000175016846010179
37 0 0.0000200022003373768
38 0 0.0000208357208674181
39 0 0.0000225027848553827
40 0 0.0000233363283135279
41 0 0.0000241698794146705
42 0 0.0000266705785775256
43 0 0.0000316721832838152
44 0 0.0000341730888351321
45 0 0.0000391751063537615
46 0 0.0000458448912142861
47 0 0.0000525151654794387
48 0 0.0000591859292243813
49 0 0.000070860943814588
50 0 0.0000825374580692984
51 0 0.0000958838826297104
52 0 0.000109232267063164
53 0 0.000117576002849673
54 0 0.000127589496870306
55 0 0.000142611806542514
56 0 0.000159306174086660
57 0 0.000180178446304025
58 0 0.000197714859778153
59 0 0.00021776061905987
60 0 0.000233633314546733
61 0 0.000266222797798643
62 0 0.000293807644791144
63 0 0.000310529809604554
64 0 0.000346492886541427
65 0 0.000373265345959606
66 0 0.000417624589193033
67 0 0.00044860520298573
68 0 0.000490487685641083
69 0 0.000538257276069709
70 0 0.000583535856096162
71 0 0.000654853440819392
72 0 0.000718667193316147
73 0 0.00079429412988874
74 0 0.000886812641038404
75 0 0.00099458931307339
76 0 0.00110924234257193
77 0 0.00124938294696708
78 0 0.00142105423040917
79 0 0.00160322826447667
80 0 0.00184698065607991
81 0 0.00211697561144997
82 0 0.00245624542832057
83 0 0.00278303982117256
84 0 0.00323701306589497
85 0 0.00372799682354297
86 0 0.00447781672701619
87 0 0.00531957816337458
88 0 0.00629779365423433
89 0 0.00749015426292232
90 0 0.0088729565867639
91 0 0.0103567047927446
92 0 0.0124162692056737
93 0 0.0143051992374255
94 0 0.0166919357793457
95 0 0.0190946878335232
96 0 0.0220003637862137
97 0 0.0250681030013014
98 0 0.0288911931707526
99 0 0.0328127681293688
100 0 0.035833911090949
