*Period monthly mortality rates for SWE in 1852 
* Mon Dec 20 14:19:54 2010
death 1 M married
1 0 0.0176357645541305
2 0 0.00400766820335097
3 0 0.00269955667160626
4 0 0.00195428621917437
5 0 0.00151463754366554
6 0 0.00120351796548268
7 0 0.000926035282266535
8 0 0.000699350406128119
9 0 0.00056617640000256
10 0 0.000490487685641083
11 0 0.000456477636388786
12 0 0.000417875740890694
13 0 0.000392931395040264
14 0 0.000400380499367969
15 0 0.000412769126136303
16 0 0.000421643099654978
17 0 0.000438640015436365
18 0 0.00046384819222034
19 0 0.000500207181129420
20 0 0.000549910161576905
21 0 0.000620278396622931
22 0 0.000660897032462415
23 0 0.000669795274091944
24 0 0.00069951836048876
25 0 0.000760254216732204
26 0 0.000788157598140438
27 0 0.000753531791680806
28 0 0.000761766830929989
29 0 0.00078664454443278
30 0 0.000805895829461112
31 0 0.000832215322388863
32 0 0.000887485848229286
33 0 0.000969654587040014
34 0 0.00100444715707404
35 0 0.00101059831981876
36 0 0.00100436289746331
37 0 0.00101059831981876
38 0 0.00108393878663349
39 0 0.00121322960996095
40 0 0.00128808634765865
41 0 0.00128555068539526
42 0 0.0013421973531913
43 0 0.00154158709964469
44 0 0.00173699869755228
45 0 0.00170319795661111
46 0 0.00168910387960319
47 0 0.00177361621636984
48 0 0.00185684644863138
49 0 0.00193300222895809
50 0 0.00194713424149051
51 0 0.00204134713458837
52 0 0.00227713741414559
53 0 0.00243432975852831
54 0 0.00253496292101196
55 0 0.00265072203944305
56 0 0.00280942342438584
57 0 0.00301577240479300
58 0 0.00319919569729887
59 0 0.00324729037484561
60 0 0.00327139048544101
61 0 0.00336206084804469
62 0 0.00371714392960076
63 0 0.0041600417702693
64 0 0.00444516629866021
65 0 0.00472680222516342
66 0 0.00522807428705496
67 0 0.00570320498635923
68 0 0.00634586627357259
69 0 0.00704959335022837
70 0 0.00772317710603732
71 0 0.00836699736420432
72 0 0.00894744019068017
73 0 0.00952942462026074
74 0 0.0103972687983080
75 0 0.0114111208440071
76 0 0.0124105327593482
77 0 0.0132760884048487
78 0 0.0140687215116760
79 0 0.0150685134505967
80 0 0.0171005241325815
81 0 0.0189687835097540
82 0 0.0205463537735761
83 0 0.0223548666771619
84 0 0.02395949304054
85 0 0.0247289583569877
86 0 0.0259651951168453
87 0 0.0286875664658260
88 0 0.0310945798439310
89 0 0.035474239859847
90 0 0.0483006459560774
91 0 0.0702154651040162
92 0 0.0543682126995240
93 0 0.0904419832192432
94 0 0.106773838264134
95 0 0.068403911543223
96 0 1
97 0 0
98 0 1
99 0 0
100 0 0

death 1 M single
1 0 0.0176357645541305
2 0 0.00400766820335097
3 0 0.00269955667160626
4 0 0.00195428621917437
5 0 0.00151463754366554
6 0 0.00120351796548268
7 0 0.000926035282266535
8 0 0.000699350406128119
9 0 0.00056617640000256
10 0 0.000490487685641083
11 0 0.000456477636388786
12 0 0.000417875740890694
13 0 0.000392931395040264
14 0 0.000400380499367969
15 0 0.000412769126136303
16 0 0.000421643099654978
17 0 0.000438640015436365
18 0 0.00046384819222034
19 0 0.000500207181129420
20 0 0.000549910161576905
21 0 0.000620278396622931
22 0 0.000660897032462415
23 0 0.000669795274091944
24 0 0.00069951836048876
25 0 0.000760254216732204
26 0 0.000788157598140438
27 0 0.000753531791680806
28 0 0.000761766830929989
29 0 0.00078664454443278
30 0 0.000805895829461112
31 0 0.000832215322388863
32 0 0.000887485848229286
33 0 0.000969654587040014
34 0 0.00100444715707404
35 0 0.00101059831981876
36 0 0.00100436289746331
37 0 0.00101059831981876
38 0 0.00108393878663349
39 0 0.00121322960996095
40 0 0.00128808634765865
41 0 0.00128555068539526
42 0 0.0013421973531913
43 0 0.00154158709964469
44 0 0.00173699869755228
45 0 0.00170319795661111
46 0 0.00168910387960319
47 0 0.00177361621636984
48 0 0.00185684644863138
49 0 0.00193300222895809
50 0 0.00194713424149051
51 0 0.00204134713458837
52 0 0.00227713741414559
53 0 0.00243432975852831
54 0 0.00253496292101196
55 0 0.00265072203944305
56 0 0.00280942342438584
57 0 0.00301577240479300
58 0 0.00319919569729887
59 0 0.00324729037484561
60 0 0.00327139048544101
61 0 0.00336206084804469
62 0 0.00371714392960076
63 0 0.0041600417702693
64 0 0.00444516629866021
65 0 0.00472680222516342
66 0 0.00522807428705496
67 0 0.00570320498635923
68 0 0.00634586627357259
69 0 0.00704959335022837
70 0 0.00772317710603732
71 0 0.00836699736420432
72 0 0.00894744019068017
73 0 0.00952942462026074
74 0 0.0103972687983080
75 0 0.0114111208440071
76 0 0.0124105327593482
77 0 0.0132760884048487
78 0 0.0140687215116760
79 0 0.0150685134505967
80 0 0.0171005241325815
81 0 0.0189687835097540
82 0 0.0205463537735761
83 0 0.0223548666771619
84 0 0.02395949304054
85 0 0.0247289583569877
86 0 0.0259651951168453
87 0 0.0286875664658260
88 0 0.0310945798439310
89 0 0.035474239859847
90 0 0.0483006459560774
91 0 0.0702154651040162
92 0 0.0543682126995240
93 0 0.0904419832192432
94 0 0.106773838264134
95 0 0.068403911543223
96 0 1
97 0 0
98 0 1
99 0 0
100 0 0

death 1 M divorced
1 0 0.0176357645541305
2 0 0.00400766820335097
3 0 0.00269955667160626
4 0 0.00195428621917437
5 0 0.00151463754366554
6 0 0.00120351796548268
7 0 0.000926035282266535
8 0 0.000699350406128119
9 0 0.00056617640000256
10 0 0.000490487685641083
11 0 0.000456477636388786
12 0 0.000417875740890694
13 0 0.000392931395040264
14 0 0.000400380499367969
15 0 0.000412769126136303
16 0 0.000421643099654978
17 0 0.000438640015436365
18 0 0.00046384819222034
19 0 0.000500207181129420
20 0 0.000549910161576905
21 0 0.000620278396622931
22 0 0.000660897032462415
23 0 0.000669795274091944
24 0 0.00069951836048876
25 0 0.000760254216732204
26 0 0.000788157598140438
27 0 0.000753531791680806
28 0 0.000761766830929989
29 0 0.00078664454443278
30 0 0.000805895829461112
31 0 0.000832215322388863
32 0 0.000887485848229286
33 0 0.000969654587040014
34 0 0.00100444715707404
35 0 0.00101059831981876
36 0 0.00100436289746331
37 0 0.00101059831981876
38 0 0.00108393878663349
39 0 0.00121322960996095
40 0 0.00128808634765865
41 0 0.00128555068539526
42 0 0.0013421973531913
43 0 0.00154158709964469
44 0 0.00173699869755228
45 0 0.00170319795661111
46 0 0.00168910387960319
47 0 0.00177361621636984
48 0 0.00185684644863138
49 0 0.00193300222895809
50 0 0.00194713424149051
51 0 0.00204134713458837
52 0 0.00227713741414559
53 0 0.00243432975852831
54 0 0.00253496292101196
55 0 0.00265072203944305
56 0 0.00280942342438584
57 0 0.00301577240479300
58 0 0.00319919569729887
59 0 0.00324729037484561
60 0 0.00327139048544101
61 0 0.00336206084804469
62 0 0.00371714392960076
63 0 0.0041600417702693
64 0 0.00444516629866021
65 0 0.00472680222516342
66 0 0.00522807428705496
67 0 0.00570320498635923
68 0 0.00634586627357259
69 0 0.00704959335022837
70 0 0.00772317710603732
71 0 0.00836699736420432
72 0 0.00894744019068017
73 0 0.00952942462026074
74 0 0.0103972687983080
75 0 0.0114111208440071
76 0 0.0124105327593482
77 0 0.0132760884048487
78 0 0.0140687215116760
79 0 0.0150685134505967
80 0 0.0171005241325815
81 0 0.0189687835097540
82 0 0.0205463537735761
83 0 0.0223548666771619
84 0 0.02395949304054
85 0 0.0247289583569877
86 0 0.0259651951168453
87 0 0.0286875664658260
88 0 0.0310945798439310
89 0 0.035474239859847
90 0 0.0483006459560774
91 0 0.0702154651040162
92 0 0.0543682126995240
93 0 0.0904419832192432
94 0 0.106773838264134
95 0 0.068403911543223
96 0 1
97 0 0
98 0 1
99 0 0
100 0 0

death 1 M widowed
1 0 0.0176357645541305
2 0 0.00400766820335097
3 0 0.00269955667160626
4 0 0.00195428621917437
5 0 0.00151463754366554
6 0 0.00120351796548268
7 0 0.000926035282266535
8 0 0.000699350406128119
9 0 0.00056617640000256
10 0 0.000490487685641083
11 0 0.000456477636388786
12 0 0.000417875740890694
13 0 0.000392931395040264
14 0 0.000400380499367969
15 0 0.000412769126136303
16 0 0.000421643099654978
17 0 0.000438640015436365
18 0 0.00046384819222034
19 0 0.000500207181129420
20 0 0.000549910161576905
21 0 0.000620278396622931
22 0 0.000660897032462415
23 0 0.000669795274091944
24 0 0.00069951836048876
25 0 0.000760254216732204
26 0 0.000788157598140438
27 0 0.000753531791680806
28 0 0.000761766830929989
29 0 0.00078664454443278
30 0 0.000805895829461112
31 0 0.000832215322388863
32 0 0.000887485848229286
33 0 0.000969654587040014
34 0 0.00100444715707404
35 0 0.00101059831981876
36 0 0.00100436289746331
37 0 0.00101059831981876
38 0 0.00108393878663349
39 0 0.00121322960996095
40 0 0.00128808634765865
41 0 0.00128555068539526
42 0 0.0013421973531913
43 0 0.00154158709964469
44 0 0.00173699869755228
45 0 0.00170319795661111
46 0 0.00168910387960319
47 0 0.00177361621636984
48 0 0.00185684644863138
49 0 0.00193300222895809
50 0 0.00194713424149051
51 0 0.00204134713458837
52 0 0.00227713741414559
53 0 0.00243432975852831
54 0 0.00253496292101196
55 0 0.00265072203944305
56 0 0.00280942342438584
57 0 0.00301577240479300
58 0 0.00319919569729887
59 0 0.00324729037484561
60 0 0.00327139048544101
61 0 0.00336206084804469
62 0 0.00371714392960076
63 0 0.0041600417702693
64 0 0.00444516629866021
65 0 0.00472680222516342
66 0 0.00522807428705496
67 0 0.00570320498635923
68 0 0.00634586627357259
69 0 0.00704959335022837
70 0 0.00772317710603732
71 0 0.00836699736420432
72 0 0.00894744019068017
73 0 0.00952942462026074
74 0 0.0103972687983080
75 0 0.0114111208440071
76 0 0.0124105327593482
77 0 0.0132760884048487
78 0 0.0140687215116760
79 0 0.0150685134505967
80 0 0.0171005241325815
81 0 0.0189687835097540
82 0 0.0205463537735761
83 0 0.0223548666771619
84 0 0.02395949304054
85 0 0.0247289583569877
86 0 0.0259651951168453
87 0 0.0286875664658260
88 0 0.0310945798439310
89 0 0.035474239859847
90 0 0.0483006459560774
91 0 0.0702154651040162
92 0 0.0543682126995240
93 0 0.0904419832192432
94 0 0.106773838264134
95 0 0.068403911543223
96 0 1
97 0 0
98 0 1
99 0 0
100 0 0

death 1 F married
1 0 0.0149843517469327
2 0 0.00364537392774744
3 0 0.00248972841511286
4 0 0.00176936748666057
5 0 0.00131412324346869
6 0 0.00105838934985159
7 0 0.000860140821404731
8 0 0.000683144270907321
9 0 0.000577665137455718
10 0 0.000499034083402128
11 0 0.000435876753602571
12 0 0.000374520498539144
13 0 0.000339131842714724
14 0 0.000344568919805943
15 0 0.000369248974198655
16 0 0.000398790189875542
17 0 0.000424991994127377
18 0 0.000443748084300588
19 0 0.000457398923173424
20 0 0.000471219345953733
21 0 0.000487303939042727
22 0 0.000482025868081104
23 0 0.000468120038008668
24 0 0.000481439434676711
25 0 0.000535658634907343
26 0 0.000581774600673102
27 0 0.000574142888345119
28 0 0.000591336111970819
29 0 0.000612727346496755
30 0 0.000622711646472873
31 0 0.000634711038445146
32 0 0.000672817516692126
33 0 0.000730343243237064
34 0 0.00075966598467958
35 0 0.000766304824652564
36 0 0.00076655694206218
37 0 0.000769834532063807
38 0 0.000818003530788869
39 0 0.000905916833276121
40 0 0.00093335984090237
41 0 0.000907179366380628
42 0 0.000927213906996571
43 0 0.00103099282602148
44 0 0.00113151530570132
45 0 0.00109448107809895
46 0 0.00107533718350206
47 0 0.00112113744998665
48 0 0.00116333124613788
49 0 0.00121263843669372
50 0 0.00122741892320521
51 0 0.00129451034235462
52 0 0.00146829962775963
53 0 0.00157346231044864
54 0 0.00163453120678714
55 0 0.00172400345578994
56 0 0.00184145287914561
57 0 0.00200819961881726
58 0 0.00215707489505601
59 0 0.00223689962025797
60 0 0.00232551473748077
61 0 0.00246095456424567
62 0 0.00279481266281834
63 0 0.00312955979020479
64 0 0.00336724969510072
65 0 0.00366853892174934
66 0 0.00408181803890173
67 0 0.00442416420618275
68 0 0.00493220436654129
69 0 0.00560838667257113
70 0 0.00637634934540665
71 0 0.00702563595374361
72 0 0.00746734657071224
73 0 0.00800940964233787
74 0 0.00881718019310829
75 0 0.00969475585845303
76 0 0.0106909213245818
77 0 0.0116473247149022
78 0 0.0124058482667232
79 0 0.0132958794324162
80 0 0.0151337316294724
81 0 0.0165927093674533
82 0 0.0180786426756636
83 0 0.0197365398333423
84 0 0.0212090225589111
85 0 0.0223860759885159
86 0 0.0240078182477188
87 0 0.0264860553003975
88 0 0.0291737379277180
89 0 0.034157905691916
90 0 0.0458043352769563
91 0 0.0656844202401419
92 0 0.0555854500596231
93 0 0.04156440317441
94 0 0.0686087342135941
95 0 0.136404350553494
96 0 0.0648196431601686
97 0 0.0581525130462465
98 0 0.100840942544926
99 0 0
100 0 0.110610186737284

death 1 F single
1 0 0.0149843517469327
2 0 0.00364537392774744
3 0 0.00248972841511286
4 0 0.00176936748666057
5 0 0.00131412324346869
6 0 0.00105838934985159
7 0 0.000860140821404731
8 0 0.000683144270907321
9 0 0.000577665137455718
10 0 0.000499034083402128
11 0 0.000435876753602571
12 0 0.000374520498539144
13 0 0.000339131842714724
14 0 0.000344568919805943
15 0 0.000369248974198655
16 0 0.000398790189875542
17 0 0.000424991994127377
18 0 0.000443748084300588
19 0 0.000457398923173424
20 0 0.000471219345953733
21 0 0.000487303939042727
22 0 0.000482025868081104
23 0 0.000468120038008668
24 0 0.000481439434676711
25 0 0.000535658634907343
26 0 0.000581774600673102
27 0 0.000574142888345119
28 0 0.000591336111970819
29 0 0.000612727346496755
30 0 0.000622711646472873
31 0 0.000634711038445146
32 0 0.000672817516692126
33 0 0.000730343243237064
34 0 0.00075966598467958
35 0 0.000766304824652564
36 0 0.00076655694206218
37 0 0.000769834532063807
38 0 0.000818003530788869
39 0 0.000905916833276121
40 0 0.00093335984090237
41 0 0.000907179366380628
42 0 0.000927213906996571
43 0 0.00103099282602148
44 0 0.00113151530570132
45 0 0.00109448107809895
46 0 0.00107533718350206
47 0 0.00112113744998665
48 0 0.00116333124613788
49 0 0.00121263843669372
50 0 0.00122741892320521
51 0 0.00129451034235462
52 0 0.00146829962775963
53 0 0.00157346231044864
54 0 0.00163453120678714
55 0 0.00172400345578994
56 0 0.00184145287914561
57 0 0.00200819961881726
58 0 0.00215707489505601
59 0 0.00223689962025797
60 0 0.00232551473748077
61 0 0.00246095456424567
62 0 0.00279481266281834
63 0 0.00312955979020479
64 0 0.00336724969510072
65 0 0.00366853892174934
66 0 0.00408181803890173
67 0 0.00442416420618275
68 0 0.00493220436654129
69 0 0.00560838667257113
70 0 0.00637634934540665
71 0 0.00702563595374361
72 0 0.00746734657071224
73 0 0.00800940964233787
74 0 0.00881718019310829
75 0 0.00969475585845303
76 0 0.0106909213245818
77 0 0.0116473247149022
78 0 0.0124058482667232
79 0 0.0132958794324162
80 0 0.0151337316294724
81 0 0.0165927093674533
82 0 0.0180786426756636
83 0 0.0197365398333423
84 0 0.0212090225589111
85 0 0.0223860759885159
86 0 0.0240078182477188
87 0 0.0264860553003975
88 0 0.0291737379277180
89 0 0.034157905691916
90 0 0.0458043352769563
91 0 0.0656844202401419
92 0 0.0555854500596231
93 0 0.04156440317441
94 0 0.0686087342135941
95 0 0.136404350553494
96 0 0.0648196431601686
97 0 0.0581525130462465
98 0 0.100840942544926
99 0 0
100 0 0.110610186737284

death 1 F divorced
1 0 0.0149843517469327
2 0 0.00364537392774744
3 0 0.00248972841511286
4 0 0.00176936748666057
5 0 0.00131412324346869
6 0 0.00105838934985159
7 0 0.000860140821404731
8 0 0.000683144270907321
9 0 0.000577665137455718
10 0 0.000499034083402128
11 0 0.000435876753602571
12 0 0.000374520498539144
13 0 0.000339131842714724
14 0 0.000344568919805943
15 0 0.000369248974198655
16 0 0.000398790189875542
17 0 0.000424991994127377
18 0 0.000443748084300588
19 0 0.000457398923173424
20 0 0.000471219345953733
21 0 0.000487303939042727
22 0 0.000482025868081104
23 0 0.000468120038008668
24 0 0.000481439434676711
25 0 0.000535658634907343
26 0 0.000581774600673102
27 0 0.000574142888345119
28 0 0.000591336111970819
29 0 0.000612727346496755
30 0 0.000622711646472873
31 0 0.000634711038445146
32 0 0.000672817516692126
33 0 0.000730343243237064
34 0 0.00075966598467958
35 0 0.000766304824652564
36 0 0.00076655694206218
37 0 0.000769834532063807
38 0 0.000818003530788869
39 0 0.000905916833276121
40 0 0.00093335984090237
41 0 0.000907179366380628
42 0 0.000927213906996571
43 0 0.00103099282602148
44 0 0.00113151530570132
45 0 0.00109448107809895
46 0 0.00107533718350206
47 0 0.00112113744998665
48 0 0.00116333124613788
49 0 0.00121263843669372
50 0 0.00122741892320521
51 0 0.00129451034235462
52 0 0.00146829962775963
53 0 0.00157346231044864
54 0 0.00163453120678714
55 0 0.00172400345578994
56 0 0.00184145287914561
57 0 0.00200819961881726
58 0 0.00215707489505601
59 0 0.00223689962025797
60 0 0.00232551473748077
61 0 0.00246095456424567
62 0 0.00279481266281834
63 0 0.00312955979020479
64 0 0.00336724969510072
65 0 0.00366853892174934
66 0 0.00408181803890173
67 0 0.00442416420618275
68 0 0.00493220436654129
69 0 0.00560838667257113
70 0 0.00637634934540665
71 0 0.00702563595374361
72 0 0.00746734657071224
73 0 0.00800940964233787
74 0 0.00881718019310829
75 0 0.00969475585845303
76 0 0.0106909213245818
77 0 0.0116473247149022
78 0 0.0124058482667232
79 0 0.0132958794324162
80 0 0.0151337316294724
81 0 0.0165927093674533
82 0 0.0180786426756636
83 0 0.0197365398333423
84 0 0.0212090225589111
85 0 0.0223860759885159
86 0 0.0240078182477188
87 0 0.0264860553003975
88 0 0.0291737379277180
89 0 0.034157905691916
90 0 0.0458043352769563
91 0 0.0656844202401419
92 0 0.0555854500596231
93 0 0.04156440317441
94 0 0.0686087342135941
95 0 0.136404350553494
96 0 0.0648196431601686
97 0 0.0581525130462465
98 0 0.100840942544926
99 0 0
100 0 0.110610186737284

death 1 F widowed
1 0 0.0149843517469327
2 0 0.00364537392774744
3 0 0.00248972841511286
4 0 0.00176936748666057
5 0 0.00131412324346869
6 0 0.00105838934985159
7 0 0.000860140821404731
8 0 0.000683144270907321
9 0 0.000577665137455718
10 0 0.000499034083402128
11 0 0.000435876753602571
12 0 0.000374520498539144
13 0 0.000339131842714724
14 0 0.000344568919805943
15 0 0.000369248974198655
16 0 0.000398790189875542
17 0 0.000424991994127377
18 0 0.000443748084300588
19 0 0.000457398923173424
20 0 0.000471219345953733
21 0 0.000487303939042727
22 0 0.000482025868081104
23 0 0.000468120038008668
24 0 0.000481439434676711
25 0 0.000535658634907343
26 0 0.000581774600673102
27 0 0.000574142888345119
28 0 0.000591336111970819
29 0 0.000612727346496755
30 0 0.000622711646472873
31 0 0.000634711038445146
32 0 0.000672817516692126
33 0 0.000730343243237064
34 0 0.00075966598467958
35 0 0.000766304824652564
36 0 0.00076655694206218
37 0 0.000769834532063807
38 0 0.000818003530788869
39 0 0.000905916833276121
40 0 0.00093335984090237
41 0 0.000907179366380628
42 0 0.000927213906996571
43 0 0.00103099282602148
44 0 0.00113151530570132
45 0 0.00109448107809895
46 0 0.00107533718350206
47 0 0.00112113744998665
48 0 0.00116333124613788
49 0 0.00121263843669372
50 0 0.00122741892320521
51 0 0.00129451034235462
52 0 0.00146829962775963
53 0 0.00157346231044864
54 0 0.00163453120678714
55 0 0.00172400345578994
56 0 0.00184145287914561
57 0 0.00200819961881726
58 0 0.00215707489505601
59 0 0.00223689962025797
60 0 0.00232551473748077
61 0 0.00246095456424567
62 0 0.00279481266281834
63 0 0.00312955979020479
64 0 0.00336724969510072
65 0 0.00366853892174934
66 0 0.00408181803890173
67 0 0.00442416420618275
68 0 0.00493220436654129
69 0 0.00560838667257113
70 0 0.00637634934540665
71 0 0.00702563595374361
72 0 0.00746734657071224
73 0 0.00800940964233787
74 0 0.00881718019310829
75 0 0.00969475585845303
76 0 0.0106909213245818
77 0 0.0116473247149022
78 0 0.0124058482667232
79 0 0.0132958794324162
80 0 0.0151337316294724
81 0 0.0165927093674533
82 0 0.0180786426756636
83 0 0.0197365398333423
84 0 0.0212090225589111
85 0 0.0223860759885159
86 0 0.0240078182477188
87 0 0.0264860553003975
88 0 0.0291737379277180
89 0 0.034157905691916
90 0 0.0458043352769563
91 0 0.0656844202401419
92 0 0.0555854500596231
93 0 0.04156440317441
94 0 0.0686087342135941
95 0 0.136404350553494
96 0 0.0648196431601686
97 0 0.0581525130462465
98 0 0.100840942544926
99 0 0
100 0 0.110610186737284
