*Period monthly mortality rates for SWE in 1779 
* Mon Dec 20 14:18:58 2010
death 1 M married
1 0 0.0253426549986809
2 0 0.00875684825142786
3 0 0.00532037348703884
4 0 0.00407676241975918
5 0 0.00421126827103713
6 0 0.00373094903568227
7 0 0.00238529551086752
8 0 0.00140708852631599
9 0 0.00079084753362857
10 0 0.000554018369608666
11 0 0.00058143912732056
12 0 0.000686502817920376
13 0 0.000746809864068276
14 0 0.000749162482153731
15 0 0.000718583198393796
16 0 0.000659134276702722
17 0 0.000589994084768786
18 0 0.000547730371519117
19 0 0.000533563010686189
20 0 0.000553096102656636
21 0 0.000597878778469951
22 0 0.000658714577991604
23 0 0.000700862006552727
24 0 0.000716651336615803
25 0 0.000715139473445703
26 0 0.000714383551295938
27 0 0.00069137293164534
28 0 0.000685663169526673
29 0 0.000690617207230071
30 0 0.000702457612065999
31 0 0.000726563062794727
32 0 0.000769078154643887
33 0 0.000798917818064737
34 0 0.000818508053369138
35 0 0.000816910408144689
36 0 0.000799338165023977
37 0 0.000759581951840116
38 0 0.000749666622527734
39 0 0.000774709115406447
40 0 0.000830533337554673
41 0 0.00090322348797367
42 0 0.00101607573319973
43 0 0.00109802356274569
44 0 0.00114602941831621
45 0 0.00117151911381497
46 0 0.00119043000099428
47 0 0.00114425722209133
48 0 0.00112704340131176
49 0 0.00114434161160348
50 0 0.00119769147734605
51 0 0.00127464814454181
52 0 0.00142486343170722
53 0 0.00155735375699395
54 0 0.00166873076983332
55 0 0.00176868770836647
56 0 0.00186883993410025
57 0 0.00186263034300949
58 0 0.00185582579965760
59 0 0.00186109927626565
60 0 0.00185880272458727
61 0 0.00185157321916818
62 0 0.00207254583352123
63 0 0.00240428992690978
64 0 0.00287459890585295
65 0 0.00353596256269550
66 0 0.00442722670781204
67 0 0.00500271281126186
68 0 0.00551464186010386
69 0 0.0059459812131768
70 0 0.00613143479202449
71 0 0.00600401701110376
72 0 0.00606886179244825
73 0 0.00626930170557916
74 0 0.00667869711471714
75 0 0.00743088434213124
76 0 0.0087102265714487
77 0 0.00987721325841928
78 0 0.010696549033836
79 0 0.0110747868895908
80 0 0.0109743385889296
81 0 0.0109740563244909
82 0 0.0109247677252522
83 0 0.0112098675710091
84 0 0.0119451912109884
85 0 0.0133677430854143
86 0 0.0160279178045388
87 0 0.0191305459408934
88 0 0.0217761707717369
89 0 0.0244672404968104
90 0 0.0281839682356928
91 0 0.0258908771659825
92 0 0.0291376204386669
93 0 0.0327853479822577
94 0 0.0372202314994512
95 0 0.0428313678561399
96 0 0.0490917705814569
97 0 0.0554141321862508
98 0 0.0632354457870322
99 0 0.0813648902247113
100 0 0.111830176138126

death 1 M single
1 0 0.0253426549986809
2 0 0.00875684825142786
3 0 0.00532037348703884
4 0 0.00407676241975918
5 0 0.00421126827103713
6 0 0.00373094903568227
7 0 0.00238529551086752
8 0 0.00140708852631599
9 0 0.00079084753362857
10 0 0.000554018369608666
11 0 0.00058143912732056
12 0 0.000686502817920376
13 0 0.000746809864068276
14 0 0.000749162482153731
15 0 0.000718583198393796
16 0 0.000659134276702722
17 0 0.000589994084768786
18 0 0.000547730371519117
19 0 0.000533563010686189
20 0 0.000553096102656636
21 0 0.000597878778469951
22 0 0.000658714577991604
23 0 0.000700862006552727
24 0 0.000716651336615803
25 0 0.000715139473445703
26 0 0.000714383551295938
27 0 0.00069137293164534
28 0 0.000685663169526673
29 0 0.000690617207230071
30 0 0.000702457612065999
31 0 0.000726563062794727
32 0 0.000769078154643887
33 0 0.000798917818064737
34 0 0.000818508053369138
35 0 0.000816910408144689
36 0 0.000799338165023977
37 0 0.000759581951840116
38 0 0.000749666622527734
39 0 0.000774709115406447
40 0 0.000830533337554673
41 0 0.00090322348797367
42 0 0.00101607573319973
43 0 0.00109802356274569
44 0 0.00114602941831621
45 0 0.00117151911381497
46 0 0.00119043000099428
47 0 0.00114425722209133
48 0 0.00112704340131176
49 0 0.00114434161160348
50 0 0.00119769147734605
51 0 0.00127464814454181
52 0 0.00142486343170722
53 0 0.00155735375699395
54 0 0.00166873076983332
55 0 0.00176868770836647
56 0 0.00186883993410025
57 0 0.00186263034300949
58 0 0.00185582579965760
59 0 0.00186109927626565
60 0 0.00185880272458727
61 0 0.00185157321916818
62 0 0.00207254583352123
63 0 0.00240428992690978
64 0 0.00287459890585295
65 0 0.00353596256269550
66 0 0.00442722670781204
67 0 0.00500271281126186
68 0 0.00551464186010386
69 0 0.0059459812131768
70 0 0.00613143479202449
71 0 0.00600401701110376
72 0 0.00606886179244825
73 0 0.00626930170557916
74 0 0.00667869711471714
75 0 0.00743088434213124
76 0 0.0087102265714487
77 0 0.00987721325841928
78 0 0.010696549033836
79 0 0.0110747868895908
80 0 0.0109743385889296
81 0 0.0109740563244909
82 0 0.0109247677252522
83 0 0.0112098675710091
84 0 0.0119451912109884
85 0 0.0133677430854143
86 0 0.0160279178045388
87 0 0.0191305459408934
88 0 0.0217761707717369
89 0 0.0244672404968104
90 0 0.0281839682356928
91 0 0.0258908771659825
92 0 0.0291376204386669
93 0 0.0327853479822577
94 0 0.0372202314994512
95 0 0.0428313678561399
96 0 0.0490917705814569
97 0 0.0554141321862508
98 0 0.0632354457870322
99 0 0.0813648902247113
100 0 0.111830176138126

death 1 M divorced
1 0 0.0253426549986809
2 0 0.00875684825142786
3 0 0.00532037348703884
4 0 0.00407676241975918
5 0 0.00421126827103713
6 0 0.00373094903568227
7 0 0.00238529551086752
8 0 0.00140708852631599
9 0 0.00079084753362857
10 0 0.000554018369608666
11 0 0.00058143912732056
12 0 0.000686502817920376
13 0 0.000746809864068276
14 0 0.000749162482153731
15 0 0.000718583198393796
16 0 0.000659134276702722
17 0 0.000589994084768786
18 0 0.000547730371519117
19 0 0.000533563010686189
20 0 0.000553096102656636
21 0 0.000597878778469951
22 0 0.000658714577991604
23 0 0.000700862006552727
24 0 0.000716651336615803
25 0 0.000715139473445703
26 0 0.000714383551295938
27 0 0.00069137293164534
28 0 0.000685663169526673
29 0 0.000690617207230071
30 0 0.000702457612065999
31 0 0.000726563062794727
32 0 0.000769078154643887
33 0 0.000798917818064737
34 0 0.000818508053369138
35 0 0.000816910408144689
36 0 0.000799338165023977
37 0 0.000759581951840116
38 0 0.000749666622527734
39 0 0.000774709115406447
40 0 0.000830533337554673
41 0 0.00090322348797367
42 0 0.00101607573319973
43 0 0.00109802356274569
44 0 0.00114602941831621
45 0 0.00117151911381497
46 0 0.00119043000099428
47 0 0.00114425722209133
48 0 0.00112704340131176
49 0 0.00114434161160348
50 0 0.00119769147734605
51 0 0.00127464814454181
52 0 0.00142486343170722
53 0 0.00155735375699395
54 0 0.00166873076983332
55 0 0.00176868770836647
56 0 0.00186883993410025
57 0 0.00186263034300949
58 0 0.00185582579965760
59 0 0.00186109927626565
60 0 0.00185880272458727
61 0 0.00185157321916818
62 0 0.00207254583352123
63 0 0.00240428992690978
64 0 0.00287459890585295
65 0 0.00353596256269550
66 0 0.00442722670781204
67 0 0.00500271281126186
68 0 0.00551464186010386
69 0 0.0059459812131768
70 0 0.00613143479202449
71 0 0.00600401701110376
72 0 0.00606886179244825
73 0 0.00626930170557916
74 0 0.00667869711471714
75 0 0.00743088434213124
76 0 0.0087102265714487
77 0 0.00987721325841928
78 0 0.010696549033836
79 0 0.0110747868895908
80 0 0.0109743385889296
81 0 0.0109740563244909
82 0 0.0109247677252522
83 0 0.0112098675710091
84 0 0.0119451912109884
85 0 0.0133677430854143
86 0 0.0160279178045388
87 0 0.0191305459408934
88 0 0.0217761707717369
89 0 0.0244672404968104
90 0 0.0281839682356928
91 0 0.0258908771659825
92 0 0.0291376204386669
93 0 0.0327853479822577
94 0 0.0372202314994512
95 0 0.0428313678561399
96 0 0.0490917705814569
97 0 0.0554141321862508
98 0 0.0632354457870322
99 0 0.0813648902247113
100 0 0.111830176138126

death 1 M widowed
1 0 0.0253426549986809
2 0 0.00875684825142786
3 0 0.00532037348703884
4 0 0.00407676241975918
5 0 0.00421126827103713
6 0 0.00373094903568227
7 0 0.00238529551086752
8 0 0.00140708852631599
9 0 0.00079084753362857
10 0 0.000554018369608666
11 0 0.00058143912732056
12 0 0.000686502817920376
13 0 0.000746809864068276
14 0 0.000749162482153731
15 0 0.000718583198393796
16 0 0.000659134276702722
17 0 0.000589994084768786
18 0 0.000547730371519117
19 0 0.000533563010686189
20 0 0.000553096102656636
21 0 0.000597878778469951
22 0 0.000658714577991604
23 0 0.000700862006552727
24 0 0.000716651336615803
25 0 0.000715139473445703
26 0 0.000714383551295938
27 0 0.00069137293164534
28 0 0.000685663169526673
29 0 0.000690617207230071
30 0 0.000702457612065999
31 0 0.000726563062794727
32 0 0.000769078154643887
33 0 0.000798917818064737
34 0 0.000818508053369138
35 0 0.000816910408144689
36 0 0.000799338165023977
37 0 0.000759581951840116
38 0 0.000749666622527734
39 0 0.000774709115406447
40 0 0.000830533337554673
41 0 0.00090322348797367
42 0 0.00101607573319973
43 0 0.00109802356274569
44 0 0.00114602941831621
45 0 0.00117151911381497
46 0 0.00119043000099428
47 0 0.00114425722209133
48 0 0.00112704340131176
49 0 0.00114434161160348
50 0 0.00119769147734605
51 0 0.00127464814454181
52 0 0.00142486343170722
53 0 0.00155735375699395
54 0 0.00166873076983332
55 0 0.00176868770836647
56 0 0.00186883993410025
57 0 0.00186263034300949
58 0 0.00185582579965760
59 0 0.00186109927626565
60 0 0.00185880272458727
61 0 0.00185157321916818
62 0 0.00207254583352123
63 0 0.00240428992690978
64 0 0.00287459890585295
65 0 0.00353596256269550
66 0 0.00442722670781204
67 0 0.00500271281126186
68 0 0.00551464186010386
69 0 0.0059459812131768
70 0 0.00613143479202449
71 0 0.00600401701110376
72 0 0.00606886179244825
73 0 0.00626930170557916
74 0 0.00667869711471714
75 0 0.00743088434213124
76 0 0.0087102265714487
77 0 0.00987721325841928
78 0 0.010696549033836
79 0 0.0110747868895908
80 0 0.0109743385889296
81 0 0.0109740563244909
82 0 0.0109247677252522
83 0 0.0112098675710091
84 0 0.0119451912109884
85 0 0.0133677430854143
86 0 0.0160279178045388
87 0 0.0191305459408934
88 0 0.0217761707717369
89 0 0.0244672404968104
90 0 0.0281839682356928
91 0 0.0258908771659825
92 0 0.0291376204386669
93 0 0.0327853479822577
94 0 0.0372202314994512
95 0 0.0428313678561399
96 0 0.0490917705814569
97 0 0.0554141321862508
98 0 0.0632354457870322
99 0 0.0813648902247113
100 0 0.111830176138126

death 1 F married
1 0 0.0224029677892122
2 0 0.0087514322905864
3 0 0.00528335416779102
4 0 0.00408225388135564
5 0 0.00424051615388876
6 0 0.00375179091772648
7 0 0.00237340463561886
8 0 0.00136300485463026
9 0 0.000726815069930442
10 0 0.000483366301503585
11 0 0.000509173499730231
12 0 0.000612559552510827
13 0 0.000678274598272299
14 0 0.000693640142611751
15 0 0.0006783585559339
16 0 0.000635885889271992
17 0 0.000568943627302532
18 0 0.000523420872490021
19 0 0.000499453045137543
20 0 0.000500039594812485
21 0 0.000521409343250845
22 0 0.000570788492326391
23 0 0.000616838395958719
24 0 0.000652419329980503
25 0 0.000683815970376922
26 0 0.000728579139455343
27 0 0.000747902143459322
28 0 0.000772776059679625
29 0 0.000794714455452317
30 0 0.000809679312763989
31 0 0.000824562542920404
32 0 0.000868301398352145
33 0 0.000905243489462859
34 0 0.000934538560687259
35 0 0.00094649501162325
36 0 0.00094287423004502
37 0 0.000901287695368569
38 0 0.000876126145176404
39 0 0.000869899947752995
40 0 0.000885550391004353
41 0 0.000918963855060073
42 0 0.000988354989734042
43 0 0.00103562857987571
44 0 0.00105746194774448
45 0 0.00106876003668399
46 0 0.00108495079350956
47 0 0.00104810414732581
48 0 0.00101818251862229
49 0 0.00100309901268314
50 0 0.00100242494799230
51 0 0.00101000846423527
52 0 0.00108891459570126
53 0 0.00116856464343107
54 0 0.00125090372989700
55 0 0.00134304309360078
56 0 0.00145856066128891
57 0 0.00147998776690339
58 0 0.00151531542181305
59 0 0.00157693874176534
60 0 0.00166160126173076
61 0 0.00176979235068009
62 0 0.00205788281357877
63 0 0.00239205432910872
64 0 0.00278329760425255
65 0 0.0032383948211232
66 0 0.00375995529550333
67 0 0.0041130296628018
68 0 0.00451722300846802
69 0 0.00499742937518433
70 0 0.00551233933568585
71 0 0.0059741933490306
72 0 0.00662739867236839
73 0 0.00728951770077602
74 0 0.00795498371939907
75 0 0.00860981494031587
76 0 0.00938621013541063
77 0 0.00974114761160694
78 0 0.0099188635104771
79 0 0.00999114639965537
80 0 0.0101260994964769
81 0 0.0107829785911896
82 0 0.0116313057156818
83 0 0.0126421940135363
84 0 0.0137274425581162
85 0 0.0148801206234388
86 0 0.0161747638099308
87 0 0.0174748655278727
88 0 0.0184880116693408
89 0 0.0194380952497255
90 0 0.0208637771298819
91 0 0.0223337104323454
92 0 0.0242329205410547
93 0 0.0265481017314978
94 0 0.0292435916113531
95 0 0.0319869482420415
96 0 0.0351071479070857
97 0 0.0389347947959652
98 0 0.0433343004602297
99 0 0.0488781960051576
100 0 0.0568297096121361

death 1 F single
1 0 0.0224029677892122
2 0 0.0087514322905864
3 0 0.00528335416779102
4 0 0.00408225388135564
5 0 0.00424051615388876
6 0 0.00375179091772648
7 0 0.00237340463561886
8 0 0.00136300485463026
9 0 0.000726815069930442
10 0 0.000483366301503585
11 0 0.000509173499730231
12 0 0.000612559552510827
13 0 0.000678274598272299
14 0 0.000693640142611751
15 0 0.0006783585559339
16 0 0.000635885889271992
17 0 0.000568943627302532
18 0 0.000523420872490021
19 0 0.000499453045137543
20 0 0.000500039594812485
21 0 0.000521409343250845
22 0 0.000570788492326391
23 0 0.000616838395958719
24 0 0.000652419329980503
25 0 0.000683815970376922
26 0 0.000728579139455343
27 0 0.000747902143459322
28 0 0.000772776059679625
29 0 0.000794714455452317
30 0 0.000809679312763989
31 0 0.000824562542920404
32 0 0.000868301398352145
33 0 0.000905243489462859
34 0 0.000934538560687259
35 0 0.00094649501162325
36 0 0.00094287423004502
37 0 0.000901287695368569
38 0 0.000876126145176404
39 0 0.000869899947752995
40 0 0.000885550391004353
41 0 0.000918963855060073
42 0 0.000988354989734042
43 0 0.00103562857987571
44 0 0.00105746194774448
45 0 0.00106876003668399
46 0 0.00108495079350956
47 0 0.00104810414732581
48 0 0.00101818251862229
49 0 0.00100309901268314
50 0 0.00100242494799230
51 0 0.00101000846423527
52 0 0.00108891459570126
53 0 0.00116856464343107
54 0 0.00125090372989700
55 0 0.00134304309360078
56 0 0.00145856066128891
57 0 0.00147998776690339
58 0 0.00151531542181305
59 0 0.00157693874176534
60 0 0.00166160126173076
61 0 0.00176979235068009
62 0 0.00205788281357877
63 0 0.00239205432910872
64 0 0.00278329760425255
65 0 0.0032383948211232
66 0 0.00375995529550333
67 0 0.0041130296628018
68 0 0.00451722300846802
69 0 0.00499742937518433
70 0 0.00551233933568585
71 0 0.0059741933490306
72 0 0.00662739867236839
73 0 0.00728951770077602
74 0 0.00795498371939907
75 0 0.00860981494031587
76 0 0.00938621013541063
77 0 0.00974114761160694
78 0 0.0099188635104771
79 0 0.00999114639965537
80 0 0.0101260994964769
81 0 0.0107829785911896
82 0 0.0116313057156818
83 0 0.0126421940135363
84 0 0.0137274425581162
85 0 0.0148801206234388
86 0 0.0161747638099308
87 0 0.0174748655278727
88 0 0.0184880116693408
89 0 0.0194380952497255
90 0 0.0208637771298819
91 0 0.0223337104323454
92 0 0.0242329205410547
93 0 0.0265481017314978
94 0 0.0292435916113531
95 0 0.0319869482420415
96 0 0.0351071479070857
97 0 0.0389347947959652
98 0 0.0433343004602297
99 0 0.0488781960051576
100 0 0.0568297096121361

death 1 F divorced
1 0 0.0224029677892122
2 0 0.0087514322905864
3 0 0.00528335416779102
4 0 0.00408225388135564
5 0 0.00424051615388876
6 0 0.00375179091772648
7 0 0.00237340463561886
8 0 0.00136300485463026
9 0 0.000726815069930442
10 0 0.000483366301503585
11 0 0.000509173499730231
12 0 0.000612559552510827
13 0 0.000678274598272299
14 0 0.000693640142611751
15 0 0.0006783585559339
16 0 0.000635885889271992
17 0 0.000568943627302532
18 0 0.000523420872490021
19 0 0.000499453045137543
20 0 0.000500039594812485
21 0 0.000521409343250845
22 0 0.000570788492326391
23 0 0.000616838395958719
24 0 0.000652419329980503
25 0 0.000683815970376922
26 0 0.000728579139455343
27 0 0.000747902143459322
28 0 0.000772776059679625
29 0 0.000794714455452317
30 0 0.000809679312763989
31 0 0.000824562542920404
32 0 0.000868301398352145
33 0 0.000905243489462859
34 0 0.000934538560687259
35 0 0.00094649501162325
36 0 0.00094287423004502
37 0 0.000901287695368569
38 0 0.000876126145176404
39 0 0.000869899947752995
40 0 0.000885550391004353
41 0 0.000918963855060073
42 0 0.000988354989734042
43 0 0.00103562857987571
44 0 0.00105746194774448
45 0 0.00106876003668399
46 0 0.00108495079350956
47 0 0.00104810414732581
48 0 0.00101818251862229
49 0 0.00100309901268314
50 0 0.00100242494799230
51 0 0.00101000846423527
52 0 0.00108891459570126
53 0 0.00116856464343107
54 0 0.00125090372989700
55 0 0.00134304309360078
56 0 0.00145856066128891
57 0 0.00147998776690339
58 0 0.00151531542181305
59 0 0.00157693874176534
60 0 0.00166160126173076
61 0 0.00176979235068009
62 0 0.00205788281357877
63 0 0.00239205432910872
64 0 0.00278329760425255
65 0 0.0032383948211232
66 0 0.00375995529550333
67 0 0.0041130296628018
68 0 0.00451722300846802
69 0 0.00499742937518433
70 0 0.00551233933568585
71 0 0.0059741933490306
72 0 0.00662739867236839
73 0 0.00728951770077602
74 0 0.00795498371939907
75 0 0.00860981494031587
76 0 0.00938621013541063
77 0 0.00974114761160694
78 0 0.0099188635104771
79 0 0.00999114639965537
80 0 0.0101260994964769
81 0 0.0107829785911896
82 0 0.0116313057156818
83 0 0.0126421940135363
84 0 0.0137274425581162
85 0 0.0148801206234388
86 0 0.0161747638099308
87 0 0.0174748655278727
88 0 0.0184880116693408
89 0 0.0194380952497255
90 0 0.0208637771298819
91 0 0.0223337104323454
92 0 0.0242329205410547
93 0 0.0265481017314978
94 0 0.0292435916113531
95 0 0.0319869482420415
96 0 0.0351071479070857
97 0 0.0389347947959652
98 0 0.0433343004602297
99 0 0.0488781960051576
100 0 0.0568297096121361

death 1 F widowed
1 0 0.0224029677892122
2 0 0.0087514322905864
3 0 0.00528335416779102
4 0 0.00408225388135564
5 0 0.00424051615388876
6 0 0.00375179091772648
7 0 0.00237340463561886
8 0 0.00136300485463026
9 0 0.000726815069930442
10 0 0.000483366301503585
11 0 0.000509173499730231
12 0 0.000612559552510827
13 0 0.000678274598272299
14 0 0.000693640142611751
15 0 0.0006783585559339
16 0 0.000635885889271992
17 0 0.000568943627302532
18 0 0.000523420872490021
19 0 0.000499453045137543
20 0 0.000500039594812485
21 0 0.000521409343250845
22 0 0.000570788492326391
23 0 0.000616838395958719
24 0 0.000652419329980503
25 0 0.000683815970376922
26 0 0.000728579139455343
27 0 0.000747902143459322
28 0 0.000772776059679625
29 0 0.000794714455452317
30 0 0.000809679312763989
31 0 0.000824562542920404
32 0 0.000868301398352145
33 0 0.000905243489462859
34 0 0.000934538560687259
35 0 0.00094649501162325
36 0 0.00094287423004502
37 0 0.000901287695368569
38 0 0.000876126145176404
39 0 0.000869899947752995
40 0 0.000885550391004353
41 0 0.000918963855060073
42 0 0.000988354989734042
43 0 0.00103562857987571
44 0 0.00105746194774448
45 0 0.00106876003668399
46 0 0.00108495079350956
47 0 0.00104810414732581
48 0 0.00101818251862229
49 0 0.00100309901268314
50 0 0.00100242494799230
51 0 0.00101000846423527
52 0 0.00108891459570126
53 0 0.00116856464343107
54 0 0.00125090372989700
55 0 0.00134304309360078
56 0 0.00145856066128891
57 0 0.00147998776690339
58 0 0.00151531542181305
59 0 0.00157693874176534
60 0 0.00166160126173076
61 0 0.00176979235068009
62 0 0.00205788281357877
63 0 0.00239205432910872
64 0 0.00278329760425255
65 0 0.0032383948211232
66 0 0.00375995529550333
67 0 0.0041130296628018
68 0 0.00451722300846802
69 0 0.00499742937518433
70 0 0.00551233933568585
71 0 0.0059741933490306
72 0 0.00662739867236839
73 0 0.00728951770077602
74 0 0.00795498371939907
75 0 0.00860981494031587
76 0 0.00938621013541063
77 0 0.00974114761160694
78 0 0.0099188635104771
79 0 0.00999114639965537
80 0 0.0101260994964769
81 0 0.0107829785911896
82 0 0.0116313057156818
83 0 0.0126421940135363
84 0 0.0137274425581162
85 0 0.0148801206234388
86 0 0.0161747638099308
87 0 0.0174748655278727
88 0 0.0184880116693408
89 0 0.0194380952497255
90 0 0.0208637771298819
91 0 0.0223337104323454
92 0 0.0242329205410547
93 0 0.0265481017314978
94 0 0.0292435916113531
95 0 0.0319869482420415
96 0 0.0351071479070857
97 0 0.0389347947959652
98 0 0.0433343004602297
99 0 0.0488781960051576
100 0 0.0568297096121361
