*Period monthly mortality rates for SWE in 1752 
* Mon Dec 20 14:18:38 2010
death 1 M married
1 0 0.0263785290867433
2 0 0.00674402821659636
3 0 0.00436809499601409
4 0 0.00323278157157303
5 0 0.0030083639388282
6 0 0.00272033438496722
7 0 0.00194509092283812
8 0 0.00135649142475747
9 0 0.000954158071906352
10 0 0.00072127107442832
11 0 0.000626067960101229
12 0 0.000613146832817435
13 0 0.000600814743507483
14 0 0.000593936346086954
15 0 0.000591252234689921
16 0 0.000591839377282355
17 0 0.000577329679276373
18 0 0.000571543220633131
19 0 0.000582361682020527
20 0 0.000618013015687424
21 0 0.000670466874869935
22 0 0.000716147379430043
23 0 0.000749582598937759
24 0 0.000764876172548612
25 0 0.000751935288834105
26 0 0.000728747147863307
27 0 0.000703801301603968
28 0 0.000691288961955361
29 0 0.000692464544677196
30 0 0.000703213434985583
31 0 0.000717995236112379
32 0 0.000763195434133168
33 0 0.000810772348390998
34 0 0.000854168080295703
35 0 0.000885718689995318
36 0 0.000906337675694369
37 0 0.000880669855912175
38 0 0.000864767862661986
39 0 0.000866450481560976
40 0 0.00089118857697268
41 0 0.000936643455495378
42 0 0.00105940107204283
43 0 0.00117286976086561
44 0 0.00125453681445253
45 0 0.00130152654007021
46 0 0.00133653109566712
47 0 0.0012792963545748
48 0 0.00124169493426074
49 0 0.00123595047058100
50 0 0.0012612119301042
51 0 0.00130955779332964
52 0 0.00151353600247295
53 0 0.00173521492673656
54 0 0.00196569649355249
55 0 0.00217943580975566
56 0 0.00236194296541792
57 0 0.00227226692270655
58 0 0.00221956271954760
59 0 0.00222417418246246
60 0 0.00228910113486847
61 0 0.00239787244948475
62 0 0.00270797021323010
63 0 0.00294016558793886
64 0 0.00313887599295248
65 0 0.00331865913431661
66 0 0.00346217153959127
67 0 0.00358241590519293
68 0 0.00378601674418189
69 0 0.00407754689388085
70 0 0.00449734258406376
71 0 0.00506287768682334
72 0 0.00584477481425349
73 0 0.0066358268352984
74 0 0.00738078412437049
75 0 0.0080519356831652
76 0 0.00861164794004587
77 0 0.0085467824372878
78 0 0.00848910235869704
79 0 0.00856107082690127
80 0 0.00883527846758214
81 0 0.00899869491654059
82 0 0.0102578015725151
83 0 0.0115866761141808
84 0 0.0129584852612401
85 0 0.0141980487138185
86 0 0.0150821048622681
87 0 0.0159385733399112
88 0 0.0167922764210229
89 0 0.0174076148696490
90 0 0.0182241057562230
91 0 0.0197616543230061
92 0 0.0211902465447386
93 0 0.0227504959002567
94 0 0.0244846424520853
95 0 0.0262605237697603
96 0 0.0278711258722892
97 0 0.0294085732863668
98 0 0.0313949379745032
99 0 0.0345015412540765
100 0 0.0377888321816784

death 1 M single
1 0 0.0263785290867433
2 0 0.00674402821659636
3 0 0.00436809499601409
4 0 0.00323278157157303
5 0 0.0030083639388282
6 0 0.00272033438496722
7 0 0.00194509092283812
8 0 0.00135649142475747
9 0 0.000954158071906352
10 0 0.00072127107442832
11 0 0.000626067960101229
12 0 0.000613146832817435
13 0 0.000600814743507483
14 0 0.000593936346086954
15 0 0.000591252234689921
16 0 0.000591839377282355
17 0 0.000577329679276373
18 0 0.000571543220633131
19 0 0.000582361682020527
20 0 0.000618013015687424
21 0 0.000670466874869935
22 0 0.000716147379430043
23 0 0.000749582598937759
24 0 0.000764876172548612
25 0 0.000751935288834105
26 0 0.000728747147863307
27 0 0.000703801301603968
28 0 0.000691288961955361
29 0 0.000692464544677196
30 0 0.000703213434985583
31 0 0.000717995236112379
32 0 0.000763195434133168
33 0 0.000810772348390998
34 0 0.000854168080295703
35 0 0.000885718689995318
36 0 0.000906337675694369
37 0 0.000880669855912175
38 0 0.000864767862661986
39 0 0.000866450481560976
40 0 0.00089118857697268
41 0 0.000936643455495378
42 0 0.00105940107204283
43 0 0.00117286976086561
44 0 0.00125453681445253
45 0 0.00130152654007021
46 0 0.00133653109566712
47 0 0.0012792963545748
48 0 0.00124169493426074
49 0 0.00123595047058100
50 0 0.0012612119301042
51 0 0.00130955779332964
52 0 0.00151353600247295
53 0 0.00173521492673656
54 0 0.00196569649355249
55 0 0.00217943580975566
56 0 0.00236194296541792
57 0 0.00227226692270655
58 0 0.00221956271954760
59 0 0.00222417418246246
60 0 0.00228910113486847
61 0 0.00239787244948475
62 0 0.00270797021323010
63 0 0.00294016558793886
64 0 0.00313887599295248
65 0 0.00331865913431661
66 0 0.00346217153959127
67 0 0.00358241590519293
68 0 0.00378601674418189
69 0 0.00407754689388085
70 0 0.00449734258406376
71 0 0.00506287768682334
72 0 0.00584477481425349
73 0 0.0066358268352984
74 0 0.00738078412437049
75 0 0.0080519356831652
76 0 0.00861164794004587
77 0 0.0085467824372878
78 0 0.00848910235869704
79 0 0.00856107082690127
80 0 0.00883527846758214
81 0 0.00899869491654059
82 0 0.0102578015725151
83 0 0.0115866761141808
84 0 0.0129584852612401
85 0 0.0141980487138185
86 0 0.0150821048622681
87 0 0.0159385733399112
88 0 0.0167922764210229
89 0 0.0174076148696490
90 0 0.0182241057562230
91 0 0.0197616543230061
92 0 0.0211902465447386
93 0 0.0227504959002567
94 0 0.0244846424520853
95 0 0.0262605237697603
96 0 0.0278711258722892
97 0 0.0294085732863668
98 0 0.0313949379745032
99 0 0.0345015412540765
100 0 0.0377888321816784

death 1 M divorced
1 0 0.0263785290867433
2 0 0.00674402821659636
3 0 0.00436809499601409
4 0 0.00323278157157303
5 0 0.0030083639388282
6 0 0.00272033438496722
7 0 0.00194509092283812
8 0 0.00135649142475747
9 0 0.000954158071906352
10 0 0.00072127107442832
11 0 0.000626067960101229
12 0 0.000613146832817435
13 0 0.000600814743507483
14 0 0.000593936346086954
15 0 0.000591252234689921
16 0 0.000591839377282355
17 0 0.000577329679276373
18 0 0.000571543220633131
19 0 0.000582361682020527
20 0 0.000618013015687424
21 0 0.000670466874869935
22 0 0.000716147379430043
23 0 0.000749582598937759
24 0 0.000764876172548612
25 0 0.000751935288834105
26 0 0.000728747147863307
27 0 0.000703801301603968
28 0 0.000691288961955361
29 0 0.000692464544677196
30 0 0.000703213434985583
31 0 0.000717995236112379
32 0 0.000763195434133168
33 0 0.000810772348390998
34 0 0.000854168080295703
35 0 0.000885718689995318
36 0 0.000906337675694369
37 0 0.000880669855912175
38 0 0.000864767862661986
39 0 0.000866450481560976
40 0 0.00089118857697268
41 0 0.000936643455495378
42 0 0.00105940107204283
43 0 0.00117286976086561
44 0 0.00125453681445253
45 0 0.00130152654007021
46 0 0.00133653109566712
47 0 0.0012792963545748
48 0 0.00124169493426074
49 0 0.00123595047058100
50 0 0.0012612119301042
51 0 0.00130955779332964
52 0 0.00151353600247295
53 0 0.00173521492673656
54 0 0.00196569649355249
55 0 0.00217943580975566
56 0 0.00236194296541792
57 0 0.00227226692270655
58 0 0.00221956271954760
59 0 0.00222417418246246
60 0 0.00228910113486847
61 0 0.00239787244948475
62 0 0.00270797021323010
63 0 0.00294016558793886
64 0 0.00313887599295248
65 0 0.00331865913431661
66 0 0.00346217153959127
67 0 0.00358241590519293
68 0 0.00378601674418189
69 0 0.00407754689388085
70 0 0.00449734258406376
71 0 0.00506287768682334
72 0 0.00584477481425349
73 0 0.0066358268352984
74 0 0.00738078412437049
75 0 0.0080519356831652
76 0 0.00861164794004587
77 0 0.0085467824372878
78 0 0.00848910235869704
79 0 0.00856107082690127
80 0 0.00883527846758214
81 0 0.00899869491654059
82 0 0.0102578015725151
83 0 0.0115866761141808
84 0 0.0129584852612401
85 0 0.0141980487138185
86 0 0.0150821048622681
87 0 0.0159385733399112
88 0 0.0167922764210229
89 0 0.0174076148696490
90 0 0.0182241057562230
91 0 0.0197616543230061
92 0 0.0211902465447386
93 0 0.0227504959002567
94 0 0.0244846424520853
95 0 0.0262605237697603
96 0 0.0278711258722892
97 0 0.0294085732863668
98 0 0.0313949379745032
99 0 0.0345015412540765
100 0 0.0377888321816784

death 1 M widowed
1 0 0.0263785290867433
2 0 0.00674402821659636
3 0 0.00436809499601409
4 0 0.00323278157157303
5 0 0.0030083639388282
6 0 0.00272033438496722
7 0 0.00194509092283812
8 0 0.00135649142475747
9 0 0.000954158071906352
10 0 0.00072127107442832
11 0 0.000626067960101229
12 0 0.000613146832817435
13 0 0.000600814743507483
14 0 0.000593936346086954
15 0 0.000591252234689921
16 0 0.000591839377282355
17 0 0.000577329679276373
18 0 0.000571543220633131
19 0 0.000582361682020527
20 0 0.000618013015687424
21 0 0.000670466874869935
22 0 0.000716147379430043
23 0 0.000749582598937759
24 0 0.000764876172548612
25 0 0.000751935288834105
26 0 0.000728747147863307
27 0 0.000703801301603968
28 0 0.000691288961955361
29 0 0.000692464544677196
30 0 0.000703213434985583
31 0 0.000717995236112379
32 0 0.000763195434133168
33 0 0.000810772348390998
34 0 0.000854168080295703
35 0 0.000885718689995318
36 0 0.000906337675694369
37 0 0.000880669855912175
38 0 0.000864767862661986
39 0 0.000866450481560976
40 0 0.00089118857697268
41 0 0.000936643455495378
42 0 0.00105940107204283
43 0 0.00117286976086561
44 0 0.00125453681445253
45 0 0.00130152654007021
46 0 0.00133653109566712
47 0 0.0012792963545748
48 0 0.00124169493426074
49 0 0.00123595047058100
50 0 0.0012612119301042
51 0 0.00130955779332964
52 0 0.00151353600247295
53 0 0.00173521492673656
54 0 0.00196569649355249
55 0 0.00217943580975566
56 0 0.00236194296541792
57 0 0.00227226692270655
58 0 0.00221956271954760
59 0 0.00222417418246246
60 0 0.00228910113486847
61 0 0.00239787244948475
62 0 0.00270797021323010
63 0 0.00294016558793886
64 0 0.00313887599295248
65 0 0.00331865913431661
66 0 0.00346217153959127
67 0 0.00358241590519293
68 0 0.00378601674418189
69 0 0.00407754689388085
70 0 0.00449734258406376
71 0 0.00506287768682334
72 0 0.00584477481425349
73 0 0.0066358268352984
74 0 0.00738078412437049
75 0 0.0080519356831652
76 0 0.00861164794004587
77 0 0.0085467824372878
78 0 0.00848910235869704
79 0 0.00856107082690127
80 0 0.00883527846758214
81 0 0.00899869491654059
82 0 0.0102578015725151
83 0 0.0115866761141808
84 0 0.0129584852612401
85 0 0.0141980487138185
86 0 0.0150821048622681
87 0 0.0159385733399112
88 0 0.0167922764210229
89 0 0.0174076148696490
90 0 0.0182241057562230
91 0 0.0197616543230061
92 0 0.0211902465447386
93 0 0.0227504959002567
94 0 0.0244846424520853
95 0 0.0262605237697603
96 0 0.0278711258722892
97 0 0.0294085732863668
98 0 0.0313949379745032
99 0 0.0345015412540765
100 0 0.0377888321816784

death 1 F married
1 0 0.0232930320965368
2 0 0.00625412157812066
3 0 0.00411695367298548
4 0 0.00286659991935889
5 0 0.00251242851895683
6 0 0.00230089548989187
7 0 0.00174192548481356
8 0 0.00130955779332964
9 0 0.00100006576097234
10 0 0.000794546324993539
11 0 0.000679198136817494
12 0 0.000634794955857498
13 0 0.000600059772007611
14 0 0.000582864897623492
15 0 0.000581942337813834
16 0 0.000593516948454109
17 0 0.000568775914157937
18 0 0.000547730371519117
19 0 0.000537670479633379
20 0 0.000533646834727008
21 0 0.000530293933410975
22 0 0.000550413197478394
23 0 0.000569195197600014
24 0 0.000586722976509191
25 0 0.000602156930553321
26 0 0.000621704776562093
27 0 0.000632864874983374
28 0 0.000652083595672481
29 0 0.000679617930169019
30 0 0.00071740727763625
31 0 0.00076235507658684
32 0 0.000833140427323742
33 0 0.000885718689995318
34 0 0.000914839110094823
35 0 0.000911387936815444
36 0 0.000875453022175954
37 0 0.000795639178538643
38 0 0.000751683212002141
39 0 0.000749750646195313
40 0 0.000789334435115085
41 0 0.000858121822721825
42 0 0.000999644484024786
43 0 0.00111413517683379
44 0 0.00118114291245675
45 0 0.00119211866460445
46 0 0.00115750733601405
47 0 0.00101894097333877
48 0 0.000939337792034478
49 0 0.000918879674718931
50 0 0.0009490212237927
51 0 0.00100596384343543
52 0 0.00119887363311155
53 0 0.00138288639419837
54 0 0.00153048426937119
55 0 0.00161026836468003
56 0 0.00163342820960577
57 0 0.00150836741077764
58 0 0.00151777277253551
59 0 0.00164131917682464
60 0 0.00183703090003784
61 0 0.00203683017938905
62 0 0.00240035382024151
63 0 0.00265818714291277
64 0 0.00286178366579626
65 0 0.00303317606734266
66 0 0.00317312989735519
67 0 0.00317235321702858
68 0 0.00325869177879534
69 0 0.00344979231509457
70 0 0.00377315882556351
71 0 0.00419843710788104
72 0 0.00502305692188143
73 0 0.00593014355885035
74 0 0.00685442669219882
75 0 0.0077604839969776
76 0 0.00864116436865503
77 0 0.00833254520689486
78 0 0.0081228266293214
79 0 0.00809821805791222
80 0 0.00826952361427058
81 0 0.00881708833296713
82 0 0.0102480012257541
83 0 0.0116748195953597
84 0 0.0129650264078434
85 0 0.0138714358186317
86 0 0.0140624888932986
87 0 0.0139091472395693
88 0 0.0137649963872072
89 0 0.0137934390807797
90 0 0.0141087569396410
91 0 0.0174784064391625
92 0 0.0182730885047409
93 0 0.0190292942284005
94 0 0.0197625884694752
95 0 0.0204943271670719
96 0 0.021180754562243
97 0 0.0217450686647330
98 0 0.0223066847792899
99 0 0.0230558637424537
100 0 0.0234693501262127

death 1 F single
1 0 0.0232930320965368
2 0 0.00625412157812066
3 0 0.00411695367298548
4 0 0.00286659991935889
5 0 0.00251242851895683
6 0 0.00230089548989187
7 0 0.00174192548481356
8 0 0.00130955779332964
9 0 0.00100006576097234
10 0 0.000794546324993539
11 0 0.000679198136817494
12 0 0.000634794955857498
13 0 0.000600059772007611
14 0 0.000582864897623492
15 0 0.000581942337813834
16 0 0.000593516948454109
17 0 0.000568775914157937
18 0 0.000547730371519117
19 0 0.000537670479633379
20 0 0.000533646834727008
21 0 0.000530293933410975
22 0 0.000550413197478394
23 0 0.000569195197600014
24 0 0.000586722976509191
25 0 0.000602156930553321
26 0 0.000621704776562093
27 0 0.000632864874983374
28 0 0.000652083595672481
29 0 0.000679617930169019
30 0 0.00071740727763625
31 0 0.00076235507658684
32 0 0.000833140427323742
33 0 0.000885718689995318
34 0 0.000914839110094823
35 0 0.000911387936815444
36 0 0.000875453022175954
37 0 0.000795639178538643
38 0 0.000751683212002141
39 0 0.000749750646195313
40 0 0.000789334435115085
41 0 0.000858121822721825
42 0 0.000999644484024786
43 0 0.00111413517683379
44 0 0.00118114291245675
45 0 0.00119211866460445
46 0 0.00115750733601405
47 0 0.00101894097333877
48 0 0.000939337792034478
49 0 0.000918879674718931
50 0 0.0009490212237927
51 0 0.00100596384343543
52 0 0.00119887363311155
53 0 0.00138288639419837
54 0 0.00153048426937119
55 0 0.00161026836468003
56 0 0.00163342820960577
57 0 0.00150836741077764
58 0 0.00151777277253551
59 0 0.00164131917682464
60 0 0.00183703090003784
61 0 0.00203683017938905
62 0 0.00240035382024151
63 0 0.00265818714291277
64 0 0.00286178366579626
65 0 0.00303317606734266
66 0 0.00317312989735519
67 0 0.00317235321702858
68 0 0.00325869177879534
69 0 0.00344979231509457
70 0 0.00377315882556351
71 0 0.00419843710788104
72 0 0.00502305692188143
73 0 0.00593014355885035
74 0 0.00685442669219882
75 0 0.0077604839969776
76 0 0.00864116436865503
77 0 0.00833254520689486
78 0 0.0081228266293214
79 0 0.00809821805791222
80 0 0.00826952361427058
81 0 0.00881708833296713
82 0 0.0102480012257541
83 0 0.0116748195953597
84 0 0.0129650264078434
85 0 0.0138714358186317
86 0 0.0140624888932986
87 0 0.0139091472395693
88 0 0.0137649963872072
89 0 0.0137934390807797
90 0 0.0141087569396410
91 0 0.0174784064391625
92 0 0.0182730885047409
93 0 0.0190292942284005
94 0 0.0197625884694752
95 0 0.0204943271670719
96 0 0.021180754562243
97 0 0.0217450686647330
98 0 0.0223066847792899
99 0 0.0230558637424537
100 0 0.0234693501262127

death 1 F divorced
1 0 0.0232930320965368
2 0 0.00625412157812066
3 0 0.00411695367298548
4 0 0.00286659991935889
5 0 0.00251242851895683
6 0 0.00230089548989187
7 0 0.00174192548481356
8 0 0.00130955779332964
9 0 0.00100006576097234
10 0 0.000794546324993539
11 0 0.000679198136817494
12 0 0.000634794955857498
13 0 0.000600059772007611
14 0 0.000582864897623492
15 0 0.000581942337813834
16 0 0.000593516948454109
17 0 0.000568775914157937
18 0 0.000547730371519117
19 0 0.000537670479633379
20 0 0.000533646834727008
21 0 0.000530293933410975
22 0 0.000550413197478394
23 0 0.000569195197600014
24 0 0.000586722976509191
25 0 0.000602156930553321
26 0 0.000621704776562093
27 0 0.000632864874983374
28 0 0.000652083595672481
29 0 0.000679617930169019
30 0 0.00071740727763625
31 0 0.00076235507658684
32 0 0.000833140427323742
33 0 0.000885718689995318
34 0 0.000914839110094823
35 0 0.000911387936815444
36 0 0.000875453022175954
37 0 0.000795639178538643
38 0 0.000751683212002141
39 0 0.000749750646195313
40 0 0.000789334435115085
41 0 0.000858121822721825
42 0 0.000999644484024786
43 0 0.00111413517683379
44 0 0.00118114291245675
45 0 0.00119211866460445
46 0 0.00115750733601405
47 0 0.00101894097333877
48 0 0.000939337792034478
49 0 0.000918879674718931
50 0 0.0009490212237927
51 0 0.00100596384343543
52 0 0.00119887363311155
53 0 0.00138288639419837
54 0 0.00153048426937119
55 0 0.00161026836468003
56 0 0.00163342820960577
57 0 0.00150836741077764
58 0 0.00151777277253551
59 0 0.00164131917682464
60 0 0.00183703090003784
61 0 0.00203683017938905
62 0 0.00240035382024151
63 0 0.00265818714291277
64 0 0.00286178366579626
65 0 0.00303317606734266
66 0 0.00317312989735519
67 0 0.00317235321702858
68 0 0.00325869177879534
69 0 0.00344979231509457
70 0 0.00377315882556351
71 0 0.00419843710788104
72 0 0.00502305692188143
73 0 0.00593014355885035
74 0 0.00685442669219882
75 0 0.0077604839969776
76 0 0.00864116436865503
77 0 0.00833254520689486
78 0 0.0081228266293214
79 0 0.00809821805791222
80 0 0.00826952361427058
81 0 0.00881708833296713
82 0 0.0102480012257541
83 0 0.0116748195953597
84 0 0.0129650264078434
85 0 0.0138714358186317
86 0 0.0140624888932986
87 0 0.0139091472395693
88 0 0.0137649963872072
89 0 0.0137934390807797
90 0 0.0141087569396410
91 0 0.0174784064391625
92 0 0.0182730885047409
93 0 0.0190292942284005
94 0 0.0197625884694752
95 0 0.0204943271670719
96 0 0.021180754562243
97 0 0.0217450686647330
98 0 0.0223066847792899
99 0 0.0230558637424537
100 0 0.0234693501262127

death 1 F widowed
1 0 0.0232930320965368
2 0 0.00625412157812066
3 0 0.00411695367298548
4 0 0.00286659991935889
5 0 0.00251242851895683
6 0 0.00230089548989187
7 0 0.00174192548481356
8 0 0.00130955779332964
9 0 0.00100006576097234
10 0 0.000794546324993539
11 0 0.000679198136817494
12 0 0.000634794955857498
13 0 0.000600059772007611
14 0 0.000582864897623492
15 0 0.000581942337813834
16 0 0.000593516948454109
17 0 0.000568775914157937
18 0 0.000547730371519117
19 0 0.000537670479633379
20 0 0.000533646834727008
21 0 0.000530293933410975
22 0 0.000550413197478394
23 0 0.000569195197600014
24 0 0.000586722976509191
25 0 0.000602156930553321
26 0 0.000621704776562093
27 0 0.000632864874983374
28 0 0.000652083595672481
29 0 0.000679617930169019
30 0 0.00071740727763625
31 0 0.00076235507658684
32 0 0.000833140427323742
33 0 0.000885718689995318
34 0 0.000914839110094823
35 0 0.000911387936815444
36 0 0.000875453022175954
37 0 0.000795639178538643
38 0 0.000751683212002141
39 0 0.000749750646195313
40 0 0.000789334435115085
41 0 0.000858121822721825
42 0 0.000999644484024786
43 0 0.00111413517683379
44 0 0.00118114291245675
45 0 0.00119211866460445
46 0 0.00115750733601405
47 0 0.00101894097333877
48 0 0.000939337792034478
49 0 0.000918879674718931
50 0 0.0009490212237927
51 0 0.00100596384343543
52 0 0.00119887363311155
53 0 0.00138288639419837
54 0 0.00153048426937119
55 0 0.00161026836468003
56 0 0.00163342820960577
57 0 0.00150836741077764
58 0 0.00151777277253551
59 0 0.00164131917682464
60 0 0.00183703090003784
61 0 0.00203683017938905
62 0 0.00240035382024151
63 0 0.00265818714291277
64 0 0.00286178366579626
65 0 0.00303317606734266
66 0 0.00317312989735519
67 0 0.00317235321702858
68 0 0.00325869177879534
69 0 0.00344979231509457
70 0 0.00377315882556351
71 0 0.00419843710788104
72 0 0.00502305692188143
73 0 0.00593014355885035
74 0 0.00685442669219882
75 0 0.0077604839969776
76 0 0.00864116436865503
77 0 0.00833254520689486
78 0 0.0081228266293214
79 0 0.00809821805791222
80 0 0.00826952361427058
81 0 0.00881708833296713
82 0 0.0102480012257541
83 0 0.0116748195953597
84 0 0.0129650264078434
85 0 0.0138714358186317
86 0 0.0140624888932986
87 0 0.0139091472395693
88 0 0.0137649963872072
89 0 0.0137934390807797
90 0 0.0141087569396410
91 0 0.0174784064391625
92 0 0.0182730885047409
93 0 0.0190292942284005
94 0 0.0197625884694752
95 0 0.0204943271670719
96 0 0.021180754562243
97 0 0.0217450686647330
98 0 0.0223066847792899
99 0 0.0230558637424537
100 0 0.0234693501262127
