*Period monthly mortality rates for SWE in 1972 
* Mon Dec 20 14:21:24 2010
death 1 M married
1 0 0.00107204855054832
2 0 0.0000537658963947196
3 0 0.0000373410013059239
4 0 0.0000481794315334572
5 0 0.0000316721832838152
6 0 0.0000396753232437819
7 0 0.0000342564535383838
8 0 0.0000343398183181298
9 0 0.0000342564535383838
10 0 0.0000292547066492732
11 0 0.0000243365905521209
12 0 0.0000234196830797284
13 0 0.0000233363283135279
14 0 0.0000230029100131146
15 0 0.0000320056333821261
16 0 0.0000571012629687617
17 0 0.0000598530325232050
18 0 0.000097302055409476
19 0 0.000106228709658152
20 0 0.0000858738805041837
21 0 0.0000899611648832455
22 0 0.000100722445497969
23 0 0.0000871250704894688
24 0 0.000100221892567864
25 0 0.000102724684782896
26 0 0.0000953833563428486
27 0 0.000099971617136374
28 0 0.0000781168869596893
29 0 0.000102474402460362
30 0 0.000106145278924719
31 0 0.000109732869613022
32 0 0.0000884596921228997
33 0 0.000128424004500527
34 0 0.000132346292990859
35 0 0.000133180844293479
36 0 0.000146952047146209
37 0 0.000135267256073268
38 0 0.000152127220278464
39 0 0.000160892298495363
40 0 0.000160808817573299
41 0 0.000205231501423930
42 0 0.000213416996021731
43 0 0.000201974213722256
44 0 0.000244829409016045
45 0 0.000303673349879463
46 0 0.000316801414753765
47 0 0.000367826551765704
48 0 0.000344067022138961
49 0 0.00040389601911206
50 0 0.000487890410297398
51 0 0.000483868969135104
52 0 0.000465020835772267
53 0 0.000618516428791627
54 0 0.000578671519425145
55 0 0.00070254159207983
56 0 0.000761514726814627
57 0 0.000830617436056613
58 0 0.000848363961697074
59 0 0.000990124146109661
60 0 0.00112459660344499
61 0 0.00114358210881760
62 0 0.00128276153869611
63 0 0.00143459878348728
64 0 0.00168918877712887
65 0 0.00177676040442543
66 0 0.00196399337642017
67 0 0.0023471475778557
68 0 0.00245718723594279
69 0 0.00276534046939236
70 0 0.00304498144360144
71 0 0.00351551677623063
72 0 0.00374223779309446
73 0 0.00422541084339956
74 0 0.00462125042430506
75 0 0.00521200883894923
76 0 0.00561822754020358
77 0 0.0062069901454781
78 0 0.00695065258049454
79 0 0.00760582005559263
80 0 0.00853973066957503
81 0 0.00872187973039318
82 0 0.00995132316115332
83 0 0.0116390778911695
84 0 0.0127422227616985
85 0 0.0138814452935906
86 0 0.0149309427236132
87 0 0.0155854527094659
88 0 0.0172852777794889
89 0 0.0200709762947875
90 0 0.0206364515673766
91 0 0.0243860764900559
92 0 0.0263540434598696
93 0 0.0278082582352188
94 0 0.031292970779893
95 0 0.0413098136787355
96 0 0.0441225285732414
97 0 0.0475131309908633
98 0 0.0461339384848430
99 0 0.0563034770741572
100 0 0.0833323845452959

death 1 M single
1 0 0.00107204855054832
2 0 0.0000537658963947196
3 0 0.0000373410013059239
4 0 0.0000481794315334572
5 0 0.0000316721832838152
6 0 0.0000396753232437819
7 0 0.0000342564535383838
8 0 0.0000343398183181298
9 0 0.0000342564535383838
10 0 0.0000292547066492732
11 0 0.0000243365905521209
12 0 0.0000234196830797284
13 0 0.0000233363283135279
14 0 0.0000230029100131146
15 0 0.0000320056333821261
16 0 0.0000571012629687617
17 0 0.0000598530325232050
18 0 0.000097302055409476
19 0 0.000106228709658152
20 0 0.0000858738805041837
21 0 0.0000899611648832455
22 0 0.000100722445497969
23 0 0.0000871250704894688
24 0 0.000100221892567864
25 0 0.000102724684782896
26 0 0.0000953833563428486
27 0 0.000099971617136374
28 0 0.0000781168869596893
29 0 0.000102474402460362
30 0 0.000106145278924719
31 0 0.000109732869613022
32 0 0.0000884596921228997
33 0 0.000128424004500527
34 0 0.000132346292990859
35 0 0.000133180844293479
36 0 0.000146952047146209
37 0 0.000135267256073268
38 0 0.000152127220278464
39 0 0.000160892298495363
40 0 0.000160808817573299
41 0 0.000205231501423930
42 0 0.000213416996021731
43 0 0.000201974213722256
44 0 0.000244829409016045
45 0 0.000303673349879463
46 0 0.000316801414753765
47 0 0.000367826551765704
48 0 0.000344067022138961
49 0 0.00040389601911206
50 0 0.000487890410297398
51 0 0.000483868969135104
52 0 0.000465020835772267
53 0 0.000618516428791627
54 0 0.000578671519425145
55 0 0.00070254159207983
56 0 0.000761514726814627
57 0 0.000830617436056613
58 0 0.000848363961697074
59 0 0.000990124146109661
60 0 0.00112459660344499
61 0 0.00114358210881760
62 0 0.00128276153869611
63 0 0.00143459878348728
64 0 0.00168918877712887
65 0 0.00177676040442543
66 0 0.00196399337642017
67 0 0.0023471475778557
68 0 0.00245718723594279
69 0 0.00276534046939236
70 0 0.00304498144360144
71 0 0.00351551677623063
72 0 0.00374223779309446
73 0 0.00422541084339956
74 0 0.00462125042430506
75 0 0.00521200883894923
76 0 0.00561822754020358
77 0 0.0062069901454781
78 0 0.00695065258049454
79 0 0.00760582005559263
80 0 0.00853973066957503
81 0 0.00872187973039318
82 0 0.00995132316115332
83 0 0.0116390778911695
84 0 0.0127422227616985
85 0 0.0138814452935906
86 0 0.0149309427236132
87 0 0.0155854527094659
88 0 0.0172852777794889
89 0 0.0200709762947875
90 0 0.0206364515673766
91 0 0.0243860764900559
92 0 0.0263540434598696
93 0 0.0278082582352188
94 0 0.031292970779893
95 0 0.0413098136787355
96 0 0.0441225285732414
97 0 0.0475131309908633
98 0 0.0461339384848430
99 0 0.0563034770741572
100 0 0.0833323845452959

death 1 M divorced
1 0 0.00107204855054832
2 0 0.0000537658963947196
3 0 0.0000373410013059239
4 0 0.0000481794315334572
5 0 0.0000316721832838152
6 0 0.0000396753232437819
7 0 0.0000342564535383838
8 0 0.0000343398183181298
9 0 0.0000342564535383838
10 0 0.0000292547066492732
11 0 0.0000243365905521209
12 0 0.0000234196830797284
13 0 0.0000233363283135279
14 0 0.0000230029100131146
15 0 0.0000320056333821261
16 0 0.0000571012629687617
17 0 0.0000598530325232050
18 0 0.000097302055409476
19 0 0.000106228709658152
20 0 0.0000858738805041837
21 0 0.0000899611648832455
22 0 0.000100722445497969
23 0 0.0000871250704894688
24 0 0.000100221892567864
25 0 0.000102724684782896
26 0 0.0000953833563428486
27 0 0.000099971617136374
28 0 0.0000781168869596893
29 0 0.000102474402460362
30 0 0.000106145278924719
31 0 0.000109732869613022
32 0 0.0000884596921228997
33 0 0.000128424004500527
34 0 0.000132346292990859
35 0 0.000133180844293479
36 0 0.000146952047146209
37 0 0.000135267256073268
38 0 0.000152127220278464
39 0 0.000160892298495363
40 0 0.000160808817573299
41 0 0.000205231501423930
42 0 0.000213416996021731
43 0 0.000201974213722256
44 0 0.000244829409016045
45 0 0.000303673349879463
46 0 0.000316801414753765
47 0 0.000367826551765704
48 0 0.000344067022138961
49 0 0.00040389601911206
50 0 0.000487890410297398
51 0 0.000483868969135104
52 0 0.000465020835772267
53 0 0.000618516428791627
54 0 0.000578671519425145
55 0 0.00070254159207983
56 0 0.000761514726814627
57 0 0.000830617436056613
58 0 0.000848363961697074
59 0 0.000990124146109661
60 0 0.00112459660344499
61 0 0.00114358210881760
62 0 0.00128276153869611
63 0 0.00143459878348728
64 0 0.00168918877712887
65 0 0.00177676040442543
66 0 0.00196399337642017
67 0 0.0023471475778557
68 0 0.00245718723594279
69 0 0.00276534046939236
70 0 0.00304498144360144
71 0 0.00351551677623063
72 0 0.00374223779309446
73 0 0.00422541084339956
74 0 0.00462125042430506
75 0 0.00521200883894923
76 0 0.00561822754020358
77 0 0.0062069901454781
78 0 0.00695065258049454
79 0 0.00760582005559263
80 0 0.00853973066957503
81 0 0.00872187973039318
82 0 0.00995132316115332
83 0 0.0116390778911695
84 0 0.0127422227616985
85 0 0.0138814452935906
86 0 0.0149309427236132
87 0 0.0155854527094659
88 0 0.0172852777794889
89 0 0.0200709762947875
90 0 0.0206364515673766
91 0 0.0243860764900559
92 0 0.0263540434598696
93 0 0.0278082582352188
94 0 0.031292970779893
95 0 0.0413098136787355
96 0 0.0441225285732414
97 0 0.0475131309908633
98 0 0.0461339384848430
99 0 0.0563034770741572
100 0 0.0833323845452959

death 1 M widowed
1 0 0.00107204855054832
2 0 0.0000537658963947196
3 0 0.0000373410013059239
4 0 0.0000481794315334572
5 0 0.0000316721832838152
6 0 0.0000396753232437819
7 0 0.0000342564535383838
8 0 0.0000343398183181298
9 0 0.0000342564535383838
10 0 0.0000292547066492732
11 0 0.0000243365905521209
12 0 0.0000234196830797284
13 0 0.0000233363283135279
14 0 0.0000230029100131146
15 0 0.0000320056333821261
16 0 0.0000571012629687617
17 0 0.0000598530325232050
18 0 0.000097302055409476
19 0 0.000106228709658152
20 0 0.0000858738805041837
21 0 0.0000899611648832455
22 0 0.000100722445497969
23 0 0.0000871250704894688
24 0 0.000100221892567864
25 0 0.000102724684782896
26 0 0.0000953833563428486
27 0 0.000099971617136374
28 0 0.0000781168869596893
29 0 0.000102474402460362
30 0 0.000106145278924719
31 0 0.000109732869613022
32 0 0.0000884596921228997
33 0 0.000128424004500527
34 0 0.000132346292990859
35 0 0.000133180844293479
36 0 0.000146952047146209
37 0 0.000135267256073268
38 0 0.000152127220278464
39 0 0.000160892298495363
40 0 0.000160808817573299
41 0 0.000205231501423930
42 0 0.000213416996021731
43 0 0.000201974213722256
44 0 0.000244829409016045
45 0 0.000303673349879463
46 0 0.000316801414753765
47 0 0.000367826551765704
48 0 0.000344067022138961
49 0 0.00040389601911206
50 0 0.000487890410297398
51 0 0.000483868969135104
52 0 0.000465020835772267
53 0 0.000618516428791627
54 0 0.000578671519425145
55 0 0.00070254159207983
56 0 0.000761514726814627
57 0 0.000830617436056613
58 0 0.000848363961697074
59 0 0.000990124146109661
60 0 0.00112459660344499
61 0 0.00114358210881760
62 0 0.00128276153869611
63 0 0.00143459878348728
64 0 0.00168918877712887
65 0 0.00177676040442543
66 0 0.00196399337642017
67 0 0.0023471475778557
68 0 0.00245718723594279
69 0 0.00276534046939236
70 0 0.00304498144360144
71 0 0.00351551677623063
72 0 0.00374223779309446
73 0 0.00422541084339956
74 0 0.00462125042430506
75 0 0.00521200883894923
76 0 0.00561822754020358
77 0 0.0062069901454781
78 0 0.00695065258049454
79 0 0.00760582005559263
80 0 0.00853973066957503
81 0 0.00872187973039318
82 0 0.00995132316115332
83 0 0.0116390778911695
84 0 0.0127422227616985
85 0 0.0138814452935906
86 0 0.0149309427236132
87 0 0.0155854527094659
88 0 0.0172852777794889
89 0 0.0200709762947875
90 0 0.0206364515673766
91 0 0.0243860764900559
92 0 0.0263540434598696
93 0 0.0278082582352188
94 0 0.031292970779893
95 0 0.0413098136787355
96 0 0.0441225285732414
97 0 0.0475131309908633
98 0 0.0461339384848430
99 0 0.0563034770741572
100 0 0.0833323845452959

death 1 F married
1 0 0.000742104810674604
2 0 0.0000458448912142861
3 0 0.0000393418450113092
4 0 0.0000323390847035698
5 0 0.0000290046265286614
6 0 0.0000265872208304874
7 0 0.0000278375950621967
8 0 0.0000221693696121905
9 0 0.0000159180602082865
10 0 0.000024753369733177
11 0 0.0000160014081727056
12 0 0.0000147511967291125
13 0 0.0000180851321208708
14 0 0.0000162514525247071
15 0 0.0000144178099145131
16 0 0.0000380913125346272
17 0 0.0000332560821442174
18 0 0.0000396753232437819
19 0 0.0000250034381590325
20 0 0.0000257536475638531
21 0 0.0000298382296060051
22 0 0.0000448443922874686
23 0 0.0000274208017406741
24 0 0.0000312553723809117
25 0 0.0000430101728537968
26 0 0.0000510976912450056
27 0 0.0000520148779317164
28 0 0.0000463451448070584
29 0 0.0000389249989409812
30 0 0.0000545163432041917
31 0 0.0000696099776699155
32 0 0.0000520982589984342
33 0 0.0000476791678465371
34 0 0.0000566009501808962
35 0 0.0000642727155337752
36 0 0.0000845392968351621
37 0 0.0000794513763400229
38 0 0.000106562433357715
39 0 0.0000860407048405287
40 0 0.0000900445807636707
41 0 0.000124418437745466
42 0 0.000124001201359247
43 0 0.0000907953271331863
44 0 0.000138104852951071
45 0 0.000166569181077159
46 0 0.000159974012569397
47 0 0.000195710526986748
48 0 0.000212080538386394
49 0 0.000231043369719131
50 0 0.000242740480764003
51 0 0.000268813745325613
52 0 0.000290547181114209
53 0 0.000377449255310913
54 0 0.000343481478364049
55 0 0.000379959693386556
56 0 0.00038640346857044
57 0 0.000470716748294797
58 0 0.000493922905770994
59 0 0.000545969810033187
60 0 0.00053465272924913
61 0 0.00063555021605688
62 0 0.000712451778823286
63 0 0.000803289521523642
64 0 0.000845672322430824
65 0 0.000922920419104023
66 0 0.00102374466697797
67 0 0.00118603962257691
68 0 0.00135471511589202
69 0 0.00147100978687087
70 0 0.00167891675304599
71 0 0.00189240622134601
72 0 0.00214222756189641
73 0 0.00242962200492314
74 0 0.00272145067790364
75 0 0.00332859992232182
76 0 0.00353293005714828
77 0 0.00419843710788104
78 0 0.00481279112803734
79 0 0.00532435021029110
80 0 0.00574696670458208
81 0 0.00642750535180725
82 0 0.00717254255631816
83 0 0.00776402486856942
84 0 0.00932660458848844
85 0 0.0104973550349459
86 0 0.011975155939561
87 0 0.0132660497479317
88 0 0.0141724998417991
89 0 0.0155600001262954
90 0 0.0175446979727855
91 0 0.0206691607604166
92 0 0.0204868972755526
93 0 0.0246014004419022
94 0 0.0267565106624766
95 0 0.0324923185737308
96 0 0.0374471778563278
97 0 0.0421356155714093
98 0 0.0441348501863076
99 0 0.0400550851942039
100 0 0.0368111403704193

death 1 F single
1 0 0.000742104810674604
2 0 0.0000458448912142861
3 0 0.0000393418450113092
4 0 0.0000323390847035698
5 0 0.0000290046265286614
6 0 0.0000265872208304874
7 0 0.0000278375950621967
8 0 0.0000221693696121905
9 0 0.0000159180602082865
10 0 0.000024753369733177
11 0 0.0000160014081727056
12 0 0.0000147511967291125
13 0 0.0000180851321208708
14 0 0.0000162514525247071
15 0 0.0000144178099145131
16 0 0.0000380913125346272
17 0 0.0000332560821442174
18 0 0.0000396753232437819
19 0 0.0000250034381590325
20 0 0.0000257536475638531
21 0 0.0000298382296060051
22 0 0.0000448443922874686
23 0 0.0000274208017406741
24 0 0.0000312553723809117
25 0 0.0000430101728537968
26 0 0.0000510976912450056
27 0 0.0000520148779317164
28 0 0.0000463451448070584
29 0 0.0000389249989409812
30 0 0.0000545163432041917
31 0 0.0000696099776699155
32 0 0.0000520982589984342
33 0 0.0000476791678465371
34 0 0.0000566009501808962
35 0 0.0000642727155337752
36 0 0.0000845392968351621
37 0 0.0000794513763400229
38 0 0.000106562433357715
39 0 0.0000860407048405287
40 0 0.0000900445807636707
41 0 0.000124418437745466
42 0 0.000124001201359247
43 0 0.0000907953271331863
44 0 0.000138104852951071
45 0 0.000166569181077159
46 0 0.000159974012569397
47 0 0.000195710526986748
48 0 0.000212080538386394
49 0 0.000231043369719131
50 0 0.000242740480764003
51 0 0.000268813745325613
52 0 0.000290547181114209
53 0 0.000377449255310913
54 0 0.000343481478364049
55 0 0.000379959693386556
56 0 0.00038640346857044
57 0 0.000470716748294797
58 0 0.000493922905770994
59 0 0.000545969810033187
60 0 0.00053465272924913
61 0 0.00063555021605688
62 0 0.000712451778823286
63 0 0.000803289521523642
64 0 0.000845672322430824
65 0 0.000922920419104023
66 0 0.00102374466697797
67 0 0.00118603962257691
68 0 0.00135471511589202
69 0 0.00147100978687087
70 0 0.00167891675304599
71 0 0.00189240622134601
72 0 0.00214222756189641
73 0 0.00242962200492314
74 0 0.00272145067790364
75 0 0.00332859992232182
76 0 0.00353293005714828
77 0 0.00419843710788104
78 0 0.00481279112803734
79 0 0.00532435021029110
80 0 0.00574696670458208
81 0 0.00642750535180725
82 0 0.00717254255631816
83 0 0.00776402486856942
84 0 0.00932660458848844
85 0 0.0104973550349459
86 0 0.011975155939561
87 0 0.0132660497479317
88 0 0.0141724998417991
89 0 0.0155600001262954
90 0 0.0175446979727855
91 0 0.0206691607604166
92 0 0.0204868972755526
93 0 0.0246014004419022
94 0 0.0267565106624766
95 0 0.0324923185737308
96 0 0.0374471778563278
97 0 0.0421356155714093
98 0 0.0441348501863076
99 0 0.0400550851942039
100 0 0.0368111403704193

death 1 F divorced
1 0 0.000742104810674604
2 0 0.0000458448912142861
3 0 0.0000393418450113092
4 0 0.0000323390847035698
5 0 0.0000290046265286614
6 0 0.0000265872208304874
7 0 0.0000278375950621967
8 0 0.0000221693696121905
9 0 0.0000159180602082865
10 0 0.000024753369733177
11 0 0.0000160014081727056
12 0 0.0000147511967291125
13 0 0.0000180851321208708
14 0 0.0000162514525247071
15 0 0.0000144178099145131
16 0 0.0000380913125346272
17 0 0.0000332560821442174
18 0 0.0000396753232437819
19 0 0.0000250034381590325
20 0 0.0000257536475638531
21 0 0.0000298382296060051
22 0 0.0000448443922874686
23 0 0.0000274208017406741
24 0 0.0000312553723809117
25 0 0.0000430101728537968
26 0 0.0000510976912450056
27 0 0.0000520148779317164
28 0 0.0000463451448070584
29 0 0.0000389249989409812
30 0 0.0000545163432041917
31 0 0.0000696099776699155
32 0 0.0000520982589984342
33 0 0.0000476791678465371
34 0 0.0000566009501808962
35 0 0.0000642727155337752
36 0 0.0000845392968351621
37 0 0.0000794513763400229
38 0 0.000106562433357715
39 0 0.0000860407048405287
40 0 0.0000900445807636707
41 0 0.000124418437745466
42 0 0.000124001201359247
43 0 0.0000907953271331863
44 0 0.000138104852951071
45 0 0.000166569181077159
46 0 0.000159974012569397
47 0 0.000195710526986748
48 0 0.000212080538386394
49 0 0.000231043369719131
50 0 0.000242740480764003
51 0 0.000268813745325613
52 0 0.000290547181114209
53 0 0.000377449255310913
54 0 0.000343481478364049
55 0 0.000379959693386556
56 0 0.00038640346857044
57 0 0.000470716748294797
58 0 0.000493922905770994
59 0 0.000545969810033187
60 0 0.00053465272924913
61 0 0.00063555021605688
62 0 0.000712451778823286
63 0 0.000803289521523642
64 0 0.000845672322430824
65 0 0.000922920419104023
66 0 0.00102374466697797
67 0 0.00118603962257691
68 0 0.00135471511589202
69 0 0.00147100978687087
70 0 0.00167891675304599
71 0 0.00189240622134601
72 0 0.00214222756189641
73 0 0.00242962200492314
74 0 0.00272145067790364
75 0 0.00332859992232182
76 0 0.00353293005714828
77 0 0.00419843710788104
78 0 0.00481279112803734
79 0 0.00532435021029110
80 0 0.00574696670458208
81 0 0.00642750535180725
82 0 0.00717254255631816
83 0 0.00776402486856942
84 0 0.00932660458848844
85 0 0.0104973550349459
86 0 0.011975155939561
87 0 0.0132660497479317
88 0 0.0141724998417991
89 0 0.0155600001262954
90 0 0.0175446979727855
91 0 0.0206691607604166
92 0 0.0204868972755526
93 0 0.0246014004419022
94 0 0.0267565106624766
95 0 0.0324923185737308
96 0 0.0374471778563278
97 0 0.0421356155714093
98 0 0.0441348501863076
99 0 0.0400550851942039
100 0 0.0368111403704193

death 1 F widowed
1 0 0.000742104810674604
2 0 0.0000458448912142861
3 0 0.0000393418450113092
4 0 0.0000323390847035698
5 0 0.0000290046265286614
6 0 0.0000265872208304874
7 0 0.0000278375950621967
8 0 0.0000221693696121905
9 0 0.0000159180602082865
10 0 0.000024753369733177
11 0 0.0000160014081727056
12 0 0.0000147511967291125
13 0 0.0000180851321208708
14 0 0.0000162514525247071
15 0 0.0000144178099145131
16 0 0.0000380913125346272
17 0 0.0000332560821442174
18 0 0.0000396753232437819
19 0 0.0000250034381590325
20 0 0.0000257536475638531
21 0 0.0000298382296060051
22 0 0.0000448443922874686
23 0 0.0000274208017406741
24 0 0.0000312553723809117
25 0 0.0000430101728537968
26 0 0.0000510976912450056
27 0 0.0000520148779317164
28 0 0.0000463451448070584
29 0 0.0000389249989409812
30 0 0.0000545163432041917
31 0 0.0000696099776699155
32 0 0.0000520982589984342
33 0 0.0000476791678465371
34 0 0.0000566009501808962
35 0 0.0000642727155337752
36 0 0.0000845392968351621
37 0 0.0000794513763400229
38 0 0.000106562433357715
39 0 0.0000860407048405287
40 0 0.0000900445807636707
41 0 0.000124418437745466
42 0 0.000124001201359247
43 0 0.0000907953271331863
44 0 0.000138104852951071
45 0 0.000166569181077159
46 0 0.000159974012569397
47 0 0.000195710526986748
48 0 0.000212080538386394
49 0 0.000231043369719131
50 0 0.000242740480764003
51 0 0.000268813745325613
52 0 0.000290547181114209
53 0 0.000377449255310913
54 0 0.000343481478364049
55 0 0.000379959693386556
56 0 0.00038640346857044
57 0 0.000470716748294797
58 0 0.000493922905770994
59 0 0.000545969810033187
60 0 0.00053465272924913
61 0 0.00063555021605688
62 0 0.000712451778823286
63 0 0.000803289521523642
64 0 0.000845672322430824
65 0 0.000922920419104023
66 0 0.00102374466697797
67 0 0.00118603962257691
68 0 0.00135471511589202
69 0 0.00147100978687087
70 0 0.00167891675304599
71 0 0.00189240622134601
72 0 0.00214222756189641
73 0 0.00242962200492314
74 0 0.00272145067790364
75 0 0.00332859992232182
76 0 0.00353293005714828
77 0 0.00419843710788104
78 0 0.00481279112803734
79 0 0.00532435021029110
80 0 0.00574696670458208
81 0 0.00642750535180725
82 0 0.00717254255631816
83 0 0.00776402486856942
84 0 0.00932660458848844
85 0 0.0104973550349459
86 0 0.011975155939561
87 0 0.0132660497479317
88 0 0.0141724998417991
89 0 0.0155600001262954
90 0 0.0175446979727855
91 0 0.0206691607604166
92 0 0.0204868972755526
93 0 0.0246014004419022
94 0 0.0267565106624766
95 0 0.0324923185737308
96 0 0.0374471778563278
97 0 0.0421356155714093
98 0 0.0441348501863076
99 0 0.0400550851942039
100 0 0.0368111403704193
