*Period monthly mortality rates for SWE in 1914 
* Mon Dec 20 14:20:41 2010
death 1 M married
1 0 0.00734489908359603
2 0 0.00139177104280230
3 0 0.000570536917617326
4 0 0.000451703845377405
5 0 0.000339633713126619
6 0 0.000314209098817408
7 0 0.000291801191762642
8 0 0.000270819690914359
9 0 0.000212414650952897
10 0 0.000222020912528431
11 0 0.00020899005536934
12 0 0.000213667584016197
13 0 0.000185689525966759
14 0 0.000190115331859864
15 0 0.000231878827728793
16 0 0.000241654257046808
17 0 0.000305178382093207
18 0 0.000387993561304478
19 0 0.000433950893530155
20 0 0.000477502051261736
21 0 0.000442575715238203
22 0 0.000516464523162341
23 0 0.000510011518642495
24 0 0.000548149557853539
25 0 0.000513447476991447
26 0 0.000538508761416812
27 0 0.000513028450724096
28 0 0.000461921739236981
29 0 0.000472727155610642
30 0 0.000538173447775292
31 0 0.000478172232134644
32 0 0.000510346728371469
33 0 0.000467366168276251
34 0 0.000496101405342952
35 0 0.00055016167917954
36 0 0.00055343147137421
37 0 0.000500290974403739
38 0 0.00053582628693305
39 0 0.000539179392412104
40 0 0.000565505569713021
41 0 0.000572549534794575
42 0 0.000595110669758481
43 0 0.000582193944105636
44 0 0.000672061946616287
45 0 0.000604589695113456
46 0 0.00059360082782578
47 0 0.000778239149403004
48 0 0.000773952697396996
49 0 0.000812117641064924
50 0 0.000825235288893333
51 0 0.000944895113591637
52 0 0.000957105574954875
53 0 0.00111000155819463
54 0 0.00105779918377846
55 0 0.00116181192922415
56 0 0.00111472570914295
57 0 0.00134693360096472
58 0 0.00132604522351809
59 0 0.00161815731850523
60 0 0.00148337591467185
61 0 0.00159313557944663
62 0 0.00184026232511048
63 0 0.00205004077564030
64 0 0.00207535935833669
65 0 0.00243561373374512
66 0 0.00244554375601547
67 0 0.00268934127775455
68 0 0.00283512689018206
69 0 0.00331157158629136
70 0 0.00337347670385268
71 0 0.00396282439459272
72 0 0.00463615883811863
73 0 0.00522966333262753
74 0 0.00555760354951684
75 0 0.00560501797302848
76 0 0.00610932428031796
77 0 0.0071477409274946
78 0 0.00794470291096638
79 0 0.00880477992099638
80 0 0.0106918592516698
81 0 0.0110545375735629
82 0 0.0122262056341205
83 0 0.0126866800945407
84 0 0.0158261738817063
85 0 0.016588301859907
86 0 0.0205630045206487
87 0 0.0216285060422845
88 0 0.023963519136026
89 0 0.0248754979006873
90 0 0.0288909630788347
91 0 0.035947523208812
92 0 0.0329520453044978
93 0 0.0421850038620345
94 0 0.0391131041623204
95 0 0.0424129005293749
96 0 0.0504372701865091
97 0 0.0801449208496126
98 0 0.165075280393190
99 0 0.060368877732838
100 0 0.0435309604663665

death 1 M single
1 0 0.00734489908359603
2 0 0.00139177104280230
3 0 0.000570536917617326
4 0 0.000451703845377405
5 0 0.000339633713126619
6 0 0.000314209098817408
7 0 0.000291801191762642
8 0 0.000270819690914359
9 0 0.000212414650952897
10 0 0.000222020912528431
11 0 0.00020899005536934
12 0 0.000213667584016197
13 0 0.000185689525966759
14 0 0.000190115331859864
15 0 0.000231878827728793
16 0 0.000241654257046808
17 0 0.000305178382093207
18 0 0.000387993561304478
19 0 0.000433950893530155
20 0 0.000477502051261736
21 0 0.000442575715238203
22 0 0.000516464523162341
23 0 0.000510011518642495
24 0 0.000548149557853539
25 0 0.000513447476991447
26 0 0.000538508761416812
27 0 0.000513028450724096
28 0 0.000461921739236981
29 0 0.000472727155610642
30 0 0.000538173447775292
31 0 0.000478172232134644
32 0 0.000510346728371469
33 0 0.000467366168276251
34 0 0.000496101405342952
35 0 0.00055016167917954
36 0 0.00055343147137421
37 0 0.000500290974403739
38 0 0.00053582628693305
39 0 0.000539179392412104
40 0 0.000565505569713021
41 0 0.000572549534794575
42 0 0.000595110669758481
43 0 0.000582193944105636
44 0 0.000672061946616287
45 0 0.000604589695113456
46 0 0.00059360082782578
47 0 0.000778239149403004
48 0 0.000773952697396996
49 0 0.000812117641064924
50 0 0.000825235288893333
51 0 0.000944895113591637
52 0 0.000957105574954875
53 0 0.00111000155819463
54 0 0.00105779918377846
55 0 0.00116181192922415
56 0 0.00111472570914295
57 0 0.00134693360096472
58 0 0.00132604522351809
59 0 0.00161815731850523
60 0 0.00148337591467185
61 0 0.00159313557944663
62 0 0.00184026232511048
63 0 0.00205004077564030
64 0 0.00207535935833669
65 0 0.00243561373374512
66 0 0.00244554375601547
67 0 0.00268934127775455
68 0 0.00283512689018206
69 0 0.00331157158629136
70 0 0.00337347670385268
71 0 0.00396282439459272
72 0 0.00463615883811863
73 0 0.00522966333262753
74 0 0.00555760354951684
75 0 0.00560501797302848
76 0 0.00610932428031796
77 0 0.0071477409274946
78 0 0.00794470291096638
79 0 0.00880477992099638
80 0 0.0106918592516698
81 0 0.0110545375735629
82 0 0.0122262056341205
83 0 0.0126866800945407
84 0 0.0158261738817063
85 0 0.016588301859907
86 0 0.0205630045206487
87 0 0.0216285060422845
88 0 0.023963519136026
89 0 0.0248754979006873
90 0 0.0288909630788347
91 0 0.035947523208812
92 0 0.0329520453044978
93 0 0.0421850038620345
94 0 0.0391131041623204
95 0 0.0424129005293749
96 0 0.0504372701865091
97 0 0.0801449208496126
98 0 0.165075280393190
99 0 0.060368877732838
100 0 0.0435309604663665

death 1 M divorced
1 0 0.00734489908359603
2 0 0.00139177104280230
3 0 0.000570536917617326
4 0 0.000451703845377405
5 0 0.000339633713126619
6 0 0.000314209098817408
7 0 0.000291801191762642
8 0 0.000270819690914359
9 0 0.000212414650952897
10 0 0.000222020912528431
11 0 0.00020899005536934
12 0 0.000213667584016197
13 0 0.000185689525966759
14 0 0.000190115331859864
15 0 0.000231878827728793
16 0 0.000241654257046808
17 0 0.000305178382093207
18 0 0.000387993561304478
19 0 0.000433950893530155
20 0 0.000477502051261736
21 0 0.000442575715238203
22 0 0.000516464523162341
23 0 0.000510011518642495
24 0 0.000548149557853539
25 0 0.000513447476991447
26 0 0.000538508761416812
27 0 0.000513028450724096
28 0 0.000461921739236981
29 0 0.000472727155610642
30 0 0.000538173447775292
31 0 0.000478172232134644
32 0 0.000510346728371469
33 0 0.000467366168276251
34 0 0.000496101405342952
35 0 0.00055016167917954
36 0 0.00055343147137421
37 0 0.000500290974403739
38 0 0.00053582628693305
39 0 0.000539179392412104
40 0 0.000565505569713021
41 0 0.000572549534794575
42 0 0.000595110669758481
43 0 0.000582193944105636
44 0 0.000672061946616287
45 0 0.000604589695113456
46 0 0.00059360082782578
47 0 0.000778239149403004
48 0 0.000773952697396996
49 0 0.000812117641064924
50 0 0.000825235288893333
51 0 0.000944895113591637
52 0 0.000957105574954875
53 0 0.00111000155819463
54 0 0.00105779918377846
55 0 0.00116181192922415
56 0 0.00111472570914295
57 0 0.00134693360096472
58 0 0.00132604522351809
59 0 0.00161815731850523
60 0 0.00148337591467185
61 0 0.00159313557944663
62 0 0.00184026232511048
63 0 0.00205004077564030
64 0 0.00207535935833669
65 0 0.00243561373374512
66 0 0.00244554375601547
67 0 0.00268934127775455
68 0 0.00283512689018206
69 0 0.00331157158629136
70 0 0.00337347670385268
71 0 0.00396282439459272
72 0 0.00463615883811863
73 0 0.00522966333262753
74 0 0.00555760354951684
75 0 0.00560501797302848
76 0 0.00610932428031796
77 0 0.0071477409274946
78 0 0.00794470291096638
79 0 0.00880477992099638
80 0 0.0106918592516698
81 0 0.0110545375735629
82 0 0.0122262056341205
83 0 0.0126866800945407
84 0 0.0158261738817063
85 0 0.016588301859907
86 0 0.0205630045206487
87 0 0.0216285060422845
88 0 0.023963519136026
89 0 0.0248754979006873
90 0 0.0288909630788347
91 0 0.035947523208812
92 0 0.0329520453044978
93 0 0.0421850038620345
94 0 0.0391131041623204
95 0 0.0424129005293749
96 0 0.0504372701865091
97 0 0.0801449208496126
98 0 0.165075280393190
99 0 0.060368877732838
100 0 0.0435309604663665

death 1 M widowed
1 0 0.00734489908359603
2 0 0.00139177104280230
3 0 0.000570536917617326
4 0 0.000451703845377405
5 0 0.000339633713126619
6 0 0.000314209098817408
7 0 0.000291801191762642
8 0 0.000270819690914359
9 0 0.000212414650952897
10 0 0.000222020912528431
11 0 0.00020899005536934
12 0 0.000213667584016197
13 0 0.000185689525966759
14 0 0.000190115331859864
15 0 0.000231878827728793
16 0 0.000241654257046808
17 0 0.000305178382093207
18 0 0.000387993561304478
19 0 0.000433950893530155
20 0 0.000477502051261736
21 0 0.000442575715238203
22 0 0.000516464523162341
23 0 0.000510011518642495
24 0 0.000548149557853539
25 0 0.000513447476991447
26 0 0.000538508761416812
27 0 0.000513028450724096
28 0 0.000461921739236981
29 0 0.000472727155610642
30 0 0.000538173447775292
31 0 0.000478172232134644
32 0 0.000510346728371469
33 0 0.000467366168276251
34 0 0.000496101405342952
35 0 0.00055016167917954
36 0 0.00055343147137421
37 0 0.000500290974403739
38 0 0.00053582628693305
39 0 0.000539179392412104
40 0 0.000565505569713021
41 0 0.000572549534794575
42 0 0.000595110669758481
43 0 0.000582193944105636
44 0 0.000672061946616287
45 0 0.000604589695113456
46 0 0.00059360082782578
47 0 0.000778239149403004
48 0 0.000773952697396996
49 0 0.000812117641064924
50 0 0.000825235288893333
51 0 0.000944895113591637
52 0 0.000957105574954875
53 0 0.00111000155819463
54 0 0.00105779918377846
55 0 0.00116181192922415
56 0 0.00111472570914295
57 0 0.00134693360096472
58 0 0.00132604522351809
59 0 0.00161815731850523
60 0 0.00148337591467185
61 0 0.00159313557944663
62 0 0.00184026232511048
63 0 0.00205004077564030
64 0 0.00207535935833669
65 0 0.00243561373374512
66 0 0.00244554375601547
67 0 0.00268934127775455
68 0 0.00283512689018206
69 0 0.00331157158629136
70 0 0.00337347670385268
71 0 0.00396282439459272
72 0 0.00463615883811863
73 0 0.00522966333262753
74 0 0.00555760354951684
75 0 0.00560501797302848
76 0 0.00610932428031796
77 0 0.0071477409274946
78 0 0.00794470291096638
79 0 0.00880477992099638
80 0 0.0106918592516698
81 0 0.0110545375735629
82 0 0.0122262056341205
83 0 0.0126866800945407
84 0 0.0158261738817063
85 0 0.016588301859907
86 0 0.0205630045206487
87 0 0.0216285060422845
88 0 0.023963519136026
89 0 0.0248754979006873
90 0 0.0288909630788347
91 0 0.035947523208812
92 0 0.0329520453044978
93 0 0.0421850038620345
94 0 0.0391131041623204
95 0 0.0424129005293749
96 0 0.0504372701865091
97 0 0.0801449208496126
98 0 0.165075280393190
99 0 0.060368877732838
100 0 0.0435309604663665

death 1 F married
1 0 0.00577556085181341
2 0 0.00130642974706785
3 0 0.0005732204170944
4 0 0.000461670465771946
5 0 0.000358288529481166
6 0 0.000296733801531279
7 0 0.000243910274670078
8 0 0.00025594331452361
9 0 0.000217677085889934
10 0 0.000198967590218313
11 0 0.000227534529938289
12 0 0.000216173501959571
13 0 0.000218930091499647
14 0 0.000252684208918663
15 0 0.000281936775296865
16 0 0.000332022309613156
17 0 0.000358288529481166
18 0 0.000346158280704945
19 0 0.000379624964302883
20 0 0.000413103977328411
21 0 0.00040389601911206
22 0 0.000403142682003366
23 0 0.00048093678048533
24 0 0.000409002135245085
25 0 0.000448521457360518
26 0 0.00046954403123467
27 0 0.000460665378860137
28 0 0.000459911570971916
29 0 0.000457566430865142
30 0 0.00049300124859808
31 0 0.000560390651615061
32 0 0.00046116792092632
33 0 0.000507497485092268
34 0 0.000464518272397019
35 0 0.000505151116535041
36 0 0.00048395274734403
37 0 0.000474318759615011
38 0 0.000578839250837127
39 0 0.000543454781371966
40 0 0.000506491891148486
41 0 0.000495179726072825
42 0 0.000575233093716654
43 0 0.00063764819399903
44 0 0.000606603066771738
45 0 0.000600395314121926
46 0 0.000596536654622892
47 0 0.000619271553677914
48 0 0.000607525877026505
49 0 0.000701113942402243
50 0 0.000656700051167136
51 0 0.000743869177139422
52 0 0.000734627637908103
53 0 0.000838186620103931
54 0 0.000799001887300976
55 0 0.00103419568523511
56 0 0.000904065149801236
57 0 0.000991893336949046
58 0 0.00101641281558307
59 0 0.00111194180473584
60 0 0.00121973276994791
61 0 0.00133670023256216
62 0 0.00147609155330219
63 0 0.00173028850376078
64 0 0.00167085275539636
65 0 0.00178092449681999
66 0 0.00207339840758436
67 0 0.00244511571538997
68 0 0.00267517898029090
69 0 0.00282592782255620
70 0 0.00312110702753887
71 0 0.00328573266139431
72 0 0.00386468091519265
73 0 0.00405610704703008
74 0 0.00456830156421106
75 0 0.00515227394282047
76 0 0.00565227988881878
77 0 0.00650492047356255
78 0 0.00749658128082642
79 0 0.00741324661642662
80 0 0.00968019377837703
81 0 0.0107657986776973
82 0 0.0111136972130379
83 0 0.0121630675271673
84 0 0.0136054769045060
85 0 0.0157732529357624
86 0 0.0190954089752053
87 0 0.0187532135681558
88 0 0.0202384056254165
89 0 0.0227867839896451
90 0 0.0263016289782576
91 0 0.0254333290983586
92 0 0.0329018223062825
93 0 0.0302383755403008
94 0 0.0420053862874502
95 0 0.0554280185326499
96 0 0.0407589848323918
97 0 0.0470311825383506
98 0 0.0766402821315635
99 0 0.0778625193226734
100 0 0.0765383777780408

death 1 F single
1 0 0.00577556085181341
2 0 0.00130642974706785
3 0 0.0005732204170944
4 0 0.000461670465771946
5 0 0.000358288529481166
6 0 0.000296733801531279
7 0 0.000243910274670078
8 0 0.00025594331452361
9 0 0.000217677085889934
10 0 0.000198967590218313
11 0 0.000227534529938289
12 0 0.000216173501959571
13 0 0.000218930091499647
14 0 0.000252684208918663
15 0 0.000281936775296865
16 0 0.000332022309613156
17 0 0.000358288529481166
18 0 0.000346158280704945
19 0 0.000379624964302883
20 0 0.000413103977328411
21 0 0.00040389601911206
22 0 0.000403142682003366
23 0 0.00048093678048533
24 0 0.000409002135245085
25 0 0.000448521457360518
26 0 0.00046954403123467
27 0 0.000460665378860137
28 0 0.000459911570971916
29 0 0.000457566430865142
30 0 0.00049300124859808
31 0 0.000560390651615061
32 0 0.00046116792092632
33 0 0.000507497485092268
34 0 0.000464518272397019
35 0 0.000505151116535041
36 0 0.00048395274734403
37 0 0.000474318759615011
38 0 0.000578839250837127
39 0 0.000543454781371966
40 0 0.000506491891148486
41 0 0.000495179726072825
42 0 0.000575233093716654
43 0 0.00063764819399903
44 0 0.000606603066771738
45 0 0.000600395314121926
46 0 0.000596536654622892
47 0 0.000619271553677914
48 0 0.000607525877026505
49 0 0.000701113942402243
50 0 0.000656700051167136
51 0 0.000743869177139422
52 0 0.000734627637908103
53 0 0.000838186620103931
54 0 0.000799001887300976
55 0 0.00103419568523511
56 0 0.000904065149801236
57 0 0.000991893336949046
58 0 0.00101641281558307
59 0 0.00111194180473584
60 0 0.00121973276994791
61 0 0.00133670023256216
62 0 0.00147609155330219
63 0 0.00173028850376078
64 0 0.00167085275539636
65 0 0.00178092449681999
66 0 0.00207339840758436
67 0 0.00244511571538997
68 0 0.00267517898029090
69 0 0.00282592782255620
70 0 0.00312110702753887
71 0 0.00328573266139431
72 0 0.00386468091519265
73 0 0.00405610704703008
74 0 0.00456830156421106
75 0 0.00515227394282047
76 0 0.00565227988881878
77 0 0.00650492047356255
78 0 0.00749658128082642
79 0 0.00741324661642662
80 0 0.00968019377837703
81 0 0.0107657986776973
82 0 0.0111136972130379
83 0 0.0121630675271673
84 0 0.0136054769045060
85 0 0.0157732529357624
86 0 0.0190954089752053
87 0 0.0187532135681558
88 0 0.0202384056254165
89 0 0.0227867839896451
90 0 0.0263016289782576
91 0 0.0254333290983586
92 0 0.0329018223062825
93 0 0.0302383755403008
94 0 0.0420053862874502
95 0 0.0554280185326499
96 0 0.0407589848323918
97 0 0.0470311825383506
98 0 0.0766402821315635
99 0 0.0778625193226734
100 0 0.0765383777780408

death 1 F divorced
1 0 0.00577556085181341
2 0 0.00130642974706785
3 0 0.0005732204170944
4 0 0.000461670465771946
5 0 0.000358288529481166
6 0 0.000296733801531279
7 0 0.000243910274670078
8 0 0.00025594331452361
9 0 0.000217677085889934
10 0 0.000198967590218313
11 0 0.000227534529938289
12 0 0.000216173501959571
13 0 0.000218930091499647
14 0 0.000252684208918663
15 0 0.000281936775296865
16 0 0.000332022309613156
17 0 0.000358288529481166
18 0 0.000346158280704945
19 0 0.000379624964302883
20 0 0.000413103977328411
21 0 0.00040389601911206
22 0 0.000403142682003366
23 0 0.00048093678048533
24 0 0.000409002135245085
25 0 0.000448521457360518
26 0 0.00046954403123467
27 0 0.000460665378860137
28 0 0.000459911570971916
29 0 0.000457566430865142
30 0 0.00049300124859808
31 0 0.000560390651615061
32 0 0.00046116792092632
33 0 0.000507497485092268
34 0 0.000464518272397019
35 0 0.000505151116535041
36 0 0.00048395274734403
37 0 0.000474318759615011
38 0 0.000578839250837127
39 0 0.000543454781371966
40 0 0.000506491891148486
41 0 0.000495179726072825
42 0 0.000575233093716654
43 0 0.00063764819399903
44 0 0.000606603066771738
45 0 0.000600395314121926
46 0 0.000596536654622892
47 0 0.000619271553677914
48 0 0.000607525877026505
49 0 0.000701113942402243
50 0 0.000656700051167136
51 0 0.000743869177139422
52 0 0.000734627637908103
53 0 0.000838186620103931
54 0 0.000799001887300976
55 0 0.00103419568523511
56 0 0.000904065149801236
57 0 0.000991893336949046
58 0 0.00101641281558307
59 0 0.00111194180473584
60 0 0.00121973276994791
61 0 0.00133670023256216
62 0 0.00147609155330219
63 0 0.00173028850376078
64 0 0.00167085275539636
65 0 0.00178092449681999
66 0 0.00207339840758436
67 0 0.00244511571538997
68 0 0.00267517898029090
69 0 0.00282592782255620
70 0 0.00312110702753887
71 0 0.00328573266139431
72 0 0.00386468091519265
73 0 0.00405610704703008
74 0 0.00456830156421106
75 0 0.00515227394282047
76 0 0.00565227988881878
77 0 0.00650492047356255
78 0 0.00749658128082642
79 0 0.00741324661642662
80 0 0.00968019377837703
81 0 0.0107657986776973
82 0 0.0111136972130379
83 0 0.0121630675271673
84 0 0.0136054769045060
85 0 0.0157732529357624
86 0 0.0190954089752053
87 0 0.0187532135681558
88 0 0.0202384056254165
89 0 0.0227867839896451
90 0 0.0263016289782576
91 0 0.0254333290983586
92 0 0.0329018223062825
93 0 0.0302383755403008
94 0 0.0420053862874502
95 0 0.0554280185326499
96 0 0.0407589848323918
97 0 0.0470311825383506
98 0 0.0766402821315635
99 0 0.0778625193226734
100 0 0.0765383777780408

death 1 F widowed
1 0 0.00577556085181341
2 0 0.00130642974706785
3 0 0.0005732204170944
4 0 0.000461670465771946
5 0 0.000358288529481166
6 0 0.000296733801531279
7 0 0.000243910274670078
8 0 0.00025594331452361
9 0 0.000217677085889934
10 0 0.000198967590218313
11 0 0.000227534529938289
12 0 0.000216173501959571
13 0 0.000218930091499647
14 0 0.000252684208918663
15 0 0.000281936775296865
16 0 0.000332022309613156
17 0 0.000358288529481166
18 0 0.000346158280704945
19 0 0.000379624964302883
20 0 0.000413103977328411
21 0 0.00040389601911206
22 0 0.000403142682003366
23 0 0.00048093678048533
24 0 0.000409002135245085
25 0 0.000448521457360518
26 0 0.00046954403123467
27 0 0.000460665378860137
28 0 0.000459911570971916
29 0 0.000457566430865142
30 0 0.00049300124859808
31 0 0.000560390651615061
32 0 0.00046116792092632
33 0 0.000507497485092268
34 0 0.000464518272397019
35 0 0.000505151116535041
36 0 0.00048395274734403
37 0 0.000474318759615011
38 0 0.000578839250837127
39 0 0.000543454781371966
40 0 0.000506491891148486
41 0 0.000495179726072825
42 0 0.000575233093716654
43 0 0.00063764819399903
44 0 0.000606603066771738
45 0 0.000600395314121926
46 0 0.000596536654622892
47 0 0.000619271553677914
48 0 0.000607525877026505
49 0 0.000701113942402243
50 0 0.000656700051167136
51 0 0.000743869177139422
52 0 0.000734627637908103
53 0 0.000838186620103931
54 0 0.000799001887300976
55 0 0.00103419568523511
56 0 0.000904065149801236
57 0 0.000991893336949046
58 0 0.00101641281558307
59 0 0.00111194180473584
60 0 0.00121973276994791
61 0 0.00133670023256216
62 0 0.00147609155330219
63 0 0.00173028850376078
64 0 0.00167085275539636
65 0 0.00178092449681999
66 0 0.00207339840758436
67 0 0.00244511571538997
68 0 0.00267517898029090
69 0 0.00282592782255620
70 0 0.00312110702753887
71 0 0.00328573266139431
72 0 0.00386468091519265
73 0 0.00405610704703008
74 0 0.00456830156421106
75 0 0.00515227394282047
76 0 0.00565227988881878
77 0 0.00650492047356255
78 0 0.00749658128082642
79 0 0.00741324661642662
80 0 0.00968019377837703
81 0 0.0107657986776973
82 0 0.0111136972130379
83 0 0.0121630675271673
84 0 0.0136054769045060
85 0 0.0157732529357624
86 0 0.0190954089752053
87 0 0.0187532135681558
88 0 0.0202384056254165
89 0 0.0227867839896451
90 0 0.0263016289782576
91 0 0.0254333290983586
92 0 0.0329018223062825
93 0 0.0302383755403008
94 0 0.0420053862874502
95 0 0.0554280185326499
96 0 0.0407589848323918
97 0 0.0470311825383506
98 0 0.0766402821315635
99 0 0.0778625193226734
100 0 0.0765383777780408
