*Period monthly mortality rates for SWE in 2039 
* Mon Dec 20 14:21:52 2010
death 1 M married
1 0 0.000220266649856748
2 0 0.0000225027848553827
3 0 0.00000750030939278279
4 0 0.00000500013750526218
5 0 0.00000416676215586609
6 0 0.00000416676215586609
7 0 0.00000416676215586609
8 0 0.00000333339444602565
9 0 0.00000333339444602565
10 0 0.00000333339444602565
11 0 0.00000416676215586609
12 0 0.00000416676215586609
13 0 0.00000416676215586609
14 0 0.00000583352049443597
15 0 0.00000583352049443597
16 0 0.00000833371530217786
17 0 0.0000116674153447516
18 0 0.0000150012376423092
19 0 0.0000191686874497776
20 0 0.0000266705785775256
21 0 0.0000308385633891461
22 0 0.0000325058108229248
23 0 0.0000341730888351321
24 0 0.0000325058108229248
25 0 0.0000325058108229248
26 0 0.0000316721832838152
27 0 0.0000316721832838152
28 0 0.0000300049511388067
29 0 0.0000291713465325749
30 0 0.0000291713465325749
31 0 0.0000300049511388067
32 0 0.0000283377495704507
33 0 0.0000291713465325749
34 0 0.0000308385633891461
35 0 0.0000316721832838152
36 0 0.0000341730888351321
37 0 0.0000366740631904117
38 0 0.0000383414176537977
39 0 0.0000416762183291786
40 0 0.0000458448912142861
41 0 0.0000483461867075707
42 0 0.0000525151654794387
43 0 0.0000591859292243813
44 0 0.000065857182524165
45 0 0.000070860943814588
46 0 0.0000783671022263066
47 0 0.000086708005247571
48 0 0.0000942154723914124
49 0 0.000105894987183719
50 0 0.000115072801694871
51 0 0.000125920504593591
52 0 0.000143446452102070
53 0 0.000156801823476993
54 0 0.000180178446304025
55 0 0.000193539216339467
56 0 0.000211913482563775
57 0 0.000235304285861493
58 0 0.000263715499549400
59 0 0.000277924437637966
60 0 0.000313038399728627
61 0 0.000335618827433160
62 0 0.00037242858720421
63 0 0.000414275966217681
64 0 0.000454467588553054
65 0 0.000513112255822956
66 0 0.000561732241618595
67 0 0.000617090098907869
68 0 0.000690113394445802
69 0 0.000756472791427876
70 0 0.000838859466989694
71 0 0.000935633099899524
72 0 0.00102913859073595
73 0 0.00115227457594336
74 0 0.00128656494180257
75 0 0.00144137181793869
76 0 0.00163546452256447
77 0 0.00180191783146044
78 0 0.00209138958869148
79 0 0.00238349894772105
80 0 0.00270745507599823
81 0 0.00311705343127489
82 0 0.00362906654926709
83 0 0.00425309128278428
84 0 0.00491311228515912
85 0 0.00583179871262762
86 0 0.00683896816914009
87 0 0.00805585236563178
88 0 0.00936975691101793
89 0 0.0110781779185606
90 0 0.0128773377503770
91 0 0.0150198770402657
92 0 0.0178029446028966
93 0 0.0210285992534133
94 0 0.0238936868398497
95 0 0.0276596229313939
96 0 0.0306715419819705
97 0 0.036040815136039
98 0 0.0405356301582235
99 0 0.0445921203212872
100 0 0.0501936192948673

death 1 M single
1 0 0.000220266649856748
2 0 0.0000225027848553827
3 0 0.00000750030939278279
4 0 0.00000500013750526218
5 0 0.00000416676215586609
6 0 0.00000416676215586609
7 0 0.00000416676215586609
8 0 0.00000333339444602565
9 0 0.00000333339444602565
10 0 0.00000333339444602565
11 0 0.00000416676215586609
12 0 0.00000416676215586609
13 0 0.00000416676215586609
14 0 0.00000583352049443597
15 0 0.00000583352049443597
16 0 0.00000833371530217786
17 0 0.0000116674153447516
18 0 0.0000150012376423092
19 0 0.0000191686874497776
20 0 0.0000266705785775256
21 0 0.0000308385633891461
22 0 0.0000325058108229248
23 0 0.0000341730888351321
24 0 0.0000325058108229248
25 0 0.0000325058108229248
26 0 0.0000316721832838152
27 0 0.0000316721832838152
28 0 0.0000300049511388067
29 0 0.0000291713465325749
30 0 0.0000291713465325749
31 0 0.0000300049511388067
32 0 0.0000283377495704507
33 0 0.0000291713465325749
34 0 0.0000308385633891461
35 0 0.0000316721832838152
36 0 0.0000341730888351321
37 0 0.0000366740631904117
38 0 0.0000383414176537977
39 0 0.0000416762183291786
40 0 0.0000458448912142861
41 0 0.0000483461867075707
42 0 0.0000525151654794387
43 0 0.0000591859292243813
44 0 0.000065857182524165
45 0 0.000070860943814588
46 0 0.0000783671022263066
47 0 0.000086708005247571
48 0 0.0000942154723914124
49 0 0.000105894987183719
50 0 0.000115072801694871
51 0 0.000125920504593591
52 0 0.000143446452102070
53 0 0.000156801823476993
54 0 0.000180178446304025
55 0 0.000193539216339467
56 0 0.000211913482563775
57 0 0.000235304285861493
58 0 0.000263715499549400
59 0 0.000277924437637966
60 0 0.000313038399728627
61 0 0.000335618827433160
62 0 0.00037242858720421
63 0 0.000414275966217681
64 0 0.000454467588553054
65 0 0.000513112255822956
66 0 0.000561732241618595
67 0 0.000617090098907869
68 0 0.000690113394445802
69 0 0.000756472791427876
70 0 0.000838859466989694
71 0 0.000935633099899524
72 0 0.00102913859073595
73 0 0.00115227457594336
74 0 0.00128656494180257
75 0 0.00144137181793869
76 0 0.00163546452256447
77 0 0.00180191783146044
78 0 0.00209138958869148
79 0 0.00238349894772105
80 0 0.00270745507599823
81 0 0.00311705343127489
82 0 0.00362906654926709
83 0 0.00425309128278428
84 0 0.00491311228515912
85 0 0.00583179871262762
86 0 0.00683896816914009
87 0 0.00805585236563178
88 0 0.00936975691101793
89 0 0.0110781779185606
90 0 0.0128773377503770
91 0 0.0150198770402657
92 0 0.0178029446028966
93 0 0.0210285992534133
94 0 0.0238936868398497
95 0 0.0276596229313939
96 0 0.0306715419819705
97 0 0.036040815136039
98 0 0.0405356301582235
99 0 0.0445921203212872
100 0 0.0501936192948673

death 1 M divorced
1 0 0.000220266649856748
2 0 0.0000225027848553827
3 0 0.00000750030939278279
4 0 0.00000500013750526218
5 0 0.00000416676215586609
6 0 0.00000416676215586609
7 0 0.00000416676215586609
8 0 0.00000333339444602565
9 0 0.00000333339444602565
10 0 0.00000333339444602565
11 0 0.00000416676215586609
12 0 0.00000416676215586609
13 0 0.00000416676215586609
14 0 0.00000583352049443597
15 0 0.00000583352049443597
16 0 0.00000833371530217786
17 0 0.0000116674153447516
18 0 0.0000150012376423092
19 0 0.0000191686874497776
20 0 0.0000266705785775256
21 0 0.0000308385633891461
22 0 0.0000325058108229248
23 0 0.0000341730888351321
24 0 0.0000325058108229248
25 0 0.0000325058108229248
26 0 0.0000316721832838152
27 0 0.0000316721832838152
28 0 0.0000300049511388067
29 0 0.0000291713465325749
30 0 0.0000291713465325749
31 0 0.0000300049511388067
32 0 0.0000283377495704507
33 0 0.0000291713465325749
34 0 0.0000308385633891461
35 0 0.0000316721832838152
36 0 0.0000341730888351321
37 0 0.0000366740631904117
38 0 0.0000383414176537977
39 0 0.0000416762183291786
40 0 0.0000458448912142861
41 0 0.0000483461867075707
42 0 0.0000525151654794387
43 0 0.0000591859292243813
44 0 0.000065857182524165
45 0 0.000070860943814588
46 0 0.0000783671022263066
47 0 0.000086708005247571
48 0 0.0000942154723914124
49 0 0.000105894987183719
50 0 0.000115072801694871
51 0 0.000125920504593591
52 0 0.000143446452102070
53 0 0.000156801823476993
54 0 0.000180178446304025
55 0 0.000193539216339467
56 0 0.000211913482563775
57 0 0.000235304285861493
58 0 0.000263715499549400
59 0 0.000277924437637966
60 0 0.000313038399728627
61 0 0.000335618827433160
62 0 0.00037242858720421
63 0 0.000414275966217681
64 0 0.000454467588553054
65 0 0.000513112255822956
66 0 0.000561732241618595
67 0 0.000617090098907869
68 0 0.000690113394445802
69 0 0.000756472791427876
70 0 0.000838859466989694
71 0 0.000935633099899524
72 0 0.00102913859073595
73 0 0.00115227457594336
74 0 0.00128656494180257
75 0 0.00144137181793869
76 0 0.00163546452256447
77 0 0.00180191783146044
78 0 0.00209138958869148
79 0 0.00238349894772105
80 0 0.00270745507599823
81 0 0.00311705343127489
82 0 0.00362906654926709
83 0 0.00425309128278428
84 0 0.00491311228515912
85 0 0.00583179871262762
86 0 0.00683896816914009
87 0 0.00805585236563178
88 0 0.00936975691101793
89 0 0.0110781779185606
90 0 0.0128773377503770
91 0 0.0150198770402657
92 0 0.0178029446028966
93 0 0.0210285992534133
94 0 0.0238936868398497
95 0 0.0276596229313939
96 0 0.0306715419819705
97 0 0.036040815136039
98 0 0.0405356301582235
99 0 0.0445921203212872
100 0 0.0501936192948673

death 1 M widowed
1 0 0.000220266649856748
2 0 0.0000225027848553827
3 0 0.00000750030939278279
4 0 0.00000500013750526218
5 0 0.00000416676215586609
6 0 0.00000416676215586609
7 0 0.00000416676215586609
8 0 0.00000333339444602565
9 0 0.00000333339444602565
10 0 0.00000333339444602565
11 0 0.00000416676215586609
12 0 0.00000416676215586609
13 0 0.00000416676215586609
14 0 0.00000583352049443597
15 0 0.00000583352049443597
16 0 0.00000833371530217786
17 0 0.0000116674153447516
18 0 0.0000150012376423092
19 0 0.0000191686874497776
20 0 0.0000266705785775256
21 0 0.0000308385633891461
22 0 0.0000325058108229248
23 0 0.0000341730888351321
24 0 0.0000325058108229248
25 0 0.0000325058108229248
26 0 0.0000316721832838152
27 0 0.0000316721832838152
28 0 0.0000300049511388067
29 0 0.0000291713465325749
30 0 0.0000291713465325749
31 0 0.0000300049511388067
32 0 0.0000283377495704507
33 0 0.0000291713465325749
34 0 0.0000308385633891461
35 0 0.0000316721832838152
36 0 0.0000341730888351321
37 0 0.0000366740631904117
38 0 0.0000383414176537977
39 0 0.0000416762183291786
40 0 0.0000458448912142861
41 0 0.0000483461867075707
42 0 0.0000525151654794387
43 0 0.0000591859292243813
44 0 0.000065857182524165
45 0 0.000070860943814588
46 0 0.0000783671022263066
47 0 0.000086708005247571
48 0 0.0000942154723914124
49 0 0.000105894987183719
50 0 0.000115072801694871
51 0 0.000125920504593591
52 0 0.000143446452102070
53 0 0.000156801823476993
54 0 0.000180178446304025
55 0 0.000193539216339467
56 0 0.000211913482563775
57 0 0.000235304285861493
58 0 0.000263715499549400
59 0 0.000277924437637966
60 0 0.000313038399728627
61 0 0.000335618827433160
62 0 0.00037242858720421
63 0 0.000414275966217681
64 0 0.000454467588553054
65 0 0.000513112255822956
66 0 0.000561732241618595
67 0 0.000617090098907869
68 0 0.000690113394445802
69 0 0.000756472791427876
70 0 0.000838859466989694
71 0 0.000935633099899524
72 0 0.00102913859073595
73 0 0.00115227457594336
74 0 0.00128656494180257
75 0 0.00144137181793869
76 0 0.00163546452256447
77 0 0.00180191783146044
78 0 0.00209138958869148
79 0 0.00238349894772105
80 0 0.00270745507599823
81 0 0.00311705343127489
82 0 0.00362906654926709
83 0 0.00425309128278428
84 0 0.00491311228515912
85 0 0.00583179871262762
86 0 0.00683896816914009
87 0 0.00805585236563178
88 0 0.00936975691101793
89 0 0.0110781779185606
90 0 0.0128773377503770
91 0 0.0150198770402657
92 0 0.0178029446028966
93 0 0.0210285992534133
94 0 0.0238936868398497
95 0 0.0276596229313939
96 0 0.0306715419819705
97 0 0.036040815136039
98 0 0.0405356301582235
99 0 0.0445921203212872
100 0 0.0501936192948673

death 1 F married
1 0 0.00021776061905987
2 0 0.0000233363283135279
3 0 0.00000750030939278279
4 0 0.00000500013750526218
5 0 0.00000416676215586609
6 0 0.00000416676215586609
7 0 0.00000416676215586609
8 0 0.00000250003437562984
9 0 0.00000333339444602565
10 0 0.00000333339444602565
11 0 0.00000333339444602565
12 0 0.00000333339444602565
13 0 0.00000333339444602565
14 0 0.00000333339444602565
15 0 0.00000500013750526218
16 0 0.00000750030939278279
17 0 0.00000750030939278279
18 0 0.00000916712885190574
19 0 0.0000100005500421885
20 0 0.0000108339788730261
21 0 0.000012500859457365
22 0 0.0000133343112110884
23 0 0.000012500859457365
24 0 0.000012500859457365
25 0 0.0000108339788730261
26 0 0.0000108339788730261
27 0 0.000012500859457365
28 0 0.0000116674153447516
29 0 0.0000116674153447516
30 0 0.000012500859457365
31 0 0.0000133343112110884
32 0 0.0000150012376423092
33 0 0.0000150012376423092
34 0 0.0000158347123201397
35 0 0.0000166681946396352
36 0 0.0000191686874497776
37 0 0.0000225027848553827
38 0 0.0000233363283135279
39 0 0.0000250034381590325
40 0 0.0000258370045466139
41 0 0.0000266705785775256
42 0 0.0000291713465325749
43 0 0.0000358403974268784
44 0 0.0000383414176537977
45 0 0.0000433436645435048
46 0 0.0000508475510273554
47 0 0.0000575181923953005
48 0 0.0000650232490866376
49 0 0.0000775330540162544
50 0 0.0000892104254029968
51 0 0.000102557829824601
52 0 0.000116741594805347
53 0 0.000125920504593591
54 0 0.000136769502209200
55 0 0.000151793329249084
56 0 0.000170159157473537
57 0 0.000192704110671182
58 0 0.000211078208056104
59 0 0.000232797840409416
60 0 0.000249508782532493
61 0 0.000283775822591648
62 0 0.000313038399728627
63 0 0.000332273224842417
64 0 0.000369918357165155
65 0 0.000399208689675246
66 0 0.000445255438177972
67 0 0.000478758644453348
68 0 0.000524007576906516
69 0 0.000574310611397011
70 0 0.000622963365694118
71 0 0.000699350406128119
72 0 0.00076739733848108
73 0 0.000848111617127612
74 0 0.000946579217563581
75 0 0.00106201473987388
76 0 0.00118519534337147
77 0 0.00133390951408685
78 0 0.00151760329793615
79 0 0.00171185925839046
80 0 0.00197208346754274
81 0 0.00226124519717297
82 0 0.00262421301835736
83 0 0.00297400002245463
84 0 0.00345922807418908
85 0 0.00398102046659521
86 0 0.00475753453164862
87 0 0.00562496604946161
88 0 0.00662712970139723
89 0 0.00784659381386998
90 0 0.00925983778855977
91 0 0.0107659864185774
92 0 0.0128648452454512
93 0 0.0147721825161419
94 0 0.0171867016832389
95 0 0.0196133530702398
96 0 0.0225180885545153
97 0 0.0255808173168904
98 0 0.0293907538213481
99 0 0.0332940103322195
100 0 0.0363020114594242

death 1 F single
1 0 0.00021776061905987
2 0 0.0000233363283135279
3 0 0.00000750030939278279
4 0 0.00000500013750526218
5 0 0.00000416676215586609
6 0 0.00000416676215586609
7 0 0.00000416676215586609
8 0 0.00000250003437562984
9 0 0.00000333339444602565
10 0 0.00000333339444602565
11 0 0.00000333339444602565
12 0 0.00000333339444602565
13 0 0.00000333339444602565
14 0 0.00000333339444602565
15 0 0.00000500013750526218
16 0 0.00000750030939278279
17 0 0.00000750030939278279
18 0 0.00000916712885190574
19 0 0.0000100005500421885
20 0 0.0000108339788730261
21 0 0.000012500859457365
22 0 0.0000133343112110884
23 0 0.000012500859457365
24 0 0.000012500859457365
25 0 0.0000108339788730261
26 0 0.0000108339788730261
27 0 0.000012500859457365
28 0 0.0000116674153447516
29 0 0.0000116674153447516
30 0 0.000012500859457365
31 0 0.0000133343112110884
32 0 0.0000150012376423092
33 0 0.0000150012376423092
34 0 0.0000158347123201397
35 0 0.0000166681946396352
36 0 0.0000191686874497776
37 0 0.0000225027848553827
38 0 0.0000233363283135279
39 0 0.0000250034381590325
40 0 0.0000258370045466139
41 0 0.0000266705785775256
42 0 0.0000291713465325749
43 0 0.0000358403974268784
44 0 0.0000383414176537977
45 0 0.0000433436645435048
46 0 0.0000508475510273554
47 0 0.0000575181923953005
48 0 0.0000650232490866376
49 0 0.0000775330540162544
50 0 0.0000892104254029968
51 0 0.000102557829824601
52 0 0.000116741594805347
53 0 0.000125920504593591
54 0 0.000136769502209200
55 0 0.000151793329249084
56 0 0.000170159157473537
57 0 0.000192704110671182
58 0 0.000211078208056104
59 0 0.000232797840409416
60 0 0.000249508782532493
61 0 0.000283775822591648
62 0 0.000313038399728627
63 0 0.000332273224842417
64 0 0.000369918357165155
65 0 0.000399208689675246
66 0 0.000445255438177972
67 0 0.000478758644453348
68 0 0.000524007576906516
69 0 0.000574310611397011
70 0 0.000622963365694118
71 0 0.000699350406128119
72 0 0.00076739733848108
73 0 0.000848111617127612
74 0 0.000946579217563581
75 0 0.00106201473987388
76 0 0.00118519534337147
77 0 0.00133390951408685
78 0 0.00151760329793615
79 0 0.00171185925839046
80 0 0.00197208346754274
81 0 0.00226124519717297
82 0 0.00262421301835736
83 0 0.00297400002245463
84 0 0.00345922807418908
85 0 0.00398102046659521
86 0 0.00475753453164862
87 0 0.00562496604946161
88 0 0.00662712970139723
89 0 0.00784659381386998
90 0 0.00925983778855977
91 0 0.0107659864185774
92 0 0.0128648452454512
93 0 0.0147721825161419
94 0 0.0171867016832389
95 0 0.0196133530702398
96 0 0.0225180885545153
97 0 0.0255808173168904
98 0 0.0293907538213481
99 0 0.0332940103322195
100 0 0.0363020114594242

death 1 F divorced
1 0 0.00021776061905987
2 0 0.0000233363283135279
3 0 0.00000750030939278279
4 0 0.00000500013750526218
5 0 0.00000416676215586609
6 0 0.00000416676215586609
7 0 0.00000416676215586609
8 0 0.00000250003437562984
9 0 0.00000333339444602565
10 0 0.00000333339444602565
11 0 0.00000333339444602565
12 0 0.00000333339444602565
13 0 0.00000333339444602565
14 0 0.00000333339444602565
15 0 0.00000500013750526218
16 0 0.00000750030939278279
17 0 0.00000750030939278279
18 0 0.00000916712885190574
19 0 0.0000100005500421885
20 0 0.0000108339788730261
21 0 0.000012500859457365
22 0 0.0000133343112110884
23 0 0.000012500859457365
24 0 0.000012500859457365
25 0 0.0000108339788730261
26 0 0.0000108339788730261
27 0 0.000012500859457365
28 0 0.0000116674153447516
29 0 0.0000116674153447516
30 0 0.000012500859457365
31 0 0.0000133343112110884
32 0 0.0000150012376423092
33 0 0.0000150012376423092
34 0 0.0000158347123201397
35 0 0.0000166681946396352
36 0 0.0000191686874497776
37 0 0.0000225027848553827
38 0 0.0000233363283135279
39 0 0.0000250034381590325
40 0 0.0000258370045466139
41 0 0.0000266705785775256
42 0 0.0000291713465325749
43 0 0.0000358403974268784
44 0 0.0000383414176537977
45 0 0.0000433436645435048
46 0 0.0000508475510273554
47 0 0.0000575181923953005
48 0 0.0000650232490866376
49 0 0.0000775330540162544
50 0 0.0000892104254029968
51 0 0.000102557829824601
52 0 0.000116741594805347
53 0 0.000125920504593591
54 0 0.000136769502209200
55 0 0.000151793329249084
56 0 0.000170159157473537
57 0 0.000192704110671182
58 0 0.000211078208056104
59 0 0.000232797840409416
60 0 0.000249508782532493
61 0 0.000283775822591648
62 0 0.000313038399728627
63 0 0.000332273224842417
64 0 0.000369918357165155
65 0 0.000399208689675246
66 0 0.000445255438177972
67 0 0.000478758644453348
68 0 0.000524007576906516
69 0 0.000574310611397011
70 0 0.000622963365694118
71 0 0.000699350406128119
72 0 0.00076739733848108
73 0 0.000848111617127612
74 0 0.000946579217563581
75 0 0.00106201473987388
76 0 0.00118519534337147
77 0 0.00133390951408685
78 0 0.00151760329793615
79 0 0.00171185925839046
80 0 0.00197208346754274
81 0 0.00226124519717297
82 0 0.00262421301835736
83 0 0.00297400002245463
84 0 0.00345922807418908
85 0 0.00398102046659521
86 0 0.00475753453164862
87 0 0.00562496604946161
88 0 0.00662712970139723
89 0 0.00784659381386998
90 0 0.00925983778855977
91 0 0.0107659864185774
92 0 0.0128648452454512
93 0 0.0147721825161419
94 0 0.0171867016832389
95 0 0.0196133530702398
96 0 0.0225180885545153
97 0 0.0255808173168904
98 0 0.0293907538213481
99 0 0.0332940103322195
100 0 0.0363020114594242

death 1 F widowed
1 0 0.00021776061905987
2 0 0.0000233363283135279
3 0 0.00000750030939278279
4 0 0.00000500013750526218
5 0 0.00000416676215586609
6 0 0.00000416676215586609
7 0 0.00000416676215586609
8 0 0.00000250003437562984
9 0 0.00000333339444602565
10 0 0.00000333339444602565
11 0 0.00000333339444602565
12 0 0.00000333339444602565
13 0 0.00000333339444602565
14 0 0.00000333339444602565
15 0 0.00000500013750526218
16 0 0.00000750030939278279
17 0 0.00000750030939278279
18 0 0.00000916712885190574
19 0 0.0000100005500421885
20 0 0.0000108339788730261
21 0 0.000012500859457365
22 0 0.0000133343112110884
23 0 0.000012500859457365
24 0 0.000012500859457365
25 0 0.0000108339788730261
26 0 0.0000108339788730261
27 0 0.000012500859457365
28 0 0.0000116674153447516
29 0 0.0000116674153447516
30 0 0.000012500859457365
31 0 0.0000133343112110884
32 0 0.0000150012376423092
33 0 0.0000150012376423092
34 0 0.0000158347123201397
35 0 0.0000166681946396352
36 0 0.0000191686874497776
37 0 0.0000225027848553827
38 0 0.0000233363283135279
39 0 0.0000250034381590325
40 0 0.0000258370045466139
41 0 0.0000266705785775256
42 0 0.0000291713465325749
43 0 0.0000358403974268784
44 0 0.0000383414176537977
45 0 0.0000433436645435048
46 0 0.0000508475510273554
47 0 0.0000575181923953005
48 0 0.0000650232490866376
49 0 0.0000775330540162544
50 0 0.0000892104254029968
51 0 0.000102557829824601
52 0 0.000116741594805347
53 0 0.000125920504593591
54 0 0.000136769502209200
55 0 0.000151793329249084
56 0 0.000170159157473537
57 0 0.000192704110671182
58 0 0.000211078208056104
59 0 0.000232797840409416
60 0 0.000249508782532493
61 0 0.000283775822591648
62 0 0.000313038399728627
63 0 0.000332273224842417
64 0 0.000369918357165155
65 0 0.000399208689675246
66 0 0.000445255438177972
67 0 0.000478758644453348
68 0 0.000524007576906516
69 0 0.000574310611397011
70 0 0.000622963365694118
71 0 0.000699350406128119
72 0 0.00076739733848108
73 0 0.000848111617127612
74 0 0.000946579217563581
75 0 0.00106201473987388
76 0 0.00118519534337147
77 0 0.00133390951408685
78 0 0.00151760329793615
79 0 0.00171185925839046
80 0 0.00197208346754274
81 0 0.00226124519717297
82 0 0.00262421301835736
83 0 0.00297400002245463
84 0 0.00345922807418908
85 0 0.00398102046659521
86 0 0.00475753453164862
87 0 0.00562496604946161
88 0 0.00662712970139723
89 0 0.00784659381386998
90 0 0.00925983778855977
91 0 0.0107659864185774
92 0 0.0128648452454512
93 0 0.0147721825161419
94 0 0.0171867016832389
95 0 0.0196133530702398
96 0 0.0225180885545153
97 0 0.0255808173168904
98 0 0.0293907538213481
99 0 0.0332940103322195
100 0 0.0363020114594242
