*Period monthly mortality rates for SWE in 2093 
* Mon Dec 20 14:21:52 2010
death 1 M married
1 0 0.000127589496870306
2 0 0.0000133343112110884
3 0 0.00000416676215586609
4 0 0.00000333339444602565
5 0 0.00000250003437562984
6 0 0.00000250003437562984
7 0 0.00000250003437562984
8 0 0.00000166668194467867
9 0 0.00000166668194467867
10 0 0.00000166668194467867
11 0 0.00000250003437562984
12 0 0.00000250003437562984
13 0 0.00000250003437562984
14 0 0.00000333339444602565
15 0 0.00000333339444602565
16 0 0.00000500013750526218
17 0 0.00000666691112360951
18 0 0.00000916712885190574
19 0 0.0000108339788730261
20 0 0.0000150012376423092
21 0 0.0000175016846010179
22 0 0.0000191686874497776
23 0 0.0000200022003373768
24 0 0.0000191686874497776
25 0 0.0000191686874497776
26 0 0.0000183351822042876
27 0 0.0000183351822042876
28 0 0.0000175016846010179
29 0 0.0000175016846010179
30 0 0.0000166681946396352
31 0 0.0000175016846010179
32 0 0.0000166681946396352
33 0 0.0000166681946396352
34 0 0.0000183351822042876
35 0 0.0000183351822042876
36 0 0.0000200022003373768
37 0 0.0000216692490401238
38 0 0.0000216692490401238
39 0 0.0000241698794146705
40 0 0.0000266705785775256
41 0 0.0000283377495704507
42 0 0.0000308385633891461
43 0 0.0000341730888351321
44 0 0.0000383414176537977
45 0 0.0000408425066913409
46 0 0.0000458448912142861
47 0 0.0000500137552731372
48 0 0.0000550166445189015
49 0 0.000061687591838111
50 0 0.0000666911236122392
51 0 0.0000733629277510639
52 0 0.0000833715521976197
53 0 0.0000908787437792213
54 0 0.000104226393189744
55 0 0.000112569669472262
56 0 0.000122582611971733
57 0 0.000136769502209200
58 0 0.000152628059122195
59 0 0.000161810593698575
60 0 0.00018184843515745
61 0 0.000195209450695066
62 0 0.000216089970248357
63 0 0.000240317384138877
64 0 0.000263715499549400
65 0 0.000293807644791144
66 0 0.000317219537152469
67 0 0.000348165934204059
68 0 0.000390002139264989
69 0 0.000426833938695692
70 0 0.000473732375948943
71 0 0.000528198432916849
72 0 0.000581019787371906
73 0 0.000649817421544685
74 0 0.000725387038738257
75 0 0.000811949478391027
76 0 0.000928055791168059
77 0 0.00102661014908489
78 0 0.00120883812902117
79 0 0.00138974018931803
80 0 0.00161595173547813
81 0 0.0018946185336699
82 0 0.00225013938664576
83 0 0.00270230386465531
84 0 0.00321801606780558
85 0 0.00394184685932697
86 0 0.00477685732578936
87 0 0.00581491479438234
88 0 0.0069909720318414
89 0 0.00853258788292632
90 0 0.0102325095216746
91 0 0.0123054294786257
92 0 0.0150257828873125
93 0 0.0182722719052670
94 0 0.0213450031433067
95 0 0.0252821098475413
96 0 0.0285421438578205
97 0 0.0339617268578061
98 0 0.0385368822451421
99 0 0.0426741057494022
100 0 0.0483543896756347

death 1 M single
1 0 0.000127589496870306
2 0 0.0000133343112110884
3 0 0.00000416676215586609
4 0 0.00000333339444602565
5 0 0.00000250003437562984
6 0 0.00000250003437562984
7 0 0.00000250003437562984
8 0 0.00000166668194467867
9 0 0.00000166668194467867
10 0 0.00000166668194467867
11 0 0.00000250003437562984
12 0 0.00000250003437562984
13 0 0.00000250003437562984
14 0 0.00000333339444602565
15 0 0.00000333339444602565
16 0 0.00000500013750526218
17 0 0.00000666691112360951
18 0 0.00000916712885190574
19 0 0.0000108339788730261
20 0 0.0000150012376423092
21 0 0.0000175016846010179
22 0 0.0000191686874497776
23 0 0.0000200022003373768
24 0 0.0000191686874497776
25 0 0.0000191686874497776
26 0 0.0000183351822042876
27 0 0.0000183351822042876
28 0 0.0000175016846010179
29 0 0.0000175016846010179
30 0 0.0000166681946396352
31 0 0.0000175016846010179
32 0 0.0000166681946396352
33 0 0.0000166681946396352
34 0 0.0000183351822042876
35 0 0.0000183351822042876
36 0 0.0000200022003373768
37 0 0.0000216692490401238
38 0 0.0000216692490401238
39 0 0.0000241698794146705
40 0 0.0000266705785775256
41 0 0.0000283377495704507
42 0 0.0000308385633891461
43 0 0.0000341730888351321
44 0 0.0000383414176537977
45 0 0.0000408425066913409
46 0 0.0000458448912142861
47 0 0.0000500137552731372
48 0 0.0000550166445189015
49 0 0.000061687591838111
50 0 0.0000666911236122392
51 0 0.0000733629277510639
52 0 0.0000833715521976197
53 0 0.0000908787437792213
54 0 0.000104226393189744
55 0 0.000112569669472262
56 0 0.000122582611971733
57 0 0.000136769502209200
58 0 0.000152628059122195
59 0 0.000161810593698575
60 0 0.00018184843515745
61 0 0.000195209450695066
62 0 0.000216089970248357
63 0 0.000240317384138877
64 0 0.000263715499549400
65 0 0.000293807644791144
66 0 0.000317219537152469
67 0 0.000348165934204059
68 0 0.000390002139264989
69 0 0.000426833938695692
70 0 0.000473732375948943
71 0 0.000528198432916849
72 0 0.000581019787371906
73 0 0.000649817421544685
74 0 0.000725387038738257
75 0 0.000811949478391027
76 0 0.000928055791168059
77 0 0.00102661014908489
78 0 0.00120883812902117
79 0 0.00138974018931803
80 0 0.00161595173547813
81 0 0.0018946185336699
82 0 0.00225013938664576
83 0 0.00270230386465531
84 0 0.00321801606780558
85 0 0.00394184685932697
86 0 0.00477685732578936
87 0 0.00581491479438234
88 0 0.0069909720318414
89 0 0.00853258788292632
90 0 0.0102325095216746
91 0 0.0123054294786257
92 0 0.0150257828873125
93 0 0.0182722719052670
94 0 0.0213450031433067
95 0 0.0252821098475413
96 0 0.0285421438578205
97 0 0.0339617268578061
98 0 0.0385368822451421
99 0 0.0426741057494022
100 0 0.0483543896756347

death 1 M divorced
1 0 0.000127589496870306
2 0 0.0000133343112110884
3 0 0.00000416676215586609
4 0 0.00000333339444602565
5 0 0.00000250003437562984
6 0 0.00000250003437562984
7 0 0.00000250003437562984
8 0 0.00000166668194467867
9 0 0.00000166668194467867
10 0 0.00000166668194467867
11 0 0.00000250003437562984
12 0 0.00000250003437562984
13 0 0.00000250003437562984
14 0 0.00000333339444602565
15 0 0.00000333339444602565
16 0 0.00000500013750526218
17 0 0.00000666691112360951
18 0 0.00000916712885190574
19 0 0.0000108339788730261
20 0 0.0000150012376423092
21 0 0.0000175016846010179
22 0 0.0000191686874497776
23 0 0.0000200022003373768
24 0 0.0000191686874497776
25 0 0.0000191686874497776
26 0 0.0000183351822042876
27 0 0.0000183351822042876
28 0 0.0000175016846010179
29 0 0.0000175016846010179
30 0 0.0000166681946396352
31 0 0.0000175016846010179
32 0 0.0000166681946396352
33 0 0.0000166681946396352
34 0 0.0000183351822042876
35 0 0.0000183351822042876
36 0 0.0000200022003373768
37 0 0.0000216692490401238
38 0 0.0000216692490401238
39 0 0.0000241698794146705
40 0 0.0000266705785775256
41 0 0.0000283377495704507
42 0 0.0000308385633891461
43 0 0.0000341730888351321
44 0 0.0000383414176537977
45 0 0.0000408425066913409
46 0 0.0000458448912142861
47 0 0.0000500137552731372
48 0 0.0000550166445189015
49 0 0.000061687591838111
50 0 0.0000666911236122392
51 0 0.0000733629277510639
52 0 0.0000833715521976197
53 0 0.0000908787437792213
54 0 0.000104226393189744
55 0 0.000112569669472262
56 0 0.000122582611971733
57 0 0.000136769502209200
58 0 0.000152628059122195
59 0 0.000161810593698575
60 0 0.00018184843515745
61 0 0.000195209450695066
62 0 0.000216089970248357
63 0 0.000240317384138877
64 0 0.000263715499549400
65 0 0.000293807644791144
66 0 0.000317219537152469
67 0 0.000348165934204059
68 0 0.000390002139264989
69 0 0.000426833938695692
70 0 0.000473732375948943
71 0 0.000528198432916849
72 0 0.000581019787371906
73 0 0.000649817421544685
74 0 0.000725387038738257
75 0 0.000811949478391027
76 0 0.000928055791168059
77 0 0.00102661014908489
78 0 0.00120883812902117
79 0 0.00138974018931803
80 0 0.00161595173547813
81 0 0.0018946185336699
82 0 0.00225013938664576
83 0 0.00270230386465531
84 0 0.00321801606780558
85 0 0.00394184685932697
86 0 0.00477685732578936
87 0 0.00581491479438234
88 0 0.0069909720318414
89 0 0.00853258788292632
90 0 0.0102325095216746
91 0 0.0123054294786257
92 0 0.0150257828873125
93 0 0.0182722719052670
94 0 0.0213450031433067
95 0 0.0252821098475413
96 0 0.0285421438578205
97 0 0.0339617268578061
98 0 0.0385368822451421
99 0 0.0426741057494022
100 0 0.0483543896756347

death 1 M widowed
1 0 0.000127589496870306
2 0 0.0000133343112110884
3 0 0.00000416676215586609
4 0 0.00000333339444602565
5 0 0.00000250003437562984
6 0 0.00000250003437562984
7 0 0.00000250003437562984
8 0 0.00000166668194467867
9 0 0.00000166668194467867
10 0 0.00000166668194467867
11 0 0.00000250003437562984
12 0 0.00000250003437562984
13 0 0.00000250003437562984
14 0 0.00000333339444602565
15 0 0.00000333339444602565
16 0 0.00000500013750526218
17 0 0.00000666691112360951
18 0 0.00000916712885190574
19 0 0.0000108339788730261
20 0 0.0000150012376423092
21 0 0.0000175016846010179
22 0 0.0000191686874497776
23 0 0.0000200022003373768
24 0 0.0000191686874497776
25 0 0.0000191686874497776
26 0 0.0000183351822042876
27 0 0.0000183351822042876
28 0 0.0000175016846010179
29 0 0.0000175016846010179
30 0 0.0000166681946396352
31 0 0.0000175016846010179
32 0 0.0000166681946396352
33 0 0.0000166681946396352
34 0 0.0000183351822042876
35 0 0.0000183351822042876
36 0 0.0000200022003373768
37 0 0.0000216692490401238
38 0 0.0000216692490401238
39 0 0.0000241698794146705
40 0 0.0000266705785775256
41 0 0.0000283377495704507
42 0 0.0000308385633891461
43 0 0.0000341730888351321
44 0 0.0000383414176537977
45 0 0.0000408425066913409
46 0 0.0000458448912142861
47 0 0.0000500137552731372
48 0 0.0000550166445189015
49 0 0.000061687591838111
50 0 0.0000666911236122392
51 0 0.0000733629277510639
52 0 0.0000833715521976197
53 0 0.0000908787437792213
54 0 0.000104226393189744
55 0 0.000112569669472262
56 0 0.000122582611971733
57 0 0.000136769502209200
58 0 0.000152628059122195
59 0 0.000161810593698575
60 0 0.00018184843515745
61 0 0.000195209450695066
62 0 0.000216089970248357
63 0 0.000240317384138877
64 0 0.000263715499549400
65 0 0.000293807644791144
66 0 0.000317219537152469
67 0 0.000348165934204059
68 0 0.000390002139264989
69 0 0.000426833938695692
70 0 0.000473732375948943
71 0 0.000528198432916849
72 0 0.000581019787371906
73 0 0.000649817421544685
74 0 0.000725387038738257
75 0 0.000811949478391027
76 0 0.000928055791168059
77 0 0.00102661014908489
78 0 0.00120883812902117
79 0 0.00138974018931803
80 0 0.00161595173547813
81 0 0.0018946185336699
82 0 0.00225013938664576
83 0 0.00270230386465531
84 0 0.00321801606780558
85 0 0.00394184685932697
86 0 0.00477685732578936
87 0 0.00581491479438234
88 0 0.0069909720318414
89 0 0.00853258788292632
90 0 0.0102325095216746
91 0 0.0123054294786257
92 0 0.0150257828873125
93 0 0.0182722719052670
94 0 0.0213450031433067
95 0 0.0252821098475413
96 0 0.0285421438578205
97 0 0.0339617268578061
98 0 0.0385368822451421
99 0 0.0426741057494022
100 0 0.0483543896756347

death 1 F married
1 0 0.000126754996901401
2 0 0.0000133343112110884
3 0 0.00000416676215586609
4 0 0.00000333339444602565
5 0 0.00000250003437562984
6 0 0.00000250003437562984
7 0 0.00000250003437562984
8 0 0.00000166668194467867
9 0 0.00000166668194467867
10 0 0.00000166668194467867
11 0 0.00000166668194467867
12 0 0.00000166668194467867
13 0 0.00000166668194467867
14 0 0.00000166668194467867
15 0 0.00000250003437562984
16 0 0.00000416676215586609
17 0 0.00000416676215586609
18 0 0.00000500013750526218
19 0 0.00000583352049443597
20 0 0.00000666691112360951
21 0 0.00000750030939278279
22 0 0.00000750030939278279
23 0 0.00000750030939278279
24 0 0.00000750030939278279
25 0 0.00000666691112360951
26 0 0.00000583352049443597
27 0 0.00000666691112360951
28 0 0.00000666691112360951
29 0 0.00000666691112360951
30 0 0.00000750030939278279
31 0 0.00000833371530217786
32 0 0.00000833371530217786
33 0 0.00000833371530217786
34 0 0.00000916712885190574
35 0 0.00000916712885190574
36 0 0.0000108339788730261
37 0 0.000012500859457365
38 0 0.0000133343112110884
39 0 0.0000141677706060328
40 0 0.0000150012376423092
41 0 0.0000158347123201397
42 0 0.0000175016846010179
43 0 0.0000208357208674181
44 0 0.0000225027848553827
45 0 0.0000258370045466139
46 0 0.0000300049511388067
47 0 0.0000350067393084519
48 0 0.0000400088026996093
49 0 0.0000491799671665794
50 0 0.0000583520569852336
51 0 0.0000691929927806312
52 0 0.0000800352216044908
53 0 0.000087542137645058
54 0 0.000095049673682679
55 0 0.000106729295667018
56 0 0.000119244841917165
57 0 0.000135100341368544
58 0 0.000148454486411209
59 0 0.000163480245109926
60 0 0.000175168663833603
61 0 0.000199385170868593
62 0 0.000220266649856748
63 0 0.000233633314546733
64 0 0.000260372542811527
65 0 0.000280432127916508
66 0 0.000313038399728627
67 0 0.000336455247325729
68 0 0.000368244908993565
69 0 0.000403393793679041
70 0 0.000437718918821939
71 0 0.000491325532234299
72 0 0.000539095563266923
73 0 0.000595278431522073
74 0 0.000664926316925163
75 0 0.000745549558013647
76 0 0.00083129022687578
77 0 0.000935633099899524
78 0 0.00106454416746449
79 0 0.00120039357028268
80 0 0.00138212489334688
81 0 0.00158372240578197
82 0 0.00183762615390481
83 0 0.00208115719978752
84 0 0.00241858114153637
85 0 0.00279592987320199
86 0 0.00343152955512782
87 0 0.00416580003289579
88 0 0.00503900074323183
89 0 0.00610950256925658
90 0 0.00736080605621281
91 0 0.00874069312752912
92 0 0.0106318516281552
93 0 0.0124353933410013
94 0 0.0146936923735781
95 0 0.0169852467946544
96 0 0.0198727826420748
97 0 0.022947359444625
98 0 0.0268049254763109
99 0 0.0307937142210341
100 0 0.0338630711627242

death 1 F single
1 0 0.000126754996901401
2 0 0.0000133343112110884
3 0 0.00000416676215586609
4 0 0.00000333339444602565
5 0 0.00000250003437562984
6 0 0.00000250003437562984
7 0 0.00000250003437562984
8 0 0.00000166668194467867
9 0 0.00000166668194467867
10 0 0.00000166668194467867
11 0 0.00000166668194467867
12 0 0.00000166668194467867
13 0 0.00000166668194467867
14 0 0.00000166668194467867
15 0 0.00000250003437562984
16 0 0.00000416676215586609
17 0 0.00000416676215586609
18 0 0.00000500013750526218
19 0 0.00000583352049443597
20 0 0.00000666691112360951
21 0 0.00000750030939278279
22 0 0.00000750030939278279
23 0 0.00000750030939278279
24 0 0.00000750030939278279
25 0 0.00000666691112360951
26 0 0.00000583352049443597
27 0 0.00000666691112360951
28 0 0.00000666691112360951
29 0 0.00000666691112360951
30 0 0.00000750030939278279
31 0 0.00000833371530217786
32 0 0.00000833371530217786
33 0 0.00000833371530217786
34 0 0.00000916712885190574
35 0 0.00000916712885190574
36 0 0.0000108339788730261
37 0 0.000012500859457365
38 0 0.0000133343112110884
39 0 0.0000141677706060328
40 0 0.0000150012376423092
41 0 0.0000158347123201397
42 0 0.0000175016846010179
43 0 0.0000208357208674181
44 0 0.0000225027848553827
45 0 0.0000258370045466139
46 0 0.0000300049511388067
47 0 0.0000350067393084519
48 0 0.0000400088026996093
49 0 0.0000491799671665794
50 0 0.0000583520569852336
51 0 0.0000691929927806312
52 0 0.0000800352216044908
53 0 0.000087542137645058
54 0 0.000095049673682679
55 0 0.000106729295667018
56 0 0.000119244841917165
57 0 0.000135100341368544
58 0 0.000148454486411209
59 0 0.000163480245109926
60 0 0.000175168663833603
61 0 0.000199385170868593
62 0 0.000220266649856748
63 0 0.000233633314546733
64 0 0.000260372542811527
65 0 0.000280432127916508
66 0 0.000313038399728627
67 0 0.000336455247325729
68 0 0.000368244908993565
69 0 0.000403393793679041
70 0 0.000437718918821939
71 0 0.000491325532234299
72 0 0.000539095563266923
73 0 0.000595278431522073
74 0 0.000664926316925163
75 0 0.000745549558013647
76 0 0.00083129022687578
77 0 0.000935633099899524
78 0 0.00106454416746449
79 0 0.00120039357028268
80 0 0.00138212489334688
81 0 0.00158372240578197
82 0 0.00183762615390481
83 0 0.00208115719978752
84 0 0.00241858114153637
85 0 0.00279592987320199
86 0 0.00343152955512782
87 0 0.00416580003289579
88 0 0.00503900074323183
89 0 0.00610950256925658
90 0 0.00736080605621281
91 0 0.00874069312752912
92 0 0.0106318516281552
93 0 0.0124353933410013
94 0 0.0146936923735781
95 0 0.0169852467946544
96 0 0.0198727826420748
97 0 0.022947359444625
98 0 0.0268049254763109
99 0 0.0307937142210341
100 0 0.0338630711627242

death 1 F divorced
1 0 0.000126754996901401
2 0 0.0000133343112110884
3 0 0.00000416676215586609
4 0 0.00000333339444602565
5 0 0.00000250003437562984
6 0 0.00000250003437562984
7 0 0.00000250003437562984
8 0 0.00000166668194467867
9 0 0.00000166668194467867
10 0 0.00000166668194467867
11 0 0.00000166668194467867
12 0 0.00000166668194467867
13 0 0.00000166668194467867
14 0 0.00000166668194467867
15 0 0.00000250003437562984
16 0 0.00000416676215586609
17 0 0.00000416676215586609
18 0 0.00000500013750526218
19 0 0.00000583352049443597
20 0 0.00000666691112360951
21 0 0.00000750030939278279
22 0 0.00000750030939278279
23 0 0.00000750030939278279
24 0 0.00000750030939278279
25 0 0.00000666691112360951
26 0 0.00000583352049443597
27 0 0.00000666691112360951
28 0 0.00000666691112360951
29 0 0.00000666691112360951
30 0 0.00000750030939278279
31 0 0.00000833371530217786
32 0 0.00000833371530217786
33 0 0.00000833371530217786
34 0 0.00000916712885190574
35 0 0.00000916712885190574
36 0 0.0000108339788730261
37 0 0.000012500859457365
38 0 0.0000133343112110884
39 0 0.0000141677706060328
40 0 0.0000150012376423092
41 0 0.0000158347123201397
42 0 0.0000175016846010179
43 0 0.0000208357208674181
44 0 0.0000225027848553827
45 0 0.0000258370045466139
46 0 0.0000300049511388067
47 0 0.0000350067393084519
48 0 0.0000400088026996093
49 0 0.0000491799671665794
50 0 0.0000583520569852336
51 0 0.0000691929927806312
52 0 0.0000800352216044908
53 0 0.000087542137645058
54 0 0.000095049673682679
55 0 0.000106729295667018
56 0 0.000119244841917165
57 0 0.000135100341368544
58 0 0.000148454486411209
59 0 0.000163480245109926
60 0 0.000175168663833603
61 0 0.000199385170868593
62 0 0.000220266649856748
63 0 0.000233633314546733
64 0 0.000260372542811527
65 0 0.000280432127916508
66 0 0.000313038399728627
67 0 0.000336455247325729
68 0 0.000368244908993565
69 0 0.000403393793679041
70 0 0.000437718918821939
71 0 0.000491325532234299
72 0 0.000539095563266923
73 0 0.000595278431522073
74 0 0.000664926316925163
75 0 0.000745549558013647
76 0 0.00083129022687578
77 0 0.000935633099899524
78 0 0.00106454416746449
79 0 0.00120039357028268
80 0 0.00138212489334688
81 0 0.00158372240578197
82 0 0.00183762615390481
83 0 0.00208115719978752
84 0 0.00241858114153637
85 0 0.00279592987320199
86 0 0.00343152955512782
87 0 0.00416580003289579
88 0 0.00503900074323183
89 0 0.00610950256925658
90 0 0.00736080605621281
91 0 0.00874069312752912
92 0 0.0106318516281552
93 0 0.0124353933410013
94 0 0.0146936923735781
95 0 0.0169852467946544
96 0 0.0198727826420748
97 0 0.022947359444625
98 0 0.0268049254763109
99 0 0.0307937142210341
100 0 0.0338630711627242

death 1 F widowed
1 0 0.000126754996901401
2 0 0.0000133343112110884
3 0 0.00000416676215586609
4 0 0.00000333339444602565
5 0 0.00000250003437562984
6 0 0.00000250003437562984
7 0 0.00000250003437562984
8 0 0.00000166668194467867
9 0 0.00000166668194467867
10 0 0.00000166668194467867
11 0 0.00000166668194467867
12 0 0.00000166668194467867
13 0 0.00000166668194467867
14 0 0.00000166668194467867
15 0 0.00000250003437562984
16 0 0.00000416676215586609
17 0 0.00000416676215586609
18 0 0.00000500013750526218
19 0 0.00000583352049443597
20 0 0.00000666691112360951
21 0 0.00000750030939278279
22 0 0.00000750030939278279
23 0 0.00000750030939278279
24 0 0.00000750030939278279
25 0 0.00000666691112360951
26 0 0.00000583352049443597
27 0 0.00000666691112360951
28 0 0.00000666691112360951
29 0 0.00000666691112360951
30 0 0.00000750030939278279
31 0 0.00000833371530217786
32 0 0.00000833371530217786
33 0 0.00000833371530217786
34 0 0.00000916712885190574
35 0 0.00000916712885190574
36 0 0.0000108339788730261
37 0 0.000012500859457365
38 0 0.0000133343112110884
39 0 0.0000141677706060328
40 0 0.0000150012376423092
41 0 0.0000158347123201397
42 0 0.0000175016846010179
43 0 0.0000208357208674181
44 0 0.0000225027848553827
45 0 0.0000258370045466139
46 0 0.0000300049511388067
47 0 0.0000350067393084519
48 0 0.0000400088026996093
49 0 0.0000491799671665794
50 0 0.0000583520569852336
51 0 0.0000691929927806312
52 0 0.0000800352216044908
53 0 0.000087542137645058
54 0 0.000095049673682679
55 0 0.000106729295667018
56 0 0.000119244841917165
57 0 0.000135100341368544
58 0 0.000148454486411209
59 0 0.000163480245109926
60 0 0.000175168663833603
61 0 0.000199385170868593
62 0 0.000220266649856748
63 0 0.000233633314546733
64 0 0.000260372542811527
65 0 0.000280432127916508
66 0 0.000313038399728627
67 0 0.000336455247325729
68 0 0.000368244908993565
69 0 0.000403393793679041
70 0 0.000437718918821939
71 0 0.000491325532234299
72 0 0.000539095563266923
73 0 0.000595278431522073
74 0 0.000664926316925163
75 0 0.000745549558013647
76 0 0.00083129022687578
77 0 0.000935633099899524
78 0 0.00106454416746449
79 0 0.00120039357028268
80 0 0.00138212489334688
81 0 0.00158372240578197
82 0 0.00183762615390481
83 0 0.00208115719978752
84 0 0.00241858114153637
85 0 0.00279592987320199
86 0 0.00343152955512782
87 0 0.00416580003289579
88 0 0.00503900074323183
89 0 0.00610950256925658
90 0 0.00736080605621281
91 0 0.00874069312752912
92 0 0.0106318516281552
93 0 0.0124353933410013
94 0 0.0146936923735781
95 0 0.0169852467946544
96 0 0.0198727826420748
97 0 0.022947359444625
98 0 0.0268049254763109
99 0 0.0307937142210341
100 0 0.0338630711627242
