*Period monthly mortality rates for SWE in 1774 
* Mon Dec 20 14:18:55 2010
death 1 M married
1 0 0.0206977911654848
2 0 0.00476183788769291
3 0 0.00285301186141251
4 0 0.00168163320832315
5 0 0.00144441984831734
6 0 0.0013551380434218
7 0 0.00105172912676332
8 0 0.000803878036134242
9 0 0.000619523263368116
10 0 0.000516799756698605
11 0 0.000473816144812345
12 0 0.000474318759615011
13 0 0.000473062227821175
14 0 0.000472392084635787
15 0 0.000479847705942782
16 0 0.000494258056151664
17 0 0.000495347303426596
18 0 0.000500458561184192
19 0 0.000506910887272616
20 0 0.000524510469421813
21 0 0.000562738447121514
22 0 0.000611301107493856
23 0 0.00065972185815566
24 0 0.00070203771316113
25 0 0.000729335179738388
26 0 0.00075008674164323
27 0 0.000739668360939527
28 0 0.000734291599650772
29 0 0.000736811916880353
30 0 0.000739920404433492
31 0 0.000741180632392924
32 0 0.00076832178352193
33 0 0.000791772217350162
34 0 0.000816994494034828
35 0 0.000840878037552173
36 0 0.000864263083070527
37 0 0.000847943387804029
38 0 0.000844158310394305
39 0 0.00085282216469218
40 0 0.000884877198158662
41 0 0.000939506190722139
42 0 0.00106429122153495
43 0 0.00117202560410457
44 0 0.00126442292003692
45 0 0.00133754592176383
46 0 0.00139117870584304
47 0 0.00133999846499777
48 0 0.00131513781912207
49 0 0.00131530691616655
50 0 0.00134904807706948
51 0 0.00141098177934795
52 0 0.00157134260060143
53 0 0.00171678468102343
54 0 0.00185727172242534
55 0 0.00198349598047431
56 0 0.00209906463783993
57 0 0.00203299520527345
58 0 0.00201987229814293
59 0 0.00205472886900471
60 0 0.00212678550048806
61 0 0.00222144143539782
62 0 0.0025929097546159
63 0 0.00300259264660241
64 0 0.00346866481615449
65 0 0.00390521311114123
66 0 0.00425815675880281
67 0 0.00441585222408392
68 0 0.00458749632918221
69 0 0.00477395864357444
70 0 0.00498862433411618
71 0 0.00530261292471412
72 0 0.00600624305226038
73 0 0.00673235848120002
74 0 0.0074266328826399
75 0 0.00805403063169574
76 0 0.008546141344697
77 0 0.00879256502511738
78 0 0.00948027305216659
79 0 0.0106340074587151
80 0 0.0118509863619776
81 0 0.0160714284242883
82 0 0.0178992557138709
83 0 0.0189992395559447
84 0 0.0193722427020643
85 0 0.0190088106640702
86 0 0.0179760335716892
87 0 0.0168824784113799
88 0 0.0157820874648842
89 0 0.0157849663201114
90 0 0.0178852292795092
91 0 0.0272253707783739
92 0 0.0278712395975035
93 0 0.0283707656826310
94 0 0.0290264759530763
95 0 0.0294548744312181
96 0 0.0296557553041422
97 0 0.0301989004361014
98 0 0.0309265336356045
99 0 0.0320975969636372
100 0 0.0325833280396997

death 1 M single
1 0 0.0206977911654848
2 0 0.00476183788769291
3 0 0.00285301186141251
4 0 0.00168163320832315
5 0 0.00144441984831734
6 0 0.0013551380434218
7 0 0.00105172912676332
8 0 0.000803878036134242
9 0 0.000619523263368116
10 0 0.000516799756698605
11 0 0.000473816144812345
12 0 0.000474318759615011
13 0 0.000473062227821175
14 0 0.000472392084635787
15 0 0.000479847705942782
16 0 0.000494258056151664
17 0 0.000495347303426596
18 0 0.000500458561184192
19 0 0.000506910887272616
20 0 0.000524510469421813
21 0 0.000562738447121514
22 0 0.000611301107493856
23 0 0.00065972185815566
24 0 0.00070203771316113
25 0 0.000729335179738388
26 0 0.00075008674164323
27 0 0.000739668360939527
28 0 0.000734291599650772
29 0 0.000736811916880353
30 0 0.000739920404433492
31 0 0.000741180632392924
32 0 0.00076832178352193
33 0 0.000791772217350162
34 0 0.000816994494034828
35 0 0.000840878037552173
36 0 0.000864263083070527
37 0 0.000847943387804029
38 0 0.000844158310394305
39 0 0.00085282216469218
40 0 0.000884877198158662
41 0 0.000939506190722139
42 0 0.00106429122153495
43 0 0.00117202560410457
44 0 0.00126442292003692
45 0 0.00133754592176383
46 0 0.00139117870584304
47 0 0.00133999846499777
48 0 0.00131513781912207
49 0 0.00131530691616655
50 0 0.00134904807706948
51 0 0.00141098177934795
52 0 0.00157134260060143
53 0 0.00171678468102343
54 0 0.00185727172242534
55 0 0.00198349598047431
56 0 0.00209906463783993
57 0 0.00203299520527345
58 0 0.00201987229814293
59 0 0.00205472886900471
60 0 0.00212678550048806
61 0 0.00222144143539782
62 0 0.0025929097546159
63 0 0.00300259264660241
64 0 0.00346866481615449
65 0 0.00390521311114123
66 0 0.00425815675880281
67 0 0.00441585222408392
68 0 0.00458749632918221
69 0 0.00477395864357444
70 0 0.00498862433411618
71 0 0.00530261292471412
72 0 0.00600624305226038
73 0 0.00673235848120002
74 0 0.0074266328826399
75 0 0.00805403063169574
76 0 0.008546141344697
77 0 0.00879256502511738
78 0 0.00948027305216659
79 0 0.0106340074587151
80 0 0.0118509863619776
81 0 0.0160714284242883
82 0 0.0178992557138709
83 0 0.0189992395559447
84 0 0.0193722427020643
85 0 0.0190088106640702
86 0 0.0179760335716892
87 0 0.0168824784113799
88 0 0.0157820874648842
89 0 0.0157849663201114
90 0 0.0178852292795092
91 0 0.0272253707783739
92 0 0.0278712395975035
93 0 0.0283707656826310
94 0 0.0290264759530763
95 0 0.0294548744312181
96 0 0.0296557553041422
97 0 0.0301989004361014
98 0 0.0309265336356045
99 0 0.0320975969636372
100 0 0.0325833280396997

death 1 M divorced
1 0 0.0206977911654848
2 0 0.00476183788769291
3 0 0.00285301186141251
4 0 0.00168163320832315
5 0 0.00144441984831734
6 0 0.0013551380434218
7 0 0.00105172912676332
8 0 0.000803878036134242
9 0 0.000619523263368116
10 0 0.000516799756698605
11 0 0.000473816144812345
12 0 0.000474318759615011
13 0 0.000473062227821175
14 0 0.000472392084635787
15 0 0.000479847705942782
16 0 0.000494258056151664
17 0 0.000495347303426596
18 0 0.000500458561184192
19 0 0.000506910887272616
20 0 0.000524510469421813
21 0 0.000562738447121514
22 0 0.000611301107493856
23 0 0.00065972185815566
24 0 0.00070203771316113
25 0 0.000729335179738388
26 0 0.00075008674164323
27 0 0.000739668360939527
28 0 0.000734291599650772
29 0 0.000736811916880353
30 0 0.000739920404433492
31 0 0.000741180632392924
32 0 0.00076832178352193
33 0 0.000791772217350162
34 0 0.000816994494034828
35 0 0.000840878037552173
36 0 0.000864263083070527
37 0 0.000847943387804029
38 0 0.000844158310394305
39 0 0.00085282216469218
40 0 0.000884877198158662
41 0 0.000939506190722139
42 0 0.00106429122153495
43 0 0.00117202560410457
44 0 0.00126442292003692
45 0 0.00133754592176383
46 0 0.00139117870584304
47 0 0.00133999846499777
48 0 0.00131513781912207
49 0 0.00131530691616655
50 0 0.00134904807706948
51 0 0.00141098177934795
52 0 0.00157134260060143
53 0 0.00171678468102343
54 0 0.00185727172242534
55 0 0.00198349598047431
56 0 0.00209906463783993
57 0 0.00203299520527345
58 0 0.00201987229814293
59 0 0.00205472886900471
60 0 0.00212678550048806
61 0 0.00222144143539782
62 0 0.0025929097546159
63 0 0.00300259264660241
64 0 0.00346866481615449
65 0 0.00390521311114123
66 0 0.00425815675880281
67 0 0.00441585222408392
68 0 0.00458749632918221
69 0 0.00477395864357444
70 0 0.00498862433411618
71 0 0.00530261292471412
72 0 0.00600624305226038
73 0 0.00673235848120002
74 0 0.0074266328826399
75 0 0.00805403063169574
76 0 0.008546141344697
77 0 0.00879256502511738
78 0 0.00948027305216659
79 0 0.0106340074587151
80 0 0.0118509863619776
81 0 0.0160714284242883
82 0 0.0178992557138709
83 0 0.0189992395559447
84 0 0.0193722427020643
85 0 0.0190088106640702
86 0 0.0179760335716892
87 0 0.0168824784113799
88 0 0.0157820874648842
89 0 0.0157849663201114
90 0 0.0178852292795092
91 0 0.0272253707783739
92 0 0.0278712395975035
93 0 0.0283707656826310
94 0 0.0290264759530763
95 0 0.0294548744312181
96 0 0.0296557553041422
97 0 0.0301989004361014
98 0 0.0309265336356045
99 0 0.0320975969636372
100 0 0.0325833280396997

death 1 M widowed
1 0 0.0206977911654848
2 0 0.00476183788769291
3 0 0.00285301186141251
4 0 0.00168163320832315
5 0 0.00144441984831734
6 0 0.0013551380434218
7 0 0.00105172912676332
8 0 0.000803878036134242
9 0 0.000619523263368116
10 0 0.000516799756698605
11 0 0.000473816144812345
12 0 0.000474318759615011
13 0 0.000473062227821175
14 0 0.000472392084635787
15 0 0.000479847705942782
16 0 0.000494258056151664
17 0 0.000495347303426596
18 0 0.000500458561184192
19 0 0.000506910887272616
20 0 0.000524510469421813
21 0 0.000562738447121514
22 0 0.000611301107493856
23 0 0.00065972185815566
24 0 0.00070203771316113
25 0 0.000729335179738388
26 0 0.00075008674164323
27 0 0.000739668360939527
28 0 0.000734291599650772
29 0 0.000736811916880353
30 0 0.000739920404433492
31 0 0.000741180632392924
32 0 0.00076832178352193
33 0 0.000791772217350162
34 0 0.000816994494034828
35 0 0.000840878037552173
36 0 0.000864263083070527
37 0 0.000847943387804029
38 0 0.000844158310394305
39 0 0.00085282216469218
40 0 0.000884877198158662
41 0 0.000939506190722139
42 0 0.00106429122153495
43 0 0.00117202560410457
44 0 0.00126442292003692
45 0 0.00133754592176383
46 0 0.00139117870584304
47 0 0.00133999846499777
48 0 0.00131513781912207
49 0 0.00131530691616655
50 0 0.00134904807706948
51 0 0.00141098177934795
52 0 0.00157134260060143
53 0 0.00171678468102343
54 0 0.00185727172242534
55 0 0.00198349598047431
56 0 0.00209906463783993
57 0 0.00203299520527345
58 0 0.00201987229814293
59 0 0.00205472886900471
60 0 0.00212678550048806
61 0 0.00222144143539782
62 0 0.0025929097546159
63 0 0.00300259264660241
64 0 0.00346866481615449
65 0 0.00390521311114123
66 0 0.00425815675880281
67 0 0.00441585222408392
68 0 0.00458749632918221
69 0 0.00477395864357444
70 0 0.00498862433411618
71 0 0.00530261292471412
72 0 0.00600624305226038
73 0 0.00673235848120002
74 0 0.0074266328826399
75 0 0.00805403063169574
76 0 0.008546141344697
77 0 0.00879256502511738
78 0 0.00948027305216659
79 0 0.0106340074587151
80 0 0.0118509863619776
81 0 0.0160714284242883
82 0 0.0178992557138709
83 0 0.0189992395559447
84 0 0.0193722427020643
85 0 0.0190088106640702
86 0 0.0179760335716892
87 0 0.0168824784113799
88 0 0.0157820874648842
89 0 0.0157849663201114
90 0 0.0178852292795092
91 0 0.0272253707783739
92 0 0.0278712395975035
93 0 0.0283707656826310
94 0 0.0290264759530763
95 0 0.0294548744312181
96 0 0.0296557553041422
97 0 0.0301989004361014
98 0 0.0309265336356045
99 0 0.0320975969636372
100 0 0.0325833280396997

death 1 F married
1 0 0.0185639665703593
2 0 0.00446617326589993
3 0 0.00264694681883260
4 0 0.00160441571297265
5 0 0.00142503273325256
6 0 0.00128369124474215
7 0 0.000900782712778492
8 0 0.0006188520390773
9 0 0.000441319622313197
10 0 0.000373181669737321
11 0 0.000383055995862303
12 0 0.000423401253864308
13 0 0.000449861396625395
14 0 0.000461921739236981
15 0 0.000464266991751616
16 0 0.000462005497213092
17 0 0.000445925381260759
18 0 0.000444418016270154
19 0 0.000452206337884342
20 0 0.000471889480490151
21 0 0.000509005896875303
22 0 0.000568608201322873
23 0 0.000626487508022966
24 0 0.000676091726304229
25 0 0.000711863856224237
26 0 0.000741516696134759
27 0 0.000733871553577181
28 0 0.000733703535691577
29 0 0.000742944980907878
30 0 0.000756976972373757
31 0 0.000773196285686284
32 0 0.00081497645415296
33 0 0.00084920511532549
34 0 0.000877135839030374
35 0 0.000903560151768845
36 0 0.000935296317198575
37 0 0.000936811849187369
38 0 0.00094674762967828
39 0 0.000962158659883694
40 0 0.000992314577943021
41 0 0.00103891589418692
42 0 0.0011361561940606
43 0 0.00120664246819613
44 0 0.00125512826058127
45 0 0.0012792963545748
46 0 0.00128191635964259
47 0 0.00121880371857563
48 0 0.00119304744297644
49 0 0.00120714915444331
50 0 0.00126585945229896
51 0 0.00135750647399935
52 0 0.00152938253585622
53 0 0.00165599989823706
54 0 0.00173589445434164
55 0 0.00175135508212620
56 0 0.00171941734412429
57 0 0.00161858147523208
58 0 0.00162672566880151
59 0 0.00174634283183706
60 0 0.00196595196387972
61 0 0.00223946200486991
62 0 0.00266882812293667
63 0 0.00307506194334339
64 0 0.00346979036475326
65 0 0.00379149060134976
66 0 0.00401942705144864
67 0 0.00411564565069344
68 0 0.00431739146033294
69 0 0.00462879202077615
70 0 0.00507362877460749
71 0 0.00566673828046449
72 0 0.00659234953922339
73 0 0.00737816231578692
74 0 0.00797937120859837
75 0 0.00833921528646253
76 0 0.00841280164997438
77 0 0.0084221299256525
78 0 0.00887378384417847
79 0 0.00988046649042273
80 0 0.0113879599164162
81 0 0.0131530957993535
82 0 0.0150213534655103
83 0 0.0165338269822672
84 0 0.0175262730983342
85 0 0.0178169581156794
86 0 0.0172505569001724
87 0 0.0165526491060052
88 0 0.0160377730473801
89 0 0.0160472311195787
90 0 0.0170051705849603
91 0 0.0249321353848968
92 0 0.0264654574408335
93 0 0.0280679757277933
94 0 0.0297545667737357
95 0 0.0315833316563845
96 0 0.0333722952237735
97 0 0.0353102381366064
98 0 0.0375094630064218
99 0 0.0403061633630292
100 0 0.0435844125579802

death 1 F single
1 0 0.0185639665703593
2 0 0.00446617326589993
3 0 0.00264694681883260
4 0 0.00160441571297265
5 0 0.00142503273325256
6 0 0.00128369124474215
7 0 0.000900782712778492
8 0 0.0006188520390773
9 0 0.000441319622313197
10 0 0.000373181669737321
11 0 0.000383055995862303
12 0 0.000423401253864308
13 0 0.000449861396625395
14 0 0.000461921739236981
15 0 0.000464266991751616
16 0 0.000462005497213092
17 0 0.000445925381260759
18 0 0.000444418016270154
19 0 0.000452206337884342
20 0 0.000471889480490151
21 0 0.000509005896875303
22 0 0.000568608201322873
23 0 0.000626487508022966
24 0 0.000676091726304229
25 0 0.000711863856224237
26 0 0.000741516696134759
27 0 0.000733871553577181
28 0 0.000733703535691577
29 0 0.000742944980907878
30 0 0.000756976972373757
31 0 0.000773196285686284
32 0 0.00081497645415296
33 0 0.00084920511532549
34 0 0.000877135839030374
35 0 0.000903560151768845
36 0 0.000935296317198575
37 0 0.000936811849187369
38 0 0.00094674762967828
39 0 0.000962158659883694
40 0 0.000992314577943021
41 0 0.00103891589418692
42 0 0.0011361561940606
43 0 0.00120664246819613
44 0 0.00125512826058127
45 0 0.0012792963545748
46 0 0.00128191635964259
47 0 0.00121880371857563
48 0 0.00119304744297644
49 0 0.00120714915444331
50 0 0.00126585945229896
51 0 0.00135750647399935
52 0 0.00152938253585622
53 0 0.00165599989823706
54 0 0.00173589445434164
55 0 0.00175135508212620
56 0 0.00171941734412429
57 0 0.00161858147523208
58 0 0.00162672566880151
59 0 0.00174634283183706
60 0 0.00196595196387972
61 0 0.00223946200486991
62 0 0.00266882812293667
63 0 0.00307506194334339
64 0 0.00346979036475326
65 0 0.00379149060134976
66 0 0.00401942705144864
67 0 0.00411564565069344
68 0 0.00431739146033294
69 0 0.00462879202077615
70 0 0.00507362877460749
71 0 0.00566673828046449
72 0 0.00659234953922339
73 0 0.00737816231578692
74 0 0.00797937120859837
75 0 0.00833921528646253
76 0 0.00841280164997438
77 0 0.0084221299256525
78 0 0.00887378384417847
79 0 0.00988046649042273
80 0 0.0113879599164162
81 0 0.0131530957993535
82 0 0.0150213534655103
83 0 0.0165338269822672
84 0 0.0175262730983342
85 0 0.0178169581156794
86 0 0.0172505569001724
87 0 0.0165526491060052
88 0 0.0160377730473801
89 0 0.0160472311195787
90 0 0.0170051705849603
91 0 0.0249321353848968
92 0 0.0264654574408335
93 0 0.0280679757277933
94 0 0.0297545667737357
95 0 0.0315833316563845
96 0 0.0333722952237735
97 0 0.0353102381366064
98 0 0.0375094630064218
99 0 0.0403061633630292
100 0 0.0435844125579802

death 1 F divorced
1 0 0.0185639665703593
2 0 0.00446617326589993
3 0 0.00264694681883260
4 0 0.00160441571297265
5 0 0.00142503273325256
6 0 0.00128369124474215
7 0 0.000900782712778492
8 0 0.0006188520390773
9 0 0.000441319622313197
10 0 0.000373181669737321
11 0 0.000383055995862303
12 0 0.000423401253864308
13 0 0.000449861396625395
14 0 0.000461921739236981
15 0 0.000464266991751616
16 0 0.000462005497213092
17 0 0.000445925381260759
18 0 0.000444418016270154
19 0 0.000452206337884342
20 0 0.000471889480490151
21 0 0.000509005896875303
22 0 0.000568608201322873
23 0 0.000626487508022966
24 0 0.000676091726304229
25 0 0.000711863856224237
26 0 0.000741516696134759
27 0 0.000733871553577181
28 0 0.000733703535691577
29 0 0.000742944980907878
30 0 0.000756976972373757
31 0 0.000773196285686284
32 0 0.00081497645415296
33 0 0.00084920511532549
34 0 0.000877135839030374
35 0 0.000903560151768845
36 0 0.000935296317198575
37 0 0.000936811849187369
38 0 0.00094674762967828
39 0 0.000962158659883694
40 0 0.000992314577943021
41 0 0.00103891589418692
42 0 0.0011361561940606
43 0 0.00120664246819613
44 0 0.00125512826058127
45 0 0.0012792963545748
46 0 0.00128191635964259
47 0 0.00121880371857563
48 0 0.00119304744297644
49 0 0.00120714915444331
50 0 0.00126585945229896
51 0 0.00135750647399935
52 0 0.00152938253585622
53 0 0.00165599989823706
54 0 0.00173589445434164
55 0 0.00175135508212620
56 0 0.00171941734412429
57 0 0.00161858147523208
58 0 0.00162672566880151
59 0 0.00174634283183706
60 0 0.00196595196387972
61 0 0.00223946200486991
62 0 0.00266882812293667
63 0 0.00307506194334339
64 0 0.00346979036475326
65 0 0.00379149060134976
66 0 0.00401942705144864
67 0 0.00411564565069344
68 0 0.00431739146033294
69 0 0.00462879202077615
70 0 0.00507362877460749
71 0 0.00566673828046449
72 0 0.00659234953922339
73 0 0.00737816231578692
74 0 0.00797937120859837
75 0 0.00833921528646253
76 0 0.00841280164997438
77 0 0.0084221299256525
78 0 0.00887378384417847
79 0 0.00988046649042273
80 0 0.0113879599164162
81 0 0.0131530957993535
82 0 0.0150213534655103
83 0 0.0165338269822672
84 0 0.0175262730983342
85 0 0.0178169581156794
86 0 0.0172505569001724
87 0 0.0165526491060052
88 0 0.0160377730473801
89 0 0.0160472311195787
90 0 0.0170051705849603
91 0 0.0249321353848968
92 0 0.0264654574408335
93 0 0.0280679757277933
94 0 0.0297545667737357
95 0 0.0315833316563845
96 0 0.0333722952237735
97 0 0.0353102381366064
98 0 0.0375094630064218
99 0 0.0403061633630292
100 0 0.0435844125579802

death 1 F widowed
1 0 0.0185639665703593
2 0 0.00446617326589993
3 0 0.00264694681883260
4 0 0.00160441571297265
5 0 0.00142503273325256
6 0 0.00128369124474215
7 0 0.000900782712778492
8 0 0.0006188520390773
9 0 0.000441319622313197
10 0 0.000373181669737321
11 0 0.000383055995862303
12 0 0.000423401253864308
13 0 0.000449861396625395
14 0 0.000461921739236981
15 0 0.000464266991751616
16 0 0.000462005497213092
17 0 0.000445925381260759
18 0 0.000444418016270154
19 0 0.000452206337884342
20 0 0.000471889480490151
21 0 0.000509005896875303
22 0 0.000568608201322873
23 0 0.000626487508022966
24 0 0.000676091726304229
25 0 0.000711863856224237
26 0 0.000741516696134759
27 0 0.000733871553577181
28 0 0.000733703535691577
29 0 0.000742944980907878
30 0 0.000756976972373757
31 0 0.000773196285686284
32 0 0.00081497645415296
33 0 0.00084920511532549
34 0 0.000877135839030374
35 0 0.000903560151768845
36 0 0.000935296317198575
37 0 0.000936811849187369
38 0 0.00094674762967828
39 0 0.000962158659883694
40 0 0.000992314577943021
41 0 0.00103891589418692
42 0 0.0011361561940606
43 0 0.00120664246819613
44 0 0.00125512826058127
45 0 0.0012792963545748
46 0 0.00128191635964259
47 0 0.00121880371857563
48 0 0.00119304744297644
49 0 0.00120714915444331
50 0 0.00126585945229896
51 0 0.00135750647399935
52 0 0.00152938253585622
53 0 0.00165599989823706
54 0 0.00173589445434164
55 0 0.00175135508212620
56 0 0.00171941734412429
57 0 0.00161858147523208
58 0 0.00162672566880151
59 0 0.00174634283183706
60 0 0.00196595196387972
61 0 0.00223946200486991
62 0 0.00266882812293667
63 0 0.00307506194334339
64 0 0.00346979036475326
65 0 0.00379149060134976
66 0 0.00401942705144864
67 0 0.00411564565069344
68 0 0.00431739146033294
69 0 0.00462879202077615
70 0 0.00507362877460749
71 0 0.00566673828046449
72 0 0.00659234953922339
73 0 0.00737816231578692
74 0 0.00797937120859837
75 0 0.00833921528646253
76 0 0.00841280164997438
77 0 0.0084221299256525
78 0 0.00887378384417847
79 0 0.00988046649042273
80 0 0.0113879599164162
81 0 0.0131530957993535
82 0 0.0150213534655103
83 0 0.0165338269822672
84 0 0.0175262730983342
85 0 0.0178169581156794
86 0 0.0172505569001724
87 0 0.0165526491060052
88 0 0.0160377730473801
89 0 0.0160472311195787
90 0 0.0170051705849603
91 0 0.0249321353848968
92 0 0.0264654574408335
93 0 0.0280679757277933
94 0 0.0297545667737357
95 0 0.0315833316563845
96 0 0.0333722952237735
97 0 0.0353102381366064
98 0 0.0375094630064218
99 0 0.0403061633630292
100 0 0.0435844125579802
