*Period monthly mortality rates for SWE in 1870 
* Mon Dec 20 14:20:07 2010
death 1 M married
1 0 0.0144283169400433
2 0 0.00345515932360119
3 0 0.00235817974779717
4 0 0.00188338735236426
5 0 0.00151226501001489
6 0 0.0010057110606162
7 0 0.000903812650434044
8 0 0.000687594372434042
9 0 0.000541191315097778
10 0 0.000482612305270358
11 0 0.000438891225224336
12 0 0.000334531493081491
13 0 0.000323073452733302
14 0 0.000319644685001563
15 0 0.000307937672553105
16 0 0.000298656755831961
17 0 0.000324913332652721
18 0 0.000378537103295606
19 0 0.000453378831206885
20 0 0.00042800610467908
21 0 0.000554856802234327
22 0 0.000633116622337337
23 0 0.000552844576930722
24 0 0.000624893236227275
25 0 0.000594775147160664
26 0 0.000640333676461657
27 0 0.00062883701218952
28 0 0.00061012657453785
29 0 0.000616167191503370
30 0 0.000638990925307725
31 0 0.000716735329751805
32 0 0.000729083165611599
33 0 0.000777902949778753
34 0 0.00072992321541987
35 0 0.000819348930563679
36 0 0.000833981439986031
37 0 0.000922331132684473
38 0 0.000918374594310545
39 0 0.000835915798660825
40 0 0.000935296317198575
41 0 0.00114940512585915
42 0 0.00107702370813800
43 0 0.00109211949843913
44 0 0.00126171892096516
45 0 0.00124228629674272
46 0 0.00112805588867981
47 0 0.00140531122718024
48 0 0.00128588876960545
49 0 0.00138407096377502
50 0 0.00155387807570062
51 0 0.00153887483254123
52 0 0.00178865831824215
53 0 0.00179987778023993
54 0 0.00193700323804813
55 0 0.00218148441343502
56 0 0.00218216729160947
57 0 0.00231175107053205
58 0 0.00240283525889229
59 0 0.00261940962394136
60 0 0.00287984593625912
61 0 0.00307988954344518
62 0 0.00315820154121349
63 0 0.00393027212594688
64 0 0.00407963885810292
65 0 0.00393044617113136
66 0 0.00428645877155032
67 0 0.00513066615881574
68 0 0.00505292085192721
69 0 0.00558587196003035
70 0 0.00608837777886839
71 0 0.00691772638856802
72 0 0.00739868678432032
73 0 0.0088113013328528
74 0 0.00872674330540224
75 0 0.00906812392255774
76 0 0.0104183057258479
77 0 0.0112682799835360
78 0 0.0123819515981498
79 0 0.0157463576615001
80 0 0.0147355779285341
81 0 0.0140674554759916
82 0 0.0177854815638098
83 0 0.0208075739186014
84 0 0.0202606350399108
85 0 0.0296845396995791
86 0 0.0220474214460222
87 0 0.0287653074730437
88 0 0.0302433987886075
89 0 0.0306396171667226
90 0 0.0492614130903022
91 0 0.0474411297914563
92 0 0.0354765955927445
93 0 0.0483322558653517
94 0 0.0275767274310861
95 0 0.0496603452191445
96 0 0.0496603452191445
97 0 0.0322051596710902
98 0 0.139201339408729
99 0 0
100 0 0

death 1 M single
1 0 0.0144283169400433
2 0 0.00345515932360119
3 0 0.00235817974779717
4 0 0.00188338735236426
5 0 0.00151226501001489
6 0 0.0010057110606162
7 0 0.000903812650434044
8 0 0.000687594372434042
9 0 0.000541191315097778
10 0 0.000482612305270358
11 0 0.000438891225224336
12 0 0.000334531493081491
13 0 0.000323073452733302
14 0 0.000319644685001563
15 0 0.000307937672553105
16 0 0.000298656755831961
17 0 0.000324913332652721
18 0 0.000378537103295606
19 0 0.000453378831206885
20 0 0.00042800610467908
21 0 0.000554856802234327
22 0 0.000633116622337337
23 0 0.000552844576930722
24 0 0.000624893236227275
25 0 0.000594775147160664
26 0 0.000640333676461657
27 0 0.00062883701218952
28 0 0.00061012657453785
29 0 0.000616167191503370
30 0 0.000638990925307725
31 0 0.000716735329751805
32 0 0.000729083165611599
33 0 0.000777902949778753
34 0 0.00072992321541987
35 0 0.000819348930563679
36 0 0.000833981439986031
37 0 0.000922331132684473
38 0 0.000918374594310545
39 0 0.000835915798660825
40 0 0.000935296317198575
41 0 0.00114940512585915
42 0 0.00107702370813800
43 0 0.00109211949843913
44 0 0.00126171892096516
45 0 0.00124228629674272
46 0 0.00112805588867981
47 0 0.00140531122718024
48 0 0.00128588876960545
49 0 0.00138407096377502
50 0 0.00155387807570062
51 0 0.00153887483254123
52 0 0.00178865831824215
53 0 0.00179987778023993
54 0 0.00193700323804813
55 0 0.00218148441343502
56 0 0.00218216729160947
57 0 0.00231175107053205
58 0 0.00240283525889229
59 0 0.00261940962394136
60 0 0.00287984593625912
61 0 0.00307988954344518
62 0 0.00315820154121349
63 0 0.00393027212594688
64 0 0.00407963885810292
65 0 0.00393044617113136
66 0 0.00428645877155032
67 0 0.00513066615881574
68 0 0.00505292085192721
69 0 0.00558587196003035
70 0 0.00608837777886839
71 0 0.00691772638856802
72 0 0.00739868678432032
73 0 0.0088113013328528
74 0 0.00872674330540224
75 0 0.00906812392255774
76 0 0.0104183057258479
77 0 0.0112682799835360
78 0 0.0123819515981498
79 0 0.0157463576615001
80 0 0.0147355779285341
81 0 0.0140674554759916
82 0 0.0177854815638098
83 0 0.0208075739186014
84 0 0.0202606350399108
85 0 0.0296845396995791
86 0 0.0220474214460222
87 0 0.0287653074730437
88 0 0.0302433987886075
89 0 0.0306396171667226
90 0 0.0492614130903022
91 0 0.0474411297914563
92 0 0.0354765955927445
93 0 0.0483322558653517
94 0 0.0275767274310861
95 0 0.0496603452191445
96 0 0.0496603452191445
97 0 0.0322051596710902
98 0 0.139201339408729
99 0 0
100 0 0

death 1 M divorced
1 0 0.0144283169400433
2 0 0.00345515932360119
3 0 0.00235817974779717
4 0 0.00188338735236426
5 0 0.00151226501001489
6 0 0.0010057110606162
7 0 0.000903812650434044
8 0 0.000687594372434042
9 0 0.000541191315097778
10 0 0.000482612305270358
11 0 0.000438891225224336
12 0 0.000334531493081491
13 0 0.000323073452733302
14 0 0.000319644685001563
15 0 0.000307937672553105
16 0 0.000298656755831961
17 0 0.000324913332652721
18 0 0.000378537103295606
19 0 0.000453378831206885
20 0 0.00042800610467908
21 0 0.000554856802234327
22 0 0.000633116622337337
23 0 0.000552844576930722
24 0 0.000624893236227275
25 0 0.000594775147160664
26 0 0.000640333676461657
27 0 0.00062883701218952
28 0 0.00061012657453785
29 0 0.000616167191503370
30 0 0.000638990925307725
31 0 0.000716735329751805
32 0 0.000729083165611599
33 0 0.000777902949778753
34 0 0.00072992321541987
35 0 0.000819348930563679
36 0 0.000833981439986031
37 0 0.000922331132684473
38 0 0.000918374594310545
39 0 0.000835915798660825
40 0 0.000935296317198575
41 0 0.00114940512585915
42 0 0.00107702370813800
43 0 0.00109211949843913
44 0 0.00126171892096516
45 0 0.00124228629674272
46 0 0.00112805588867981
47 0 0.00140531122718024
48 0 0.00128588876960545
49 0 0.00138407096377502
50 0 0.00155387807570062
51 0 0.00153887483254123
52 0 0.00178865831824215
53 0 0.00179987778023993
54 0 0.00193700323804813
55 0 0.00218148441343502
56 0 0.00218216729160947
57 0 0.00231175107053205
58 0 0.00240283525889229
59 0 0.00261940962394136
60 0 0.00287984593625912
61 0 0.00307988954344518
62 0 0.00315820154121349
63 0 0.00393027212594688
64 0 0.00407963885810292
65 0 0.00393044617113136
66 0 0.00428645877155032
67 0 0.00513066615881574
68 0 0.00505292085192721
69 0 0.00558587196003035
70 0 0.00608837777886839
71 0 0.00691772638856802
72 0 0.00739868678432032
73 0 0.0088113013328528
74 0 0.00872674330540224
75 0 0.00906812392255774
76 0 0.0104183057258479
77 0 0.0112682799835360
78 0 0.0123819515981498
79 0 0.0157463576615001
80 0 0.0147355779285341
81 0 0.0140674554759916
82 0 0.0177854815638098
83 0 0.0208075739186014
84 0 0.0202606350399108
85 0 0.0296845396995791
86 0 0.0220474214460222
87 0 0.0287653074730437
88 0 0.0302433987886075
89 0 0.0306396171667226
90 0 0.0492614130903022
91 0 0.0474411297914563
92 0 0.0354765955927445
93 0 0.0483322558653517
94 0 0.0275767274310861
95 0 0.0496603452191445
96 0 0.0496603452191445
97 0 0.0322051596710902
98 0 0.139201339408729
99 0 0
100 0 0

death 1 M widowed
1 0 0.0144283169400433
2 0 0.00345515932360119
3 0 0.00235817974779717
4 0 0.00188338735236426
5 0 0.00151226501001489
6 0 0.0010057110606162
7 0 0.000903812650434044
8 0 0.000687594372434042
9 0 0.000541191315097778
10 0 0.000482612305270358
11 0 0.000438891225224336
12 0 0.000334531493081491
13 0 0.000323073452733302
14 0 0.000319644685001563
15 0 0.000307937672553105
16 0 0.000298656755831961
17 0 0.000324913332652721
18 0 0.000378537103295606
19 0 0.000453378831206885
20 0 0.00042800610467908
21 0 0.000554856802234327
22 0 0.000633116622337337
23 0 0.000552844576930722
24 0 0.000624893236227275
25 0 0.000594775147160664
26 0 0.000640333676461657
27 0 0.00062883701218952
28 0 0.00061012657453785
29 0 0.000616167191503370
30 0 0.000638990925307725
31 0 0.000716735329751805
32 0 0.000729083165611599
33 0 0.000777902949778753
34 0 0.00072992321541987
35 0 0.000819348930563679
36 0 0.000833981439986031
37 0 0.000922331132684473
38 0 0.000918374594310545
39 0 0.000835915798660825
40 0 0.000935296317198575
41 0 0.00114940512585915
42 0 0.00107702370813800
43 0 0.00109211949843913
44 0 0.00126171892096516
45 0 0.00124228629674272
46 0 0.00112805588867981
47 0 0.00140531122718024
48 0 0.00128588876960545
49 0 0.00138407096377502
50 0 0.00155387807570062
51 0 0.00153887483254123
52 0 0.00178865831824215
53 0 0.00179987778023993
54 0 0.00193700323804813
55 0 0.00218148441343502
56 0 0.00218216729160947
57 0 0.00231175107053205
58 0 0.00240283525889229
59 0 0.00261940962394136
60 0 0.00287984593625912
61 0 0.00307988954344518
62 0 0.00315820154121349
63 0 0.00393027212594688
64 0 0.00407963885810292
65 0 0.00393044617113136
66 0 0.00428645877155032
67 0 0.00513066615881574
68 0 0.00505292085192721
69 0 0.00558587196003035
70 0 0.00608837777886839
71 0 0.00691772638856802
72 0 0.00739868678432032
73 0 0.0088113013328528
74 0 0.00872674330540224
75 0 0.00906812392255774
76 0 0.0104183057258479
77 0 0.0112682799835360
78 0 0.0123819515981498
79 0 0.0157463576615001
80 0 0.0147355779285341
81 0 0.0140674554759916
82 0 0.0177854815638098
83 0 0.0208075739186014
84 0 0.0202606350399108
85 0 0.0296845396995791
86 0 0.0220474214460222
87 0 0.0287653074730437
88 0 0.0302433987886075
89 0 0.0306396171667226
90 0 0.0492614130903022
91 0 0.0474411297914563
92 0 0.0354765955927445
93 0 0.0483322558653517
94 0 0.0275767274310861
95 0 0.0496603452191445
96 0 0.0496603452191445
97 0 0.0322051596710902
98 0 0.139201339408729
99 0 0
100 0 0

death 1 F married
1 0 0.0119612662827975
2 0 0.00325730971402982
3 0 0.00223134803524316
4 0 0.00180208783779912
5 0 0.00135133176657876
6 0 0.00102408177782720
7 0 0.000824394357205716
8 0 0.000677938768401831
9 0 0.000472392084635787
10 0 0.000460832892573371
11 0 0.000418461764218003
12 0 0.000323324343256215
13 0 0.000309777246069842
14 0 0.000290379981001787
15 0 0.000320899097214111
16 0 0.000316132422916948
17 0 0.000331855033178452
18 0 0.000321066353484056
19 0 0.000391341215903229
20 0 0.000363977755631906
21 0 0.000389248917327167
22 0 0.000468203801698319
23 0 0.000440733451556818
24 0 0.000417206004572734
25 0 0.000482193421177612
26 0 0.000506408092155519
27 0 0.000565337862914461
28 0 0.000561816091651512
29 0 0.000517721655301062
30 0 0.000644865608127265
31 0 0.00060341524891705
32 0 0.000596872183725949
33 0 0.000650992467739808
34 0 0.00063017961327938
35 0 0.000699434383269582
36 0 0.000742776946239587
37 0 0.000696327280732212
38 0 0.000723287033646214
39 0 0.000812453967346527
40 0 0.000802364720553284
41 0 0.000903980983267494
42 0 0.000888663972819836
43 0 0.000930413108364836
44 0 0.000975382229241872
45 0 0.000959716300397928
46 0 0.00102332328017607
47 0 0.00110831442098647
48 0 0.00100874450088528
49 0 0.00103697720724938
50 0 0.00113016527362242
51 0 0.00114923633750152
52 0 0.00122192874734450
53 0 0.00126264841156287
54 0 0.00127346500180137
55 0 0.00153226402099038
56 0 0.00161959945946388
57 0 0.00157812584636974
58 0 0.00191223386783768
59 0 0.00200283239441568
60 0 0.00233970803482886
61 0 0.00246994541193368
62 0 0.00266530959618005
63 0 0.00297968338006382
64 0 0.00289085708583603
65 0 0.00351958823861009
66 0 0.00334416160645723
67 0 0.00366142394865121
68 0 0.00474418664765386
69 0 0.00460213616970406
70 0 0.00585721940146067
71 0 0.0057350699418478
72 0 0.00640129769427777
73 0 0.00715748039087993
74 0 0.00759222593876518
75 0 0.00764978839095409
76 0 0.0093164432378643
77 0 0.00961075485704
78 0 0.00987470370263832
79 0 0.0121884318849357
80 0 0.0130197791107279
81 0 0.0133037005055257
82 0 0.0139901637925429
83 0 0.016536029366507
84 0 0.0184604914199185
85 0 0.0216640207765946
86 0 0.0232007426570429
87 0 0.0254630948520154
88 0 0.0264449762799085
89 0 0.0322206901236153
90 0 0.0323883545323259
91 0 0.0351317211616883
92 0 0.0382442389454671
93 0 0.0445190647041889
94 0 0.0315637626121315
95 0 0.068457343226848
96 0 0.0569630447012427
97 0 0.0693956923692439
98 0 0.0398988371313856
99 0 0
100 0 0.119302651272568

death 1 F single
1 0 0.0119612662827975
2 0 0.00325730971402982
3 0 0.00223134803524316
4 0 0.00180208783779912
5 0 0.00135133176657876
6 0 0.00102408177782720
7 0 0.000824394357205716
8 0 0.000677938768401831
9 0 0.000472392084635787
10 0 0.000460832892573371
11 0 0.000418461764218003
12 0 0.000323324343256215
13 0 0.000309777246069842
14 0 0.000290379981001787
15 0 0.000320899097214111
16 0 0.000316132422916948
17 0 0.000331855033178452
18 0 0.000321066353484056
19 0 0.000391341215903229
20 0 0.000363977755631906
21 0 0.000389248917327167
22 0 0.000468203801698319
23 0 0.000440733451556818
24 0 0.000417206004572734
25 0 0.000482193421177612
26 0 0.000506408092155519
27 0 0.000565337862914461
28 0 0.000561816091651512
29 0 0.000517721655301062
30 0 0.000644865608127265
31 0 0.00060341524891705
32 0 0.000596872183725949
33 0 0.000650992467739808
34 0 0.00063017961327938
35 0 0.000699434383269582
36 0 0.000742776946239587
37 0 0.000696327280732212
38 0 0.000723287033646214
39 0 0.000812453967346527
40 0 0.000802364720553284
41 0 0.000903980983267494
42 0 0.000888663972819836
43 0 0.000930413108364836
44 0 0.000975382229241872
45 0 0.000959716300397928
46 0 0.00102332328017607
47 0 0.00110831442098647
48 0 0.00100874450088528
49 0 0.00103697720724938
50 0 0.00113016527362242
51 0 0.00114923633750152
52 0 0.00122192874734450
53 0 0.00126264841156287
54 0 0.00127346500180137
55 0 0.00153226402099038
56 0 0.00161959945946388
57 0 0.00157812584636974
58 0 0.00191223386783768
59 0 0.00200283239441568
60 0 0.00233970803482886
61 0 0.00246994541193368
62 0 0.00266530959618005
63 0 0.00297968338006382
64 0 0.00289085708583603
65 0 0.00351958823861009
66 0 0.00334416160645723
67 0 0.00366142394865121
68 0 0.00474418664765386
69 0 0.00460213616970406
70 0 0.00585721940146067
71 0 0.0057350699418478
72 0 0.00640129769427777
73 0 0.00715748039087993
74 0 0.00759222593876518
75 0 0.00764978839095409
76 0 0.0093164432378643
77 0 0.00961075485704
78 0 0.00987470370263832
79 0 0.0121884318849357
80 0 0.0130197791107279
81 0 0.0133037005055257
82 0 0.0139901637925429
83 0 0.016536029366507
84 0 0.0184604914199185
85 0 0.0216640207765946
86 0 0.0232007426570429
87 0 0.0254630948520154
88 0 0.0264449762799085
89 0 0.0322206901236153
90 0 0.0323883545323259
91 0 0.0351317211616883
92 0 0.0382442389454671
93 0 0.0445190647041889
94 0 0.0315637626121315
95 0 0.068457343226848
96 0 0.0569630447012427
97 0 0.0693956923692439
98 0 0.0398988371313856
99 0 0
100 0 0.119302651272568

death 1 F divorced
1 0 0.0119612662827975
2 0 0.00325730971402982
3 0 0.00223134803524316
4 0 0.00180208783779912
5 0 0.00135133176657876
6 0 0.00102408177782720
7 0 0.000824394357205716
8 0 0.000677938768401831
9 0 0.000472392084635787
10 0 0.000460832892573371
11 0 0.000418461764218003
12 0 0.000323324343256215
13 0 0.000309777246069842
14 0 0.000290379981001787
15 0 0.000320899097214111
16 0 0.000316132422916948
17 0 0.000331855033178452
18 0 0.000321066353484056
19 0 0.000391341215903229
20 0 0.000363977755631906
21 0 0.000389248917327167
22 0 0.000468203801698319
23 0 0.000440733451556818
24 0 0.000417206004572734
25 0 0.000482193421177612
26 0 0.000506408092155519
27 0 0.000565337862914461
28 0 0.000561816091651512
29 0 0.000517721655301062
30 0 0.000644865608127265
31 0 0.00060341524891705
32 0 0.000596872183725949
33 0 0.000650992467739808
34 0 0.00063017961327938
35 0 0.000699434383269582
36 0 0.000742776946239587
37 0 0.000696327280732212
38 0 0.000723287033646214
39 0 0.000812453967346527
40 0 0.000802364720553284
41 0 0.000903980983267494
42 0 0.000888663972819836
43 0 0.000930413108364836
44 0 0.000975382229241872
45 0 0.000959716300397928
46 0 0.00102332328017607
47 0 0.00110831442098647
48 0 0.00100874450088528
49 0 0.00103697720724938
50 0 0.00113016527362242
51 0 0.00114923633750152
52 0 0.00122192874734450
53 0 0.00126264841156287
54 0 0.00127346500180137
55 0 0.00153226402099038
56 0 0.00161959945946388
57 0 0.00157812584636974
58 0 0.00191223386783768
59 0 0.00200283239441568
60 0 0.00233970803482886
61 0 0.00246994541193368
62 0 0.00266530959618005
63 0 0.00297968338006382
64 0 0.00289085708583603
65 0 0.00351958823861009
66 0 0.00334416160645723
67 0 0.00366142394865121
68 0 0.00474418664765386
69 0 0.00460213616970406
70 0 0.00585721940146067
71 0 0.0057350699418478
72 0 0.00640129769427777
73 0 0.00715748039087993
74 0 0.00759222593876518
75 0 0.00764978839095409
76 0 0.0093164432378643
77 0 0.00961075485704
78 0 0.00987470370263832
79 0 0.0121884318849357
80 0 0.0130197791107279
81 0 0.0133037005055257
82 0 0.0139901637925429
83 0 0.016536029366507
84 0 0.0184604914199185
85 0 0.0216640207765946
86 0 0.0232007426570429
87 0 0.0254630948520154
88 0 0.0264449762799085
89 0 0.0322206901236153
90 0 0.0323883545323259
91 0 0.0351317211616883
92 0 0.0382442389454671
93 0 0.0445190647041889
94 0 0.0315637626121315
95 0 0.068457343226848
96 0 0.0569630447012427
97 0 0.0693956923692439
98 0 0.0398988371313856
99 0 0
100 0 0.119302651272568

death 1 F widowed
1 0 0.0119612662827975
2 0 0.00325730971402982
3 0 0.00223134803524316
4 0 0.00180208783779912
5 0 0.00135133176657876
6 0 0.00102408177782720
7 0 0.000824394357205716
8 0 0.000677938768401831
9 0 0.000472392084635787
10 0 0.000460832892573371
11 0 0.000418461764218003
12 0 0.000323324343256215
13 0 0.000309777246069842
14 0 0.000290379981001787
15 0 0.000320899097214111
16 0 0.000316132422916948
17 0 0.000331855033178452
18 0 0.000321066353484056
19 0 0.000391341215903229
20 0 0.000363977755631906
21 0 0.000389248917327167
22 0 0.000468203801698319
23 0 0.000440733451556818
24 0 0.000417206004572734
25 0 0.000482193421177612
26 0 0.000506408092155519
27 0 0.000565337862914461
28 0 0.000561816091651512
29 0 0.000517721655301062
30 0 0.000644865608127265
31 0 0.00060341524891705
32 0 0.000596872183725949
33 0 0.000650992467739808
34 0 0.00063017961327938
35 0 0.000699434383269582
36 0 0.000742776946239587
37 0 0.000696327280732212
38 0 0.000723287033646214
39 0 0.000812453967346527
40 0 0.000802364720553284
41 0 0.000903980983267494
42 0 0.000888663972819836
43 0 0.000930413108364836
44 0 0.000975382229241872
45 0 0.000959716300397928
46 0 0.00102332328017607
47 0 0.00110831442098647
48 0 0.00100874450088528
49 0 0.00103697720724938
50 0 0.00113016527362242
51 0 0.00114923633750152
52 0 0.00122192874734450
53 0 0.00126264841156287
54 0 0.00127346500180137
55 0 0.00153226402099038
56 0 0.00161959945946388
57 0 0.00157812584636974
58 0 0.00191223386783768
59 0 0.00200283239441568
60 0 0.00233970803482886
61 0 0.00246994541193368
62 0 0.00266530959618005
63 0 0.00297968338006382
64 0 0.00289085708583603
65 0 0.00351958823861009
66 0 0.00334416160645723
67 0 0.00366142394865121
68 0 0.00474418664765386
69 0 0.00460213616970406
70 0 0.00585721940146067
71 0 0.0057350699418478
72 0 0.00640129769427777
73 0 0.00715748039087993
74 0 0.00759222593876518
75 0 0.00764978839095409
76 0 0.0093164432378643
77 0 0.00961075485704
78 0 0.00987470370263832
79 0 0.0121884318849357
80 0 0.0130197791107279
81 0 0.0133037005055257
82 0 0.0139901637925429
83 0 0.016536029366507
84 0 0.0184604914199185
85 0 0.0216640207765946
86 0 0.0232007426570429
87 0 0.0254630948520154
88 0 0.0264449762799085
89 0 0.0322206901236153
90 0 0.0323883545323259
91 0 0.0351317211616883
92 0 0.0382442389454671
93 0 0.0445190647041889
94 0 0.0315637626121315
95 0 0.068457343226848
96 0 0.0569630447012427
97 0 0.0693956923692439
98 0 0.0398988371313856
99 0 0
100 0 0.119302651272568
