*Period monthly mortality rates for SWE in 2029 
* Mon Dec 20 14:21:52 2010
death 1 M married
1 0 0.000253686998195723
2 0 0.0000258370045466139
3 0 0.00000833371530217786
4 0 0.00000583352049443597
5 0 0.00000500013750526218
6 0 0.00000416676215586609
7 0 0.00000416676215586609
8 0 0.00000416676215586609
9 0 0.00000333339444602565
10 0 0.00000416676215586609
11 0 0.00000416676215586609
12 0 0.00000500013750526218
13 0 0.00000416676215586609
14 0 0.00000666691112360951
15 0 0.00000666691112360951
16 0 0.0000100005500421885
17 0 0.0000133343112110884
18 0 0.0000175016846010179
19 0 0.0000225027848553827
20 0 0.0000300049511388067
21 0 0.0000350067393084519
22 0 0.0000375077365993848
23 0 0.0000391751063537615
24 0 0.0000375077365993848
25 0 0.0000375077365993848
26 0 0.0000366740631904117
27 0 0.0000366740631904117
28 0 0.0000341730888351321
29 0 0.0000341730888351321
30 0 0.0000333394460065861
31 0 0.0000341730888351321
32 0 0.0000325058108229248
33 0 0.0000333394460065861
34 0 0.0000358403974268784
35 0 0.0000366740631904117
36 0 0.0000391751063537615
37 0 0.0000425099376131222
38 0 0.0000433436645435048
39 0 0.0000483461867075707
40 0 0.0000525151654794387
41 0 0.000055850486162301
42 0 0.0000608536966506534
43 0 0.0000675250723508602
44 0 0.0000758649805536749
45 0 0.0000817033715945215
46 0 0.0000908787437792213
47 0 0.0000992207949763735
48 0 0.000108397935606575
49 0 0.000121748157967727
50 0 0.000132596657577144
51 0 0.000145115766213677
52 0 0.000165149927191854
53 0 0.000181013436895361
54 0 0.000206901950655758
55 0 0.000222772749752909
56 0 0.000243659603279878
57 0 0.000270401781932272
58 0 0.000303004454673572
59 0 0.000320564585597816
60 0 0.000360714773546156
61 0 0.000386654533994446
62 0 0.000428508466157718
63 0 0.000477083190726146
64 0 0.000524007576906516
65 0 0.00059360082782578
66 0 0.000651496063618806
67 0 0.00071530745699988
68 0 0.000801019572312933
69 0 0.00087755654811561
70 0 0.000973529129001727
71 0 0.00108562547102597
72 0 0.00119448284641999
73 0 0.00133813790889226
74 0 0.00149387997649741
75 0 0.00167365385231055
76 0 0.00189717126876354
77 0 0.00208883138326388
78 0 0.00241772531678908
79 0 0.00274695742280107
80 0 0.00310325531370248
81 0 0.00355363975838929
82 0 0.00411346565553461
83 0 0.00478915579833394
84 0 0.0054876351676506
85 0 0.00646052172227474
86 0 0.00751278663996391
87 0 0.00877282264192936
88 0 0.0101168726546830
89 0 0.0118624833759522
90 0 0.0136766195333431
91 0 0.0158256772920911
92 0 0.0186128288878183
93 0 0.0218174801448943
94 0 0.0246098401367042
95 0 0.0283189712219326
96 0 0.0312533749944899
97 0 0.0366041694683328
98 0 0.0410746019583427
99 0 0.0451070376663699
100 0 0.050685450201767

death 1 M single
1 0 0.000253686998195723
2 0 0.0000258370045466139
3 0 0.00000833371530217786
4 0 0.00000583352049443597
5 0 0.00000500013750526218
6 0 0.00000416676215586609
7 0 0.00000416676215586609
8 0 0.00000416676215586609
9 0 0.00000333339444602565
10 0 0.00000416676215586609
11 0 0.00000416676215586609
12 0 0.00000500013750526218
13 0 0.00000416676215586609
14 0 0.00000666691112360951
15 0 0.00000666691112360951
16 0 0.0000100005500421885
17 0 0.0000133343112110884
18 0 0.0000175016846010179
19 0 0.0000225027848553827
20 0 0.0000300049511388067
21 0 0.0000350067393084519
22 0 0.0000375077365993848
23 0 0.0000391751063537615
24 0 0.0000375077365993848
25 0 0.0000375077365993848
26 0 0.0000366740631904117
27 0 0.0000366740631904117
28 0 0.0000341730888351321
29 0 0.0000341730888351321
30 0 0.0000333394460065861
31 0 0.0000341730888351321
32 0 0.0000325058108229248
33 0 0.0000333394460065861
34 0 0.0000358403974268784
35 0 0.0000366740631904117
36 0 0.0000391751063537615
37 0 0.0000425099376131222
38 0 0.0000433436645435048
39 0 0.0000483461867075707
40 0 0.0000525151654794387
41 0 0.000055850486162301
42 0 0.0000608536966506534
43 0 0.0000675250723508602
44 0 0.0000758649805536749
45 0 0.0000817033715945215
46 0 0.0000908787437792213
47 0 0.0000992207949763735
48 0 0.000108397935606575
49 0 0.000121748157967727
50 0 0.000132596657577144
51 0 0.000145115766213677
52 0 0.000165149927191854
53 0 0.000181013436895361
54 0 0.000206901950655758
55 0 0.000222772749752909
56 0 0.000243659603279878
57 0 0.000270401781932272
58 0 0.000303004454673572
59 0 0.000320564585597816
60 0 0.000360714773546156
61 0 0.000386654533994446
62 0 0.000428508466157718
63 0 0.000477083190726146
64 0 0.000524007576906516
65 0 0.00059360082782578
66 0 0.000651496063618806
67 0 0.00071530745699988
68 0 0.000801019572312933
69 0 0.00087755654811561
70 0 0.000973529129001727
71 0 0.00108562547102597
72 0 0.00119448284641999
73 0 0.00133813790889226
74 0 0.00149387997649741
75 0 0.00167365385231055
76 0 0.00189717126876354
77 0 0.00208883138326388
78 0 0.00241772531678908
79 0 0.00274695742280107
80 0 0.00310325531370248
81 0 0.00355363975838929
82 0 0.00411346565553461
83 0 0.00478915579833394
84 0 0.0054876351676506
85 0 0.00646052172227474
86 0 0.00751278663996391
87 0 0.00877282264192936
88 0 0.0101168726546830
89 0 0.0118624833759522
90 0 0.0136766195333431
91 0 0.0158256772920911
92 0 0.0186128288878183
93 0 0.0218174801448943
94 0 0.0246098401367042
95 0 0.0283189712219326
96 0 0.0312533749944899
97 0 0.0366041694683328
98 0 0.0410746019583427
99 0 0.0451070376663699
100 0 0.050685450201767

death 1 M divorced
1 0 0.000253686998195723
2 0 0.0000258370045466139
3 0 0.00000833371530217786
4 0 0.00000583352049443597
5 0 0.00000500013750526218
6 0 0.00000416676215586609
7 0 0.00000416676215586609
8 0 0.00000416676215586609
9 0 0.00000333339444602565
10 0 0.00000416676215586609
11 0 0.00000416676215586609
12 0 0.00000500013750526218
13 0 0.00000416676215586609
14 0 0.00000666691112360951
15 0 0.00000666691112360951
16 0 0.0000100005500421885
17 0 0.0000133343112110884
18 0 0.0000175016846010179
19 0 0.0000225027848553827
20 0 0.0000300049511388067
21 0 0.0000350067393084519
22 0 0.0000375077365993848
23 0 0.0000391751063537615
24 0 0.0000375077365993848
25 0 0.0000375077365993848
26 0 0.0000366740631904117
27 0 0.0000366740631904117
28 0 0.0000341730888351321
29 0 0.0000341730888351321
30 0 0.0000333394460065861
31 0 0.0000341730888351321
32 0 0.0000325058108229248
33 0 0.0000333394460065861
34 0 0.0000358403974268784
35 0 0.0000366740631904117
36 0 0.0000391751063537615
37 0 0.0000425099376131222
38 0 0.0000433436645435048
39 0 0.0000483461867075707
40 0 0.0000525151654794387
41 0 0.000055850486162301
42 0 0.0000608536966506534
43 0 0.0000675250723508602
44 0 0.0000758649805536749
45 0 0.0000817033715945215
46 0 0.0000908787437792213
47 0 0.0000992207949763735
48 0 0.000108397935606575
49 0 0.000121748157967727
50 0 0.000132596657577144
51 0 0.000145115766213677
52 0 0.000165149927191854
53 0 0.000181013436895361
54 0 0.000206901950655758
55 0 0.000222772749752909
56 0 0.000243659603279878
57 0 0.000270401781932272
58 0 0.000303004454673572
59 0 0.000320564585597816
60 0 0.000360714773546156
61 0 0.000386654533994446
62 0 0.000428508466157718
63 0 0.000477083190726146
64 0 0.000524007576906516
65 0 0.00059360082782578
66 0 0.000651496063618806
67 0 0.00071530745699988
68 0 0.000801019572312933
69 0 0.00087755654811561
70 0 0.000973529129001727
71 0 0.00108562547102597
72 0 0.00119448284641999
73 0 0.00133813790889226
74 0 0.00149387997649741
75 0 0.00167365385231055
76 0 0.00189717126876354
77 0 0.00208883138326388
78 0 0.00241772531678908
79 0 0.00274695742280107
80 0 0.00310325531370248
81 0 0.00355363975838929
82 0 0.00411346565553461
83 0 0.00478915579833394
84 0 0.0054876351676506
85 0 0.00646052172227474
86 0 0.00751278663996391
87 0 0.00877282264192936
88 0 0.0101168726546830
89 0 0.0118624833759522
90 0 0.0136766195333431
91 0 0.0158256772920911
92 0 0.0186128288878183
93 0 0.0218174801448943
94 0 0.0246098401367042
95 0 0.0283189712219326
96 0 0.0312533749944899
97 0 0.0366041694683328
98 0 0.0410746019583427
99 0 0.0451070376663699
100 0 0.050685450201767

death 1 M widowed
1 0 0.000253686998195723
2 0 0.0000258370045466139
3 0 0.00000833371530217786
4 0 0.00000583352049443597
5 0 0.00000500013750526218
6 0 0.00000416676215586609
7 0 0.00000416676215586609
8 0 0.00000416676215586609
9 0 0.00000333339444602565
10 0 0.00000416676215586609
11 0 0.00000416676215586609
12 0 0.00000500013750526218
13 0 0.00000416676215586609
14 0 0.00000666691112360951
15 0 0.00000666691112360951
16 0 0.0000100005500421885
17 0 0.0000133343112110884
18 0 0.0000175016846010179
19 0 0.0000225027848553827
20 0 0.0000300049511388067
21 0 0.0000350067393084519
22 0 0.0000375077365993848
23 0 0.0000391751063537615
24 0 0.0000375077365993848
25 0 0.0000375077365993848
26 0 0.0000366740631904117
27 0 0.0000366740631904117
28 0 0.0000341730888351321
29 0 0.0000341730888351321
30 0 0.0000333394460065861
31 0 0.0000341730888351321
32 0 0.0000325058108229248
33 0 0.0000333394460065861
34 0 0.0000358403974268784
35 0 0.0000366740631904117
36 0 0.0000391751063537615
37 0 0.0000425099376131222
38 0 0.0000433436645435048
39 0 0.0000483461867075707
40 0 0.0000525151654794387
41 0 0.000055850486162301
42 0 0.0000608536966506534
43 0 0.0000675250723508602
44 0 0.0000758649805536749
45 0 0.0000817033715945215
46 0 0.0000908787437792213
47 0 0.0000992207949763735
48 0 0.000108397935606575
49 0 0.000121748157967727
50 0 0.000132596657577144
51 0 0.000145115766213677
52 0 0.000165149927191854
53 0 0.000181013436895361
54 0 0.000206901950655758
55 0 0.000222772749752909
56 0 0.000243659603279878
57 0 0.000270401781932272
58 0 0.000303004454673572
59 0 0.000320564585597816
60 0 0.000360714773546156
61 0 0.000386654533994446
62 0 0.000428508466157718
63 0 0.000477083190726146
64 0 0.000524007576906516
65 0 0.00059360082782578
66 0 0.000651496063618806
67 0 0.00071530745699988
68 0 0.000801019572312933
69 0 0.00087755654811561
70 0 0.000973529129001727
71 0 0.00108562547102597
72 0 0.00119448284641999
73 0 0.00133813790889226
74 0 0.00149387997649741
75 0 0.00167365385231055
76 0 0.00189717126876354
77 0 0.00208883138326388
78 0 0.00241772531678908
79 0 0.00274695742280107
80 0 0.00310325531370248
81 0 0.00355363975838929
82 0 0.00411346565553461
83 0 0.00478915579833394
84 0 0.0054876351676506
85 0 0.00646052172227474
86 0 0.00751278663996391
87 0 0.00877282264192936
88 0 0.0101168726546830
89 0 0.0118624833759522
90 0 0.0136766195333431
91 0 0.0158256772920911
92 0 0.0186128288878183
93 0 0.0218174801448943
94 0 0.0246098401367042
95 0 0.0283189712219326
96 0 0.0312533749944899
97 0 0.0366041694683328
98 0 0.0410746019583427
99 0 0.0451070376663699
100 0 0.050685450201767

death 1 F married
1 0 0.000251180045748089
2 0 0.0000275041602521009
3 0 0.00000833371530217786
4 0 0.00000583352049443597
5 0 0.00000500013750526218
6 0 0.00000500013750526218
7 0 0.00000500013750526218
8 0 0.00000333339444602565
9 0 0.00000333339444602565
10 0 0.00000416676215586609
11 0 0.00000416676215586609
12 0 0.00000416676215586609
13 0 0.00000416676215586609
14 0 0.00000416676215586609
15 0 0.00000583352049443597
16 0 0.00000833371530217786
17 0 0.00000916712885190574
18 0 0.0000100005500421885
19 0 0.0000108339788730261
20 0 0.000012500859457365
21 0 0.0000150012376423092
22 0 0.0000150012376423092
23 0 0.0000141677706060328
24 0 0.0000141677706060328
25 0 0.000012500859457365
26 0 0.000012500859457365
27 0 0.0000141677706060328
28 0 0.0000133343112110884
29 0 0.0000133343112110884
30 0 0.0000141677706060328
31 0 0.0000158347123201397
32 0 0.0000166681946396352
33 0 0.0000166681946396352
34 0 0.0000183351822042876
35 0 0.0000191686874497776
36 0 0.0000225027848553827
37 0 0.0000258370045466139
38 0 0.0000266705785775256
39 0 0.0000283377495704507
40 0 0.0000300049511388067
41 0 0.0000308385633891461
42 0 0.0000341730888351321
43 0 0.0000408425066913409
44 0 0.0000441773991204375
45 0 0.0000500137552731372
46 0 0.0000583520569852336
47 0 0.0000650232490866376
48 0 0.0000733629277510639
49 0 0.000086708005247571
50 0 0.000100055042203562
51 0 0.000114238416628387
52 0 0.000128424004500527
53 0 0.000138438693701781
54 0 0.000150123892499576
55 0 0.000166819639945581
56 0 0.000186858585824345
57 0 0.000211078208056104
58 0 0.000231126915174573
59 0 0.000255358338245082
60 0 0.000273745107596257
61 0 0.000311365998618696
62 0 0.000343146883615142
63 0 0.000364061423379858
64 0 0.000405904948601377
65 0 0.000436881566365344
66 0 0.000487974192214247
67 0 0.000524845732644996
68 0 0.000574310611397011
69 0 0.000629676135545654
70 0 0.000682556537945356
71 0 0.00076655694206218
72 0 0.000841382687202019
73 0 0.000929739582922529
74 0 0.00103756723802317
75 0 0.00116409091412772
76 0 0.00129924410299831
77 0 0.00146254080829189
78 0 0.00166431719877891
79 0 0.00187760213478283
80 0 0.00216304864565298
81 0 0.00248022175805163
82 0 0.00287932982143979
83 0 0.00326378832481033
84 0 0.00379748615788555
85 0 0.00436494705311397
86 0 0.00518094529832802
87 0 0.00608365434528879
88 0 0.00711798796594465
89 0 0.0083770521996005
90 0 0.00983214485699235
91 0 0.0113697189795049
92 0 0.0135225807096113
93 0 0.0154530200042354
94 0 0.0179065747284013
95 0 0.0203667447200629
96 0 0.0232685201659542
97 0 0.0263197302586261
98 0 0.0301086879506062
99 0 0.0339812275169432
100 0 0.0369691494858493

death 1 F single
1 0 0.000251180045748089
2 0 0.0000275041602521009
3 0 0.00000833371530217786
4 0 0.00000583352049443597
5 0 0.00000500013750526218
6 0 0.00000500013750526218
7 0 0.00000500013750526218
8 0 0.00000333339444602565
9 0 0.00000333339444602565
10 0 0.00000416676215586609
11 0 0.00000416676215586609
12 0 0.00000416676215586609
13 0 0.00000416676215586609
14 0 0.00000416676215586609
15 0 0.00000583352049443597
16 0 0.00000833371530217786
17 0 0.00000916712885190574
18 0 0.0000100005500421885
19 0 0.0000108339788730261
20 0 0.000012500859457365
21 0 0.0000150012376423092
22 0 0.0000150012376423092
23 0 0.0000141677706060328
24 0 0.0000141677706060328
25 0 0.000012500859457365
26 0 0.000012500859457365
27 0 0.0000141677706060328
28 0 0.0000133343112110884
29 0 0.0000133343112110884
30 0 0.0000141677706060328
31 0 0.0000158347123201397
32 0 0.0000166681946396352
33 0 0.0000166681946396352
34 0 0.0000183351822042876
35 0 0.0000191686874497776
36 0 0.0000225027848553827
37 0 0.0000258370045466139
38 0 0.0000266705785775256
39 0 0.0000283377495704507
40 0 0.0000300049511388067
41 0 0.0000308385633891461
42 0 0.0000341730888351321
43 0 0.0000408425066913409
44 0 0.0000441773991204375
45 0 0.0000500137552731372
46 0 0.0000583520569852336
47 0 0.0000650232490866376
48 0 0.0000733629277510639
49 0 0.000086708005247571
50 0 0.000100055042203562
51 0 0.000114238416628387
52 0 0.000128424004500527
53 0 0.000138438693701781
54 0 0.000150123892499576
55 0 0.000166819639945581
56 0 0.000186858585824345
57 0 0.000211078208056104
58 0 0.000231126915174573
59 0 0.000255358338245082
60 0 0.000273745107596257
61 0 0.000311365998618696
62 0 0.000343146883615142
63 0 0.000364061423379858
64 0 0.000405904948601377
65 0 0.000436881566365344
66 0 0.000487974192214247
67 0 0.000524845732644996
68 0 0.000574310611397011
69 0 0.000629676135545654
70 0 0.000682556537945356
71 0 0.00076655694206218
72 0 0.000841382687202019
73 0 0.000929739582922529
74 0 0.00103756723802317
75 0 0.00116409091412772
76 0 0.00129924410299831
77 0 0.00146254080829189
78 0 0.00166431719877891
79 0 0.00187760213478283
80 0 0.00216304864565298
81 0 0.00248022175805163
82 0 0.00287932982143979
83 0 0.00326378832481033
84 0 0.00379748615788555
85 0 0.00436494705311397
86 0 0.00518094529832802
87 0 0.00608365434528879
88 0 0.00711798796594465
89 0 0.0083770521996005
90 0 0.00983214485699235
91 0 0.0113697189795049
92 0 0.0135225807096113
93 0 0.0154530200042354
94 0 0.0179065747284013
95 0 0.0203667447200629
96 0 0.0232685201659542
97 0 0.0263197302586261
98 0 0.0301086879506062
99 0 0.0339812275169432
100 0 0.0369691494858493

death 1 F divorced
1 0 0.000251180045748089
2 0 0.0000275041602521009
3 0 0.00000833371530217786
4 0 0.00000583352049443597
5 0 0.00000500013750526218
6 0 0.00000500013750526218
7 0 0.00000500013750526218
8 0 0.00000333339444602565
9 0 0.00000333339444602565
10 0 0.00000416676215586609
11 0 0.00000416676215586609
12 0 0.00000416676215586609
13 0 0.00000416676215586609
14 0 0.00000416676215586609
15 0 0.00000583352049443597
16 0 0.00000833371530217786
17 0 0.00000916712885190574
18 0 0.0000100005500421885
19 0 0.0000108339788730261
20 0 0.000012500859457365
21 0 0.0000150012376423092
22 0 0.0000150012376423092
23 0 0.0000141677706060328
24 0 0.0000141677706060328
25 0 0.000012500859457365
26 0 0.000012500859457365
27 0 0.0000141677706060328
28 0 0.0000133343112110884
29 0 0.0000133343112110884
30 0 0.0000141677706060328
31 0 0.0000158347123201397
32 0 0.0000166681946396352
33 0 0.0000166681946396352
34 0 0.0000183351822042876
35 0 0.0000191686874497776
36 0 0.0000225027848553827
37 0 0.0000258370045466139
38 0 0.0000266705785775256
39 0 0.0000283377495704507
40 0 0.0000300049511388067
41 0 0.0000308385633891461
42 0 0.0000341730888351321
43 0 0.0000408425066913409
44 0 0.0000441773991204375
45 0 0.0000500137552731372
46 0 0.0000583520569852336
47 0 0.0000650232490866376
48 0 0.0000733629277510639
49 0 0.000086708005247571
50 0 0.000100055042203562
51 0 0.000114238416628387
52 0 0.000128424004500527
53 0 0.000138438693701781
54 0 0.000150123892499576
55 0 0.000166819639945581
56 0 0.000186858585824345
57 0 0.000211078208056104
58 0 0.000231126915174573
59 0 0.000255358338245082
60 0 0.000273745107596257
61 0 0.000311365998618696
62 0 0.000343146883615142
63 0 0.000364061423379858
64 0 0.000405904948601377
65 0 0.000436881566365344
66 0 0.000487974192214247
67 0 0.000524845732644996
68 0 0.000574310611397011
69 0 0.000629676135545654
70 0 0.000682556537945356
71 0 0.00076655694206218
72 0 0.000841382687202019
73 0 0.000929739582922529
74 0 0.00103756723802317
75 0 0.00116409091412772
76 0 0.00129924410299831
77 0 0.00146254080829189
78 0 0.00166431719877891
79 0 0.00187760213478283
80 0 0.00216304864565298
81 0 0.00248022175805163
82 0 0.00287932982143979
83 0 0.00326378832481033
84 0 0.00379748615788555
85 0 0.00436494705311397
86 0 0.00518094529832802
87 0 0.00608365434528879
88 0 0.00711798796594465
89 0 0.0083770521996005
90 0 0.00983214485699235
91 0 0.0113697189795049
92 0 0.0135225807096113
93 0 0.0154530200042354
94 0 0.0179065747284013
95 0 0.0203667447200629
96 0 0.0232685201659542
97 0 0.0263197302586261
98 0 0.0301086879506062
99 0 0.0339812275169432
100 0 0.0369691494858493

death 1 F widowed
1 0 0.000251180045748089
2 0 0.0000275041602521009
3 0 0.00000833371530217786
4 0 0.00000583352049443597
5 0 0.00000500013750526218
6 0 0.00000500013750526218
7 0 0.00000500013750526218
8 0 0.00000333339444602565
9 0 0.00000333339444602565
10 0 0.00000416676215586609
11 0 0.00000416676215586609
12 0 0.00000416676215586609
13 0 0.00000416676215586609
14 0 0.00000416676215586609
15 0 0.00000583352049443597
16 0 0.00000833371530217786
17 0 0.00000916712885190574
18 0 0.0000100005500421885
19 0 0.0000108339788730261
20 0 0.000012500859457365
21 0 0.0000150012376423092
22 0 0.0000150012376423092
23 0 0.0000141677706060328
24 0 0.0000141677706060328
25 0 0.000012500859457365
26 0 0.000012500859457365
27 0 0.0000141677706060328
28 0 0.0000133343112110884
29 0 0.0000133343112110884
30 0 0.0000141677706060328
31 0 0.0000158347123201397
32 0 0.0000166681946396352
33 0 0.0000166681946396352
34 0 0.0000183351822042876
35 0 0.0000191686874497776
36 0 0.0000225027848553827
37 0 0.0000258370045466139
38 0 0.0000266705785775256
39 0 0.0000283377495704507
40 0 0.0000300049511388067
41 0 0.0000308385633891461
42 0 0.0000341730888351321
43 0 0.0000408425066913409
44 0 0.0000441773991204375
45 0 0.0000500137552731372
46 0 0.0000583520569852336
47 0 0.0000650232490866376
48 0 0.0000733629277510639
49 0 0.000086708005247571
50 0 0.000100055042203562
51 0 0.000114238416628387
52 0 0.000128424004500527
53 0 0.000138438693701781
54 0 0.000150123892499576
55 0 0.000166819639945581
56 0 0.000186858585824345
57 0 0.000211078208056104
58 0 0.000231126915174573
59 0 0.000255358338245082
60 0 0.000273745107596257
61 0 0.000311365998618696
62 0 0.000343146883615142
63 0 0.000364061423379858
64 0 0.000405904948601377
65 0 0.000436881566365344
66 0 0.000487974192214247
67 0 0.000524845732644996
68 0 0.000574310611397011
69 0 0.000629676135545654
70 0 0.000682556537945356
71 0 0.00076655694206218
72 0 0.000841382687202019
73 0 0.000929739582922529
74 0 0.00103756723802317
75 0 0.00116409091412772
76 0 0.00129924410299831
77 0 0.00146254080829189
78 0 0.00166431719877891
79 0 0.00187760213478283
80 0 0.00216304864565298
81 0 0.00248022175805163
82 0 0.00287932982143979
83 0 0.00326378832481033
84 0 0.00379748615788555
85 0 0.00436494705311397
86 0 0.00518094529832802
87 0 0.00608365434528879
88 0 0.00711798796594465
89 0 0.0083770521996005
90 0 0.00983214485699235
91 0 0.0113697189795049
92 0 0.0135225807096113
93 0 0.0154530200042354
94 0 0.0179065747284013
95 0 0.0203667447200629
96 0 0.0232685201659542
97 0 0.0263197302586261
98 0 0.0301086879506062
99 0 0.0339812275169432
100 0 0.0369691494858493
