*Period monthly mortality rates for SWE in 1958 
* Mon Dec 20 14:21:14 2010
death 1 M married
1 0 0.00153862056165532
2 0 0.000110316909405661
3 0 0.0000838720123482739
4 0 0.0000776164584929129
5 0 0.0000705273511594218
6 0 0.0000690261993605557
7 0 0.0000631052312128899
8 0 0.0000337562664652902
9 0 0.0000280876719723766
10 0 0.0000377578401129508
11 0 0.000038007944314522
12 0 0.0000306718403275674
13 0 0.0000375911043607458
14 0 0.0000300049511388067
15 0 0.000034923373917084
16 0 0.0000488464540653322
17 0 0.000085456821002805
18 0 0.0000901279967208124
19 0 0.000075698174890837
20 0 0.000116324393655498
21 0 0.0000736965308123505
22 0 0.000094298892176048
23 0 0.0000870416572880117
24 0 0.0000891270102878483
25 0 0.0000940486330518464
26 0 0.0000807024779270193
27 0 0.000102974967794545
28 0 0.0000883762776967556
29 0 0.0000931310221575776
30 0 0.000105811556756596
31 0 0.000107396747967003
32 0 0.000119745499612023
33 0 0.000086958244163049
34 0 0.0001135709140897
35 0 0.000129759232644910
36 0 0.000109899737742336
37 0 0.000159890532490770
38 0 0.000130760666624874
39 0 0.000158721819439323
40 0 0.000193121662546258
41 0 0.000148287547488746
42 0 0.000190031824093495
43 0 0.000210409993976701
44 0 0.000230542098599629
45 0 0.000246500586186693
46 0 0.000242489812600111
47 0 0.000273661522955715
48 0 0.000279011094930004
49 0 0.000377030855707394
50 0 0.000382888625463651
51 0 0.000451536348492598
52 0 0.000468706385457929
53 0 0.000550077839901242
54 0 0.000583284246088223
55 0 0.000604505805596012
56 0 0.000692044691958826
57 0 0.000789250374825579
58 0 0.00099223032958795
59 0 0.000943379446716075
60 0 0.00105139191326964
61 0 0.00130998051055009
62 0 0.00136621944679194
63 0 0.00145703639588490
64 0 0.00170404706729776
65 0 0.00181092860632481
66 0 0.00196620743492626
67 0 0.00228867383195441
68 0 0.00252313808781601
69 0 0.00275803834575228
70 0 0.00317459697835665
71 0 0.00350850043004147
72 0 0.00358761738910574
73 0 0.00421039534514123
74 0 0.00439870570431289
75 0 0.00498149287908911
76 0 0.0056763193476207
77 0 0.00624599679321514
78 0 0.00701014808909106
79 0 0.00764634267539788
80 0 0.0083094321740349
81 0 0.009444375115367
82 0 0.0109512899113904
83 0 0.0128894475304042
84 0 0.0127238006584961
85 0 0.0145350580702436
86 0 0.0157787123732631
87 0 0.0192654520712005
88 0 0.0231496199843557
89 0 0.0235394989949292
90 0 0.0238051158961804
91 0 0.0284412457673909
92 0 0.0342462560096356
93 0 0.0327117887866367
94 0 0.0419519603943062
95 0 0.0441312904297362
96 0 0.0506587251488229
97 0 0.0430404121321741
98 0 0.0498087398004419
99 0 0.0367920071121678
100 0 0.0765383777780408

death 1 M single
1 0 0.00153862056165532
2 0 0.000110316909405661
3 0 0.0000838720123482739
4 0 0.0000776164584929129
5 0 0.0000705273511594218
6 0 0.0000690261993605557
7 0 0.0000631052312128899
8 0 0.0000337562664652902
9 0 0.0000280876719723766
10 0 0.0000377578401129508
11 0 0.000038007944314522
12 0 0.0000306718403275674
13 0 0.0000375911043607458
14 0 0.0000300049511388067
15 0 0.000034923373917084
16 0 0.0000488464540653322
17 0 0.000085456821002805
18 0 0.0000901279967208124
19 0 0.000075698174890837
20 0 0.000116324393655498
21 0 0.0000736965308123505
22 0 0.000094298892176048
23 0 0.0000870416572880117
24 0 0.0000891270102878483
25 0 0.0000940486330518464
26 0 0.0000807024779270193
27 0 0.000102974967794545
28 0 0.0000883762776967556
29 0 0.0000931310221575776
30 0 0.000105811556756596
31 0 0.000107396747967003
32 0 0.000119745499612023
33 0 0.000086958244163049
34 0 0.0001135709140897
35 0 0.000129759232644910
36 0 0.000109899737742336
37 0 0.000159890532490770
38 0 0.000130760666624874
39 0 0.000158721819439323
40 0 0.000193121662546258
41 0 0.000148287547488746
42 0 0.000190031824093495
43 0 0.000210409993976701
44 0 0.000230542098599629
45 0 0.000246500586186693
46 0 0.000242489812600111
47 0 0.000273661522955715
48 0 0.000279011094930004
49 0 0.000377030855707394
50 0 0.000382888625463651
51 0 0.000451536348492598
52 0 0.000468706385457929
53 0 0.000550077839901242
54 0 0.000583284246088223
55 0 0.000604505805596012
56 0 0.000692044691958826
57 0 0.000789250374825579
58 0 0.00099223032958795
59 0 0.000943379446716075
60 0 0.00105139191326964
61 0 0.00130998051055009
62 0 0.00136621944679194
63 0 0.00145703639588490
64 0 0.00170404706729776
65 0 0.00181092860632481
66 0 0.00196620743492626
67 0 0.00228867383195441
68 0 0.00252313808781601
69 0 0.00275803834575228
70 0 0.00317459697835665
71 0 0.00350850043004147
72 0 0.00358761738910574
73 0 0.00421039534514123
74 0 0.00439870570431289
75 0 0.00498149287908911
76 0 0.0056763193476207
77 0 0.00624599679321514
78 0 0.00701014808909106
79 0 0.00764634267539788
80 0 0.0083094321740349
81 0 0.009444375115367
82 0 0.0109512899113904
83 0 0.0128894475304042
84 0 0.0127238006584961
85 0 0.0145350580702436
86 0 0.0157787123732631
87 0 0.0192654520712005
88 0 0.0231496199843557
89 0 0.0235394989949292
90 0 0.0238051158961804
91 0 0.0284412457673909
92 0 0.0342462560096356
93 0 0.0327117887866367
94 0 0.0419519603943062
95 0 0.0441312904297362
96 0 0.0506587251488229
97 0 0.0430404121321741
98 0 0.0498087398004419
99 0 0.0367920071121678
100 0 0.0765383777780408

death 1 M divorced
1 0 0.00153862056165532
2 0 0.000110316909405661
3 0 0.0000838720123482739
4 0 0.0000776164584929129
5 0 0.0000705273511594218
6 0 0.0000690261993605557
7 0 0.0000631052312128899
8 0 0.0000337562664652902
9 0 0.0000280876719723766
10 0 0.0000377578401129508
11 0 0.000038007944314522
12 0 0.0000306718403275674
13 0 0.0000375911043607458
14 0 0.0000300049511388067
15 0 0.000034923373917084
16 0 0.0000488464540653322
17 0 0.000085456821002805
18 0 0.0000901279967208124
19 0 0.000075698174890837
20 0 0.000116324393655498
21 0 0.0000736965308123505
22 0 0.000094298892176048
23 0 0.0000870416572880117
24 0 0.0000891270102878483
25 0 0.0000940486330518464
26 0 0.0000807024779270193
27 0 0.000102974967794545
28 0 0.0000883762776967556
29 0 0.0000931310221575776
30 0 0.000105811556756596
31 0 0.000107396747967003
32 0 0.000119745499612023
33 0 0.000086958244163049
34 0 0.0001135709140897
35 0 0.000129759232644910
36 0 0.000109899737742336
37 0 0.000159890532490770
38 0 0.000130760666624874
39 0 0.000158721819439323
40 0 0.000193121662546258
41 0 0.000148287547488746
42 0 0.000190031824093495
43 0 0.000210409993976701
44 0 0.000230542098599629
45 0 0.000246500586186693
46 0 0.000242489812600111
47 0 0.000273661522955715
48 0 0.000279011094930004
49 0 0.000377030855707394
50 0 0.000382888625463651
51 0 0.000451536348492598
52 0 0.000468706385457929
53 0 0.000550077839901242
54 0 0.000583284246088223
55 0 0.000604505805596012
56 0 0.000692044691958826
57 0 0.000789250374825579
58 0 0.00099223032958795
59 0 0.000943379446716075
60 0 0.00105139191326964
61 0 0.00130998051055009
62 0 0.00136621944679194
63 0 0.00145703639588490
64 0 0.00170404706729776
65 0 0.00181092860632481
66 0 0.00196620743492626
67 0 0.00228867383195441
68 0 0.00252313808781601
69 0 0.00275803834575228
70 0 0.00317459697835665
71 0 0.00350850043004147
72 0 0.00358761738910574
73 0 0.00421039534514123
74 0 0.00439870570431289
75 0 0.00498149287908911
76 0 0.0056763193476207
77 0 0.00624599679321514
78 0 0.00701014808909106
79 0 0.00764634267539788
80 0 0.0083094321740349
81 0 0.009444375115367
82 0 0.0109512899113904
83 0 0.0128894475304042
84 0 0.0127238006584961
85 0 0.0145350580702436
86 0 0.0157787123732631
87 0 0.0192654520712005
88 0 0.0231496199843557
89 0 0.0235394989949292
90 0 0.0238051158961804
91 0 0.0284412457673909
92 0 0.0342462560096356
93 0 0.0327117887866367
94 0 0.0419519603943062
95 0 0.0441312904297362
96 0 0.0506587251488229
97 0 0.0430404121321741
98 0 0.0498087398004419
99 0 0.0367920071121678
100 0 0.0765383777780408

death 1 M widowed
1 0 0.00153862056165532
2 0 0.000110316909405661
3 0 0.0000838720123482739
4 0 0.0000776164584929129
5 0 0.0000705273511594218
6 0 0.0000690261993605557
7 0 0.0000631052312128899
8 0 0.0000337562664652902
9 0 0.0000280876719723766
10 0 0.0000377578401129508
11 0 0.000038007944314522
12 0 0.0000306718403275674
13 0 0.0000375911043607458
14 0 0.0000300049511388067
15 0 0.000034923373917084
16 0 0.0000488464540653322
17 0 0.000085456821002805
18 0 0.0000901279967208124
19 0 0.000075698174890837
20 0 0.000116324393655498
21 0 0.0000736965308123505
22 0 0.000094298892176048
23 0 0.0000870416572880117
24 0 0.0000891270102878483
25 0 0.0000940486330518464
26 0 0.0000807024779270193
27 0 0.000102974967794545
28 0 0.0000883762776967556
29 0 0.0000931310221575776
30 0 0.000105811556756596
31 0 0.000107396747967003
32 0 0.000119745499612023
33 0 0.000086958244163049
34 0 0.0001135709140897
35 0 0.000129759232644910
36 0 0.000109899737742336
37 0 0.000159890532490770
38 0 0.000130760666624874
39 0 0.000158721819439323
40 0 0.000193121662546258
41 0 0.000148287547488746
42 0 0.000190031824093495
43 0 0.000210409993976701
44 0 0.000230542098599629
45 0 0.000246500586186693
46 0 0.000242489812600111
47 0 0.000273661522955715
48 0 0.000279011094930004
49 0 0.000377030855707394
50 0 0.000382888625463651
51 0 0.000451536348492598
52 0 0.000468706385457929
53 0 0.000550077839901242
54 0 0.000583284246088223
55 0 0.000604505805596012
56 0 0.000692044691958826
57 0 0.000789250374825579
58 0 0.00099223032958795
59 0 0.000943379446716075
60 0 0.00105139191326964
61 0 0.00130998051055009
62 0 0.00136621944679194
63 0 0.00145703639588490
64 0 0.00170404706729776
65 0 0.00181092860632481
66 0 0.00196620743492626
67 0 0.00228867383195441
68 0 0.00252313808781601
69 0 0.00275803834575228
70 0 0.00317459697835665
71 0 0.00350850043004147
72 0 0.00358761738910574
73 0 0.00421039534514123
74 0 0.00439870570431289
75 0 0.00498149287908911
76 0 0.0056763193476207
77 0 0.00624599679321514
78 0 0.00701014808909106
79 0 0.00764634267539788
80 0 0.0083094321740349
81 0 0.009444375115367
82 0 0.0109512899113904
83 0 0.0128894475304042
84 0 0.0127238006584961
85 0 0.0145350580702436
86 0 0.0157787123732631
87 0 0.0192654520712005
88 0 0.0231496199843557
89 0 0.0235394989949292
90 0 0.0238051158961804
91 0 0.0284412457673909
92 0 0.0342462560096356
93 0 0.0327117887866367
94 0 0.0419519603943062
95 0 0.0441312904297362
96 0 0.0506587251488229
97 0 0.0430404121321741
98 0 0.0498087398004419
99 0 0.0367920071121678
100 0 0.0765383777780408

death 1 F married
1 0 0.00113396229000351
2 0 0.000121748157967727
3 0 0.0000503472726570697
4 0 0.0000623547134958047
5 0 0.0000324224477249446
6 0 0.0000334228099454492
7 0 0.0000254202203973097
8 0 0.0000218359555916869
9 0 0.0000222527233083580
10 0 0.0000310052867564803
11 0 0.0000177517330796073
12 0 0.0000281710310953143
13 0 0.0000343398183181298
14 0 0.0000197521456686278
15 0 0.0000324224477249446
16 0 0.0000275041602521009
17 0 0.0000483461867075707
18 0 0.0000315054586933483
19 0 0.0000370908989392182
20 0 0.0000337562664652902
21 0 0.0000277542362450145
22 0 0.0000417595899134815
23 0 0.000033172718358343
24 0 0.0000399254327210219
25 0 0.0000320889960977455
26 0 0.0000449277667774473
27 0 0.0000567677208042072
28 0 0.0000480960540610864
29 0 0.000051431212605757
30 0 0.0000525151654794387
31 0 0.0000462617690170086
32 0 0.0000561840249612144
33 0 0.000079701595279924
34 0 0.0000707775455360826
35 0 0.000074030135097991
36 0 0.0000882928633471058
37 0 0.0000916294970381148
38 0 0.000106479002317972
39 0 0.000141526778772771
40 0 0.00011332060190139
41 0 0.000136101834194768
42 0 0.000161476667096760
43 0 0.000150708191874127
44 0 0.000171244527088721
45 0 0.000196128092673442
46 0 0.000190282347622639
47 0 0.000253269167985626
48 0 0.000238729873100807
49 0 0.000291801191762642
50 0 0.000313707368789884
51 0 0.000334531493081491
52 0 0.000373265345959606
53 0 0.000409420682077166
54 0 0.00042775492498115
55 0 0.000395442260860079
56 0 0.000494006693250282
57 0 0.000587310089832371
58 0 0.000578168327047046
59 0 0.000661652509686972
60 0 0.000766472902847926
61 0 0.00080581175384431
62 0 0.000979509724764904
63 0 0.000981194470723867
64 0 0.00111615987502478
65 0 0.00127363402124892
66 0 0.00133221821130503
67 0 0.00152785708075764
68 0 0.00186084410098664
69 0 0.00217585086463890
70 0 0.00218455740570456
71 0 0.00264737581325836
72 0 0.00277951685920808
73 0 0.00309782288130234
74 0 0.00374301937453403
75 0 0.00432595661562529
76 0 0.00461844440931503
77 0 0.00524643829455962
78 0 0.00612002223937813
79 0 0.00679790808659186
80 0 0.00748924908591231
81 0 0.00921046404687242
82 0 0.00930055687801956
83 0 0.0109348301869124
84 0 0.0117565954675271
85 0 0.0135353587716017
86 0 0.0147522591292626
87 0 0.0168514298133341
88 0 0.0183806386814270
89 0 0.021122559208253
90 0 0.0214954783996568
91 0 0.0256870457001479
92 0 0.0260373476293945
93 0 0.0300932921949939
94 0 0.031110977385437
95 0 0.0390310702229542
96 0 0.0394568036631836
97 0 0.0472615302030982
98 0 0.0553325757357767
99 0 0.0577629509035047
100 0 0.0581666889566844

death 1 F single
1 0 0.00113396229000351
2 0 0.000121748157967727
3 0 0.0000503472726570697
4 0 0.0000623547134958047
5 0 0.0000324224477249446
6 0 0.0000334228099454492
7 0 0.0000254202203973097
8 0 0.0000218359555916869
9 0 0.0000222527233083580
10 0 0.0000310052867564803
11 0 0.0000177517330796073
12 0 0.0000281710310953143
13 0 0.0000343398183181298
14 0 0.0000197521456686278
15 0 0.0000324224477249446
16 0 0.0000275041602521009
17 0 0.0000483461867075707
18 0 0.0000315054586933483
19 0 0.0000370908989392182
20 0 0.0000337562664652902
21 0 0.0000277542362450145
22 0 0.0000417595899134815
23 0 0.000033172718358343
24 0 0.0000399254327210219
25 0 0.0000320889960977455
26 0 0.0000449277667774473
27 0 0.0000567677208042072
28 0 0.0000480960540610864
29 0 0.000051431212605757
30 0 0.0000525151654794387
31 0 0.0000462617690170086
32 0 0.0000561840249612144
33 0 0.000079701595279924
34 0 0.0000707775455360826
35 0 0.000074030135097991
36 0 0.0000882928633471058
37 0 0.0000916294970381148
38 0 0.000106479002317972
39 0 0.000141526778772771
40 0 0.00011332060190139
41 0 0.000136101834194768
42 0 0.000161476667096760
43 0 0.000150708191874127
44 0 0.000171244527088721
45 0 0.000196128092673442
46 0 0.000190282347622639
47 0 0.000253269167985626
48 0 0.000238729873100807
49 0 0.000291801191762642
50 0 0.000313707368789884
51 0 0.000334531493081491
52 0 0.000373265345959606
53 0 0.000409420682077166
54 0 0.00042775492498115
55 0 0.000395442260860079
56 0 0.000494006693250282
57 0 0.000587310089832371
58 0 0.000578168327047046
59 0 0.000661652509686972
60 0 0.000766472902847926
61 0 0.00080581175384431
62 0 0.000979509724764904
63 0 0.000981194470723867
64 0 0.00111615987502478
65 0 0.00127363402124892
66 0 0.00133221821130503
67 0 0.00152785708075764
68 0 0.00186084410098664
69 0 0.00217585086463890
70 0 0.00218455740570456
71 0 0.00264737581325836
72 0 0.00277951685920808
73 0 0.00309782288130234
74 0 0.00374301937453403
75 0 0.00432595661562529
76 0 0.00461844440931503
77 0 0.00524643829455962
78 0 0.00612002223937813
79 0 0.00679790808659186
80 0 0.00748924908591231
81 0 0.00921046404687242
82 0 0.00930055687801956
83 0 0.0109348301869124
84 0 0.0117565954675271
85 0 0.0135353587716017
86 0 0.0147522591292626
87 0 0.0168514298133341
88 0 0.0183806386814270
89 0 0.021122559208253
90 0 0.0214954783996568
91 0 0.0256870457001479
92 0 0.0260373476293945
93 0 0.0300932921949939
94 0 0.031110977385437
95 0 0.0390310702229542
96 0 0.0394568036631836
97 0 0.0472615302030982
98 0 0.0553325757357767
99 0 0.0577629509035047
100 0 0.0581666889566844

death 1 F divorced
1 0 0.00113396229000351
2 0 0.000121748157967727
3 0 0.0000503472726570697
4 0 0.0000623547134958047
5 0 0.0000324224477249446
6 0 0.0000334228099454492
7 0 0.0000254202203973097
8 0 0.0000218359555916869
9 0 0.0000222527233083580
10 0 0.0000310052867564803
11 0 0.0000177517330796073
12 0 0.0000281710310953143
13 0 0.0000343398183181298
14 0 0.0000197521456686278
15 0 0.0000324224477249446
16 0 0.0000275041602521009
17 0 0.0000483461867075707
18 0 0.0000315054586933483
19 0 0.0000370908989392182
20 0 0.0000337562664652902
21 0 0.0000277542362450145
22 0 0.0000417595899134815
23 0 0.000033172718358343
24 0 0.0000399254327210219
25 0 0.0000320889960977455
26 0 0.0000449277667774473
27 0 0.0000567677208042072
28 0 0.0000480960540610864
29 0 0.000051431212605757
30 0 0.0000525151654794387
31 0 0.0000462617690170086
32 0 0.0000561840249612144
33 0 0.000079701595279924
34 0 0.0000707775455360826
35 0 0.000074030135097991
36 0 0.0000882928633471058
37 0 0.0000916294970381148
38 0 0.000106479002317972
39 0 0.000141526778772771
40 0 0.00011332060190139
41 0 0.000136101834194768
42 0 0.000161476667096760
43 0 0.000150708191874127
44 0 0.000171244527088721
45 0 0.000196128092673442
46 0 0.000190282347622639
47 0 0.000253269167985626
48 0 0.000238729873100807
49 0 0.000291801191762642
50 0 0.000313707368789884
51 0 0.000334531493081491
52 0 0.000373265345959606
53 0 0.000409420682077166
54 0 0.00042775492498115
55 0 0.000395442260860079
56 0 0.000494006693250282
57 0 0.000587310089832371
58 0 0.000578168327047046
59 0 0.000661652509686972
60 0 0.000766472902847926
61 0 0.00080581175384431
62 0 0.000979509724764904
63 0 0.000981194470723867
64 0 0.00111615987502478
65 0 0.00127363402124892
66 0 0.00133221821130503
67 0 0.00152785708075764
68 0 0.00186084410098664
69 0 0.00217585086463890
70 0 0.00218455740570456
71 0 0.00264737581325836
72 0 0.00277951685920808
73 0 0.00309782288130234
74 0 0.00374301937453403
75 0 0.00432595661562529
76 0 0.00461844440931503
77 0 0.00524643829455962
78 0 0.00612002223937813
79 0 0.00679790808659186
80 0 0.00748924908591231
81 0 0.00921046404687242
82 0 0.00930055687801956
83 0 0.0109348301869124
84 0 0.0117565954675271
85 0 0.0135353587716017
86 0 0.0147522591292626
87 0 0.0168514298133341
88 0 0.0183806386814270
89 0 0.021122559208253
90 0 0.0214954783996568
91 0 0.0256870457001479
92 0 0.0260373476293945
93 0 0.0300932921949939
94 0 0.031110977385437
95 0 0.0390310702229542
96 0 0.0394568036631836
97 0 0.0472615302030982
98 0 0.0553325757357767
99 0 0.0577629509035047
100 0 0.0581666889566844

death 1 F widowed
1 0 0.00113396229000351
2 0 0.000121748157967727
3 0 0.0000503472726570697
4 0 0.0000623547134958047
5 0 0.0000324224477249446
6 0 0.0000334228099454492
7 0 0.0000254202203973097
8 0 0.0000218359555916869
9 0 0.0000222527233083580
10 0 0.0000310052867564803
11 0 0.0000177517330796073
12 0 0.0000281710310953143
13 0 0.0000343398183181298
14 0 0.0000197521456686278
15 0 0.0000324224477249446
16 0 0.0000275041602521009
17 0 0.0000483461867075707
18 0 0.0000315054586933483
19 0 0.0000370908989392182
20 0 0.0000337562664652902
21 0 0.0000277542362450145
22 0 0.0000417595899134815
23 0 0.000033172718358343
24 0 0.0000399254327210219
25 0 0.0000320889960977455
26 0 0.0000449277667774473
27 0 0.0000567677208042072
28 0 0.0000480960540610864
29 0 0.000051431212605757
30 0 0.0000525151654794387
31 0 0.0000462617690170086
32 0 0.0000561840249612144
33 0 0.000079701595279924
34 0 0.0000707775455360826
35 0 0.000074030135097991
36 0 0.0000882928633471058
37 0 0.0000916294970381148
38 0 0.000106479002317972
39 0 0.000141526778772771
40 0 0.00011332060190139
41 0 0.000136101834194768
42 0 0.000161476667096760
43 0 0.000150708191874127
44 0 0.000171244527088721
45 0 0.000196128092673442
46 0 0.000190282347622639
47 0 0.000253269167985626
48 0 0.000238729873100807
49 0 0.000291801191762642
50 0 0.000313707368789884
51 0 0.000334531493081491
52 0 0.000373265345959606
53 0 0.000409420682077166
54 0 0.00042775492498115
55 0 0.000395442260860079
56 0 0.000494006693250282
57 0 0.000587310089832371
58 0 0.000578168327047046
59 0 0.000661652509686972
60 0 0.000766472902847926
61 0 0.00080581175384431
62 0 0.000979509724764904
63 0 0.000981194470723867
64 0 0.00111615987502478
65 0 0.00127363402124892
66 0 0.00133221821130503
67 0 0.00152785708075764
68 0 0.00186084410098664
69 0 0.00217585086463890
70 0 0.00218455740570456
71 0 0.00264737581325836
72 0 0.00277951685920808
73 0 0.00309782288130234
74 0 0.00374301937453403
75 0 0.00432595661562529
76 0 0.00461844440931503
77 0 0.00524643829455962
78 0 0.00612002223937813
79 0 0.00679790808659186
80 0 0.00748924908591231
81 0 0.00921046404687242
82 0 0.00930055687801956
83 0 0.0109348301869124
84 0 0.0117565954675271
85 0 0.0135353587716017
86 0 0.0147522591292626
87 0 0.0168514298133341
88 0 0.0183806386814270
89 0 0.021122559208253
90 0 0.0214954783996568
91 0 0.0256870457001479
92 0 0.0260373476293945
93 0 0.0300932921949939
94 0 0.031110977385437
95 0 0.0390310702229542
96 0 0.0394568036631836
97 0 0.0472615302030982
98 0 0.0553325757357767
99 0 0.0577629509035047
100 0 0.0581666889566844
