*Period monthly mortality rates for SWE in 1861 
* Mon Dec 20 14:20:00 2010
death 1 M married
1 0 0.0144706655242326
2 0 0.00377072645170196
3 0 0.00215485617359623
4 0 0.00171321796896895
5 0 0.00107896325019163
6 0 0.000848195731906198
7 0 0.000641508600001006
8 0 0.000528366071177899
9 0 0.000468957678380177
10 0 0.000375022564425120
11 0 0.000394354210486947
12 0 0.000332440502046838
13 0 0.00029665019574554
14 0 0.000278593148280049
15 0 0.000300830579254008
16 0 0.000328175029511879
17 0 0.000291215984640103
18 0 0.000350424597407417
19 0 0.000346241932048574
20 0 0.000450866364040903
21 0 0.000459492791513805
22 0 0.000542029629365559
23 0 0.000481942091648757
24 0 0.000551922321893161
25 0 0.000510095320958803
26 0 0.00050297239998387
27 0 0.00050163167730255
28 0 0.0006222921159873
29 0 0.000540353008564698
30 0 0.000501128911397197
31 0 0.000617006197847325
32 0 0.000543538614539152
33 0 0.000579594046023035
34 0 0.000603079695649322
35 0 0.00066878788223379
36 0 0.000827421747716661
37 0 0.00078168526729494
38 0 0.000710352072726406
39 0 0.000746557801458603
40 0 0.000889421346697672
41 0 0.000941695402074783
42 0 0.00084970981124155
43 0 0.000971507608225175
44 0 0.0009768141962343
45 0 0.00110232533703836
46 0 0.00118224042797144
47 0 0.00116282480434204
48 0 0.00119220309860935
49 0 0.00128318413117323
50 0 0.00133044237729352
51 0 0.00155472579057347
52 0 0.00173589445434164
53 0 0.00162664082968511
54 0 0.00172918434219471
55 0 0.00173954700239676
56 0 0.00193759914811453
57 0 0.00191538286274606
58 0 0.00232833611971217
59 0 0.00205123408551244
60 0 0.00249007101595422
61 0 0.00289498661179233
62 0 0.00293758332545202
63 0 0.00306618327884667
64 0 0.00319272170279161
65 0 0.00390121127179377
66 0 0.00354844022509115
67 0 0.00422663314473859
68 0 0.00441410243038076
69 0 0.00495614114695941
70 0 0.00514689356290277
71 0 0.00554564309049688
72 0 0.00575850983670945
73 0 0.0072567385407497
74 0 0.00705472790538009
75 0 0.0079973020396279
76 0 0.00958907196315972
77 0 0.0108347259173222
78 0 0.0114764762894433
79 0 0.0133262985481176
80 0 0.0140233501666382
81 0 0.0142602936233212
82 0 0.0152061972380066
83 0 0.0165856975257623
84 0 0.0183899392286925
85 0 0.0201507943689225
86 0 0.0173072881148710
87 0 0.0248525232984543
88 0 0.0212966259846928
89 0 0.0252546130315695
90 0 0.0417152775535764
91 0 0.052092541889288
92 0 0.0365405168164353
93 0 0.0323012535296417
94 0 0.046012691307483
95 0 0.0660273343445124
96 0 0.016834352658602
97 0 0.0481244170094215
98 0 0.0333355035286658
99 0 0
100 0 0

death 1 M single
1 0 0.0144706655242326
2 0 0.00377072645170196
3 0 0.00215485617359623
4 0 0.00171321796896895
5 0 0.00107896325019163
6 0 0.000848195731906198
7 0 0.000641508600001006
8 0 0.000528366071177899
9 0 0.000468957678380177
10 0 0.000375022564425120
11 0 0.000394354210486947
12 0 0.000332440502046838
13 0 0.00029665019574554
14 0 0.000278593148280049
15 0 0.000300830579254008
16 0 0.000328175029511879
17 0 0.000291215984640103
18 0 0.000350424597407417
19 0 0.000346241932048574
20 0 0.000450866364040903
21 0 0.000459492791513805
22 0 0.000542029629365559
23 0 0.000481942091648757
24 0 0.000551922321893161
25 0 0.000510095320958803
26 0 0.00050297239998387
27 0 0.00050163167730255
28 0 0.0006222921159873
29 0 0.000540353008564698
30 0 0.000501128911397197
31 0 0.000617006197847325
32 0 0.000543538614539152
33 0 0.000579594046023035
34 0 0.000603079695649322
35 0 0.00066878788223379
36 0 0.000827421747716661
37 0 0.00078168526729494
38 0 0.000710352072726406
39 0 0.000746557801458603
40 0 0.000889421346697672
41 0 0.000941695402074783
42 0 0.00084970981124155
43 0 0.000971507608225175
44 0 0.0009768141962343
45 0 0.00110232533703836
46 0 0.00118224042797144
47 0 0.00116282480434204
48 0 0.00119220309860935
49 0 0.00128318413117323
50 0 0.00133044237729352
51 0 0.00155472579057347
52 0 0.00173589445434164
53 0 0.00162664082968511
54 0 0.00172918434219471
55 0 0.00173954700239676
56 0 0.00193759914811453
57 0 0.00191538286274606
58 0 0.00232833611971217
59 0 0.00205123408551244
60 0 0.00249007101595422
61 0 0.00289498661179233
62 0 0.00293758332545202
63 0 0.00306618327884667
64 0 0.00319272170279161
65 0 0.00390121127179377
66 0 0.00354844022509115
67 0 0.00422663314473859
68 0 0.00441410243038076
69 0 0.00495614114695941
70 0 0.00514689356290277
71 0 0.00554564309049688
72 0 0.00575850983670945
73 0 0.0072567385407497
74 0 0.00705472790538009
75 0 0.0079973020396279
76 0 0.00958907196315972
77 0 0.0108347259173222
78 0 0.0114764762894433
79 0 0.0133262985481176
80 0 0.0140233501666382
81 0 0.0142602936233212
82 0 0.0152061972380066
83 0 0.0165856975257623
84 0 0.0183899392286925
85 0 0.0201507943689225
86 0 0.0173072881148710
87 0 0.0248525232984543
88 0 0.0212966259846928
89 0 0.0252546130315695
90 0 0.0417152775535764
91 0 0.052092541889288
92 0 0.0365405168164353
93 0 0.0323012535296417
94 0 0.046012691307483
95 0 0.0660273343445124
96 0 0.016834352658602
97 0 0.0481244170094215
98 0 0.0333355035286658
99 0 0
100 0 0

death 1 M divorced
1 0 0.0144706655242326
2 0 0.00377072645170196
3 0 0.00215485617359623
4 0 0.00171321796896895
5 0 0.00107896325019163
6 0 0.000848195731906198
7 0 0.000641508600001006
8 0 0.000528366071177899
9 0 0.000468957678380177
10 0 0.000375022564425120
11 0 0.000394354210486947
12 0 0.000332440502046838
13 0 0.00029665019574554
14 0 0.000278593148280049
15 0 0.000300830579254008
16 0 0.000328175029511879
17 0 0.000291215984640103
18 0 0.000350424597407417
19 0 0.000346241932048574
20 0 0.000450866364040903
21 0 0.000459492791513805
22 0 0.000542029629365559
23 0 0.000481942091648757
24 0 0.000551922321893161
25 0 0.000510095320958803
26 0 0.00050297239998387
27 0 0.00050163167730255
28 0 0.0006222921159873
29 0 0.000540353008564698
30 0 0.000501128911397197
31 0 0.000617006197847325
32 0 0.000543538614539152
33 0 0.000579594046023035
34 0 0.000603079695649322
35 0 0.00066878788223379
36 0 0.000827421747716661
37 0 0.00078168526729494
38 0 0.000710352072726406
39 0 0.000746557801458603
40 0 0.000889421346697672
41 0 0.000941695402074783
42 0 0.00084970981124155
43 0 0.000971507608225175
44 0 0.0009768141962343
45 0 0.00110232533703836
46 0 0.00118224042797144
47 0 0.00116282480434204
48 0 0.00119220309860935
49 0 0.00128318413117323
50 0 0.00133044237729352
51 0 0.00155472579057347
52 0 0.00173589445434164
53 0 0.00162664082968511
54 0 0.00172918434219471
55 0 0.00173954700239676
56 0 0.00193759914811453
57 0 0.00191538286274606
58 0 0.00232833611971217
59 0 0.00205123408551244
60 0 0.00249007101595422
61 0 0.00289498661179233
62 0 0.00293758332545202
63 0 0.00306618327884667
64 0 0.00319272170279161
65 0 0.00390121127179377
66 0 0.00354844022509115
67 0 0.00422663314473859
68 0 0.00441410243038076
69 0 0.00495614114695941
70 0 0.00514689356290277
71 0 0.00554564309049688
72 0 0.00575850983670945
73 0 0.0072567385407497
74 0 0.00705472790538009
75 0 0.0079973020396279
76 0 0.00958907196315972
77 0 0.0108347259173222
78 0 0.0114764762894433
79 0 0.0133262985481176
80 0 0.0140233501666382
81 0 0.0142602936233212
82 0 0.0152061972380066
83 0 0.0165856975257623
84 0 0.0183899392286925
85 0 0.0201507943689225
86 0 0.0173072881148710
87 0 0.0248525232984543
88 0 0.0212966259846928
89 0 0.0252546130315695
90 0 0.0417152775535764
91 0 0.052092541889288
92 0 0.0365405168164353
93 0 0.0323012535296417
94 0 0.046012691307483
95 0 0.0660273343445124
96 0 0.016834352658602
97 0 0.0481244170094215
98 0 0.0333355035286658
99 0 0
100 0 0

death 1 M widowed
1 0 0.0144706655242326
2 0 0.00377072645170196
3 0 0.00215485617359623
4 0 0.00171321796896895
5 0 0.00107896325019163
6 0 0.000848195731906198
7 0 0.000641508600001006
8 0 0.000528366071177899
9 0 0.000468957678380177
10 0 0.000375022564425120
11 0 0.000394354210486947
12 0 0.000332440502046838
13 0 0.00029665019574554
14 0 0.000278593148280049
15 0 0.000300830579254008
16 0 0.000328175029511879
17 0 0.000291215984640103
18 0 0.000350424597407417
19 0 0.000346241932048574
20 0 0.000450866364040903
21 0 0.000459492791513805
22 0 0.000542029629365559
23 0 0.000481942091648757
24 0 0.000551922321893161
25 0 0.000510095320958803
26 0 0.00050297239998387
27 0 0.00050163167730255
28 0 0.0006222921159873
29 0 0.000540353008564698
30 0 0.000501128911397197
31 0 0.000617006197847325
32 0 0.000543538614539152
33 0 0.000579594046023035
34 0 0.000603079695649322
35 0 0.00066878788223379
36 0 0.000827421747716661
37 0 0.00078168526729494
38 0 0.000710352072726406
39 0 0.000746557801458603
40 0 0.000889421346697672
41 0 0.000941695402074783
42 0 0.00084970981124155
43 0 0.000971507608225175
44 0 0.0009768141962343
45 0 0.00110232533703836
46 0 0.00118224042797144
47 0 0.00116282480434204
48 0 0.00119220309860935
49 0 0.00128318413117323
50 0 0.00133044237729352
51 0 0.00155472579057347
52 0 0.00173589445434164
53 0 0.00162664082968511
54 0 0.00172918434219471
55 0 0.00173954700239676
56 0 0.00193759914811453
57 0 0.00191538286274606
58 0 0.00232833611971217
59 0 0.00205123408551244
60 0 0.00249007101595422
61 0 0.00289498661179233
62 0 0.00293758332545202
63 0 0.00306618327884667
64 0 0.00319272170279161
65 0 0.00390121127179377
66 0 0.00354844022509115
67 0 0.00422663314473859
68 0 0.00441410243038076
69 0 0.00495614114695941
70 0 0.00514689356290277
71 0 0.00554564309049688
72 0 0.00575850983670945
73 0 0.0072567385407497
74 0 0.00705472790538009
75 0 0.0079973020396279
76 0 0.00958907196315972
77 0 0.0108347259173222
78 0 0.0114764762894433
79 0 0.0133262985481176
80 0 0.0140233501666382
81 0 0.0142602936233212
82 0 0.0152061972380066
83 0 0.0165856975257623
84 0 0.0183899392286925
85 0 0.0201507943689225
86 0 0.0173072881148710
87 0 0.0248525232984543
88 0 0.0212966259846928
89 0 0.0252546130315695
90 0 0.0417152775535764
91 0 0.052092541889288
92 0 0.0365405168164353
93 0 0.0323012535296417
94 0 0.046012691307483
95 0 0.0660273343445124
96 0 0.016834352658602
97 0 0.0481244170094215
98 0 0.0333355035286658
99 0 0
100 0 0

death 1 F married
1 0 0.0119244595675776
2 0 0.00358597022021756
3 0 0.00207535935833669
4 0 0.0015901673562424
5 0 0.00107002483561591
6 0 0.000812706212874992
7 0 0.000682724461260831
8 0 0.000548065720431978
9 0 0.000394605297878381
10 0 0.00039033690657464
11 0 0.000392094455183734
12 0 0.000289460385881624
13 0 0.000294727283900342
14 0 0.000244160946751726
15 0 0.000238061455696048
16 0 0.000296482984404767
17 0 0.000333193253276964
18 0 0.000281017265604366
19 0 0.000302670008916817
20 0 0.000355276730411247
21 0 0.000356866278592993
22 0 0.000270234618877541
23 0 0.000378035017992162
24 0 0.000348835161893435
25 0 0.000375440954782258
26 0 0.000386236092006387
27 0 0.000442910676283992
28 0 0.000497777209786499
29 0 0.000506910887272616
30 0 0.000526186797908279
31 0 0.000500961323380289
32 0 0.000514788374032848
33 0 0.000590665095891896
34 0 0.000491409317318614
35 0 0.000598717615942324
36 0 0.000582110075264319
37 0 0.000659050336805356
38 0 0.000636557239422908
39 0 0.000649062042730297
40 0 0.000716063386837607
41 0 0.000858374195102929
42 0 0.000768657947687545
43 0 0.000818676228185322
44 0 0.000814051534190452
45 0 0.000765800591932653
46 0 0.000932012751308164
47 0 0.000782777966120252
48 0 0.000844662978269128
49 0 0.000964937976435376
50 0 0.00101498022409463
51 0 0.00117185677369414
52 0 0.00126028245421195
53 0 0.00120377129953519
54 0 0.00125833903536576
55 0 0.00133145713533245
56 0 0.00137603311647494
57 0 0.00139202490268220
58 0 0.00167416315194691
59 0 0.00175832172027290
60 0 0.00185455000458434
61 0 0.00224270779596270
62 0 0.00221785482981307
63 0 0.00252039631773349
64 0 0.00275571897073457
65 0 0.00279653145372682
66 0 0.00279214860130983
67 0 0.00355589298217285
68 0 0.00374510362468139
69 0 0.00376047645098898
70 0 0.0042751893173546
71 0 0.00497163302785053
72 0 0.00591724414998862
73 0 0.00605594256790731
74 0 0.00698539103402462
75 0 0.00726739271927324
76 0 0.00871894335935486
77 0 0.00815336882518891
78 0 0.0106600689766851
79 0 0.00962002264383377
80 0 0.0104138174351717
81 0 0.0134888050560328
82 0 0.0131021153789050
83 0 0.0153281901845376
84 0 0.0156272621540626
85 0 0.0163828927735867
86 0 0.0178114743052716
87 0 0.0212951476211612
88 0 0.0203877518787935
89 0 0.0238077228574182
90 0 0.029012765534328
91 0 0.0307369535462712
92 0 0.0358566964518562
93 0 0.0262559452949187
94 0 0.0403934706537618
95 0 0.0330086859758236
96 0 0.0483841498903705
97 0 0.0611013379846281
98 0 0.0474010286050028
99 0 1
100 0 0

death 1 F single
1 0 0.0119244595675776
2 0 0.00358597022021756
3 0 0.00207535935833669
4 0 0.0015901673562424
5 0 0.00107002483561591
6 0 0.000812706212874992
7 0 0.000682724461260831
8 0 0.000548065720431978
9 0 0.000394605297878381
10 0 0.00039033690657464
11 0 0.000392094455183734
12 0 0.000289460385881624
13 0 0.000294727283900342
14 0 0.000244160946751726
15 0 0.000238061455696048
16 0 0.000296482984404767
17 0 0.000333193253276964
18 0 0.000281017265604366
19 0 0.000302670008916817
20 0 0.000355276730411247
21 0 0.000356866278592993
22 0 0.000270234618877541
23 0 0.000378035017992162
24 0 0.000348835161893435
25 0 0.000375440954782258
26 0 0.000386236092006387
27 0 0.000442910676283992
28 0 0.000497777209786499
29 0 0.000506910887272616
30 0 0.000526186797908279
31 0 0.000500961323380289
32 0 0.000514788374032848
33 0 0.000590665095891896
34 0 0.000491409317318614
35 0 0.000598717615942324
36 0 0.000582110075264319
37 0 0.000659050336805356
38 0 0.000636557239422908
39 0 0.000649062042730297
40 0 0.000716063386837607
41 0 0.000858374195102929
42 0 0.000768657947687545
43 0 0.000818676228185322
44 0 0.000814051534190452
45 0 0.000765800591932653
46 0 0.000932012751308164
47 0 0.000782777966120252
48 0 0.000844662978269128
49 0 0.000964937976435376
50 0 0.00101498022409463
51 0 0.00117185677369414
52 0 0.00126028245421195
53 0 0.00120377129953519
54 0 0.00125833903536576
55 0 0.00133145713533245
56 0 0.00137603311647494
57 0 0.00139202490268220
58 0 0.00167416315194691
59 0 0.00175832172027290
60 0 0.00185455000458434
61 0 0.00224270779596270
62 0 0.00221785482981307
63 0 0.00252039631773349
64 0 0.00275571897073457
65 0 0.00279653145372682
66 0 0.00279214860130983
67 0 0.00355589298217285
68 0 0.00374510362468139
69 0 0.00376047645098898
70 0 0.0042751893173546
71 0 0.00497163302785053
72 0 0.00591724414998862
73 0 0.00605594256790731
74 0 0.00698539103402462
75 0 0.00726739271927324
76 0 0.00871894335935486
77 0 0.00815336882518891
78 0 0.0106600689766851
79 0 0.00962002264383377
80 0 0.0104138174351717
81 0 0.0134888050560328
82 0 0.0131021153789050
83 0 0.0153281901845376
84 0 0.0156272621540626
85 0 0.0163828927735867
86 0 0.0178114743052716
87 0 0.0212951476211612
88 0 0.0203877518787935
89 0 0.0238077228574182
90 0 0.029012765534328
91 0 0.0307369535462712
92 0 0.0358566964518562
93 0 0.0262559452949187
94 0 0.0403934706537618
95 0 0.0330086859758236
96 0 0.0483841498903705
97 0 0.0611013379846281
98 0 0.0474010286050028
99 0 1
100 0 0

death 1 F divorced
1 0 0.0119244595675776
2 0 0.00358597022021756
3 0 0.00207535935833669
4 0 0.0015901673562424
5 0 0.00107002483561591
6 0 0.000812706212874992
7 0 0.000682724461260831
8 0 0.000548065720431978
9 0 0.000394605297878381
10 0 0.00039033690657464
11 0 0.000392094455183734
12 0 0.000289460385881624
13 0 0.000294727283900342
14 0 0.000244160946751726
15 0 0.000238061455696048
16 0 0.000296482984404767
17 0 0.000333193253276964
18 0 0.000281017265604366
19 0 0.000302670008916817
20 0 0.000355276730411247
21 0 0.000356866278592993
22 0 0.000270234618877541
23 0 0.000378035017992162
24 0 0.000348835161893435
25 0 0.000375440954782258
26 0 0.000386236092006387
27 0 0.000442910676283992
28 0 0.000497777209786499
29 0 0.000506910887272616
30 0 0.000526186797908279
31 0 0.000500961323380289
32 0 0.000514788374032848
33 0 0.000590665095891896
34 0 0.000491409317318614
35 0 0.000598717615942324
36 0 0.000582110075264319
37 0 0.000659050336805356
38 0 0.000636557239422908
39 0 0.000649062042730297
40 0 0.000716063386837607
41 0 0.000858374195102929
42 0 0.000768657947687545
43 0 0.000818676228185322
44 0 0.000814051534190452
45 0 0.000765800591932653
46 0 0.000932012751308164
47 0 0.000782777966120252
48 0 0.000844662978269128
49 0 0.000964937976435376
50 0 0.00101498022409463
51 0 0.00117185677369414
52 0 0.00126028245421195
53 0 0.00120377129953519
54 0 0.00125833903536576
55 0 0.00133145713533245
56 0 0.00137603311647494
57 0 0.00139202490268220
58 0 0.00167416315194691
59 0 0.00175832172027290
60 0 0.00185455000458434
61 0 0.00224270779596270
62 0 0.00221785482981307
63 0 0.00252039631773349
64 0 0.00275571897073457
65 0 0.00279653145372682
66 0 0.00279214860130983
67 0 0.00355589298217285
68 0 0.00374510362468139
69 0 0.00376047645098898
70 0 0.0042751893173546
71 0 0.00497163302785053
72 0 0.00591724414998862
73 0 0.00605594256790731
74 0 0.00698539103402462
75 0 0.00726739271927324
76 0 0.00871894335935486
77 0 0.00815336882518891
78 0 0.0106600689766851
79 0 0.00962002264383377
80 0 0.0104138174351717
81 0 0.0134888050560328
82 0 0.0131021153789050
83 0 0.0153281901845376
84 0 0.0156272621540626
85 0 0.0163828927735867
86 0 0.0178114743052716
87 0 0.0212951476211612
88 0 0.0203877518787935
89 0 0.0238077228574182
90 0 0.029012765534328
91 0 0.0307369535462712
92 0 0.0358566964518562
93 0 0.0262559452949187
94 0 0.0403934706537618
95 0 0.0330086859758236
96 0 0.0483841498903705
97 0 0.0611013379846281
98 0 0.0474010286050028
99 0 1
100 0 0

death 1 F widowed
1 0 0.0119244595675776
2 0 0.00358597022021756
3 0 0.00207535935833669
4 0 0.0015901673562424
5 0 0.00107002483561591
6 0 0.000812706212874992
7 0 0.000682724461260831
8 0 0.000548065720431978
9 0 0.000394605297878381
10 0 0.00039033690657464
11 0 0.000392094455183734
12 0 0.000289460385881624
13 0 0.000294727283900342
14 0 0.000244160946751726
15 0 0.000238061455696048
16 0 0.000296482984404767
17 0 0.000333193253276964
18 0 0.000281017265604366
19 0 0.000302670008916817
20 0 0.000355276730411247
21 0 0.000356866278592993
22 0 0.000270234618877541
23 0 0.000378035017992162
24 0 0.000348835161893435
25 0 0.000375440954782258
26 0 0.000386236092006387
27 0 0.000442910676283992
28 0 0.000497777209786499
29 0 0.000506910887272616
30 0 0.000526186797908279
31 0 0.000500961323380289
32 0 0.000514788374032848
33 0 0.000590665095891896
34 0 0.000491409317318614
35 0 0.000598717615942324
36 0 0.000582110075264319
37 0 0.000659050336805356
38 0 0.000636557239422908
39 0 0.000649062042730297
40 0 0.000716063386837607
41 0 0.000858374195102929
42 0 0.000768657947687545
43 0 0.000818676228185322
44 0 0.000814051534190452
45 0 0.000765800591932653
46 0 0.000932012751308164
47 0 0.000782777966120252
48 0 0.000844662978269128
49 0 0.000964937976435376
50 0 0.00101498022409463
51 0 0.00117185677369414
52 0 0.00126028245421195
53 0 0.00120377129953519
54 0 0.00125833903536576
55 0 0.00133145713533245
56 0 0.00137603311647494
57 0 0.00139202490268220
58 0 0.00167416315194691
59 0 0.00175832172027290
60 0 0.00185455000458434
61 0 0.00224270779596270
62 0 0.00221785482981307
63 0 0.00252039631773349
64 0 0.00275571897073457
65 0 0.00279653145372682
66 0 0.00279214860130983
67 0 0.00355589298217285
68 0 0.00374510362468139
69 0 0.00376047645098898
70 0 0.0042751893173546
71 0 0.00497163302785053
72 0 0.00591724414998862
73 0 0.00605594256790731
74 0 0.00698539103402462
75 0 0.00726739271927324
76 0 0.00871894335935486
77 0 0.00815336882518891
78 0 0.0106600689766851
79 0 0.00962002264383377
80 0 0.0104138174351717
81 0 0.0134888050560328
82 0 0.0131021153789050
83 0 0.0153281901845376
84 0 0.0156272621540626
85 0 0.0163828927735867
86 0 0.0178114743052716
87 0 0.0212951476211612
88 0 0.0203877518787935
89 0 0.0238077228574182
90 0 0.029012765534328
91 0 0.0307369535462712
92 0 0.0358566964518562
93 0 0.0262559452949187
94 0 0.0403934706537618
95 0 0.0330086859758236
96 0 0.0483841498903705
97 0 0.0611013379846281
98 0 0.0474010286050028
99 0 1
100 0 0
