*Period monthly mortality rates for SWE in 1770 
* Mon Dec 20 14:18:52 2010
death 1 M married
1 0 0.0245093831844859
2 0 0.005502864179319
3 0 0.00347299392576839
4 0 0.00236074556105548
5 0 0.00201135194623192
6 0 0.00176605361557247
7 0 0.00130752877806817
8 0 0.000975382229241872
9 0 0.000744541325759074
10 0 0.000629172660601918
11 0 0.000619439360060592
12 0 0.000648390600167859
13 0 0.000663247426681335
14 0 0.000653678344685882
15 0 0.000616251091789088
16 0 0.000570201485755484
17 0 0.000547730371519117
18 0 0.000546221316728324
19 0 0.000565254009631366
20 0 0.000603499137427632
21 0 0.000655105249111165
22 0 0.000717071303072747
23 0 0.000765716553418061
24 0 0.00080833405620151
25 0 0.000847438701702785
26 0 0.000877640690166492
27 0 0.00086577743026095
28 0 0.000853663359607237
29 0 0.00084550409762496
30 0 0.000847354587625193
31 0 0.000856355235687833
32 0 0.000912818895187795
33 0 0.00095643185153893
34 0 0.00098068904365467
35 0 0.000982795008333315
36 0 0.000977825010057942
37 0 0.000945905572227401
38 0 0.00094127439579339
39 0 0.000960979581586918
40 0 0.00101042978926114
41 0 0.00107871026409623
42 0 0.00122201320907422
43 0 0.00134828685999844
44 0 0.00145534279767590
45 0 0.00152506047965839
46 0 0.00155896448369908
47 0 0.00148058068363399
48 0 0.00142960399433179
49 0 0.00141216671558630
50 0 0.00144814535777016
51 0 0.00152065388913847
52 0 0.00172001182700710
53 0 0.00192517097712663
54 0 0.00211927870749751
55 0 0.00226953272634589
56 0 0.00236219955412387
57 0 0.00225765701738478
58 0 0.00221290213142311
59 0 0.00226722581227456
60 0 0.00245264952554747
61 0 0.00270256141827152
62 0 0.00313784081201829
63 0 0.00359299256961543
64 0 0.00407301447054742
65 0 0.00451188026265914
66 0 0.00483449889593979
67 0 0.00493449216737063
68 0 0.00510139364172379
69 0 0.00544479519727514
70 0 0.00607287158257486
71 0 0.0068798671166247
72 0 0.00772989302300986
73 0 0.00857554471024347
74 0 0.0093776134128466
75 0 0.00985435100177134
76 0 0.0098537005347129
77 0 0.00978152789313813
78 0 0.00971600031421982
79 0 0.0100446749991771
80 0 0.0108253321760683
81 0 0.0130159289710705
82 0 0.0148047761315814
83 0 0.0168728310899803
84 0 0.0190646111177093
85 0 0.0214579150594092
86 0 0.0238617259006277
87 0 0.0253698474864353
88 0 0.0257871810736827
89 0 0.0261241644297387
90 0 0.0270839105609912
91 0 0.0247973645960199
92 0 0.0251418439052694
93 0 0.0254116473360243
94 0 0.0255146829977645
95 0 0.0254831287399089
96 0 0.0251072254366616
97 0 0.0244579389652153
98 0 0.0237842629627459
99 0 0.0239902918763488
100 0 0.0251642318343051

death 1 M single
1 0 0.0245093831844859
2 0 0.005502864179319
3 0 0.00347299392576839
4 0 0.00236074556105548
5 0 0.00201135194623192
6 0 0.00176605361557247
7 0 0.00130752877806817
8 0 0.000975382229241872
9 0 0.000744541325759074
10 0 0.000629172660601918
11 0 0.000619439360060592
12 0 0.000648390600167859
13 0 0.000663247426681335
14 0 0.000653678344685882
15 0 0.000616251091789088
16 0 0.000570201485755484
17 0 0.000547730371519117
18 0 0.000546221316728324
19 0 0.000565254009631366
20 0 0.000603499137427632
21 0 0.000655105249111165
22 0 0.000717071303072747
23 0 0.000765716553418061
24 0 0.00080833405620151
25 0 0.000847438701702785
26 0 0.000877640690166492
27 0 0.00086577743026095
28 0 0.000853663359607237
29 0 0.00084550409762496
30 0 0.000847354587625193
31 0 0.000856355235687833
32 0 0.000912818895187795
33 0 0.00095643185153893
34 0 0.00098068904365467
35 0 0.000982795008333315
36 0 0.000977825010057942
37 0 0.000945905572227401
38 0 0.00094127439579339
39 0 0.000960979581586918
40 0 0.00101042978926114
41 0 0.00107871026409623
42 0 0.00122201320907422
43 0 0.00134828685999844
44 0 0.00145534279767590
45 0 0.00152506047965839
46 0 0.00155896448369908
47 0 0.00148058068363399
48 0 0.00142960399433179
49 0 0.00141216671558630
50 0 0.00144814535777016
51 0 0.00152065388913847
52 0 0.00172001182700710
53 0 0.00192517097712663
54 0 0.00211927870749751
55 0 0.00226953272634589
56 0 0.00236219955412387
57 0 0.00225765701738478
58 0 0.00221290213142311
59 0 0.00226722581227456
60 0 0.00245264952554747
61 0 0.00270256141827152
62 0 0.00313784081201829
63 0 0.00359299256961543
64 0 0.00407301447054742
65 0 0.00451188026265914
66 0 0.00483449889593979
67 0 0.00493449216737063
68 0 0.00510139364172379
69 0 0.00544479519727514
70 0 0.00607287158257486
71 0 0.0068798671166247
72 0 0.00772989302300986
73 0 0.00857554471024347
74 0 0.0093776134128466
75 0 0.00985435100177134
76 0 0.0098537005347129
77 0 0.00978152789313813
78 0 0.00971600031421982
79 0 0.0100446749991771
80 0 0.0108253321760683
81 0 0.0130159289710705
82 0 0.0148047761315814
83 0 0.0168728310899803
84 0 0.0190646111177093
85 0 0.0214579150594092
86 0 0.0238617259006277
87 0 0.0253698474864353
88 0 0.0257871810736827
89 0 0.0261241644297387
90 0 0.0270839105609912
91 0 0.0247973645960199
92 0 0.0251418439052694
93 0 0.0254116473360243
94 0 0.0255146829977645
95 0 0.0254831287399089
96 0 0.0251072254366616
97 0 0.0244579389652153
98 0 0.0237842629627459
99 0 0.0239902918763488
100 0 0.0251642318343051

death 1 M divorced
1 0 0.0245093831844859
2 0 0.005502864179319
3 0 0.00347299392576839
4 0 0.00236074556105548
5 0 0.00201135194623192
6 0 0.00176605361557247
7 0 0.00130752877806817
8 0 0.000975382229241872
9 0 0.000744541325759074
10 0 0.000629172660601918
11 0 0.000619439360060592
12 0 0.000648390600167859
13 0 0.000663247426681335
14 0 0.000653678344685882
15 0 0.000616251091789088
16 0 0.000570201485755484
17 0 0.000547730371519117
18 0 0.000546221316728324
19 0 0.000565254009631366
20 0 0.000603499137427632
21 0 0.000655105249111165
22 0 0.000717071303072747
23 0 0.000765716553418061
24 0 0.00080833405620151
25 0 0.000847438701702785
26 0 0.000877640690166492
27 0 0.00086577743026095
28 0 0.000853663359607237
29 0 0.00084550409762496
30 0 0.000847354587625193
31 0 0.000856355235687833
32 0 0.000912818895187795
33 0 0.00095643185153893
34 0 0.00098068904365467
35 0 0.000982795008333315
36 0 0.000977825010057942
37 0 0.000945905572227401
38 0 0.00094127439579339
39 0 0.000960979581586918
40 0 0.00101042978926114
41 0 0.00107871026409623
42 0 0.00122201320907422
43 0 0.00134828685999844
44 0 0.00145534279767590
45 0 0.00152506047965839
46 0 0.00155896448369908
47 0 0.00148058068363399
48 0 0.00142960399433179
49 0 0.00141216671558630
50 0 0.00144814535777016
51 0 0.00152065388913847
52 0 0.00172001182700710
53 0 0.00192517097712663
54 0 0.00211927870749751
55 0 0.00226953272634589
56 0 0.00236219955412387
57 0 0.00225765701738478
58 0 0.00221290213142311
59 0 0.00226722581227456
60 0 0.00245264952554747
61 0 0.00270256141827152
62 0 0.00313784081201829
63 0 0.00359299256961543
64 0 0.00407301447054742
65 0 0.00451188026265914
66 0 0.00483449889593979
67 0 0.00493449216737063
68 0 0.00510139364172379
69 0 0.00544479519727514
70 0 0.00607287158257486
71 0 0.0068798671166247
72 0 0.00772989302300986
73 0 0.00857554471024347
74 0 0.0093776134128466
75 0 0.00985435100177134
76 0 0.0098537005347129
77 0 0.00978152789313813
78 0 0.00971600031421982
79 0 0.0100446749991771
80 0 0.0108253321760683
81 0 0.0130159289710705
82 0 0.0148047761315814
83 0 0.0168728310899803
84 0 0.0190646111177093
85 0 0.0214579150594092
86 0 0.0238617259006277
87 0 0.0253698474864353
88 0 0.0257871810736827
89 0 0.0261241644297387
90 0 0.0270839105609912
91 0 0.0247973645960199
92 0 0.0251418439052694
93 0 0.0254116473360243
94 0 0.0255146829977645
95 0 0.0254831287399089
96 0 0.0251072254366616
97 0 0.0244579389652153
98 0 0.0237842629627459
99 0 0.0239902918763488
100 0 0.0251642318343051

death 1 M widowed
1 0 0.0245093831844859
2 0 0.005502864179319
3 0 0.00347299392576839
4 0 0.00236074556105548
5 0 0.00201135194623192
6 0 0.00176605361557247
7 0 0.00130752877806817
8 0 0.000975382229241872
9 0 0.000744541325759074
10 0 0.000629172660601918
11 0 0.000619439360060592
12 0 0.000648390600167859
13 0 0.000663247426681335
14 0 0.000653678344685882
15 0 0.000616251091789088
16 0 0.000570201485755484
17 0 0.000547730371519117
18 0 0.000546221316728324
19 0 0.000565254009631366
20 0 0.000603499137427632
21 0 0.000655105249111165
22 0 0.000717071303072747
23 0 0.000765716553418061
24 0 0.00080833405620151
25 0 0.000847438701702785
26 0 0.000877640690166492
27 0 0.00086577743026095
28 0 0.000853663359607237
29 0 0.00084550409762496
30 0 0.000847354587625193
31 0 0.000856355235687833
32 0 0.000912818895187795
33 0 0.00095643185153893
34 0 0.00098068904365467
35 0 0.000982795008333315
36 0 0.000977825010057942
37 0 0.000945905572227401
38 0 0.00094127439579339
39 0 0.000960979581586918
40 0 0.00101042978926114
41 0 0.00107871026409623
42 0 0.00122201320907422
43 0 0.00134828685999844
44 0 0.00145534279767590
45 0 0.00152506047965839
46 0 0.00155896448369908
47 0 0.00148058068363399
48 0 0.00142960399433179
49 0 0.00141216671558630
50 0 0.00144814535777016
51 0 0.00152065388913847
52 0 0.00172001182700710
53 0 0.00192517097712663
54 0 0.00211927870749751
55 0 0.00226953272634589
56 0 0.00236219955412387
57 0 0.00225765701738478
58 0 0.00221290213142311
59 0 0.00226722581227456
60 0 0.00245264952554747
61 0 0.00270256141827152
62 0 0.00313784081201829
63 0 0.00359299256961543
64 0 0.00407301447054742
65 0 0.00451188026265914
66 0 0.00483449889593979
67 0 0.00493449216737063
68 0 0.00510139364172379
69 0 0.00544479519727514
70 0 0.00607287158257486
71 0 0.0068798671166247
72 0 0.00772989302300986
73 0 0.00857554471024347
74 0 0.0093776134128466
75 0 0.00985435100177134
76 0 0.0098537005347129
77 0 0.00978152789313813
78 0 0.00971600031421982
79 0 0.0100446749991771
80 0 0.0108253321760683
81 0 0.0130159289710705
82 0 0.0148047761315814
83 0 0.0168728310899803
84 0 0.0190646111177093
85 0 0.0214579150594092
86 0 0.0238617259006277
87 0 0.0253698474864353
88 0 0.0257871810736827
89 0 0.0261241644297387
90 0 0.0270839105609912
91 0 0.0247973645960199
92 0 0.0251418439052694
93 0 0.0254116473360243
94 0 0.0255146829977645
95 0 0.0254831287399089
96 0 0.0251072254366616
97 0 0.0244579389652153
98 0 0.0237842629627459
99 0 0.0239902918763488
100 0 0.0251642318343051

death 1 F married
1 0 0.0225585660320575
2 0 0.00537420664640631
3 0 0.00339821599371404
4 0 0.00223561845509623
5 0 0.00186790421509975
6 0 0.00165218098496078
7 0 0.00122192874734450
8 0 0.000902465998997348
9 0 0.00066845208743016
10 0 0.000534485079388802
11 0 0.000491828243898595
12 0 0.000501883061298392
13 0 0.000514536954330236
14 0 0.000524342838274183
15 0 0.000525935346663786
16 0 0.000526270615144542
17 0 0.000514536954330236
18 0 0.000512609426389199
19 0 0.000521157905226999
20 0 0.000536161591912609
21 0 0.000554521428255628
22 0 0.000600563085643824
23 0 0.000635046708559628
24 0 0.000662827708968194
25 0 0.000687006610681551
26 0 0.00070951220387605
27 0 0.000709680177024996
28 0 0.000725975048863514
29 0 0.000758489532001305
30 0 0.000804046183866203
31 0 0.000856186991095576
32 0 0.000942284814147376
33 0 0.00100040278393732
34 0 0.00101877242729886
35 0 0.000989028950003967
36 0 0.000929234442118565
37 0 0.000856271113352736
38 0 0.00083044923913056
39 0 0.000849878043836738
40 0 0.000919132215976393
41 0 0.00102222768364157
42 0 0.00116772052669190
43 0 0.00127912732458602
44 0 0.00134659528935799
45 0 0.00135995955652246
46 0 0.00132900482282028
47 0 0.00124059669986987
48 0 0.00119068329853378
49 0 0.00118376008673837
50 0 0.00122530727781855
51 0 0.00129417222603856
52 0 0.00144230314969629
53 0 0.00158100887933499
54 0 0.00169606574047054
55 0 0.00177812008705491
56 0 0.00182495659311921
57 0 0.00177276645451419
58 0 0.00177998968393533
59 0 0.00187615588801826
60 0 0.00208354465397032
61 0 0.00235843632585653
62 0 0.00275666389413443
63 0 0.00315147164154084
64 0 0.00350893352209414
65 0 0.00376403776040601
66 0 0.00390695309645561
67 0 0.00400557790133182
68 0 0.00417993550326867
69 0 0.00453526805537352
70 0 0.00518138646710786
71 0 0.00603260354876467
72 0 0.00681291037199161
73 0 0.007579086905951
74 0 0.00826231090846707
75 0 0.00877980085058738
76 0 0.00907401956519538
77 0 0.00944863030866616
78 0 0.00987396014399167
79 0 0.0106544435495559
80 0 0.0119661179051079
81 0 0.0128997325157678
82 0 0.0147167417191619
83 0 0.0167376771419069
84 0 0.0188685372496603
85 0 0.0207843676178552
86 0 0.0219368435192532
87 0 0.0223065779748297
88 0 0.0219530118779111
89 0 0.0212483806567831
90 0 0.0210130190758523
91 0 0.0199344303220507
92 0 0.0193873317681528
93 0 0.0186215388192760
94 0 0.0176700271915448
95 0 0.0165731777475711
96 0 0.0153441918812097
97 0 0.0140319163871269
98 0 0.0127809022910678
99 0 0.0113365545334551
100 0 0.00996965082762302

death 1 F single
1 0 0.0225585660320575
2 0 0.00537420664640631
3 0 0.00339821599371404
4 0 0.00223561845509623
5 0 0.00186790421509975
6 0 0.00165218098496078
7 0 0.00122192874734450
8 0 0.000902465998997348
9 0 0.00066845208743016
10 0 0.000534485079388802
11 0 0.000491828243898595
12 0 0.000501883061298392
13 0 0.000514536954330236
14 0 0.000524342838274183
15 0 0.000525935346663786
16 0 0.000526270615144542
17 0 0.000514536954330236
18 0 0.000512609426389199
19 0 0.000521157905226999
20 0 0.000536161591912609
21 0 0.000554521428255628
22 0 0.000600563085643824
23 0 0.000635046708559628
24 0 0.000662827708968194
25 0 0.000687006610681551
26 0 0.00070951220387605
27 0 0.000709680177024996
28 0 0.000725975048863514
29 0 0.000758489532001305
30 0 0.000804046183866203
31 0 0.000856186991095576
32 0 0.000942284814147376
33 0 0.00100040278393732
34 0 0.00101877242729886
35 0 0.000989028950003967
36 0 0.000929234442118565
37 0 0.000856271113352736
38 0 0.00083044923913056
39 0 0.000849878043836738
40 0 0.000919132215976393
41 0 0.00102222768364157
42 0 0.00116772052669190
43 0 0.00127912732458602
44 0 0.00134659528935799
45 0 0.00135995955652246
46 0 0.00132900482282028
47 0 0.00124059669986987
48 0 0.00119068329853378
49 0 0.00118376008673837
50 0 0.00122530727781855
51 0 0.00129417222603856
52 0 0.00144230314969629
53 0 0.00158100887933499
54 0 0.00169606574047054
55 0 0.00177812008705491
56 0 0.00182495659311921
57 0 0.00177276645451419
58 0 0.00177998968393533
59 0 0.00187615588801826
60 0 0.00208354465397032
61 0 0.00235843632585653
62 0 0.00275666389413443
63 0 0.00315147164154084
64 0 0.00350893352209414
65 0 0.00376403776040601
66 0 0.00390695309645561
67 0 0.00400557790133182
68 0 0.00417993550326867
69 0 0.00453526805537352
70 0 0.00518138646710786
71 0 0.00603260354876467
72 0 0.00681291037199161
73 0 0.007579086905951
74 0 0.00826231090846707
75 0 0.00877980085058738
76 0 0.00907401956519538
77 0 0.00944863030866616
78 0 0.00987396014399167
79 0 0.0106544435495559
80 0 0.0119661179051079
81 0 0.0128997325157678
82 0 0.0147167417191619
83 0 0.0167376771419069
84 0 0.0188685372496603
85 0 0.0207843676178552
86 0 0.0219368435192532
87 0 0.0223065779748297
88 0 0.0219530118779111
89 0 0.0212483806567831
90 0 0.0210130190758523
91 0 0.0199344303220507
92 0 0.0193873317681528
93 0 0.0186215388192760
94 0 0.0176700271915448
95 0 0.0165731777475711
96 0 0.0153441918812097
97 0 0.0140319163871269
98 0 0.0127809022910678
99 0 0.0113365545334551
100 0 0.00996965082762302

death 1 F divorced
1 0 0.0225585660320575
2 0 0.00537420664640631
3 0 0.00339821599371404
4 0 0.00223561845509623
5 0 0.00186790421509975
6 0 0.00165218098496078
7 0 0.00122192874734450
8 0 0.000902465998997348
9 0 0.00066845208743016
10 0 0.000534485079388802
11 0 0.000491828243898595
12 0 0.000501883061298392
13 0 0.000514536954330236
14 0 0.000524342838274183
15 0 0.000525935346663786
16 0 0.000526270615144542
17 0 0.000514536954330236
18 0 0.000512609426389199
19 0 0.000521157905226999
20 0 0.000536161591912609
21 0 0.000554521428255628
22 0 0.000600563085643824
23 0 0.000635046708559628
24 0 0.000662827708968194
25 0 0.000687006610681551
26 0 0.00070951220387605
27 0 0.000709680177024996
28 0 0.000725975048863514
29 0 0.000758489532001305
30 0 0.000804046183866203
31 0 0.000856186991095576
32 0 0.000942284814147376
33 0 0.00100040278393732
34 0 0.00101877242729886
35 0 0.000989028950003967
36 0 0.000929234442118565
37 0 0.000856271113352736
38 0 0.00083044923913056
39 0 0.000849878043836738
40 0 0.000919132215976393
41 0 0.00102222768364157
42 0 0.00116772052669190
43 0 0.00127912732458602
44 0 0.00134659528935799
45 0 0.00135995955652246
46 0 0.00132900482282028
47 0 0.00124059669986987
48 0 0.00119068329853378
49 0 0.00118376008673837
50 0 0.00122530727781855
51 0 0.00129417222603856
52 0 0.00144230314969629
53 0 0.00158100887933499
54 0 0.00169606574047054
55 0 0.00177812008705491
56 0 0.00182495659311921
57 0 0.00177276645451419
58 0 0.00177998968393533
59 0 0.00187615588801826
60 0 0.00208354465397032
61 0 0.00235843632585653
62 0 0.00275666389413443
63 0 0.00315147164154084
64 0 0.00350893352209414
65 0 0.00376403776040601
66 0 0.00390695309645561
67 0 0.00400557790133182
68 0 0.00417993550326867
69 0 0.00453526805537352
70 0 0.00518138646710786
71 0 0.00603260354876467
72 0 0.00681291037199161
73 0 0.007579086905951
74 0 0.00826231090846707
75 0 0.00877980085058738
76 0 0.00907401956519538
77 0 0.00944863030866616
78 0 0.00987396014399167
79 0 0.0106544435495559
80 0 0.0119661179051079
81 0 0.0128997325157678
82 0 0.0147167417191619
83 0 0.0167376771419069
84 0 0.0188685372496603
85 0 0.0207843676178552
86 0 0.0219368435192532
87 0 0.0223065779748297
88 0 0.0219530118779111
89 0 0.0212483806567831
90 0 0.0210130190758523
91 0 0.0199344303220507
92 0 0.0193873317681528
93 0 0.0186215388192760
94 0 0.0176700271915448
95 0 0.0165731777475711
96 0 0.0153441918812097
97 0 0.0140319163871269
98 0 0.0127809022910678
99 0 0.0113365545334551
100 0 0.00996965082762302

death 1 F widowed
1 0 0.0225585660320575
2 0 0.00537420664640631
3 0 0.00339821599371404
4 0 0.00223561845509623
5 0 0.00186790421509975
6 0 0.00165218098496078
7 0 0.00122192874734450
8 0 0.000902465998997348
9 0 0.00066845208743016
10 0 0.000534485079388802
11 0 0.000491828243898595
12 0 0.000501883061298392
13 0 0.000514536954330236
14 0 0.000524342838274183
15 0 0.000525935346663786
16 0 0.000526270615144542
17 0 0.000514536954330236
18 0 0.000512609426389199
19 0 0.000521157905226999
20 0 0.000536161591912609
21 0 0.000554521428255628
22 0 0.000600563085643824
23 0 0.000635046708559628
24 0 0.000662827708968194
25 0 0.000687006610681551
26 0 0.00070951220387605
27 0 0.000709680177024996
28 0 0.000725975048863514
29 0 0.000758489532001305
30 0 0.000804046183866203
31 0 0.000856186991095576
32 0 0.000942284814147376
33 0 0.00100040278393732
34 0 0.00101877242729886
35 0 0.000989028950003967
36 0 0.000929234442118565
37 0 0.000856271113352736
38 0 0.00083044923913056
39 0 0.000849878043836738
40 0 0.000919132215976393
41 0 0.00102222768364157
42 0 0.00116772052669190
43 0 0.00127912732458602
44 0 0.00134659528935799
45 0 0.00135995955652246
46 0 0.00132900482282028
47 0 0.00124059669986987
48 0 0.00119068329853378
49 0 0.00118376008673837
50 0 0.00122530727781855
51 0 0.00129417222603856
52 0 0.00144230314969629
53 0 0.00158100887933499
54 0 0.00169606574047054
55 0 0.00177812008705491
56 0 0.00182495659311921
57 0 0.00177276645451419
58 0 0.00177998968393533
59 0 0.00187615588801826
60 0 0.00208354465397032
61 0 0.00235843632585653
62 0 0.00275666389413443
63 0 0.00315147164154084
64 0 0.00350893352209414
65 0 0.00376403776040601
66 0 0.00390695309645561
67 0 0.00400557790133182
68 0 0.00417993550326867
69 0 0.00453526805537352
70 0 0.00518138646710786
71 0 0.00603260354876467
72 0 0.00681291037199161
73 0 0.007579086905951
74 0 0.00826231090846707
75 0 0.00877980085058738
76 0 0.00907401956519538
77 0 0.00944863030866616
78 0 0.00987396014399167
79 0 0.0106544435495559
80 0 0.0119661179051079
81 0 0.0128997325157678
82 0 0.0147167417191619
83 0 0.0167376771419069
84 0 0.0188685372496603
85 0 0.0207843676178552
86 0 0.0219368435192532
87 0 0.0223065779748297
88 0 0.0219530118779111
89 0 0.0212483806567831
90 0 0.0210130190758523
91 0 0.0199344303220507
92 0 0.0193873317681528
93 0 0.0186215388192760
94 0 0.0176700271915448
95 0 0.0165731777475711
96 0 0.0153441918812097
97 0 0.0140319163871269
98 0 0.0127809022910678
99 0 0.0113365545334551
100 0 0.00996965082762302
