*Period monthly mortality rates for SWE in 1856 
* Mon Dec 20 14:19:57 2010
death 1 M married
1 0 0.0157739477547625
2 0 0.00444569141342022
3 0 0.00294696589777010
4 0 0.00208533528584065
5 0 0.00167365385231055
6 0 0.00146414985342347
7 0 0.00123316284712616
8 0 0.00106344807352510
9 0 0.000947589694936246
10 0 0.000813126623645744
11 0 0.00066878788223379
12 0 0.000535323331783966
13 0 0.000457231415790571
14 0 0.000408248755805252
15 0 0.000379708646458199
16 0 0.000367491867370062
17 0 0.000388579391956911
18 0 0.000445255438177972
19 0 0.000504145548558377
20 0 0.000558462150689776
21 0 0.00060953931375396
22 0 0.000636976835786451
23 0 0.000647970951086263
24 0 0.000658798517578663
25 0 0.000672649611687781
26 0 0.000635718052509393
27 0 0.000583787466800878
28 0 0.000590329589710836
29 0 0.00064948169685175
30 0 0.000693472199118195
31 0 0.00070581687317639
32 0 0.000750506862701616
33 0 0.000781517160949985
34 0 0.000786728602310882
35 0 0.000791856279973469
36 0 0.000806568437197397
37 0 0.000849120999612096
38 0 0.000866618745165249
39 0 0.000892535061214117
40 0 0.000926456217914318
41 0 0.000975971859975
42 0 0.00108697484109654
43 0 0.00124439833704892
44 0 0.00129315788464535
45 0 0.00122387138700641
46 0 0.00123628837014877
47 0 0.00143612267218007
48 0 0.00162401085641162
49 0 0.00159474694126538
50 0 0.00163096772573468
51 0 0.00175288429834519
52 0 0.00182495659311921
53 0 0.00190253224623682
54 0 0.00192712872671819
55 0 0.00204373354133469
56 0 0.00229149406839002
57 0 0.00244297554256723
58 0 0.00254284699989638
59 0 0.00267826874742905
60 0 0.00284828231911249
61 0 0.00315509537156888
62 0 0.00347550490413617
63 0 0.00363479114558929
64 0 0.00378514790838957
65 0 0.00405985429639677
66 0 0.00455734747300396
67 0 0.00504772258603015
68 0 0.00531374600356704
69 0 0.00559384897266235
70 0 0.0061164561122834
71 0 0.00669430766799173
72 0 0.00762558049119977
73 0 0.0086104564859808
74 0 0.00948286417864208
75 0 0.0103301705012439
76 0 0.0113855023723409
77 0 0.0122677178475946
78 0 0.0138528775164415
79 0 0.0155692097583563
80 0 0.0168754438033697
81 0 0.0176388050850901
82 0 0.0180964687780626
83 0 0.0209882858827041
84 0 0.0242499490749251
85 0 0.0246045789339608
86 0 0.0260152947897992
87 0 0.0280628468322842
88 0 0.0307275557208794
89 0 0.0338130548805163
90 0 0.0443465068695905
91 0 0.0808278288401154
92 0 0.0666429312346162
93 0 0.0460899562902817
94 0 0.0452327097343226
95 0 0.0103545555976079
96 0 0.0760056481420593
97 0 0.152388912634096
98 0 1
99 0 1
100 0 0

death 1 M single
1 0 0.0157739477547625
2 0 0.00444569141342022
3 0 0.00294696589777010
4 0 0.00208533528584065
5 0 0.00167365385231055
6 0 0.00146414985342347
7 0 0.00123316284712616
8 0 0.00106344807352510
9 0 0.000947589694936246
10 0 0.000813126623645744
11 0 0.00066878788223379
12 0 0.000535323331783966
13 0 0.000457231415790571
14 0 0.000408248755805252
15 0 0.000379708646458199
16 0 0.000367491867370062
17 0 0.000388579391956911
18 0 0.000445255438177972
19 0 0.000504145548558377
20 0 0.000558462150689776
21 0 0.00060953931375396
22 0 0.000636976835786451
23 0 0.000647970951086263
24 0 0.000658798517578663
25 0 0.000672649611687781
26 0 0.000635718052509393
27 0 0.000583787466800878
28 0 0.000590329589710836
29 0 0.00064948169685175
30 0 0.000693472199118195
31 0 0.00070581687317639
32 0 0.000750506862701616
33 0 0.000781517160949985
34 0 0.000786728602310882
35 0 0.000791856279973469
36 0 0.000806568437197397
37 0 0.000849120999612096
38 0 0.000866618745165249
39 0 0.000892535061214117
40 0 0.000926456217914318
41 0 0.000975971859975
42 0 0.00108697484109654
43 0 0.00124439833704892
44 0 0.00129315788464535
45 0 0.00122387138700641
46 0 0.00123628837014877
47 0 0.00143612267218007
48 0 0.00162401085641162
49 0 0.00159474694126538
50 0 0.00163096772573468
51 0 0.00175288429834519
52 0 0.00182495659311921
53 0 0.00190253224623682
54 0 0.00192712872671819
55 0 0.00204373354133469
56 0 0.00229149406839002
57 0 0.00244297554256723
58 0 0.00254284699989638
59 0 0.00267826874742905
60 0 0.00284828231911249
61 0 0.00315509537156888
62 0 0.00347550490413617
63 0 0.00363479114558929
64 0 0.00378514790838957
65 0 0.00405985429639677
66 0 0.00455734747300396
67 0 0.00504772258603015
68 0 0.00531374600356704
69 0 0.00559384897266235
70 0 0.0061164561122834
71 0 0.00669430766799173
72 0 0.00762558049119977
73 0 0.0086104564859808
74 0 0.00948286417864208
75 0 0.0103301705012439
76 0 0.0113855023723409
77 0 0.0122677178475946
78 0 0.0138528775164415
79 0 0.0155692097583563
80 0 0.0168754438033697
81 0 0.0176388050850901
82 0 0.0180964687780626
83 0 0.0209882858827041
84 0 0.0242499490749251
85 0 0.0246045789339608
86 0 0.0260152947897992
87 0 0.0280628468322842
88 0 0.0307275557208794
89 0 0.0338130548805163
90 0 0.0443465068695905
91 0 0.0808278288401154
92 0 0.0666429312346162
93 0 0.0460899562902817
94 0 0.0452327097343226
95 0 0.0103545555976079
96 0 0.0760056481420593
97 0 0.152388912634096
98 0 1
99 0 1
100 0 0

death 1 M divorced
1 0 0.0157739477547625
2 0 0.00444569141342022
3 0 0.00294696589777010
4 0 0.00208533528584065
5 0 0.00167365385231055
6 0 0.00146414985342347
7 0 0.00123316284712616
8 0 0.00106344807352510
9 0 0.000947589694936246
10 0 0.000813126623645744
11 0 0.00066878788223379
12 0 0.000535323331783966
13 0 0.000457231415790571
14 0 0.000408248755805252
15 0 0.000379708646458199
16 0 0.000367491867370062
17 0 0.000388579391956911
18 0 0.000445255438177972
19 0 0.000504145548558377
20 0 0.000558462150689776
21 0 0.00060953931375396
22 0 0.000636976835786451
23 0 0.000647970951086263
24 0 0.000658798517578663
25 0 0.000672649611687781
26 0 0.000635718052509393
27 0 0.000583787466800878
28 0 0.000590329589710836
29 0 0.00064948169685175
30 0 0.000693472199118195
31 0 0.00070581687317639
32 0 0.000750506862701616
33 0 0.000781517160949985
34 0 0.000786728602310882
35 0 0.000791856279973469
36 0 0.000806568437197397
37 0 0.000849120999612096
38 0 0.000866618745165249
39 0 0.000892535061214117
40 0 0.000926456217914318
41 0 0.000975971859975
42 0 0.00108697484109654
43 0 0.00124439833704892
44 0 0.00129315788464535
45 0 0.00122387138700641
46 0 0.00123628837014877
47 0 0.00143612267218007
48 0 0.00162401085641162
49 0 0.00159474694126538
50 0 0.00163096772573468
51 0 0.00175288429834519
52 0 0.00182495659311921
53 0 0.00190253224623682
54 0 0.00192712872671819
55 0 0.00204373354133469
56 0 0.00229149406839002
57 0 0.00244297554256723
58 0 0.00254284699989638
59 0 0.00267826874742905
60 0 0.00284828231911249
61 0 0.00315509537156888
62 0 0.00347550490413617
63 0 0.00363479114558929
64 0 0.00378514790838957
65 0 0.00405985429639677
66 0 0.00455734747300396
67 0 0.00504772258603015
68 0 0.00531374600356704
69 0 0.00559384897266235
70 0 0.0061164561122834
71 0 0.00669430766799173
72 0 0.00762558049119977
73 0 0.0086104564859808
74 0 0.00948286417864208
75 0 0.0103301705012439
76 0 0.0113855023723409
77 0 0.0122677178475946
78 0 0.0138528775164415
79 0 0.0155692097583563
80 0 0.0168754438033697
81 0 0.0176388050850901
82 0 0.0180964687780626
83 0 0.0209882858827041
84 0 0.0242499490749251
85 0 0.0246045789339608
86 0 0.0260152947897992
87 0 0.0280628468322842
88 0 0.0307275557208794
89 0 0.0338130548805163
90 0 0.0443465068695905
91 0 0.0808278288401154
92 0 0.0666429312346162
93 0 0.0460899562902817
94 0 0.0452327097343226
95 0 0.0103545555976079
96 0 0.0760056481420593
97 0 0.152388912634096
98 0 1
99 0 1
100 0 0

death 1 M widowed
1 0 0.0157739477547625
2 0 0.00444569141342022
3 0 0.00294696589777010
4 0 0.00208533528584065
5 0 0.00167365385231055
6 0 0.00146414985342347
7 0 0.00123316284712616
8 0 0.00106344807352510
9 0 0.000947589694936246
10 0 0.000813126623645744
11 0 0.00066878788223379
12 0 0.000535323331783966
13 0 0.000457231415790571
14 0 0.000408248755805252
15 0 0.000379708646458199
16 0 0.000367491867370062
17 0 0.000388579391956911
18 0 0.000445255438177972
19 0 0.000504145548558377
20 0 0.000558462150689776
21 0 0.00060953931375396
22 0 0.000636976835786451
23 0 0.000647970951086263
24 0 0.000658798517578663
25 0 0.000672649611687781
26 0 0.000635718052509393
27 0 0.000583787466800878
28 0 0.000590329589710836
29 0 0.00064948169685175
30 0 0.000693472199118195
31 0 0.00070581687317639
32 0 0.000750506862701616
33 0 0.000781517160949985
34 0 0.000786728602310882
35 0 0.000791856279973469
36 0 0.000806568437197397
37 0 0.000849120999612096
38 0 0.000866618745165249
39 0 0.000892535061214117
40 0 0.000926456217914318
41 0 0.000975971859975
42 0 0.00108697484109654
43 0 0.00124439833704892
44 0 0.00129315788464535
45 0 0.00122387138700641
46 0 0.00123628837014877
47 0 0.00143612267218007
48 0 0.00162401085641162
49 0 0.00159474694126538
50 0 0.00163096772573468
51 0 0.00175288429834519
52 0 0.00182495659311921
53 0 0.00190253224623682
54 0 0.00192712872671819
55 0 0.00204373354133469
56 0 0.00229149406839002
57 0 0.00244297554256723
58 0 0.00254284699989638
59 0 0.00267826874742905
60 0 0.00284828231911249
61 0 0.00315509537156888
62 0 0.00347550490413617
63 0 0.00363479114558929
64 0 0.00378514790838957
65 0 0.00405985429639677
66 0 0.00455734747300396
67 0 0.00504772258603015
68 0 0.00531374600356704
69 0 0.00559384897266235
70 0 0.0061164561122834
71 0 0.00669430766799173
72 0 0.00762558049119977
73 0 0.0086104564859808
74 0 0.00948286417864208
75 0 0.0103301705012439
76 0 0.0113855023723409
77 0 0.0122677178475946
78 0 0.0138528775164415
79 0 0.0155692097583563
80 0 0.0168754438033697
81 0 0.0176388050850901
82 0 0.0180964687780626
83 0 0.0209882858827041
84 0 0.0242499490749251
85 0 0.0246045789339608
86 0 0.0260152947897992
87 0 0.0280628468322842
88 0 0.0307275557208794
89 0 0.0338130548805163
90 0 0.0443465068695905
91 0 0.0808278288401154
92 0 0.0666429312346162
93 0 0.0460899562902817
94 0 0.0452327097343226
95 0 0.0103545555976079
96 0 0.0760056481420593
97 0 0.152388912634096
98 0 1
99 0 1
100 0 0

death 1 F married
1 0 0.0129396340355868
2 0 0.00421816468154623
3 0 0.00280684488357996
4 0 0.00196433399728912
5 0 0.00153395905497622
6 0 0.00130845873776753
7 0 0.00109532451428995
8 0 0.00094279002753972
9 0 0.00084012106833442
10 0 0.000724043029886934
11 0 0.000592426523669087
12 0 0.000468036274396177
13 0 0.00040431454242662
14 0 0.000368997956857298
15 0 0.000356196991759261
16 0 0.000362304416850034
17 0 0.000387742492180876
18 0 0.000428843375353094
19 0 0.000453630081744261
20 0 0.000453295081182081
21 0 0.000438137597943755
22 0 0.000420554735524381
23 0 0.000410927466635069
24 0 0.000421057055810969
25 0 0.000449861396625395
26 0 0.000456980155295161
27 0 0.000450196384528923
28 0 0.000478172232134644
29 0 0.000548401070582405
30 0 0.00059997588667271
31 0 0.000610210469245476
32 0 0.000648054880747595
33 0 0.00067533612899684
34 0 0.000683312195309149
35 0 0.000697754855188193
36 0 0.000723875030178678
37 0 0.000763783689041286
38 0 0.000776390066867694
39 0 0.000780340425245996
40 0 0.00078193742739563
41 0 0.000788914134445373
42 0 0.000847859273259033
43 0 0.000948937015588291
44 0 0.000957947736253018
45 0 0.000899099457755015
46 0 0.000911135417090092
47 0 0.00104422642253110
48 0 0.00117438926281210
49 0 0.00116468177140272
50 0 0.00119752259920736
51 0 0.00128960777900933
52 0 0.00134752564930984
53 0 0.00142841883046707
54 0 0.0014767691436548
55 0 0.00160450053131689
56 0 0.00186594774291537
57 0 0.00202242855975809
58 0 0.00212414099117708
59 0 0.00228679372304708
60 0 0.00246703399223636
61 0 0.00276267727381019
62 0 0.00303007417978274
63 0 0.00314664022689592
64 0 0.00325851901954688
65 0 0.00345533245820151
66 0 0.00386381132438074
67 0 0.00420899868121583
68 0 0.00444245325426895
69 0 0.00483687212567319
70 0 0.00536660264739652
71 0 0.00587980181390035
72 0 0.00669726859462771
73 0 0.00769178228906253
74 0 0.00869453847763646
75 0 0.0093997077211011
76 0 0.00999226319303581
77 0 0.0107701168171019
78 0 0.0122215307480905
79 0 0.0136711897684791
80 0 0.0152127072247321
81 0 0.0148846413436914
82 0 0.0152008712373078
83 0 0.0179381956999426
84 0 0.0211553421270867
85 0 0.0216308379181749
86 0 0.0229934145224998
87 0 0.0249062866070537
88 0 0.0273503236057259
89 0 0.0318250415617578
90 0 0.0437100795383502
91 0 0.0618943092707837
92 0 0.0270259929775559
93 0 0.0359894174576024
94 0 0.0482248292592141
95 0 0.070459343604829
96 0 0.0366344426779012
97 0 0.0253154708536020
98 0 0.0395874374929229
99 0 0
100 0 1

death 1 F single
1 0 0.0129396340355868
2 0 0.00421816468154623
3 0 0.00280684488357996
4 0 0.00196433399728912
5 0 0.00153395905497622
6 0 0.00130845873776753
7 0 0.00109532451428995
8 0 0.00094279002753972
9 0 0.00084012106833442
10 0 0.000724043029886934
11 0 0.000592426523669087
12 0 0.000468036274396177
13 0 0.00040431454242662
14 0 0.000368997956857298
15 0 0.000356196991759261
16 0 0.000362304416850034
17 0 0.000387742492180876
18 0 0.000428843375353094
19 0 0.000453630081744261
20 0 0.000453295081182081
21 0 0.000438137597943755
22 0 0.000420554735524381
23 0 0.000410927466635069
24 0 0.000421057055810969
25 0 0.000449861396625395
26 0 0.000456980155295161
27 0 0.000450196384528923
28 0 0.000478172232134644
29 0 0.000548401070582405
30 0 0.00059997588667271
31 0 0.000610210469245476
32 0 0.000648054880747595
33 0 0.00067533612899684
34 0 0.000683312195309149
35 0 0.000697754855188193
36 0 0.000723875030178678
37 0 0.000763783689041286
38 0 0.000776390066867694
39 0 0.000780340425245996
40 0 0.00078193742739563
41 0 0.000788914134445373
42 0 0.000847859273259033
43 0 0.000948937015588291
44 0 0.000957947736253018
45 0 0.000899099457755015
46 0 0.000911135417090092
47 0 0.00104422642253110
48 0 0.00117438926281210
49 0 0.00116468177140272
50 0 0.00119752259920736
51 0 0.00128960777900933
52 0 0.00134752564930984
53 0 0.00142841883046707
54 0 0.0014767691436548
55 0 0.00160450053131689
56 0 0.00186594774291537
57 0 0.00202242855975809
58 0 0.00212414099117708
59 0 0.00228679372304708
60 0 0.00246703399223636
61 0 0.00276267727381019
62 0 0.00303007417978274
63 0 0.00314664022689592
64 0 0.00325851901954688
65 0 0.00345533245820151
66 0 0.00386381132438074
67 0 0.00420899868121583
68 0 0.00444245325426895
69 0 0.00483687212567319
70 0 0.00536660264739652
71 0 0.00587980181390035
72 0 0.00669726859462771
73 0 0.00769178228906253
74 0 0.00869453847763646
75 0 0.0093997077211011
76 0 0.00999226319303581
77 0 0.0107701168171019
78 0 0.0122215307480905
79 0 0.0136711897684791
80 0 0.0152127072247321
81 0 0.0148846413436914
82 0 0.0152008712373078
83 0 0.0179381956999426
84 0 0.0211553421270867
85 0 0.0216308379181749
86 0 0.0229934145224998
87 0 0.0249062866070537
88 0 0.0273503236057259
89 0 0.0318250415617578
90 0 0.0437100795383502
91 0 0.0618943092707837
92 0 0.0270259929775559
93 0 0.0359894174576024
94 0 0.0482248292592141
95 0 0.070459343604829
96 0 0.0366344426779012
97 0 0.0253154708536020
98 0 0.0395874374929229
99 0 0
100 0 1

death 1 F divorced
1 0 0.0129396340355868
2 0 0.00421816468154623
3 0 0.00280684488357996
4 0 0.00196433399728912
5 0 0.00153395905497622
6 0 0.00130845873776753
7 0 0.00109532451428995
8 0 0.00094279002753972
9 0 0.00084012106833442
10 0 0.000724043029886934
11 0 0.000592426523669087
12 0 0.000468036274396177
13 0 0.00040431454242662
14 0 0.000368997956857298
15 0 0.000356196991759261
16 0 0.000362304416850034
17 0 0.000387742492180876
18 0 0.000428843375353094
19 0 0.000453630081744261
20 0 0.000453295081182081
21 0 0.000438137597943755
22 0 0.000420554735524381
23 0 0.000410927466635069
24 0 0.000421057055810969
25 0 0.000449861396625395
26 0 0.000456980155295161
27 0 0.000450196384528923
28 0 0.000478172232134644
29 0 0.000548401070582405
30 0 0.00059997588667271
31 0 0.000610210469245476
32 0 0.000648054880747595
33 0 0.00067533612899684
34 0 0.000683312195309149
35 0 0.000697754855188193
36 0 0.000723875030178678
37 0 0.000763783689041286
38 0 0.000776390066867694
39 0 0.000780340425245996
40 0 0.00078193742739563
41 0 0.000788914134445373
42 0 0.000847859273259033
43 0 0.000948937015588291
44 0 0.000957947736253018
45 0 0.000899099457755015
46 0 0.000911135417090092
47 0 0.00104422642253110
48 0 0.00117438926281210
49 0 0.00116468177140272
50 0 0.00119752259920736
51 0 0.00128960777900933
52 0 0.00134752564930984
53 0 0.00142841883046707
54 0 0.0014767691436548
55 0 0.00160450053131689
56 0 0.00186594774291537
57 0 0.00202242855975809
58 0 0.00212414099117708
59 0 0.00228679372304708
60 0 0.00246703399223636
61 0 0.00276267727381019
62 0 0.00303007417978274
63 0 0.00314664022689592
64 0 0.00325851901954688
65 0 0.00345533245820151
66 0 0.00386381132438074
67 0 0.00420899868121583
68 0 0.00444245325426895
69 0 0.00483687212567319
70 0 0.00536660264739652
71 0 0.00587980181390035
72 0 0.00669726859462771
73 0 0.00769178228906253
74 0 0.00869453847763646
75 0 0.0093997077211011
76 0 0.00999226319303581
77 0 0.0107701168171019
78 0 0.0122215307480905
79 0 0.0136711897684791
80 0 0.0152127072247321
81 0 0.0148846413436914
82 0 0.0152008712373078
83 0 0.0179381956999426
84 0 0.0211553421270867
85 0 0.0216308379181749
86 0 0.0229934145224998
87 0 0.0249062866070537
88 0 0.0273503236057259
89 0 0.0318250415617578
90 0 0.0437100795383502
91 0 0.0618943092707837
92 0 0.0270259929775559
93 0 0.0359894174576024
94 0 0.0482248292592141
95 0 0.070459343604829
96 0 0.0366344426779012
97 0 0.0253154708536020
98 0 0.0395874374929229
99 0 0
100 0 1

death 1 F widowed
1 0 0.0129396340355868
2 0 0.00421816468154623
3 0 0.00280684488357996
4 0 0.00196433399728912
5 0 0.00153395905497622
6 0 0.00130845873776753
7 0 0.00109532451428995
8 0 0.00094279002753972
9 0 0.00084012106833442
10 0 0.000724043029886934
11 0 0.000592426523669087
12 0 0.000468036274396177
13 0 0.00040431454242662
14 0 0.000368997956857298
15 0 0.000356196991759261
16 0 0.000362304416850034
17 0 0.000387742492180876
18 0 0.000428843375353094
19 0 0.000453630081744261
20 0 0.000453295081182081
21 0 0.000438137597943755
22 0 0.000420554735524381
23 0 0.000410927466635069
24 0 0.000421057055810969
25 0 0.000449861396625395
26 0 0.000456980155295161
27 0 0.000450196384528923
28 0 0.000478172232134644
29 0 0.000548401070582405
30 0 0.00059997588667271
31 0 0.000610210469245476
32 0 0.000648054880747595
33 0 0.00067533612899684
34 0 0.000683312195309149
35 0 0.000697754855188193
36 0 0.000723875030178678
37 0 0.000763783689041286
38 0 0.000776390066867694
39 0 0.000780340425245996
40 0 0.00078193742739563
41 0 0.000788914134445373
42 0 0.000847859273259033
43 0 0.000948937015588291
44 0 0.000957947736253018
45 0 0.000899099457755015
46 0 0.000911135417090092
47 0 0.00104422642253110
48 0 0.00117438926281210
49 0 0.00116468177140272
50 0 0.00119752259920736
51 0 0.00128960777900933
52 0 0.00134752564930984
53 0 0.00142841883046707
54 0 0.0014767691436548
55 0 0.00160450053131689
56 0 0.00186594774291537
57 0 0.00202242855975809
58 0 0.00212414099117708
59 0 0.00228679372304708
60 0 0.00246703399223636
61 0 0.00276267727381019
62 0 0.00303007417978274
63 0 0.00314664022689592
64 0 0.00325851901954688
65 0 0.00345533245820151
66 0 0.00386381132438074
67 0 0.00420899868121583
68 0 0.00444245325426895
69 0 0.00483687212567319
70 0 0.00536660264739652
71 0 0.00587980181390035
72 0 0.00669726859462771
73 0 0.00769178228906253
74 0 0.00869453847763646
75 0 0.0093997077211011
76 0 0.00999226319303581
77 0 0.0107701168171019
78 0 0.0122215307480905
79 0 0.0136711897684791
80 0 0.0152127072247321
81 0 0.0148846413436914
82 0 0.0152008712373078
83 0 0.0179381956999426
84 0 0.0211553421270867
85 0 0.0216308379181749
86 0 0.0229934145224998
87 0 0.0249062866070537
88 0 0.0273503236057259
89 0 0.0318250415617578
90 0 0.0437100795383502
91 0 0.0618943092707837
92 0 0.0270259929775559
93 0 0.0359894174576024
94 0 0.0482248292592141
95 0 0.070459343604829
96 0 0.0366344426779012
97 0 0.0253154708536020
98 0 0.0395874374929229
99 0 0
100 0 1
