*Period monthly mortality rates for SWE in 1960 
* Mon Dec 20 14:21:15 2010
death 1 M married
1 0 0.00158779284756616
2 0 0.000121664712988689
3 0 0.0000667745181418544
4 0 0.0000611872538076597
5 0 0.0000670247021896664
6 0 0.0000604367519254634
7 0 0.0000382580492043205
8 0 0.0000554335643845327
9 0 0.0000315888209503346
10 0 0.0000264205055656719
11 0 0.0000294214271118198
12 0 0.0000175016846010179
13 0 0.0000248367257986715
14 0 0.0000395919535709499
15 0 0.0000463451448070584
16 0 0.0000474290370353625
17 0 0.0000698601695217071
18 0 0.0000878757927471607
19 0 0.000086958244163049
20 0 0.0000797850017462132
21 0 0.0000943823120371778
22 0 0.0000898777490792035
23 0 0.000101973839882752
24 0 0.0000936315360424711
25 0 0.0000656903952246379
26 0 0.0000807024779270193
27 0 0.0000971352104046641
28 0 0.0000743637406079856
29 0 0.000109649435663273
30 0 0.000111485000248712
31 0 0.000088793350593086
32 0 0.000108815100377635
33 0 0.000105144116096079
34 0 0.000128090200529063
35 0 0.000130176495462431
36 0 0.000131344841541647
37 0 0.000145616566425311
38 0 0.000147202451965756
39 0 0.000145282699311022
40 0 0.000144781900938806
41 0 0.000210242941224514
42 0 0.000175920113601347
43 0 0.000198550011486498
44 0 0.000209992362671829
45 0 0.000278593148280049
46 0 0.000269649550607043
47 0 0.000261876858127175
48 0 0.000323491603989590
49 0 0.000373851081672649
50 0 0.000417875740890694
51 0 0.000400631603410861
52 0 0.000477250734708723
53 0 0.000552090003930972
54 0 0.000569362911518656
55 0 0.000621536965995206
56 0 0.000699182452077896
57 0 0.000875705442716534
58 0 0.00091416570013303
59 0 0.00106420690638176
60 0 0.00126163442229166
61 0 0.0012962009428229
62 0 0.00142824952260667
63 0 0.00157134260060143
64 0 0.00174184053793958
65 0 0.00185344433002999
66 0 0.0021523815098331
67 0 0.00220436363126852
68 0 0.00256838926706549
69 0 0.00293913267411638
70 0 0.00315302465095257
71 0 0.00362594419466744
72 0 0.00391286929662149
73 0 0.00422645852925119
74 0 0.00500465014848228
75 0 0.00532558744875011
76 0 0.005769166344191
77 0 0.00625340728201995
78 0 0.00734571244030968
79 0 0.00834369273997804
80 0 0.00897485830203515
81 0 0.00961233031349296
82 0 0.0112827237992656
83 0 0.0125824026459802
84 0 0.0140094318041569
85 0 0.0154850709340987
86 0 0.0157602508896973
87 0 0.0186447011269042
88 0 0.0205503329142591
89 0 0.0242307376320783
90 0 0.0273107624719643
91 0 0.0309728145198775
92 0 0.0288975209335106
93 0 0.0295446521027030
94 0 0.0419368735145056
95 0 0.0481248470991141
96 0 0.0609088157834138
97 0 0.0615694625765735
98 0 0.0622430378647016
99 0 0.0585218517520846
100 0 0.171577147064659

death 1 M single
1 0 0.00158779284756616
2 0 0.000121664712988689
3 0 0.0000667745181418544
4 0 0.0000611872538076597
5 0 0.0000670247021896664
6 0 0.0000604367519254634
7 0 0.0000382580492043205
8 0 0.0000554335643845327
9 0 0.0000315888209503346
10 0 0.0000264205055656719
11 0 0.0000294214271118198
12 0 0.0000175016846010179
13 0 0.0000248367257986715
14 0 0.0000395919535709499
15 0 0.0000463451448070584
16 0 0.0000474290370353625
17 0 0.0000698601695217071
18 0 0.0000878757927471607
19 0 0.000086958244163049
20 0 0.0000797850017462132
21 0 0.0000943823120371778
22 0 0.0000898777490792035
23 0 0.000101973839882752
24 0 0.0000936315360424711
25 0 0.0000656903952246379
26 0 0.0000807024779270193
27 0 0.0000971352104046641
28 0 0.0000743637406079856
29 0 0.000109649435663273
30 0 0.000111485000248712
31 0 0.000088793350593086
32 0 0.000108815100377635
33 0 0.000105144116096079
34 0 0.000128090200529063
35 0 0.000130176495462431
36 0 0.000131344841541647
37 0 0.000145616566425311
38 0 0.000147202451965756
39 0 0.000145282699311022
40 0 0.000144781900938806
41 0 0.000210242941224514
42 0 0.000175920113601347
43 0 0.000198550011486498
44 0 0.000209992362671829
45 0 0.000278593148280049
46 0 0.000269649550607043
47 0 0.000261876858127175
48 0 0.000323491603989590
49 0 0.000373851081672649
50 0 0.000417875740890694
51 0 0.000400631603410861
52 0 0.000477250734708723
53 0 0.000552090003930972
54 0 0.000569362911518656
55 0 0.000621536965995206
56 0 0.000699182452077896
57 0 0.000875705442716534
58 0 0.00091416570013303
59 0 0.00106420690638176
60 0 0.00126163442229166
61 0 0.0012962009428229
62 0 0.00142824952260667
63 0 0.00157134260060143
64 0 0.00174184053793958
65 0 0.00185344433002999
66 0 0.0021523815098331
67 0 0.00220436363126852
68 0 0.00256838926706549
69 0 0.00293913267411638
70 0 0.00315302465095257
71 0 0.00362594419466744
72 0 0.00391286929662149
73 0 0.00422645852925119
74 0 0.00500465014848228
75 0 0.00532558744875011
76 0 0.005769166344191
77 0 0.00625340728201995
78 0 0.00734571244030968
79 0 0.00834369273997804
80 0 0.00897485830203515
81 0 0.00961233031349296
82 0 0.0112827237992656
83 0 0.0125824026459802
84 0 0.0140094318041569
85 0 0.0154850709340987
86 0 0.0157602508896973
87 0 0.0186447011269042
88 0 0.0205503329142591
89 0 0.0242307376320783
90 0 0.0273107624719643
91 0 0.0309728145198775
92 0 0.0288975209335106
93 0 0.0295446521027030
94 0 0.0419368735145056
95 0 0.0481248470991141
96 0 0.0609088157834138
97 0 0.0615694625765735
98 0 0.0622430378647016
99 0 0.0585218517520846
100 0 0.171577147064659

death 1 M divorced
1 0 0.00158779284756616
2 0 0.000121664712988689
3 0 0.0000667745181418544
4 0 0.0000611872538076597
5 0 0.0000670247021896664
6 0 0.0000604367519254634
7 0 0.0000382580492043205
8 0 0.0000554335643845327
9 0 0.0000315888209503346
10 0 0.0000264205055656719
11 0 0.0000294214271118198
12 0 0.0000175016846010179
13 0 0.0000248367257986715
14 0 0.0000395919535709499
15 0 0.0000463451448070584
16 0 0.0000474290370353625
17 0 0.0000698601695217071
18 0 0.0000878757927471607
19 0 0.000086958244163049
20 0 0.0000797850017462132
21 0 0.0000943823120371778
22 0 0.0000898777490792035
23 0 0.000101973839882752
24 0 0.0000936315360424711
25 0 0.0000656903952246379
26 0 0.0000807024779270193
27 0 0.0000971352104046641
28 0 0.0000743637406079856
29 0 0.000109649435663273
30 0 0.000111485000248712
31 0 0.000088793350593086
32 0 0.000108815100377635
33 0 0.000105144116096079
34 0 0.000128090200529063
35 0 0.000130176495462431
36 0 0.000131344841541647
37 0 0.000145616566425311
38 0 0.000147202451965756
39 0 0.000145282699311022
40 0 0.000144781900938806
41 0 0.000210242941224514
42 0 0.000175920113601347
43 0 0.000198550011486498
44 0 0.000209992362671829
45 0 0.000278593148280049
46 0 0.000269649550607043
47 0 0.000261876858127175
48 0 0.000323491603989590
49 0 0.000373851081672649
50 0 0.000417875740890694
51 0 0.000400631603410861
52 0 0.000477250734708723
53 0 0.000552090003930972
54 0 0.000569362911518656
55 0 0.000621536965995206
56 0 0.000699182452077896
57 0 0.000875705442716534
58 0 0.00091416570013303
59 0 0.00106420690638176
60 0 0.00126163442229166
61 0 0.0012962009428229
62 0 0.00142824952260667
63 0 0.00157134260060143
64 0 0.00174184053793958
65 0 0.00185344433002999
66 0 0.0021523815098331
67 0 0.00220436363126852
68 0 0.00256838926706549
69 0 0.00293913267411638
70 0 0.00315302465095257
71 0 0.00362594419466744
72 0 0.00391286929662149
73 0 0.00422645852925119
74 0 0.00500465014848228
75 0 0.00532558744875011
76 0 0.005769166344191
77 0 0.00625340728201995
78 0 0.00734571244030968
79 0 0.00834369273997804
80 0 0.00897485830203515
81 0 0.00961233031349296
82 0 0.0112827237992656
83 0 0.0125824026459802
84 0 0.0140094318041569
85 0 0.0154850709340987
86 0 0.0157602508896973
87 0 0.0186447011269042
88 0 0.0205503329142591
89 0 0.0242307376320783
90 0 0.0273107624719643
91 0 0.0309728145198775
92 0 0.0288975209335106
93 0 0.0295446521027030
94 0 0.0419368735145056
95 0 0.0481248470991141
96 0 0.0609088157834138
97 0 0.0615694625765735
98 0 0.0622430378647016
99 0 0.0585218517520846
100 0 0.171577147064659

death 1 M widowed
1 0 0.00158779284756616
2 0 0.000121664712988689
3 0 0.0000667745181418544
4 0 0.0000611872538076597
5 0 0.0000670247021896664
6 0 0.0000604367519254634
7 0 0.0000382580492043205
8 0 0.0000554335643845327
9 0 0.0000315888209503346
10 0 0.0000264205055656719
11 0 0.0000294214271118198
12 0 0.0000175016846010179
13 0 0.0000248367257986715
14 0 0.0000395919535709499
15 0 0.0000463451448070584
16 0 0.0000474290370353625
17 0 0.0000698601695217071
18 0 0.0000878757927471607
19 0 0.000086958244163049
20 0 0.0000797850017462132
21 0 0.0000943823120371778
22 0 0.0000898777490792035
23 0 0.000101973839882752
24 0 0.0000936315360424711
25 0 0.0000656903952246379
26 0 0.0000807024779270193
27 0 0.0000971352104046641
28 0 0.0000743637406079856
29 0 0.000109649435663273
30 0 0.000111485000248712
31 0 0.000088793350593086
32 0 0.000108815100377635
33 0 0.000105144116096079
34 0 0.000128090200529063
35 0 0.000130176495462431
36 0 0.000131344841541647
37 0 0.000145616566425311
38 0 0.000147202451965756
39 0 0.000145282699311022
40 0 0.000144781900938806
41 0 0.000210242941224514
42 0 0.000175920113601347
43 0 0.000198550011486498
44 0 0.000209992362671829
45 0 0.000278593148280049
46 0 0.000269649550607043
47 0 0.000261876858127175
48 0 0.000323491603989590
49 0 0.000373851081672649
50 0 0.000417875740890694
51 0 0.000400631603410861
52 0 0.000477250734708723
53 0 0.000552090003930972
54 0 0.000569362911518656
55 0 0.000621536965995206
56 0 0.000699182452077896
57 0 0.000875705442716534
58 0 0.00091416570013303
59 0 0.00106420690638176
60 0 0.00126163442229166
61 0 0.0012962009428229
62 0 0.00142824952260667
63 0 0.00157134260060143
64 0 0.00174184053793958
65 0 0.00185344433002999
66 0 0.0021523815098331
67 0 0.00220436363126852
68 0 0.00256838926706549
69 0 0.00293913267411638
70 0 0.00315302465095257
71 0 0.00362594419466744
72 0 0.00391286929662149
73 0 0.00422645852925119
74 0 0.00500465014848228
75 0 0.00532558744875011
76 0 0.005769166344191
77 0 0.00625340728201995
78 0 0.00734571244030968
79 0 0.00834369273997804
80 0 0.00897485830203515
81 0 0.00961233031349296
82 0 0.0112827237992656
83 0 0.0125824026459802
84 0 0.0140094318041569
85 0 0.0154850709340987
86 0 0.0157602508896973
87 0 0.0186447011269042
88 0 0.0205503329142591
89 0 0.0242307376320783
90 0 0.0273107624719643
91 0 0.0309728145198775
92 0 0.0288975209335106
93 0 0.0295446521027030
94 0 0.0419368735145056
95 0 0.0481248470991141
96 0 0.0609088157834138
97 0 0.0615694625765735
98 0 0.0622430378647016
99 0 0.0585218517520846
100 0 0.171577147064659

death 1 F married
1 0 0.00119169649575768
2 0 0.000114655608204228
3 0 0.0000441773991204375
4 0 0.0000421764489819676
5 0 0.0000584354438649681
6 0 0.0000343398183181298
7 0 0.0000389249989409812
8 0 0.0000301716729773638
9 0 0.0000110840090122855
10 0 0.0000217526022776582
11 0 0.0000207523684705446
12 0 0.0000253368637967988
13 0 0.0000232529736238218
14 0 0.0000174183352610324
15 0 0.0000171682876994872
16 0 0.0000289212666413352
17 0 0.0000243365905521209
18 0 0.0000361738628148478
19 0 0.0000465952726357299
20 0 0.0000365906962700446
21 0 0.0000298382296060051
22 0 0.0000370908989392182
23 0 0.0000348400086022105
24 0 0.0000488464540653322
25 0 0.0000386748922163171
26 0 0.0000454280153232567
27 0 0.0000595194802618382
28 0 0.0000542661935792887
29 0 0.0000581852834553587
30 0 0.0000569344917334957
31 0 0.0000694431834846743
32 0 0.0000702771574714323
33 0 0.0000531822198260867
34 0 0.0000858738805041837
35 0 0.000055850486162301
36 0 0.0000772828410454673
37 0 0.000106228709658152
38 0 0.0000851231747793779
39 0 0.000108231070234166
40 0 0.000113737789264823
41 0 0.000120913711624038
42 0 0.000149790008828976
43 0 0.000141359852573131
44 0 0.000163563728485583
45 0 0.000162561933038319
46 0 0.000210159414963496
47 0 0.000234385247836588
48 0 0.000261208270468494
49 0 0.000320313702693586
50 0 0.000276419856682808
51 0 0.000334447852516351
52 0 0.000331604119103823
53 0 0.000419131509791226
54 0 0.000363224749367119
55 0 0.000463680672948219
56 0 0.000483785191003339
57 0 0.000538173447775292
58 0 0.000635466297946863
59 0 0.000589910208726785
60 0 0.00068557920511414
61 0 0.000810940508885638
62 0 0.000853663359607237
63 0 0.000918122055159731
64 0 0.00108368578667661
65 0 0.00128808634765865
66 0 0.00135429219033234
67 0 0.00146262549416665
68 0 0.00170854748657401
69 0 0.00192576680948708
70 0 0.00221648854117806
71 0 0.00259196653631721
72 0 0.00280495400026848
73 0 0.00314905590202097
74 0 0.00389146840238408
75 0 0.00435052038216643
76 0 0.0047629796287546
77 0 0.00528026254761516
78 0 0.00620377753391177
79 0 0.00717443677899854
80 0 0.00721702218051234
81 0 0.00820426507367189
82 0 0.00994220723472272
83 0 0.0109672822437846
84 0 0.0117754847001706
85 0 0.0134358928628615
86 0 0.0147946629877538
87 0 0.0170214751726002
88 0 0.0198835912930003
89 0 0.0212757199830726
90 0 0.0224738842298978
91 0 0.0264629949741039
92 0 0.0280941947332007
93 0 0.0293731693060806
94 0 0.0325075402126355
95 0 0.0394992447153147
96 0 0.0452292433457906
97 0 0.0450192998321208
98 0 0.0439073192196543
99 0 0.0568063972750177
100 0 0.0474335916264415

death 1 F single
1 0 0.00119169649575768
2 0 0.000114655608204228
3 0 0.0000441773991204375
4 0 0.0000421764489819676
5 0 0.0000584354438649681
6 0 0.0000343398183181298
7 0 0.0000389249989409812
8 0 0.0000301716729773638
9 0 0.0000110840090122855
10 0 0.0000217526022776582
11 0 0.0000207523684705446
12 0 0.0000253368637967988
13 0 0.0000232529736238218
14 0 0.0000174183352610324
15 0 0.0000171682876994872
16 0 0.0000289212666413352
17 0 0.0000243365905521209
18 0 0.0000361738628148478
19 0 0.0000465952726357299
20 0 0.0000365906962700446
21 0 0.0000298382296060051
22 0 0.0000370908989392182
23 0 0.0000348400086022105
24 0 0.0000488464540653322
25 0 0.0000386748922163171
26 0 0.0000454280153232567
27 0 0.0000595194802618382
28 0 0.0000542661935792887
29 0 0.0000581852834553587
30 0 0.0000569344917334957
31 0 0.0000694431834846743
32 0 0.0000702771574714323
33 0 0.0000531822198260867
34 0 0.0000858738805041837
35 0 0.000055850486162301
36 0 0.0000772828410454673
37 0 0.000106228709658152
38 0 0.0000851231747793779
39 0 0.000108231070234166
40 0 0.000113737789264823
41 0 0.000120913711624038
42 0 0.000149790008828976
43 0 0.000141359852573131
44 0 0.000163563728485583
45 0 0.000162561933038319
46 0 0.000210159414963496
47 0 0.000234385247836588
48 0 0.000261208270468494
49 0 0.000320313702693586
50 0 0.000276419856682808
51 0 0.000334447852516351
52 0 0.000331604119103823
53 0 0.000419131509791226
54 0 0.000363224749367119
55 0 0.000463680672948219
56 0 0.000483785191003339
57 0 0.000538173447775292
58 0 0.000635466297946863
59 0 0.000589910208726785
60 0 0.00068557920511414
61 0 0.000810940508885638
62 0 0.000853663359607237
63 0 0.000918122055159731
64 0 0.00108368578667661
65 0 0.00128808634765865
66 0 0.00135429219033234
67 0 0.00146262549416665
68 0 0.00170854748657401
69 0 0.00192576680948708
70 0 0.00221648854117806
71 0 0.00259196653631721
72 0 0.00280495400026848
73 0 0.00314905590202097
74 0 0.00389146840238408
75 0 0.00435052038216643
76 0 0.0047629796287546
77 0 0.00528026254761516
78 0 0.00620377753391177
79 0 0.00717443677899854
80 0 0.00721702218051234
81 0 0.00820426507367189
82 0 0.00994220723472272
83 0 0.0109672822437846
84 0 0.0117754847001706
85 0 0.0134358928628615
86 0 0.0147946629877538
87 0 0.0170214751726002
88 0 0.0198835912930003
89 0 0.0212757199830726
90 0 0.0224738842298978
91 0 0.0264629949741039
92 0 0.0280941947332007
93 0 0.0293731693060806
94 0 0.0325075402126355
95 0 0.0394992447153147
96 0 0.0452292433457906
97 0 0.0450192998321208
98 0 0.0439073192196543
99 0 0.0568063972750177
100 0 0.0474335916264415

death 1 F divorced
1 0 0.00119169649575768
2 0 0.000114655608204228
3 0 0.0000441773991204375
4 0 0.0000421764489819676
5 0 0.0000584354438649681
6 0 0.0000343398183181298
7 0 0.0000389249989409812
8 0 0.0000301716729773638
9 0 0.0000110840090122855
10 0 0.0000217526022776582
11 0 0.0000207523684705446
12 0 0.0000253368637967988
13 0 0.0000232529736238218
14 0 0.0000174183352610324
15 0 0.0000171682876994872
16 0 0.0000289212666413352
17 0 0.0000243365905521209
18 0 0.0000361738628148478
19 0 0.0000465952726357299
20 0 0.0000365906962700446
21 0 0.0000298382296060051
22 0 0.0000370908989392182
23 0 0.0000348400086022105
24 0 0.0000488464540653322
25 0 0.0000386748922163171
26 0 0.0000454280153232567
27 0 0.0000595194802618382
28 0 0.0000542661935792887
29 0 0.0000581852834553587
30 0 0.0000569344917334957
31 0 0.0000694431834846743
32 0 0.0000702771574714323
33 0 0.0000531822198260867
34 0 0.0000858738805041837
35 0 0.000055850486162301
36 0 0.0000772828410454673
37 0 0.000106228709658152
38 0 0.0000851231747793779
39 0 0.000108231070234166
40 0 0.000113737789264823
41 0 0.000120913711624038
42 0 0.000149790008828976
43 0 0.000141359852573131
44 0 0.000163563728485583
45 0 0.000162561933038319
46 0 0.000210159414963496
47 0 0.000234385247836588
48 0 0.000261208270468494
49 0 0.000320313702693586
50 0 0.000276419856682808
51 0 0.000334447852516351
52 0 0.000331604119103823
53 0 0.000419131509791226
54 0 0.000363224749367119
55 0 0.000463680672948219
56 0 0.000483785191003339
57 0 0.000538173447775292
58 0 0.000635466297946863
59 0 0.000589910208726785
60 0 0.00068557920511414
61 0 0.000810940508885638
62 0 0.000853663359607237
63 0 0.000918122055159731
64 0 0.00108368578667661
65 0 0.00128808634765865
66 0 0.00135429219033234
67 0 0.00146262549416665
68 0 0.00170854748657401
69 0 0.00192576680948708
70 0 0.00221648854117806
71 0 0.00259196653631721
72 0 0.00280495400026848
73 0 0.00314905590202097
74 0 0.00389146840238408
75 0 0.00435052038216643
76 0 0.0047629796287546
77 0 0.00528026254761516
78 0 0.00620377753391177
79 0 0.00717443677899854
80 0 0.00721702218051234
81 0 0.00820426507367189
82 0 0.00994220723472272
83 0 0.0109672822437846
84 0 0.0117754847001706
85 0 0.0134358928628615
86 0 0.0147946629877538
87 0 0.0170214751726002
88 0 0.0198835912930003
89 0 0.0212757199830726
90 0 0.0224738842298978
91 0 0.0264629949741039
92 0 0.0280941947332007
93 0 0.0293731693060806
94 0 0.0325075402126355
95 0 0.0394992447153147
96 0 0.0452292433457906
97 0 0.0450192998321208
98 0 0.0439073192196543
99 0 0.0568063972750177
100 0 0.0474335916264415

death 1 F widowed
1 0 0.00119169649575768
2 0 0.000114655608204228
3 0 0.0000441773991204375
4 0 0.0000421764489819676
5 0 0.0000584354438649681
6 0 0.0000343398183181298
7 0 0.0000389249989409812
8 0 0.0000301716729773638
9 0 0.0000110840090122855
10 0 0.0000217526022776582
11 0 0.0000207523684705446
12 0 0.0000253368637967988
13 0 0.0000232529736238218
14 0 0.0000174183352610324
15 0 0.0000171682876994872
16 0 0.0000289212666413352
17 0 0.0000243365905521209
18 0 0.0000361738628148478
19 0 0.0000465952726357299
20 0 0.0000365906962700446
21 0 0.0000298382296060051
22 0 0.0000370908989392182
23 0 0.0000348400086022105
24 0 0.0000488464540653322
25 0 0.0000386748922163171
26 0 0.0000454280153232567
27 0 0.0000595194802618382
28 0 0.0000542661935792887
29 0 0.0000581852834553587
30 0 0.0000569344917334957
31 0 0.0000694431834846743
32 0 0.0000702771574714323
33 0 0.0000531822198260867
34 0 0.0000858738805041837
35 0 0.000055850486162301
36 0 0.0000772828410454673
37 0 0.000106228709658152
38 0 0.0000851231747793779
39 0 0.000108231070234166
40 0 0.000113737789264823
41 0 0.000120913711624038
42 0 0.000149790008828976
43 0 0.000141359852573131
44 0 0.000163563728485583
45 0 0.000162561933038319
46 0 0.000210159414963496
47 0 0.000234385247836588
48 0 0.000261208270468494
49 0 0.000320313702693586
50 0 0.000276419856682808
51 0 0.000334447852516351
52 0 0.000331604119103823
53 0 0.000419131509791226
54 0 0.000363224749367119
55 0 0.000463680672948219
56 0 0.000483785191003339
57 0 0.000538173447775292
58 0 0.000635466297946863
59 0 0.000589910208726785
60 0 0.00068557920511414
61 0 0.000810940508885638
62 0 0.000853663359607237
63 0 0.000918122055159731
64 0 0.00108368578667661
65 0 0.00128808634765865
66 0 0.00135429219033234
67 0 0.00146262549416665
68 0 0.00170854748657401
69 0 0.00192576680948708
70 0 0.00221648854117806
71 0 0.00259196653631721
72 0 0.00280495400026848
73 0 0.00314905590202097
74 0 0.00389146840238408
75 0 0.00435052038216643
76 0 0.0047629796287546
77 0 0.00528026254761516
78 0 0.00620377753391177
79 0 0.00717443677899854
80 0 0.00721702218051234
81 0 0.00820426507367189
82 0 0.00994220723472272
83 0 0.0109672822437846
84 0 0.0117754847001706
85 0 0.0134358928628615
86 0 0.0147946629877538
87 0 0.0170214751726002
88 0 0.0198835912930003
89 0 0.0212757199830726
90 0 0.0224738842298978
91 0 0.0264629949741039
92 0 0.0280941947332007
93 0 0.0293731693060806
94 0 0.0325075402126355
95 0 0.0394992447153147
96 0 0.0452292433457906
97 0 0.0450192998321208
98 0 0.0439073192196543
99 0 0.0568063972750177
100 0 0.0474335916264415
