*Period monthly mortality rates for SWE in 1904 
* Mon Dec 20 14:20:33 2010
death 1 M married
1 0 0.00857133055498893
2 0 0.00193759914811453
3 0 0.00096333775348778
4 0 0.000724043029886934
5 0 0.000518894994323338
6 0 0.000474821377197898
7 0 0.000378202379451742
8 0 0.000329847739978240
9 0 0.000307603208641538
10 0 0.000308104904970574
11 0 0.000317135912518918
12 0 0.000242740480764003
13 0 0.000244578735090761
14 0 0.000277004968538996
15 0 0.000284862549848941
16 0 0.000307937672553105
17 0 0.000371257137890435
18 0 0.000435876753602571
19 0 0.000390085830976772
20 0 0.00050506731877864
21 0 0.000589071452566148
22 0 0.000557707531035345
23 0 0.000500709941934518
24 0 0.000512106599737994
25 0 0.000551083916345951
26 0 0.000483533857071783
27 0 0.000544293116523931
28 0 0.000521744595031515
29 0 0.000512609426389199
30 0 0.00054873642197073
31 0 0.000503726565185825
32 0 0.000483450079249104
33 0 0.00048579588748332
34 0 0.000498866499248907
35 0 0.000521325530498884
36 0 0.00056324155405163
37 0 0.00051956548056753
38 0 0.000627746163413101
39 0 0.000464015711801213
40 0 0.000628920924176324
41 0 0.000566679525970115
42 0 0.000677099199156705
43 0 0.00064008190910858
44 0 0.000765548476622246
45 0 0.00079807712998159
46 0 0.000769750489817311
47 0 0.000770422829966866
48 0 0.000848279846762723
49 0 0.000831710723668277
50 0 0.000820189815542438
51 0 0.00100807039429152
52 0 0.00095929521057303
53 0 0.00112476534600892
54 0 0.00108545680117700
55 0 0.00121821250901544
56 0 0.00116400650625947
57 0 0.00147397411604933
58 0 0.00142994261542084
59 0 0.00155608215083791
60 0 0.00165803671769105
61 0 0.00193317248107006
62 0 0.00197174281757950
63 0 0.00201297075152296
64 0 0.00235381803184176
65 0 0.00233594573966667
66 0 0.00253196372316267
67 0 0.00289533074744741
68 0 0.00321447615838399
69 0 0.00338056909623607
70 0 0.00371193500240097
71 0 0.00427580080212564
72 0 0.00464352625526032
73 0 0.0054106439793552
74 0 0.00554520014092008
75 0 0.00622037725679725
76 0 0.0069889016214264
77 0 0.00722117352744878
78 0 0.00819724004727596
79 0 0.00967852439102768
80 0 0.0103424089380170
81 0 0.0114625689072841
82 0 0.0127244722312636
83 0 0.0146817286687810
84 0 0.0171325664267075
85 0 0.0187834934207066
86 0 0.0203171206195846
87 0 0.0250419942526677
88 0 0.0245329261302335
89 0 0.0251589376262293
90 0 0.0342878346324667
91 0 0.0318851265614849
92 0 0.0441069237043735
93 0 0.0668016310886208
94 0 0.0544409909968357
95 0 0.0641470587503155
96 0 0.059368867761833
97 0 0.0831284240487459
98 0 0.0816140978315547
99 0 0.0435309604663665
100 0 0.125514727778832

death 1 M single
1 0 0.00857133055498893
2 0 0.00193759914811453
3 0 0.00096333775348778
4 0 0.000724043029886934
5 0 0.000518894994323338
6 0 0.000474821377197898
7 0 0.000378202379451742
8 0 0.000329847739978240
9 0 0.000307603208641538
10 0 0.000308104904970574
11 0 0.000317135912518918
12 0 0.000242740480764003
13 0 0.000244578735090761
14 0 0.000277004968538996
15 0 0.000284862549848941
16 0 0.000307937672553105
17 0 0.000371257137890435
18 0 0.000435876753602571
19 0 0.000390085830976772
20 0 0.00050506731877864
21 0 0.000589071452566148
22 0 0.000557707531035345
23 0 0.000500709941934518
24 0 0.000512106599737994
25 0 0.000551083916345951
26 0 0.000483533857071783
27 0 0.000544293116523931
28 0 0.000521744595031515
29 0 0.000512609426389199
30 0 0.00054873642197073
31 0 0.000503726565185825
32 0 0.000483450079249104
33 0 0.00048579588748332
34 0 0.000498866499248907
35 0 0.000521325530498884
36 0 0.00056324155405163
37 0 0.00051956548056753
38 0 0.000627746163413101
39 0 0.000464015711801213
40 0 0.000628920924176324
41 0 0.000566679525970115
42 0 0.000677099199156705
43 0 0.00064008190910858
44 0 0.000765548476622246
45 0 0.00079807712998159
46 0 0.000769750489817311
47 0 0.000770422829966866
48 0 0.000848279846762723
49 0 0.000831710723668277
50 0 0.000820189815542438
51 0 0.00100807039429152
52 0 0.00095929521057303
53 0 0.00112476534600892
54 0 0.00108545680117700
55 0 0.00121821250901544
56 0 0.00116400650625947
57 0 0.00147397411604933
58 0 0.00142994261542084
59 0 0.00155608215083791
60 0 0.00165803671769105
61 0 0.00193317248107006
62 0 0.00197174281757950
63 0 0.00201297075152296
64 0 0.00235381803184176
65 0 0.00233594573966667
66 0 0.00253196372316267
67 0 0.00289533074744741
68 0 0.00321447615838399
69 0 0.00338056909623607
70 0 0.00371193500240097
71 0 0.00427580080212564
72 0 0.00464352625526032
73 0 0.0054106439793552
74 0 0.00554520014092008
75 0 0.00622037725679725
76 0 0.0069889016214264
77 0 0.00722117352744878
78 0 0.00819724004727596
79 0 0.00967852439102768
80 0 0.0103424089380170
81 0 0.0114625689072841
82 0 0.0127244722312636
83 0 0.0146817286687810
84 0 0.0171325664267075
85 0 0.0187834934207066
86 0 0.0203171206195846
87 0 0.0250419942526677
88 0 0.0245329261302335
89 0 0.0251589376262293
90 0 0.0342878346324667
91 0 0.0318851265614849
92 0 0.0441069237043735
93 0 0.0668016310886208
94 0 0.0544409909968357
95 0 0.0641470587503155
96 0 0.059368867761833
97 0 0.0831284240487459
98 0 0.0816140978315547
99 0 0.0435309604663665
100 0 0.125514727778832

death 1 M divorced
1 0 0.00857133055498893
2 0 0.00193759914811453
3 0 0.00096333775348778
4 0 0.000724043029886934
5 0 0.000518894994323338
6 0 0.000474821377197898
7 0 0.000378202379451742
8 0 0.000329847739978240
9 0 0.000307603208641538
10 0 0.000308104904970574
11 0 0.000317135912518918
12 0 0.000242740480764003
13 0 0.000244578735090761
14 0 0.000277004968538996
15 0 0.000284862549848941
16 0 0.000307937672553105
17 0 0.000371257137890435
18 0 0.000435876753602571
19 0 0.000390085830976772
20 0 0.00050506731877864
21 0 0.000589071452566148
22 0 0.000557707531035345
23 0 0.000500709941934518
24 0 0.000512106599737994
25 0 0.000551083916345951
26 0 0.000483533857071783
27 0 0.000544293116523931
28 0 0.000521744595031515
29 0 0.000512609426389199
30 0 0.00054873642197073
31 0 0.000503726565185825
32 0 0.000483450079249104
33 0 0.00048579588748332
34 0 0.000498866499248907
35 0 0.000521325530498884
36 0 0.00056324155405163
37 0 0.00051956548056753
38 0 0.000627746163413101
39 0 0.000464015711801213
40 0 0.000628920924176324
41 0 0.000566679525970115
42 0 0.000677099199156705
43 0 0.00064008190910858
44 0 0.000765548476622246
45 0 0.00079807712998159
46 0 0.000769750489817311
47 0 0.000770422829966866
48 0 0.000848279846762723
49 0 0.000831710723668277
50 0 0.000820189815542438
51 0 0.00100807039429152
52 0 0.00095929521057303
53 0 0.00112476534600892
54 0 0.00108545680117700
55 0 0.00121821250901544
56 0 0.00116400650625947
57 0 0.00147397411604933
58 0 0.00142994261542084
59 0 0.00155608215083791
60 0 0.00165803671769105
61 0 0.00193317248107006
62 0 0.00197174281757950
63 0 0.00201297075152296
64 0 0.00235381803184176
65 0 0.00233594573966667
66 0 0.00253196372316267
67 0 0.00289533074744741
68 0 0.00321447615838399
69 0 0.00338056909623607
70 0 0.00371193500240097
71 0 0.00427580080212564
72 0 0.00464352625526032
73 0 0.0054106439793552
74 0 0.00554520014092008
75 0 0.00622037725679725
76 0 0.0069889016214264
77 0 0.00722117352744878
78 0 0.00819724004727596
79 0 0.00967852439102768
80 0 0.0103424089380170
81 0 0.0114625689072841
82 0 0.0127244722312636
83 0 0.0146817286687810
84 0 0.0171325664267075
85 0 0.0187834934207066
86 0 0.0203171206195846
87 0 0.0250419942526677
88 0 0.0245329261302335
89 0 0.0251589376262293
90 0 0.0342878346324667
91 0 0.0318851265614849
92 0 0.0441069237043735
93 0 0.0668016310886208
94 0 0.0544409909968357
95 0 0.0641470587503155
96 0 0.059368867761833
97 0 0.0831284240487459
98 0 0.0816140978315547
99 0 0.0435309604663665
100 0 0.125514727778832

death 1 M widowed
1 0 0.00857133055498893
2 0 0.00193759914811453
3 0 0.00096333775348778
4 0 0.000724043029886934
5 0 0.000518894994323338
6 0 0.000474821377197898
7 0 0.000378202379451742
8 0 0.000329847739978240
9 0 0.000307603208641538
10 0 0.000308104904970574
11 0 0.000317135912518918
12 0 0.000242740480764003
13 0 0.000244578735090761
14 0 0.000277004968538996
15 0 0.000284862549848941
16 0 0.000307937672553105
17 0 0.000371257137890435
18 0 0.000435876753602571
19 0 0.000390085830976772
20 0 0.00050506731877864
21 0 0.000589071452566148
22 0 0.000557707531035345
23 0 0.000500709941934518
24 0 0.000512106599737994
25 0 0.000551083916345951
26 0 0.000483533857071783
27 0 0.000544293116523931
28 0 0.000521744595031515
29 0 0.000512609426389199
30 0 0.00054873642197073
31 0 0.000503726565185825
32 0 0.000483450079249104
33 0 0.00048579588748332
34 0 0.000498866499248907
35 0 0.000521325530498884
36 0 0.00056324155405163
37 0 0.00051956548056753
38 0 0.000627746163413101
39 0 0.000464015711801213
40 0 0.000628920924176324
41 0 0.000566679525970115
42 0 0.000677099199156705
43 0 0.00064008190910858
44 0 0.000765548476622246
45 0 0.00079807712998159
46 0 0.000769750489817311
47 0 0.000770422829966866
48 0 0.000848279846762723
49 0 0.000831710723668277
50 0 0.000820189815542438
51 0 0.00100807039429152
52 0 0.00095929521057303
53 0 0.00112476534600892
54 0 0.00108545680117700
55 0 0.00121821250901544
56 0 0.00116400650625947
57 0 0.00147397411604933
58 0 0.00142994261542084
59 0 0.00155608215083791
60 0 0.00165803671769105
61 0 0.00193317248107006
62 0 0.00197174281757950
63 0 0.00201297075152296
64 0 0.00235381803184176
65 0 0.00233594573966667
66 0 0.00253196372316267
67 0 0.00289533074744741
68 0 0.00321447615838399
69 0 0.00338056909623607
70 0 0.00371193500240097
71 0 0.00427580080212564
72 0 0.00464352625526032
73 0 0.0054106439793552
74 0 0.00554520014092008
75 0 0.00622037725679725
76 0 0.0069889016214264
77 0 0.00722117352744878
78 0 0.00819724004727596
79 0 0.00967852439102768
80 0 0.0103424089380170
81 0 0.0114625689072841
82 0 0.0127244722312636
83 0 0.0146817286687810
84 0 0.0171325664267075
85 0 0.0187834934207066
86 0 0.0203171206195846
87 0 0.0250419942526677
88 0 0.0245329261302335
89 0 0.0251589376262293
90 0 0.0342878346324667
91 0 0.0318851265614849
92 0 0.0441069237043735
93 0 0.0668016310886208
94 0 0.0544409909968357
95 0 0.0641470587503155
96 0 0.059368867761833
97 0 0.0831284240487459
98 0 0.0816140978315547
99 0 0.0435309604663665
100 0 0.125514727778832

death 1 F married
1 0 0.0069838608207009
2 0 0.00182937798385741
3 0 0.000905748496854875
4 0 0.000646712015472062
5 0 0.00060735809264667
6 0 0.000444752984107177
7 0 0.000387909871519487
8 0 0.000344819869678825
9 0 0.000304760315089303
10 0 0.000274580958229742
11 0 0.000314794454017053
12 0 0.000280850083023365
13 0 0.000290212781196897
14 0 0.000313205641532255
15 0 0.000331604119103823
16 0 0.000341808516938658
17 0 0.000396279231550500
18 0 0.000377365575236155
19 0 0.000458738993352914
20 0 0.000466779829475072
21 0 0.00042189426245931
22 0 0.000413857397022044
23 0 0.000470884280538875
24 0 0.000485712107574976
25 0 0.000493252608718131
26 0 0.000475407767891678
27 0 0.000531048325419614
28 0 0.000504396939509322
29 0 0.000462005497213092
30 0 0.000477166962678743
31 0 0.000561229143045794
32 0 0.000502553422020879
33 0 0.000535239506196383
34 0 0.000479680157171702
35 0 0.000588568202586459
36 0 0.000536245418350845
37 0 0.000520655031266859
38 0 0.000576071722134919
39 0 0.000635885889271992
40 0 0.000569111340756767
41 0 0.000638487398741394
42 0 0.000618684233779532
43 0 0.000592174889038621
44 0 0.000567098799738042
45 0 0.000658546699049967
46 0 0.000682388614940299
47 0 0.000648054880747595
48 0 0.000712955715508001
49 0 0.00076311139802876
50 0 0.000720431104624386
51 0 0.000825487569917738
52 0 0.000790343164656981
53 0 0.00084062571377863
54 0 0.000813799284926087
55 0 0.000995347570778238
56 0 0.000945400341504254
57 0 0.00113607181215525
58 0 0.00103023427064697
59 0 0.00125538173867301
60 0 0.0014043802748529
61 0 0.00144611324275112
62 0 0.00157312315354652
63 0 0.0017926529676614
64 0 0.00192678824549397
65 0 0.00200990356598085
66 0 0.00206802732474742
67 0 0.00243407296566633
68 0 0.00278346946004648
69 0 0.00281105653816527
70 0 0.00323796302035095
71 0 0.00373086220453989
72 0 0.00379661721205415
73 0 0.00466098241152169
74 0 0.00488127178702835
75 0 0.00539481139239195
76 0 0.00604694475108136
77 0 0.00655193890892503
78 0 0.00798191953577132
79 0 0.00835447609172413
80 0 0.00943993512802899
81 0 0.0105347990643837
82 0 0.0120828260419085
83 0 0.0132245556833118
84 0 0.0152034355684633
85 0 0.0172730633735468
86 0 0.0199383822182190
87 0 0.0186925821237716
88 0 0.0232004190032588
89 0 0.0255185588570448
90 0 0.0263071036664126
91 0 0.0298196500371639
92 0 0.0323780606347788
93 0 0.0380984754435943
94 0 0.0409340693010825
95 0 0.0388269014549004
96 0 0.0471133286564834
97 0 0.0572406971439658
98 0 0.105604660281344
99 0 0.0635928084188389
100 0 0.0545352934883616

death 1 F single
1 0 0.0069838608207009
2 0 0.00182937798385741
3 0 0.000905748496854875
4 0 0.000646712015472062
5 0 0.00060735809264667
6 0 0.000444752984107177
7 0 0.000387909871519487
8 0 0.000344819869678825
9 0 0.000304760315089303
10 0 0.000274580958229742
11 0 0.000314794454017053
12 0 0.000280850083023365
13 0 0.000290212781196897
14 0 0.000313205641532255
15 0 0.000331604119103823
16 0 0.000341808516938658
17 0 0.000396279231550500
18 0 0.000377365575236155
19 0 0.000458738993352914
20 0 0.000466779829475072
21 0 0.00042189426245931
22 0 0.000413857397022044
23 0 0.000470884280538875
24 0 0.000485712107574976
25 0 0.000493252608718131
26 0 0.000475407767891678
27 0 0.000531048325419614
28 0 0.000504396939509322
29 0 0.000462005497213092
30 0 0.000477166962678743
31 0 0.000561229143045794
32 0 0.000502553422020879
33 0 0.000535239506196383
34 0 0.000479680157171702
35 0 0.000588568202586459
36 0 0.000536245418350845
37 0 0.000520655031266859
38 0 0.000576071722134919
39 0 0.000635885889271992
40 0 0.000569111340756767
41 0 0.000638487398741394
42 0 0.000618684233779532
43 0 0.000592174889038621
44 0 0.000567098799738042
45 0 0.000658546699049967
46 0 0.000682388614940299
47 0 0.000648054880747595
48 0 0.000712955715508001
49 0 0.00076311139802876
50 0 0.000720431104624386
51 0 0.000825487569917738
52 0 0.000790343164656981
53 0 0.00084062571377863
54 0 0.000813799284926087
55 0 0.000995347570778238
56 0 0.000945400341504254
57 0 0.00113607181215525
58 0 0.00103023427064697
59 0 0.00125538173867301
60 0 0.0014043802748529
61 0 0.00144611324275112
62 0 0.00157312315354652
63 0 0.0017926529676614
64 0 0.00192678824549397
65 0 0.00200990356598085
66 0 0.00206802732474742
67 0 0.00243407296566633
68 0 0.00278346946004648
69 0 0.00281105653816527
70 0 0.00323796302035095
71 0 0.00373086220453989
72 0 0.00379661721205415
73 0 0.00466098241152169
74 0 0.00488127178702835
75 0 0.00539481139239195
76 0 0.00604694475108136
77 0 0.00655193890892503
78 0 0.00798191953577132
79 0 0.00835447609172413
80 0 0.00943993512802899
81 0 0.0105347990643837
82 0 0.0120828260419085
83 0 0.0132245556833118
84 0 0.0152034355684633
85 0 0.0172730633735468
86 0 0.0199383822182190
87 0 0.0186925821237716
88 0 0.0232004190032588
89 0 0.0255185588570448
90 0 0.0263071036664126
91 0 0.0298196500371639
92 0 0.0323780606347788
93 0 0.0380984754435943
94 0 0.0409340693010825
95 0 0.0388269014549004
96 0 0.0471133286564834
97 0 0.0572406971439658
98 0 0.105604660281344
99 0 0.0635928084188389
100 0 0.0545352934883616

death 1 F divorced
1 0 0.0069838608207009
2 0 0.00182937798385741
3 0 0.000905748496854875
4 0 0.000646712015472062
5 0 0.00060735809264667
6 0 0.000444752984107177
7 0 0.000387909871519487
8 0 0.000344819869678825
9 0 0.000304760315089303
10 0 0.000274580958229742
11 0 0.000314794454017053
12 0 0.000280850083023365
13 0 0.000290212781196897
14 0 0.000313205641532255
15 0 0.000331604119103823
16 0 0.000341808516938658
17 0 0.000396279231550500
18 0 0.000377365575236155
19 0 0.000458738993352914
20 0 0.000466779829475072
21 0 0.00042189426245931
22 0 0.000413857397022044
23 0 0.000470884280538875
24 0 0.000485712107574976
25 0 0.000493252608718131
26 0 0.000475407767891678
27 0 0.000531048325419614
28 0 0.000504396939509322
29 0 0.000462005497213092
30 0 0.000477166962678743
31 0 0.000561229143045794
32 0 0.000502553422020879
33 0 0.000535239506196383
34 0 0.000479680157171702
35 0 0.000588568202586459
36 0 0.000536245418350845
37 0 0.000520655031266859
38 0 0.000576071722134919
39 0 0.000635885889271992
40 0 0.000569111340756767
41 0 0.000638487398741394
42 0 0.000618684233779532
43 0 0.000592174889038621
44 0 0.000567098799738042
45 0 0.000658546699049967
46 0 0.000682388614940299
47 0 0.000648054880747595
48 0 0.000712955715508001
49 0 0.00076311139802876
50 0 0.000720431104624386
51 0 0.000825487569917738
52 0 0.000790343164656981
53 0 0.00084062571377863
54 0 0.000813799284926087
55 0 0.000995347570778238
56 0 0.000945400341504254
57 0 0.00113607181215525
58 0 0.00103023427064697
59 0 0.00125538173867301
60 0 0.0014043802748529
61 0 0.00144611324275112
62 0 0.00157312315354652
63 0 0.0017926529676614
64 0 0.00192678824549397
65 0 0.00200990356598085
66 0 0.00206802732474742
67 0 0.00243407296566633
68 0 0.00278346946004648
69 0 0.00281105653816527
70 0 0.00323796302035095
71 0 0.00373086220453989
72 0 0.00379661721205415
73 0 0.00466098241152169
74 0 0.00488127178702835
75 0 0.00539481139239195
76 0 0.00604694475108136
77 0 0.00655193890892503
78 0 0.00798191953577132
79 0 0.00835447609172413
80 0 0.00943993512802899
81 0 0.0105347990643837
82 0 0.0120828260419085
83 0 0.0132245556833118
84 0 0.0152034355684633
85 0 0.0172730633735468
86 0 0.0199383822182190
87 0 0.0186925821237716
88 0 0.0232004190032588
89 0 0.0255185588570448
90 0 0.0263071036664126
91 0 0.0298196500371639
92 0 0.0323780606347788
93 0 0.0380984754435943
94 0 0.0409340693010825
95 0 0.0388269014549004
96 0 0.0471133286564834
97 0 0.0572406971439658
98 0 0.105604660281344
99 0 0.0635928084188389
100 0 0.0545352934883616

death 1 F widowed
1 0 0.0069838608207009
2 0 0.00182937798385741
3 0 0.000905748496854875
4 0 0.000646712015472062
5 0 0.00060735809264667
6 0 0.000444752984107177
7 0 0.000387909871519487
8 0 0.000344819869678825
9 0 0.000304760315089303
10 0 0.000274580958229742
11 0 0.000314794454017053
12 0 0.000280850083023365
13 0 0.000290212781196897
14 0 0.000313205641532255
15 0 0.000331604119103823
16 0 0.000341808516938658
17 0 0.000396279231550500
18 0 0.000377365575236155
19 0 0.000458738993352914
20 0 0.000466779829475072
21 0 0.00042189426245931
22 0 0.000413857397022044
23 0 0.000470884280538875
24 0 0.000485712107574976
25 0 0.000493252608718131
26 0 0.000475407767891678
27 0 0.000531048325419614
28 0 0.000504396939509322
29 0 0.000462005497213092
30 0 0.000477166962678743
31 0 0.000561229143045794
32 0 0.000502553422020879
33 0 0.000535239506196383
34 0 0.000479680157171702
35 0 0.000588568202586459
36 0 0.000536245418350845
37 0 0.000520655031266859
38 0 0.000576071722134919
39 0 0.000635885889271992
40 0 0.000569111340756767
41 0 0.000638487398741394
42 0 0.000618684233779532
43 0 0.000592174889038621
44 0 0.000567098799738042
45 0 0.000658546699049967
46 0 0.000682388614940299
47 0 0.000648054880747595
48 0 0.000712955715508001
49 0 0.00076311139802876
50 0 0.000720431104624386
51 0 0.000825487569917738
52 0 0.000790343164656981
53 0 0.00084062571377863
54 0 0.000813799284926087
55 0 0.000995347570778238
56 0 0.000945400341504254
57 0 0.00113607181215525
58 0 0.00103023427064697
59 0 0.00125538173867301
60 0 0.0014043802748529
61 0 0.00144611324275112
62 0 0.00157312315354652
63 0 0.0017926529676614
64 0 0.00192678824549397
65 0 0.00200990356598085
66 0 0.00206802732474742
67 0 0.00243407296566633
68 0 0.00278346946004648
69 0 0.00281105653816527
70 0 0.00323796302035095
71 0 0.00373086220453989
72 0 0.00379661721205415
73 0 0.00466098241152169
74 0 0.00488127178702835
75 0 0.00539481139239195
76 0 0.00604694475108136
77 0 0.00655193890892503
78 0 0.00798191953577132
79 0 0.00835447609172413
80 0 0.00943993512802899
81 0 0.0105347990643837
82 0 0.0120828260419085
83 0 0.0132245556833118
84 0 0.0152034355684633
85 0 0.0172730633735468
86 0 0.0199383822182190
87 0 0.0186925821237716
88 0 0.0232004190032588
89 0 0.0255185588570448
90 0 0.0263071036664126
91 0 0.0298196500371639
92 0 0.0323780606347788
93 0 0.0380984754435943
94 0 0.0409340693010825
95 0 0.0388269014549004
96 0 0.0471133286564834
97 0 0.0572406971439658
98 0 0.105604660281344
99 0 0.0635928084188389
100 0 0.0545352934883616
