*Period monthly mortality rates for SWE in 1838 
* Mon Dec 20 14:19:43 2010
death 1 M married
1 0 0.0191540470045714
2 0 0.00378427908093237
3 0 0.00250634604703848
4 0 0.00160373716907269
5 0 0.00115227457594336
6 0 0.000983637407878435
7 0 0.000874695764763178
8 0 0.000765548476622246
9 0 0.00066643734467231
10 0 0.000594775147160664
11 0 0.000557120608970396
12 0 0.00051244181719623
13 0 0.000450782616331691
14 0 0.000412769126136303
15 0 0.000398204293393878
16 0 0.000393935733043027
17 0 0.00040649089473499
18 0 0.000437132771292092
19 0 0.000501966856118252
20 0 0.000574394473038975
21 0 0.000640753290267138
22 0 0.000684739565256942
23 0 0.000723035036297337
24 0 0.000775633634860884
25 0 0.000827169461320332
26 0 0.000841635013078323
27 0 0.000830701534636491
28 0 0.000853831599525123
29 0 0.000935212121718432
30 0 0.00103714578707925
31 0 0.00105459549201647
32 0 0.00105729333019700
33 0 0.00110755521946915
34 0 0.0011766685634097
35 0 0.00123214918708892
36 0 0.00122750339004218
37 0 0.00123831579396372
38 0 0.00132604522351809
39 0 0.00142333973200737
40 0 0.00149676033482782
41 0 0.00156260991810642
42 0 0.00167288990821468
43 0 0.00180132281178358
44 0 0.00190380871613161
45 0 0.00193436425479843
46 0 0.00194279224435656
47 0 0.00194185576241168
48 0 0.00201927584746275
49 0 0.00212789451120698
50 0 0.00214811500670342
51 0 0.00213343976817826
52 0 0.00228722101710388
53 0 0.00249529583916985
54 0 0.00274807404359423
55 0 0.00302697239837957
56 0 0.00333931990719616
57 0 0.0034180295969195
58 0 0.00344027098562349
59 0 0.00348182595090074
60 0 0.00358761738910574
61 0 0.00380017994294801
62 0 0.00428610931003159
63 0 0.00481718499258854
64 0 0.00525676968780742
65 0 0.00543718525979919
66 0 0.00576783421204352
67 0 0.00603340517082274
68 0 0.00607349534369894
69 0 0.00647904838633495
70 0 0.00724409962109995
71 0 0.00831664865081472
72 0 0.00921212477958155
73 0 0.0101182706002052
74 0 0.0111974161979623
75 0 0.0121170294995369
76 0 0.0130203566459263
77 0 0.0142842079429262
78 0 0.0156439121098763
79 0 0.0169928937848510
80 0 0.0188116269684288
81 0 0.0203651772203284
82 0 0.0224351566256232
83 0 0.0245538462701970
84 0 0.0273195774206169
85 0 0.0302238914965691
86 0 0.0334530731249201
87 0 0.0367272116730408
88 0 0.0410786998230794
89 0 0.0467876102735227
90 0 0.0511373357692813
91 0 0.0539257782015616
92 0 0.0546748533467236
93 0 0.0511968849903465
94 0 0.0427681323860378
95 0 0.0330920261397832
96 0 0.0492371580523174
97 0 0.172814967409758
98 0 1
99 0 1
100 0 1

death 1 M single
1 0 0.0191540470045714
2 0 0.00378427908093237
3 0 0.00250634604703848
4 0 0.00160373716907269
5 0 0.00115227457594336
6 0 0.000983637407878435
7 0 0.000874695764763178
8 0 0.000765548476622246
9 0 0.00066643734467231
10 0 0.000594775147160664
11 0 0.000557120608970396
12 0 0.00051244181719623
13 0 0.000450782616331691
14 0 0.000412769126136303
15 0 0.000398204293393878
16 0 0.000393935733043027
17 0 0.00040649089473499
18 0 0.000437132771292092
19 0 0.000501966856118252
20 0 0.000574394473038975
21 0 0.000640753290267138
22 0 0.000684739565256942
23 0 0.000723035036297337
24 0 0.000775633634860884
25 0 0.000827169461320332
26 0 0.000841635013078323
27 0 0.000830701534636491
28 0 0.000853831599525123
29 0 0.000935212121718432
30 0 0.00103714578707925
31 0 0.00105459549201647
32 0 0.00105729333019700
33 0 0.00110755521946915
34 0 0.0011766685634097
35 0 0.00123214918708892
36 0 0.00122750339004218
37 0 0.00123831579396372
38 0 0.00132604522351809
39 0 0.00142333973200737
40 0 0.00149676033482782
41 0 0.00156260991810642
42 0 0.00167288990821468
43 0 0.00180132281178358
44 0 0.00190380871613161
45 0 0.00193436425479843
46 0 0.00194279224435656
47 0 0.00194185576241168
48 0 0.00201927584746275
49 0 0.00212789451120698
50 0 0.00214811500670342
51 0 0.00213343976817826
52 0 0.00228722101710388
53 0 0.00249529583916985
54 0 0.00274807404359423
55 0 0.00302697239837957
56 0 0.00333931990719616
57 0 0.0034180295969195
58 0 0.00344027098562349
59 0 0.00348182595090074
60 0 0.00358761738910574
61 0 0.00380017994294801
62 0 0.00428610931003159
63 0 0.00481718499258854
64 0 0.00525676968780742
65 0 0.00543718525979919
66 0 0.00576783421204352
67 0 0.00603340517082274
68 0 0.00607349534369894
69 0 0.00647904838633495
70 0 0.00724409962109995
71 0 0.00831664865081472
72 0 0.00921212477958155
73 0 0.0101182706002052
74 0 0.0111974161979623
75 0 0.0121170294995369
76 0 0.0130203566459263
77 0 0.0142842079429262
78 0 0.0156439121098763
79 0 0.0169928937848510
80 0 0.0188116269684288
81 0 0.0203651772203284
82 0 0.0224351566256232
83 0 0.0245538462701970
84 0 0.0273195774206169
85 0 0.0302238914965691
86 0 0.0334530731249201
87 0 0.0367272116730408
88 0 0.0410786998230794
89 0 0.0467876102735227
90 0 0.0511373357692813
91 0 0.0539257782015616
92 0 0.0546748533467236
93 0 0.0511968849903465
94 0 0.0427681323860378
95 0 0.0330920261397832
96 0 0.0492371580523174
97 0 0.172814967409758
98 0 1
99 0 1
100 0 1

death 1 M divorced
1 0 0.0191540470045714
2 0 0.00378427908093237
3 0 0.00250634604703848
4 0 0.00160373716907269
5 0 0.00115227457594336
6 0 0.000983637407878435
7 0 0.000874695764763178
8 0 0.000765548476622246
9 0 0.00066643734467231
10 0 0.000594775147160664
11 0 0.000557120608970396
12 0 0.00051244181719623
13 0 0.000450782616331691
14 0 0.000412769126136303
15 0 0.000398204293393878
16 0 0.000393935733043027
17 0 0.00040649089473499
18 0 0.000437132771292092
19 0 0.000501966856118252
20 0 0.000574394473038975
21 0 0.000640753290267138
22 0 0.000684739565256942
23 0 0.000723035036297337
24 0 0.000775633634860884
25 0 0.000827169461320332
26 0 0.000841635013078323
27 0 0.000830701534636491
28 0 0.000853831599525123
29 0 0.000935212121718432
30 0 0.00103714578707925
31 0 0.00105459549201647
32 0 0.00105729333019700
33 0 0.00110755521946915
34 0 0.0011766685634097
35 0 0.00123214918708892
36 0 0.00122750339004218
37 0 0.00123831579396372
38 0 0.00132604522351809
39 0 0.00142333973200737
40 0 0.00149676033482782
41 0 0.00156260991810642
42 0 0.00167288990821468
43 0 0.00180132281178358
44 0 0.00190380871613161
45 0 0.00193436425479843
46 0 0.00194279224435656
47 0 0.00194185576241168
48 0 0.00201927584746275
49 0 0.00212789451120698
50 0 0.00214811500670342
51 0 0.00213343976817826
52 0 0.00228722101710388
53 0 0.00249529583916985
54 0 0.00274807404359423
55 0 0.00302697239837957
56 0 0.00333931990719616
57 0 0.0034180295969195
58 0 0.00344027098562349
59 0 0.00348182595090074
60 0 0.00358761738910574
61 0 0.00380017994294801
62 0 0.00428610931003159
63 0 0.00481718499258854
64 0 0.00525676968780742
65 0 0.00543718525979919
66 0 0.00576783421204352
67 0 0.00603340517082274
68 0 0.00607349534369894
69 0 0.00647904838633495
70 0 0.00724409962109995
71 0 0.00831664865081472
72 0 0.00921212477958155
73 0 0.0101182706002052
74 0 0.0111974161979623
75 0 0.0121170294995369
76 0 0.0130203566459263
77 0 0.0142842079429262
78 0 0.0156439121098763
79 0 0.0169928937848510
80 0 0.0188116269684288
81 0 0.0203651772203284
82 0 0.0224351566256232
83 0 0.0245538462701970
84 0 0.0273195774206169
85 0 0.0302238914965691
86 0 0.0334530731249201
87 0 0.0367272116730408
88 0 0.0410786998230794
89 0 0.0467876102735227
90 0 0.0511373357692813
91 0 0.0539257782015616
92 0 0.0546748533467236
93 0 0.0511968849903465
94 0 0.0427681323860378
95 0 0.0330920261397832
96 0 0.0492371580523174
97 0 0.172814967409758
98 0 1
99 0 1
100 0 1

death 1 M widowed
1 0 0.0191540470045714
2 0 0.00378427908093237
3 0 0.00250634604703848
4 0 0.00160373716907269
5 0 0.00115227457594336
6 0 0.000983637407878435
7 0 0.000874695764763178
8 0 0.000765548476622246
9 0 0.00066643734467231
10 0 0.000594775147160664
11 0 0.000557120608970396
12 0 0.00051244181719623
13 0 0.000450782616331691
14 0 0.000412769126136303
15 0 0.000398204293393878
16 0 0.000393935733043027
17 0 0.00040649089473499
18 0 0.000437132771292092
19 0 0.000501966856118252
20 0 0.000574394473038975
21 0 0.000640753290267138
22 0 0.000684739565256942
23 0 0.000723035036297337
24 0 0.000775633634860884
25 0 0.000827169461320332
26 0 0.000841635013078323
27 0 0.000830701534636491
28 0 0.000853831599525123
29 0 0.000935212121718432
30 0 0.00103714578707925
31 0 0.00105459549201647
32 0 0.00105729333019700
33 0 0.00110755521946915
34 0 0.0011766685634097
35 0 0.00123214918708892
36 0 0.00122750339004218
37 0 0.00123831579396372
38 0 0.00132604522351809
39 0 0.00142333973200737
40 0 0.00149676033482782
41 0 0.00156260991810642
42 0 0.00167288990821468
43 0 0.00180132281178358
44 0 0.00190380871613161
45 0 0.00193436425479843
46 0 0.00194279224435656
47 0 0.00194185576241168
48 0 0.00201927584746275
49 0 0.00212789451120698
50 0 0.00214811500670342
51 0 0.00213343976817826
52 0 0.00228722101710388
53 0 0.00249529583916985
54 0 0.00274807404359423
55 0 0.00302697239837957
56 0 0.00333931990719616
57 0 0.0034180295969195
58 0 0.00344027098562349
59 0 0.00348182595090074
60 0 0.00358761738910574
61 0 0.00380017994294801
62 0 0.00428610931003159
63 0 0.00481718499258854
64 0 0.00525676968780742
65 0 0.00543718525979919
66 0 0.00576783421204352
67 0 0.00603340517082274
68 0 0.00607349534369894
69 0 0.00647904838633495
70 0 0.00724409962109995
71 0 0.00831664865081472
72 0 0.00921212477958155
73 0 0.0101182706002052
74 0 0.0111974161979623
75 0 0.0121170294995369
76 0 0.0130203566459263
77 0 0.0142842079429262
78 0 0.0156439121098763
79 0 0.0169928937848510
80 0 0.0188116269684288
81 0 0.0203651772203284
82 0 0.0224351566256232
83 0 0.0245538462701970
84 0 0.0273195774206169
85 0 0.0302238914965691
86 0 0.0334530731249201
87 0 0.0367272116730408
88 0 0.0410786998230794
89 0 0.0467876102735227
90 0 0.0511373357692813
91 0 0.0539257782015616
92 0 0.0546748533467236
93 0 0.0511968849903465
94 0 0.0427681323860378
95 0 0.0330920261397832
96 0 0.0492371580523174
97 0 0.172814967409758
98 0 1
99 0 1
100 0 1

death 1 F married
1 0 0.016381093902329
2 0 0.00363010735805203
3 0 0.00238974429659633
4 0 0.00156345771453392
5 0 0.00114526990141328
6 0 0.0009692334511342
7 0 0.000841550904374988
8 0 0.000710268085491905
9 0 0.000595362312520109
10 0 0.000512525621754079
11 0 0.00047096804677671
12 0 0.000434453287874947
13 0 0.000389583681862038
14 0 0.000371926535649214
15 0 0.000381131254889366
16 0 0.000403310089710063
17 0 0.000426582762237948
18 0 0.000450782616331691
19 0 0.000490152549166956
20 0 0.000516799756698605
21 0 0.000519062615420562
22 0 0.000513950311063049
23 0 0.000516129290862755
24 0 0.000538508761416812
25 0 0.000575820132796667
26 0 0.000594271865587137
27 0 0.000596285008608755
28 0 0.00062245992794907
29 0 0.000684235785067489
30 0 0.000756976972373757
31 0 0.00076235507658684
32 0 0.000763867725767642
33 0 0.000801524000568765
34 0 0.000847438701702785
35 0 0.000889168888036695
36 0 0.000890767804740733
37 0 0.000896827112955245
38 0 0.000957526654627783
39 0 0.00100528975748115
40 0 0.00102121637549468
41 0 0.00102981285373216
42 0 0.00107567448592349
43 0 0.00114746407868827
44 0 0.00120258908000404
45 0 0.00122496941911399
46 0 0.00125022782322792
47 0 0.00126678898528598
48 0 0.00134287394488863
49 0 0.00143561470644005
50 0 0.00149379526145954
51 0 0.00155557351336355
52 0 0.00172137065964828
53 0 0.00188976853483913
54 0 0.00205097837493273
55 0 0.00220393672735819
56 0 0.00237041077602773
57 0 0.00238597992523704
58 0 0.0023832422987482
59 0 0.00244049300536642
60 0 0.00259008012915452
61 0 0.00284269317814512
62 0 0.00325713695741625
63 0 0.00370368814695587
64 0 0.00406691348972288
65 0 0.00420472153198348
66 0 0.00444192815829647
67 0 0.00469511497821562
68 0 0.00483528996560034
69 0 0.0053033197461142
70 0 0.00609479491441967
71 0 0.0072265886147822
72 0 0.00815656039784873
73 0 0.00899473704969489
74 0 0.00991737566955708
75 0 0.0105968968924746
76 0 0.0110925912188179
77 0 0.0118621032858561
78 0 0.0129689705649095
79 0 0.0141549514015182
80 0 0.0156501566420663
81 0 0.0167046727986022
82 0 0.0184267421080013
83 0 0.0200308858449433
84 0 0.0219978093319509
85 0 0.0238490099526918
86 0 0.0256999170783808
87 0 0.0274958347052924
88 0 0.0306510007924431
89 0 0.0354550244026083
90 0 0.0404244293511554
91 0 0.0464556580518324
92 0 0.0535411550596729
93 0 0.0598472811047612
94 0 0.058978296141338
95 0 0.0491587751428384
96 0 0.0402570422729283
97 0 0.0292499446887685
98 0 0.0134591046068795
99 0 0
100 0 0

death 1 F single
1 0 0.016381093902329
2 0 0.00363010735805203
3 0 0.00238974429659633
4 0 0.00156345771453392
5 0 0.00114526990141328
6 0 0.0009692334511342
7 0 0.000841550904374988
8 0 0.000710268085491905
9 0 0.000595362312520109
10 0 0.000512525621754079
11 0 0.00047096804677671
12 0 0.000434453287874947
13 0 0.000389583681862038
14 0 0.000371926535649214
15 0 0.000381131254889366
16 0 0.000403310089710063
17 0 0.000426582762237948
18 0 0.000450782616331691
19 0 0.000490152549166956
20 0 0.000516799756698605
21 0 0.000519062615420562
22 0 0.000513950311063049
23 0 0.000516129290862755
24 0 0.000538508761416812
25 0 0.000575820132796667
26 0 0.000594271865587137
27 0 0.000596285008608755
28 0 0.00062245992794907
29 0 0.000684235785067489
30 0 0.000756976972373757
31 0 0.00076235507658684
32 0 0.000763867725767642
33 0 0.000801524000568765
34 0 0.000847438701702785
35 0 0.000889168888036695
36 0 0.000890767804740733
37 0 0.000896827112955245
38 0 0.000957526654627783
39 0 0.00100528975748115
40 0 0.00102121637549468
41 0 0.00102981285373216
42 0 0.00107567448592349
43 0 0.00114746407868827
44 0 0.00120258908000404
45 0 0.00122496941911399
46 0 0.00125022782322792
47 0 0.00126678898528598
48 0 0.00134287394488863
49 0 0.00143561470644005
50 0 0.00149379526145954
51 0 0.00155557351336355
52 0 0.00172137065964828
53 0 0.00188976853483913
54 0 0.00205097837493273
55 0 0.00220393672735819
56 0 0.00237041077602773
57 0 0.00238597992523704
58 0 0.0023832422987482
59 0 0.00244049300536642
60 0 0.00259008012915452
61 0 0.00284269317814512
62 0 0.00325713695741625
63 0 0.00370368814695587
64 0 0.00406691348972288
65 0 0.00420472153198348
66 0 0.00444192815829647
67 0 0.00469511497821562
68 0 0.00483528996560034
69 0 0.0053033197461142
70 0 0.00609479491441967
71 0 0.0072265886147822
72 0 0.00815656039784873
73 0 0.00899473704969489
74 0 0.00991737566955708
75 0 0.0105968968924746
76 0 0.0110925912188179
77 0 0.0118621032858561
78 0 0.0129689705649095
79 0 0.0141549514015182
80 0 0.0156501566420663
81 0 0.0167046727986022
82 0 0.0184267421080013
83 0 0.0200308858449433
84 0 0.0219978093319509
85 0 0.0238490099526918
86 0 0.0256999170783808
87 0 0.0274958347052924
88 0 0.0306510007924431
89 0 0.0354550244026083
90 0 0.0404244293511554
91 0 0.0464556580518324
92 0 0.0535411550596729
93 0 0.0598472811047612
94 0 0.058978296141338
95 0 0.0491587751428384
96 0 0.0402570422729283
97 0 0.0292499446887685
98 0 0.0134591046068795
99 0 0
100 0 0

death 1 F divorced
1 0 0.016381093902329
2 0 0.00363010735805203
3 0 0.00238974429659633
4 0 0.00156345771453392
5 0 0.00114526990141328
6 0 0.0009692334511342
7 0 0.000841550904374988
8 0 0.000710268085491905
9 0 0.000595362312520109
10 0 0.000512525621754079
11 0 0.00047096804677671
12 0 0.000434453287874947
13 0 0.000389583681862038
14 0 0.000371926535649214
15 0 0.000381131254889366
16 0 0.000403310089710063
17 0 0.000426582762237948
18 0 0.000450782616331691
19 0 0.000490152549166956
20 0 0.000516799756698605
21 0 0.000519062615420562
22 0 0.000513950311063049
23 0 0.000516129290862755
24 0 0.000538508761416812
25 0 0.000575820132796667
26 0 0.000594271865587137
27 0 0.000596285008608755
28 0 0.00062245992794907
29 0 0.000684235785067489
30 0 0.000756976972373757
31 0 0.00076235507658684
32 0 0.000763867725767642
33 0 0.000801524000568765
34 0 0.000847438701702785
35 0 0.000889168888036695
36 0 0.000890767804740733
37 0 0.000896827112955245
38 0 0.000957526654627783
39 0 0.00100528975748115
40 0 0.00102121637549468
41 0 0.00102981285373216
42 0 0.00107567448592349
43 0 0.00114746407868827
44 0 0.00120258908000404
45 0 0.00122496941911399
46 0 0.00125022782322792
47 0 0.00126678898528598
48 0 0.00134287394488863
49 0 0.00143561470644005
50 0 0.00149379526145954
51 0 0.00155557351336355
52 0 0.00172137065964828
53 0 0.00188976853483913
54 0 0.00205097837493273
55 0 0.00220393672735819
56 0 0.00237041077602773
57 0 0.00238597992523704
58 0 0.0023832422987482
59 0 0.00244049300536642
60 0 0.00259008012915452
61 0 0.00284269317814512
62 0 0.00325713695741625
63 0 0.00370368814695587
64 0 0.00406691348972288
65 0 0.00420472153198348
66 0 0.00444192815829647
67 0 0.00469511497821562
68 0 0.00483528996560034
69 0 0.0053033197461142
70 0 0.00609479491441967
71 0 0.0072265886147822
72 0 0.00815656039784873
73 0 0.00899473704969489
74 0 0.00991737566955708
75 0 0.0105968968924746
76 0 0.0110925912188179
77 0 0.0118621032858561
78 0 0.0129689705649095
79 0 0.0141549514015182
80 0 0.0156501566420663
81 0 0.0167046727986022
82 0 0.0184267421080013
83 0 0.0200308858449433
84 0 0.0219978093319509
85 0 0.0238490099526918
86 0 0.0256999170783808
87 0 0.0274958347052924
88 0 0.0306510007924431
89 0 0.0354550244026083
90 0 0.0404244293511554
91 0 0.0464556580518324
92 0 0.0535411550596729
93 0 0.0598472811047612
94 0 0.058978296141338
95 0 0.0491587751428384
96 0 0.0402570422729283
97 0 0.0292499446887685
98 0 0.0134591046068795
99 0 0
100 0 0

death 1 F widowed
1 0 0.016381093902329
2 0 0.00363010735805203
3 0 0.00238974429659633
4 0 0.00156345771453392
5 0 0.00114526990141328
6 0 0.0009692334511342
7 0 0.000841550904374988
8 0 0.000710268085491905
9 0 0.000595362312520109
10 0 0.000512525621754079
11 0 0.00047096804677671
12 0 0.000434453287874947
13 0 0.000389583681862038
14 0 0.000371926535649214
15 0 0.000381131254889366
16 0 0.000403310089710063
17 0 0.000426582762237948
18 0 0.000450782616331691
19 0 0.000490152549166956
20 0 0.000516799756698605
21 0 0.000519062615420562
22 0 0.000513950311063049
23 0 0.000516129290862755
24 0 0.000538508761416812
25 0 0.000575820132796667
26 0 0.000594271865587137
27 0 0.000596285008608755
28 0 0.00062245992794907
29 0 0.000684235785067489
30 0 0.000756976972373757
31 0 0.00076235507658684
32 0 0.000763867725767642
33 0 0.000801524000568765
34 0 0.000847438701702785
35 0 0.000889168888036695
36 0 0.000890767804740733
37 0 0.000896827112955245
38 0 0.000957526654627783
39 0 0.00100528975748115
40 0 0.00102121637549468
41 0 0.00102981285373216
42 0 0.00107567448592349
43 0 0.00114746407868827
44 0 0.00120258908000404
45 0 0.00122496941911399
46 0 0.00125022782322792
47 0 0.00126678898528598
48 0 0.00134287394488863
49 0 0.00143561470644005
50 0 0.00149379526145954
51 0 0.00155557351336355
52 0 0.00172137065964828
53 0 0.00188976853483913
54 0 0.00205097837493273
55 0 0.00220393672735819
56 0 0.00237041077602773
57 0 0.00238597992523704
58 0 0.0023832422987482
59 0 0.00244049300536642
60 0 0.00259008012915452
61 0 0.00284269317814512
62 0 0.00325713695741625
63 0 0.00370368814695587
64 0 0.00406691348972288
65 0 0.00420472153198348
66 0 0.00444192815829647
67 0 0.00469511497821562
68 0 0.00483528996560034
69 0 0.0053033197461142
70 0 0.00609479491441967
71 0 0.0072265886147822
72 0 0.00815656039784873
73 0 0.00899473704969489
74 0 0.00991737566955708
75 0 0.0105968968924746
76 0 0.0110925912188179
77 0 0.0118621032858561
78 0 0.0129689705649095
79 0 0.0141549514015182
80 0 0.0156501566420663
81 0 0.0167046727986022
82 0 0.0184267421080013
83 0 0.0200308858449433
84 0 0.0219978093319509
85 0 0.0238490099526918
86 0 0.0256999170783808
87 0 0.0274958347052924
88 0 0.0306510007924431
89 0 0.0354550244026083
90 0 0.0404244293511554
91 0 0.0464556580518324
92 0 0.0535411550596729
93 0 0.0598472811047612
94 0 0.058978296141338
95 0 0.0491587751428384
96 0 0.0402570422729283
97 0 0.0292499446887685
98 0 0.0134591046068795
99 0 0
100 0 0
