*Period monthly mortality rates for SWE in 2050 
* Mon Dec 20 14:21:52 2010
death 1 M married
1 0 0.000196879715743670
2 0 0.0000200022003373768
3 0 0.00000666691112360951
4 0 0.00000500013750526218
5 0 0.00000416676215586609
6 0 0.00000333339444602565
7 0 0.00000333339444602565
8 0 0.00000333339444602565
9 0 0.00000250003437562984
10 0 0.00000333339444602565
11 0 0.00000333339444602565
12 0 0.00000333339444602565
13 0 0.00000333339444602565
14 0 0.00000500013750526218
15 0 0.00000583352049443597
16 0 0.00000750030939278279
17 0 0.0000108339788730261
18 0 0.0000133343112110884
19 0 0.0000175016846010179
20 0 0.0000233363283135279
21 0 0.0000275041602521009
22 0 0.0000291713465325749
23 0 0.0000300049511388067
24 0 0.0000291713465325749
25 0 0.0000291713465325749
26 0 0.0000283377495704507
27 0 0.0000283377495704507
28 0 0.0000266705785775256
29 0 0.0000266705785775256
30 0 0.0000258370045466139
31 0 0.0000266705785775256
32 0 0.0000250034381590325
33 0 0.0000258370045466139
34 0 0.0000275041602521009
35 0 0.0000283377495704507
36 0 0.0000308385633891461
37 0 0.0000333394460065861
38 0 0.0000341730888351321
39 0 0.0000375077365993848
40 0 0.0000408425066913409
41 0 0.0000433436645435048
42 0 0.0000475124138960004
43 0 0.0000525151654794387
44 0 0.0000591859292243813
45 0 0.0000633554051622243
46 0 0.000070860943814588
47 0 0.0000775330540162544
48 0 0.0000842056539793745
49 0 0.000095049673682679
50 0 0.000103392107678624
51 0 0.000113404039220888
52 0 0.000128424004500527
53 0 0.000140942538415234
54 0 0.000160975779494144
55 0 0.000173498797702898
56 0 0.000189363764725003
57 0 0.000210242941224514
58 0 0.000236139783039269
59 0 0.000249508782532493
60 0 0.000280432127916508
61 0 0.000300496141496964
62 0 0.000333109613943505
63 0 0.000370755092807151
64 0 0.000406742015663153
65 0 0.000457817692981588
66 0 0.000499704423105984
67 0 0.00054915561294655
68 0 0.00061457310079549
69 0 0.000673321233567115
70 0 0.000746389760107324
71 0 0.000832972225725759
72 0 0.000915428347907032
73 0 0.00102576735084436
74 0 0.00114467917043637
75 0 0.00128233894818586
76 0 0.00145661299337041
77 0 0.00160662101568221
78 0 0.00186994579626865
79 0 0.00213489012207735
80 0 0.0024365553271245
81 0 0.00281569818007021
82 0 0.00329143560309519
83 0 0.0038765951502332
84 0 0.00450583720903008
85 0 0.00538234186497977
86 0 0.00635498329891881
87 0 0.00753542469555035
88 0 0.00882425370522033
89 0 0.0105016603052609
90 0 0.0122844235781517
91 0 0.0144185395110749
92 0 0.0171947693338516
93 0 0.0204315588592261
94 0 0.023347371201327
95 0 0.0271550636163662
96 0 0.0302219059663634
97 0 0.0356051409365091
98 0 0.0401175582371275
99 0 0.0441925111674907
100 0 0.0498112249502644

death 1 M single
1 0 0.000196879715743670
2 0 0.0000200022003373768
3 0 0.00000666691112360951
4 0 0.00000500013750526218
5 0 0.00000416676215586609
6 0 0.00000333339444602565
7 0 0.00000333339444602565
8 0 0.00000333339444602565
9 0 0.00000250003437562984
10 0 0.00000333339444602565
11 0 0.00000333339444602565
12 0 0.00000333339444602565
13 0 0.00000333339444602565
14 0 0.00000500013750526218
15 0 0.00000583352049443597
16 0 0.00000750030939278279
17 0 0.0000108339788730261
18 0 0.0000133343112110884
19 0 0.0000175016846010179
20 0 0.0000233363283135279
21 0 0.0000275041602521009
22 0 0.0000291713465325749
23 0 0.0000300049511388067
24 0 0.0000291713465325749
25 0 0.0000291713465325749
26 0 0.0000283377495704507
27 0 0.0000283377495704507
28 0 0.0000266705785775256
29 0 0.0000266705785775256
30 0 0.0000258370045466139
31 0 0.0000266705785775256
32 0 0.0000250034381590325
33 0 0.0000258370045466139
34 0 0.0000275041602521009
35 0 0.0000283377495704507
36 0 0.0000308385633891461
37 0 0.0000333394460065861
38 0 0.0000341730888351321
39 0 0.0000375077365993848
40 0 0.0000408425066913409
41 0 0.0000433436645435048
42 0 0.0000475124138960004
43 0 0.0000525151654794387
44 0 0.0000591859292243813
45 0 0.0000633554051622243
46 0 0.000070860943814588
47 0 0.0000775330540162544
48 0 0.0000842056539793745
49 0 0.000095049673682679
50 0 0.000103392107678624
51 0 0.000113404039220888
52 0 0.000128424004500527
53 0 0.000140942538415234
54 0 0.000160975779494144
55 0 0.000173498797702898
56 0 0.000189363764725003
57 0 0.000210242941224514
58 0 0.000236139783039269
59 0 0.000249508782532493
60 0 0.000280432127916508
61 0 0.000300496141496964
62 0 0.000333109613943505
63 0 0.000370755092807151
64 0 0.000406742015663153
65 0 0.000457817692981588
66 0 0.000499704423105984
67 0 0.00054915561294655
68 0 0.00061457310079549
69 0 0.000673321233567115
70 0 0.000746389760107324
71 0 0.000832972225725759
72 0 0.000915428347907032
73 0 0.00102576735084436
74 0 0.00114467917043637
75 0 0.00128233894818586
76 0 0.00145661299337041
77 0 0.00160662101568221
78 0 0.00186994579626865
79 0 0.00213489012207735
80 0 0.0024365553271245
81 0 0.00281569818007021
82 0 0.00329143560309519
83 0 0.0038765951502332
84 0 0.00450583720903008
85 0 0.00538234186497977
86 0 0.00635498329891881
87 0 0.00753542469555035
88 0 0.00882425370522033
89 0 0.0105016603052609
90 0 0.0122844235781517
91 0 0.0144185395110749
92 0 0.0171947693338516
93 0 0.0204315588592261
94 0 0.023347371201327
95 0 0.0271550636163662
96 0 0.0302219059663634
97 0 0.0356051409365091
98 0 0.0401175582371275
99 0 0.0441925111674907
100 0 0.0498112249502644

death 1 M divorced
1 0 0.000196879715743670
2 0 0.0000200022003373768
3 0 0.00000666691112360951
4 0 0.00000500013750526218
5 0 0.00000416676215586609
6 0 0.00000333339444602565
7 0 0.00000333339444602565
8 0 0.00000333339444602565
9 0 0.00000250003437562984
10 0 0.00000333339444602565
11 0 0.00000333339444602565
12 0 0.00000333339444602565
13 0 0.00000333339444602565
14 0 0.00000500013750526218
15 0 0.00000583352049443597
16 0 0.00000750030939278279
17 0 0.0000108339788730261
18 0 0.0000133343112110884
19 0 0.0000175016846010179
20 0 0.0000233363283135279
21 0 0.0000275041602521009
22 0 0.0000291713465325749
23 0 0.0000300049511388067
24 0 0.0000291713465325749
25 0 0.0000291713465325749
26 0 0.0000283377495704507
27 0 0.0000283377495704507
28 0 0.0000266705785775256
29 0 0.0000266705785775256
30 0 0.0000258370045466139
31 0 0.0000266705785775256
32 0 0.0000250034381590325
33 0 0.0000258370045466139
34 0 0.0000275041602521009
35 0 0.0000283377495704507
36 0 0.0000308385633891461
37 0 0.0000333394460065861
38 0 0.0000341730888351321
39 0 0.0000375077365993848
40 0 0.0000408425066913409
41 0 0.0000433436645435048
42 0 0.0000475124138960004
43 0 0.0000525151654794387
44 0 0.0000591859292243813
45 0 0.0000633554051622243
46 0 0.000070860943814588
47 0 0.0000775330540162544
48 0 0.0000842056539793745
49 0 0.000095049673682679
50 0 0.000103392107678624
51 0 0.000113404039220888
52 0 0.000128424004500527
53 0 0.000140942538415234
54 0 0.000160975779494144
55 0 0.000173498797702898
56 0 0.000189363764725003
57 0 0.000210242941224514
58 0 0.000236139783039269
59 0 0.000249508782532493
60 0 0.000280432127916508
61 0 0.000300496141496964
62 0 0.000333109613943505
63 0 0.000370755092807151
64 0 0.000406742015663153
65 0 0.000457817692981588
66 0 0.000499704423105984
67 0 0.00054915561294655
68 0 0.00061457310079549
69 0 0.000673321233567115
70 0 0.000746389760107324
71 0 0.000832972225725759
72 0 0.000915428347907032
73 0 0.00102576735084436
74 0 0.00114467917043637
75 0 0.00128233894818586
76 0 0.00145661299337041
77 0 0.00160662101568221
78 0 0.00186994579626865
79 0 0.00213489012207735
80 0 0.0024365553271245
81 0 0.00281569818007021
82 0 0.00329143560309519
83 0 0.0038765951502332
84 0 0.00450583720903008
85 0 0.00538234186497977
86 0 0.00635498329891881
87 0 0.00753542469555035
88 0 0.00882425370522033
89 0 0.0105016603052609
90 0 0.0122844235781517
91 0 0.0144185395110749
92 0 0.0171947693338516
93 0 0.0204315588592261
94 0 0.023347371201327
95 0 0.0271550636163662
96 0 0.0302219059663634
97 0 0.0356051409365091
98 0 0.0401175582371275
99 0 0.0441925111674907
100 0 0.0498112249502644

death 1 M widowed
1 0 0.000196879715743670
2 0 0.0000200022003373768
3 0 0.00000666691112360951
4 0 0.00000500013750526218
5 0 0.00000416676215586609
6 0 0.00000333339444602565
7 0 0.00000333339444602565
8 0 0.00000333339444602565
9 0 0.00000250003437562984
10 0 0.00000333339444602565
11 0 0.00000333339444602565
12 0 0.00000333339444602565
13 0 0.00000333339444602565
14 0 0.00000500013750526218
15 0 0.00000583352049443597
16 0 0.00000750030939278279
17 0 0.0000108339788730261
18 0 0.0000133343112110884
19 0 0.0000175016846010179
20 0 0.0000233363283135279
21 0 0.0000275041602521009
22 0 0.0000291713465325749
23 0 0.0000300049511388067
24 0 0.0000291713465325749
25 0 0.0000291713465325749
26 0 0.0000283377495704507
27 0 0.0000283377495704507
28 0 0.0000266705785775256
29 0 0.0000266705785775256
30 0 0.0000258370045466139
31 0 0.0000266705785775256
32 0 0.0000250034381590325
33 0 0.0000258370045466139
34 0 0.0000275041602521009
35 0 0.0000283377495704507
36 0 0.0000308385633891461
37 0 0.0000333394460065861
38 0 0.0000341730888351321
39 0 0.0000375077365993848
40 0 0.0000408425066913409
41 0 0.0000433436645435048
42 0 0.0000475124138960004
43 0 0.0000525151654794387
44 0 0.0000591859292243813
45 0 0.0000633554051622243
46 0 0.000070860943814588
47 0 0.0000775330540162544
48 0 0.0000842056539793745
49 0 0.000095049673682679
50 0 0.000103392107678624
51 0 0.000113404039220888
52 0 0.000128424004500527
53 0 0.000140942538415234
54 0 0.000160975779494144
55 0 0.000173498797702898
56 0 0.000189363764725003
57 0 0.000210242941224514
58 0 0.000236139783039269
59 0 0.000249508782532493
60 0 0.000280432127916508
61 0 0.000300496141496964
62 0 0.000333109613943505
63 0 0.000370755092807151
64 0 0.000406742015663153
65 0 0.000457817692981588
66 0 0.000499704423105984
67 0 0.00054915561294655
68 0 0.00061457310079549
69 0 0.000673321233567115
70 0 0.000746389760107324
71 0 0.000832972225725759
72 0 0.000915428347907032
73 0 0.00102576735084436
74 0 0.00114467917043637
75 0 0.00128233894818586
76 0 0.00145661299337041
77 0 0.00160662101568221
78 0 0.00186994579626865
79 0 0.00213489012207735
80 0 0.0024365553271245
81 0 0.00281569818007021
82 0 0.00329143560309519
83 0 0.0038765951502332
84 0 0.00450583720903008
85 0 0.00538234186497977
86 0 0.00635498329891881
87 0 0.00753542469555035
88 0 0.00882425370522033
89 0 0.0105016603052609
90 0 0.0122844235781517
91 0 0.0144185395110749
92 0 0.0171947693338516
93 0 0.0204315588592261
94 0 0.023347371201327
95 0 0.0271550636163662
96 0 0.0302219059663634
97 0 0.0356051409365091
98 0 0.0401175582371275
99 0 0.0441925111674907
100 0 0.0498112249502644

death 1 F married
1 0 0.000195209450695066
2 0 0.0000208357208674181
3 0 0.00000666691112360951
4 0 0.00000500013750526218
5 0 0.00000333339444602565
6 0 0.00000333339444602565
7 0 0.00000333339444602565
8 0 0.00000250003437562984
9 0 0.00000250003437562984
10 0 0.00000333339444602565
11 0 0.00000333339444602565
12 0 0.00000333339444602565
13 0 0.00000333339444602565
14 0 0.00000333339444602565
15 0 0.00000416676215586609
16 0 0.00000666691112360951
17 0 0.00000666691112360951
18 0 0.00000750030939278279
19 0 0.00000833371530217786
20 0 0.0000100005500421885
21 0 0.0000116674153447516
22 0 0.0000116674153447516
23 0 0.0000108339788730261
24 0 0.0000116674153447516
25 0 0.0000100005500421885
26 0 0.00000916712885190574
27 0 0.0000108339788730261
28 0 0.0000108339788730261
29 0 0.0000108339788730261
30 0 0.0000108339788730261
31 0 0.000012500859457365
32 0 0.0000133343112110884
33 0 0.0000133343112110884
34 0 0.0000141677706060328
35 0 0.0000150012376423092
36 0 0.0000175016846010179
37 0 0.0000200022003373768
38 0 0.0000208357208674181
39 0 0.0000225027848553827
40 0 0.0000233363283135279
41 0 0.0000241698794146705
42 0 0.0000266705785775256
43 0 0.0000316721832838152
44 0 0.0000341730888351321
45 0 0.0000391751063537615
46 0 0.0000450111413439203
47 0 0.0000516813544294559
48 0 0.0000583520569852336
49 0 0.000070860943814588
50 0 0.0000817033715945215
51 0 0.000095049673682679
52 0 0.000108397935606575
53 0 0.000116741594805347
54 0 0.000126754996901401
55 0 0.000141777168646939
56 0 0.000158471382883385
57 0 0.000179343463383219
58 0 0.000196044579382604
59 0 0.000216925290815517
60 0 0.000232797840409416
61 0 0.000264551257946888
62 0 0.000291299585426952
63 0 0.00030885745465703
64 0 0.000344819869678825
65 0 0.000370755092807151
66 0 0.000414275966217681
67 0 0.000445255438177972
68 0 0.000487136376522423
69 0 0.000534904204619657
70 0 0.00057934244693103
71 0 0.00065065673870468
72 0 0.000714467542335284
73 0 0.000789250374825579
74 0 0.000880922290951047
75 0 0.000987849522813833
76 0 0.00110249403822194
77 0 0.00124093461672914
78 0 0.00141174352229712
79 0 0.00159220269883709
80 0 0.00183422475583050
81 0 0.00210247597923363
82 0 0.00243997938546470
83 0 0.00276499682685649
84 0 0.00321542587660661
85 0 0.00370368814695587
86 0 0.00445068015560257
87 0 0.00528953772525442
88 0 0.00626653337452221
89 0 0.00745485908660137
90 0 0.00883527846758214
91 0 0.0103165326780779
92 0 0.0123722991476009
93 0 0.0142602936233212
94 0 0.0166438122491599
95 0 0.0190431927927284
96 0 0.0219482248864084
97 0 0.0250174348138743
98 0 0.028841737198921
99 0 0.0327658704411007
100 0 0.0357878604149406

death 1 F single
1 0 0.000195209450695066
2 0 0.0000208357208674181
3 0 0.00000666691112360951
4 0 0.00000500013750526218
5 0 0.00000333339444602565
6 0 0.00000333339444602565
7 0 0.00000333339444602565
8 0 0.00000250003437562984
9 0 0.00000250003437562984
10 0 0.00000333339444602565
11 0 0.00000333339444602565
12 0 0.00000333339444602565
13 0 0.00000333339444602565
14 0 0.00000333339444602565
15 0 0.00000416676215586609
16 0 0.00000666691112360951
17 0 0.00000666691112360951
18 0 0.00000750030939278279
19 0 0.00000833371530217786
20 0 0.0000100005500421885
21 0 0.0000116674153447516
22 0 0.0000116674153447516
23 0 0.0000108339788730261
24 0 0.0000116674153447516
25 0 0.0000100005500421885
26 0 0.00000916712885190574
27 0 0.0000108339788730261
28 0 0.0000108339788730261
29 0 0.0000108339788730261
30 0 0.0000108339788730261
31 0 0.000012500859457365
32 0 0.0000133343112110884
33 0 0.0000133343112110884
34 0 0.0000141677706060328
35 0 0.0000150012376423092
36 0 0.0000175016846010179
37 0 0.0000200022003373768
38 0 0.0000208357208674181
39 0 0.0000225027848553827
40 0 0.0000233363283135279
41 0 0.0000241698794146705
42 0 0.0000266705785775256
43 0 0.0000316721832838152
44 0 0.0000341730888351321
45 0 0.0000391751063537615
46 0 0.0000450111413439203
47 0 0.0000516813544294559
48 0 0.0000583520569852336
49 0 0.000070860943814588
50 0 0.0000817033715945215
51 0 0.000095049673682679
52 0 0.000108397935606575
53 0 0.000116741594805347
54 0 0.000126754996901401
55 0 0.000141777168646939
56 0 0.000158471382883385
57 0 0.000179343463383219
58 0 0.000196044579382604
59 0 0.000216925290815517
60 0 0.000232797840409416
61 0 0.000264551257946888
62 0 0.000291299585426952
63 0 0.00030885745465703
64 0 0.000344819869678825
65 0 0.000370755092807151
66 0 0.000414275966217681
67 0 0.000445255438177972
68 0 0.000487136376522423
69 0 0.000534904204619657
70 0 0.00057934244693103
71 0 0.00065065673870468
72 0 0.000714467542335284
73 0 0.000789250374825579
74 0 0.000880922290951047
75 0 0.000987849522813833
76 0 0.00110249403822194
77 0 0.00124093461672914
78 0 0.00141174352229712
79 0 0.00159220269883709
80 0 0.00183422475583050
81 0 0.00210247597923363
82 0 0.00243997938546470
83 0 0.00276499682685649
84 0 0.00321542587660661
85 0 0.00370368814695587
86 0 0.00445068015560257
87 0 0.00528953772525442
88 0 0.00626653337452221
89 0 0.00745485908660137
90 0 0.00883527846758214
91 0 0.0103165326780779
92 0 0.0123722991476009
93 0 0.0142602936233212
94 0 0.0166438122491599
95 0 0.0190431927927284
96 0 0.0219482248864084
97 0 0.0250174348138743
98 0 0.028841737198921
99 0 0.0327658704411007
100 0 0.0357878604149406

death 1 F divorced
1 0 0.000195209450695066
2 0 0.0000208357208674181
3 0 0.00000666691112360951
4 0 0.00000500013750526218
5 0 0.00000333339444602565
6 0 0.00000333339444602565
7 0 0.00000333339444602565
8 0 0.00000250003437562984
9 0 0.00000250003437562984
10 0 0.00000333339444602565
11 0 0.00000333339444602565
12 0 0.00000333339444602565
13 0 0.00000333339444602565
14 0 0.00000333339444602565
15 0 0.00000416676215586609
16 0 0.00000666691112360951
17 0 0.00000666691112360951
18 0 0.00000750030939278279
19 0 0.00000833371530217786
20 0 0.0000100005500421885
21 0 0.0000116674153447516
22 0 0.0000116674153447516
23 0 0.0000108339788730261
24 0 0.0000116674153447516
25 0 0.0000100005500421885
26 0 0.00000916712885190574
27 0 0.0000108339788730261
28 0 0.0000108339788730261
29 0 0.0000108339788730261
30 0 0.0000108339788730261
31 0 0.000012500859457365
32 0 0.0000133343112110884
33 0 0.0000133343112110884
34 0 0.0000141677706060328
35 0 0.0000150012376423092
36 0 0.0000175016846010179
37 0 0.0000200022003373768
38 0 0.0000208357208674181
39 0 0.0000225027848553827
40 0 0.0000233363283135279
41 0 0.0000241698794146705
42 0 0.0000266705785775256
43 0 0.0000316721832838152
44 0 0.0000341730888351321
45 0 0.0000391751063537615
46 0 0.0000450111413439203
47 0 0.0000516813544294559
48 0 0.0000583520569852336
49 0 0.000070860943814588
50 0 0.0000817033715945215
51 0 0.000095049673682679
52 0 0.000108397935606575
53 0 0.000116741594805347
54 0 0.000126754996901401
55 0 0.000141777168646939
56 0 0.000158471382883385
57 0 0.000179343463383219
58 0 0.000196044579382604
59 0 0.000216925290815517
60 0 0.000232797840409416
61 0 0.000264551257946888
62 0 0.000291299585426952
63 0 0.00030885745465703
64 0 0.000344819869678825
65 0 0.000370755092807151
66 0 0.000414275966217681
67 0 0.000445255438177972
68 0 0.000487136376522423
69 0 0.000534904204619657
70 0 0.00057934244693103
71 0 0.00065065673870468
72 0 0.000714467542335284
73 0 0.000789250374825579
74 0 0.000880922290951047
75 0 0.000987849522813833
76 0 0.00110249403822194
77 0 0.00124093461672914
78 0 0.00141174352229712
79 0 0.00159220269883709
80 0 0.00183422475583050
81 0 0.00210247597923363
82 0 0.00243997938546470
83 0 0.00276499682685649
84 0 0.00321542587660661
85 0 0.00370368814695587
86 0 0.00445068015560257
87 0 0.00528953772525442
88 0 0.00626653337452221
89 0 0.00745485908660137
90 0 0.00883527846758214
91 0 0.0103165326780779
92 0 0.0123722991476009
93 0 0.0142602936233212
94 0 0.0166438122491599
95 0 0.0190431927927284
96 0 0.0219482248864084
97 0 0.0250174348138743
98 0 0.028841737198921
99 0 0.0327658704411007
100 0 0.0357878604149406

death 1 F widowed
1 0 0.000195209450695066
2 0 0.0000208357208674181
3 0 0.00000666691112360951
4 0 0.00000500013750526218
5 0 0.00000333339444602565
6 0 0.00000333339444602565
7 0 0.00000333339444602565
8 0 0.00000250003437562984
9 0 0.00000250003437562984
10 0 0.00000333339444602565
11 0 0.00000333339444602565
12 0 0.00000333339444602565
13 0 0.00000333339444602565
14 0 0.00000333339444602565
15 0 0.00000416676215586609
16 0 0.00000666691112360951
17 0 0.00000666691112360951
18 0 0.00000750030939278279
19 0 0.00000833371530217786
20 0 0.0000100005500421885
21 0 0.0000116674153447516
22 0 0.0000116674153447516
23 0 0.0000108339788730261
24 0 0.0000116674153447516
25 0 0.0000100005500421885
26 0 0.00000916712885190574
27 0 0.0000108339788730261
28 0 0.0000108339788730261
29 0 0.0000108339788730261
30 0 0.0000108339788730261
31 0 0.000012500859457365
32 0 0.0000133343112110884
33 0 0.0000133343112110884
34 0 0.0000141677706060328
35 0 0.0000150012376423092
36 0 0.0000175016846010179
37 0 0.0000200022003373768
38 0 0.0000208357208674181
39 0 0.0000225027848553827
40 0 0.0000233363283135279
41 0 0.0000241698794146705
42 0 0.0000266705785775256
43 0 0.0000316721832838152
44 0 0.0000341730888351321
45 0 0.0000391751063537615
46 0 0.0000450111413439203
47 0 0.0000516813544294559
48 0 0.0000583520569852336
49 0 0.000070860943814588
50 0 0.0000817033715945215
51 0 0.000095049673682679
52 0 0.000108397935606575
53 0 0.000116741594805347
54 0 0.000126754996901401
55 0 0.000141777168646939
56 0 0.000158471382883385
57 0 0.000179343463383219
58 0 0.000196044579382604
59 0 0.000216925290815517
60 0 0.000232797840409416
61 0 0.000264551257946888
62 0 0.000291299585426952
63 0 0.00030885745465703
64 0 0.000344819869678825
65 0 0.000370755092807151
66 0 0.000414275966217681
67 0 0.000445255438177972
68 0 0.000487136376522423
69 0 0.000534904204619657
70 0 0.00057934244693103
71 0 0.00065065673870468
72 0 0.000714467542335284
73 0 0.000789250374825579
74 0 0.000880922290951047
75 0 0.000987849522813833
76 0 0.00110249403822194
77 0 0.00124093461672914
78 0 0.00141174352229712
79 0 0.00159220269883709
80 0 0.00183422475583050
81 0 0.00210247597923363
82 0 0.00243997938546470
83 0 0.00276499682685649
84 0 0.00321542587660661
85 0 0.00370368814695587
86 0 0.00445068015560257
87 0 0.00528953772525442
88 0 0.00626653337452221
89 0 0.00745485908660137
90 0 0.00883527846758214
91 0 0.0103165326780779
92 0 0.0123722991476009
93 0 0.0142602936233212
94 0 0.0166438122491599
95 0 0.0190431927927284
96 0 0.0219482248864084
97 0 0.0250174348138743
98 0 0.028841737198921
99 0 0.0327658704411007
100 0 0.0357878604149406
