*Period monthly mortality rates for SWE in 1781 
* Mon Dec 20 14:19:00 2010
death 1 M married
1 0 0.0211208729538244
2 0 0.00542417905888248
3 0 0.00354956676531282
4 0 0.00247140115683464
5 0 0.0021666330848491
6 0 0.00201902022694311
7 0 0.00156201646531873
8 0 0.00114746407868827
9 0 0.000866702877084236
10 0 0.000694311919690382
11 0 0.000598549847828256
12 0 0.000577665137455718
13 0 0.000567350364927499
14 0 0.000575903995832072
15 0 0.000580600449358593
16 0 0.000577078086454796
17 0 0.000560306802897537
18 0 0.000556282155454446
19 0 0.000564834744376297
20 0 0.000576071722134919
21 0 0.000589658581065522
22 0 0.000632948790690535
23 0 0.000680373563090031
24 0 0.000730343243237064
25 0 0.000777062456161937
26 0 0.000813210706033352
27 0 0.000815144622430708
28 0 0.00082784222660115
29 0 0.000839952853809334
30 0 0.000856018746814957
31 0 0.000866871141156134
32 0 0.000896574633708846
33 0 0.000922415316224612
34 0 0.000928139980014397
35 0 0.000918542954134627
36 0 0.000903980983267494
37 0 0.000866702877084236
38 0 0.00086258050469179
39 0 0.000886055288912946
40 0 0.000941190194771346
41 0 0.00102357611202253
42 0 0.00115176819581020
43 0 0.00125808554901774
44 0 0.00133365581666101
45 0 0.00136486592042939
46 0 0.00136182055989442
47 0 0.00131141776382138
48 0 0.00130981142342568
49 0 0.00134228192687769
50 0 0.00140505733014418
51 0 0.00149404940681030
52 0 0.00166312896631982
53 0 0.00182801753299267
54 0 0.00197625653339450
55 0 0.00209454480807403
56 0 0.00218814269493262
57 0 0.00220180223794342
58 0 0.00225979282158772
59 0 0.00234415458487869
60 0 0.00245667352148182
61 0 0.00261717956302965
62 0 0.00298097510194928
63 0 0.00345152357342182
64 0 0.00408495615140114
65 0 0.00489868591958798
66 0 0.00590212304952753
67 0 0.0064162342327051
68 0 0.00684094527447798
69 0 0.00714864268551141
70 0 0.0073485140584375
71 0 0.00744572079120887
72 0 0.00775694326437437
73 0 0.00800094325297862
74 0 0.0082642281537042
75 0 0.00861329767167784
76 0 0.00908940532494407
77 0 0.00967527844868132
78 0 0.0104025976880494
79 0 0.0113476079891277
80 0 0.0122126586744660
81 0 0.0129329024146518
82 0 0.0141161620440620
83 0 0.0157226449198115
84 0 0.0177552339154124
85 0 0.0199512790987811
86 0 0.0217006104810704
87 0 0.0227408358895885
88 0 0.0235119957644488
89 0 0.0240317729255258
90 0 0.0241897089379473
91 0 0.0333637010477786
92 0 0.0367951537423941
93 0 0.040975650764189
94 0 0.0463925394821678
95 0 0.0523033961307756
96 0 0.0606561654704985
97 0 0.0732255203653174
98 0 0.0880897789061927
99 0 0.101605128612772
100 0 0.121011878357598

death 1 M single
1 0 0.0211208729538244
2 0 0.00542417905888248
3 0 0.00354956676531282
4 0 0.00247140115683464
5 0 0.0021666330848491
6 0 0.00201902022694311
7 0 0.00156201646531873
8 0 0.00114746407868827
9 0 0.000866702877084236
10 0 0.000694311919690382
11 0 0.000598549847828256
12 0 0.000577665137455718
13 0 0.000567350364927499
14 0 0.000575903995832072
15 0 0.000580600449358593
16 0 0.000577078086454796
17 0 0.000560306802897537
18 0 0.000556282155454446
19 0 0.000564834744376297
20 0 0.000576071722134919
21 0 0.000589658581065522
22 0 0.000632948790690535
23 0 0.000680373563090031
24 0 0.000730343243237064
25 0 0.000777062456161937
26 0 0.000813210706033352
27 0 0.000815144622430708
28 0 0.00082784222660115
29 0 0.000839952853809334
30 0 0.000856018746814957
31 0 0.000866871141156134
32 0 0.000896574633708846
33 0 0.000922415316224612
34 0 0.000928139980014397
35 0 0.000918542954134627
36 0 0.000903980983267494
37 0 0.000866702877084236
38 0 0.00086258050469179
39 0 0.000886055288912946
40 0 0.000941190194771346
41 0 0.00102357611202253
42 0 0.00115176819581020
43 0 0.00125808554901774
44 0 0.00133365581666101
45 0 0.00136486592042939
46 0 0.00136182055989442
47 0 0.00131141776382138
48 0 0.00130981142342568
49 0 0.00134228192687769
50 0 0.00140505733014418
51 0 0.00149404940681030
52 0 0.00166312896631982
53 0 0.00182801753299267
54 0 0.00197625653339450
55 0 0.00209454480807403
56 0 0.00218814269493262
57 0 0.00220180223794342
58 0 0.00225979282158772
59 0 0.00234415458487869
60 0 0.00245667352148182
61 0 0.00261717956302965
62 0 0.00298097510194928
63 0 0.00345152357342182
64 0 0.00408495615140114
65 0 0.00489868591958798
66 0 0.00590212304952753
67 0 0.0064162342327051
68 0 0.00684094527447798
69 0 0.00714864268551141
70 0 0.0073485140584375
71 0 0.00744572079120887
72 0 0.00775694326437437
73 0 0.00800094325297862
74 0 0.0082642281537042
75 0 0.00861329767167784
76 0 0.00908940532494407
77 0 0.00967527844868132
78 0 0.0104025976880494
79 0 0.0113476079891277
80 0 0.0122126586744660
81 0 0.0129329024146518
82 0 0.0141161620440620
83 0 0.0157226449198115
84 0 0.0177552339154124
85 0 0.0199512790987811
86 0 0.0217006104810704
87 0 0.0227408358895885
88 0 0.0235119957644488
89 0 0.0240317729255258
90 0 0.0241897089379473
91 0 0.0333637010477786
92 0 0.0367951537423941
93 0 0.040975650764189
94 0 0.0463925394821678
95 0 0.0523033961307756
96 0 0.0606561654704985
97 0 0.0732255203653174
98 0 0.0880897789061927
99 0 0.101605128612772
100 0 0.121011878357598

death 1 M divorced
1 0 0.0211208729538244
2 0 0.00542417905888248
3 0 0.00354956676531282
4 0 0.00247140115683464
5 0 0.0021666330848491
6 0 0.00201902022694311
7 0 0.00156201646531873
8 0 0.00114746407868827
9 0 0.000866702877084236
10 0 0.000694311919690382
11 0 0.000598549847828256
12 0 0.000577665137455718
13 0 0.000567350364927499
14 0 0.000575903995832072
15 0 0.000580600449358593
16 0 0.000577078086454796
17 0 0.000560306802897537
18 0 0.000556282155454446
19 0 0.000564834744376297
20 0 0.000576071722134919
21 0 0.000589658581065522
22 0 0.000632948790690535
23 0 0.000680373563090031
24 0 0.000730343243237064
25 0 0.000777062456161937
26 0 0.000813210706033352
27 0 0.000815144622430708
28 0 0.00082784222660115
29 0 0.000839952853809334
30 0 0.000856018746814957
31 0 0.000866871141156134
32 0 0.000896574633708846
33 0 0.000922415316224612
34 0 0.000928139980014397
35 0 0.000918542954134627
36 0 0.000903980983267494
37 0 0.000866702877084236
38 0 0.00086258050469179
39 0 0.000886055288912946
40 0 0.000941190194771346
41 0 0.00102357611202253
42 0 0.00115176819581020
43 0 0.00125808554901774
44 0 0.00133365581666101
45 0 0.00136486592042939
46 0 0.00136182055989442
47 0 0.00131141776382138
48 0 0.00130981142342568
49 0 0.00134228192687769
50 0 0.00140505733014418
51 0 0.00149404940681030
52 0 0.00166312896631982
53 0 0.00182801753299267
54 0 0.00197625653339450
55 0 0.00209454480807403
56 0 0.00218814269493262
57 0 0.00220180223794342
58 0 0.00225979282158772
59 0 0.00234415458487869
60 0 0.00245667352148182
61 0 0.00261717956302965
62 0 0.00298097510194928
63 0 0.00345152357342182
64 0 0.00408495615140114
65 0 0.00489868591958798
66 0 0.00590212304952753
67 0 0.0064162342327051
68 0 0.00684094527447798
69 0 0.00714864268551141
70 0 0.0073485140584375
71 0 0.00744572079120887
72 0 0.00775694326437437
73 0 0.00800094325297862
74 0 0.0082642281537042
75 0 0.00861329767167784
76 0 0.00908940532494407
77 0 0.00967527844868132
78 0 0.0104025976880494
79 0 0.0113476079891277
80 0 0.0122126586744660
81 0 0.0129329024146518
82 0 0.0141161620440620
83 0 0.0157226449198115
84 0 0.0177552339154124
85 0 0.0199512790987811
86 0 0.0217006104810704
87 0 0.0227408358895885
88 0 0.0235119957644488
89 0 0.0240317729255258
90 0 0.0241897089379473
91 0 0.0333637010477786
92 0 0.0367951537423941
93 0 0.040975650764189
94 0 0.0463925394821678
95 0 0.0523033961307756
96 0 0.0606561654704985
97 0 0.0732255203653174
98 0 0.0880897789061927
99 0 0.101605128612772
100 0 0.121011878357598

death 1 M widowed
1 0 0.0211208729538244
2 0 0.00542417905888248
3 0 0.00354956676531282
4 0 0.00247140115683464
5 0 0.0021666330848491
6 0 0.00201902022694311
7 0 0.00156201646531873
8 0 0.00114746407868827
9 0 0.000866702877084236
10 0 0.000694311919690382
11 0 0.000598549847828256
12 0 0.000577665137455718
13 0 0.000567350364927499
14 0 0.000575903995832072
15 0 0.000580600449358593
16 0 0.000577078086454796
17 0 0.000560306802897537
18 0 0.000556282155454446
19 0 0.000564834744376297
20 0 0.000576071722134919
21 0 0.000589658581065522
22 0 0.000632948790690535
23 0 0.000680373563090031
24 0 0.000730343243237064
25 0 0.000777062456161937
26 0 0.000813210706033352
27 0 0.000815144622430708
28 0 0.00082784222660115
29 0 0.000839952853809334
30 0 0.000856018746814957
31 0 0.000866871141156134
32 0 0.000896574633708846
33 0 0.000922415316224612
34 0 0.000928139980014397
35 0 0.000918542954134627
36 0 0.000903980983267494
37 0 0.000866702877084236
38 0 0.00086258050469179
39 0 0.000886055288912946
40 0 0.000941190194771346
41 0 0.00102357611202253
42 0 0.00115176819581020
43 0 0.00125808554901774
44 0 0.00133365581666101
45 0 0.00136486592042939
46 0 0.00136182055989442
47 0 0.00131141776382138
48 0 0.00130981142342568
49 0 0.00134228192687769
50 0 0.00140505733014418
51 0 0.00149404940681030
52 0 0.00166312896631982
53 0 0.00182801753299267
54 0 0.00197625653339450
55 0 0.00209454480807403
56 0 0.00218814269493262
57 0 0.00220180223794342
58 0 0.00225979282158772
59 0 0.00234415458487869
60 0 0.00245667352148182
61 0 0.00261717956302965
62 0 0.00298097510194928
63 0 0.00345152357342182
64 0 0.00408495615140114
65 0 0.00489868591958798
66 0 0.00590212304952753
67 0 0.0064162342327051
68 0 0.00684094527447798
69 0 0.00714864268551141
70 0 0.0073485140584375
71 0 0.00744572079120887
72 0 0.00775694326437437
73 0 0.00800094325297862
74 0 0.0082642281537042
75 0 0.00861329767167784
76 0 0.00908940532494407
77 0 0.00967527844868132
78 0 0.0104025976880494
79 0 0.0113476079891277
80 0 0.0122126586744660
81 0 0.0129329024146518
82 0 0.0141161620440620
83 0 0.0157226449198115
84 0 0.0177552339154124
85 0 0.0199512790987811
86 0 0.0217006104810704
87 0 0.0227408358895885
88 0 0.0235119957644488
89 0 0.0240317729255258
90 0 0.0241897089379473
91 0 0.0333637010477786
92 0 0.0367951537423941
93 0 0.040975650764189
94 0 0.0463925394821678
95 0 0.0523033961307756
96 0 0.0606561654704985
97 0 0.0732255203653174
98 0 0.0880897789061927
99 0 0.101605128612772
100 0 0.121011878357598

death 1 F married
1 0 0.0181689303213394
2 0 0.00501292832949762
3 0 0.00327812929743165
4 0 0.00227577023225078
5 0 0.0019897138490812
6 0 0.0018488516722428
7 0 0.00142350903071109
8 0 0.00104144467847833
9 0 0.000787653244104236
10 0 0.00063403970193654
11 0 0.000550580876731099
12 0 0.000535490983190945
13 0 0.000527276428009538
14 0 0.000532138013823458
15 0 0.000529874829445887
16 0 0.000518308322918215
17 0 0.000491157962297595
18 0 0.000482863636652953
19 0 0.00049300124859808
20 0 0.000513028450724096
21 0 0.000539179392412104
22 0 0.000589994084768786
23 0 0.00063563413424439
24 0 0.000673657046368792
25 0 0.000697586904087832
26 0 0.000702961493313725
27 0 0.000685999027952966
28 0 0.000691288961955361
29 0 0.000708252415159261
30 0 0.000740760554463815
31 0 0.000776726260892757
32 0 0.000831206127750894
33 0 0.000873938513663686
34 0 0.000890431188358742
35 0 0.000885382092325138
36 0 0.000865609168215209
37 0 0.000821871608853497
38 0 0.000814387867632549
39 0 0.000840793929549832
40 0 0.000901961009856067
41 0 0.000986922840766513
42 0 0.00110291579255206
43 0 0.00118975454434356
44 0 0.00123747102853922
45 0 0.00122716552316582
46 0 0.00116755170428573
47 0 0.00107854160709087
48 0 0.00104338346078969
49 0 0.00104869425039722
50 0 0.00108748086004229
51 0 0.00115716972949020
52 0 0.00129746891383331
53 0 0.00143290560383080
54 0 0.00155235220888028
55 0 0.00164691963431474
56 0 0.00172748565832492
57 0 0.00171907764136814
58 0 0.00177268147876619
59 0 0.00187377388477261
60 0 0.00201433397838202
61 0 0.00220410748868127
62 0 0.00259822625944695
63 0 0.00307928607936914
64 0 0.00367522056388425
65 0 0.00438436111203044
66 0 0.00522207147797493
67 0 0.00566993185668185
68 0 0.00608436730057271
69 0 0.0064675918364876
70 0 0.00682584847608447
71 0 0.00718580294999549
72 0 0.0078372340188031
73 0 0.00842981275992094
74 0 0.00897154560381963
75 0 0.00954025823486826
76 0 0.0101577016078231
77 0 0.0105099906524394
78 0 0.0110219598748730
79 0 0.0116844922089449
80 0 0.0122831824741525
81 0 0.0129878279554414
82 0 0.0144273391491314
83 0 0.0162069746414126
84 0 0.0181958508566104
85 0 0.0199409822455066
86 0 0.0208246937553100
87 0 0.0211921450627471
88 0 0.021581245736063
89 0 0.0220871523885379
90 0 0.0227205532854504
91 0 0.0300079644844283
92 0 0.0327484404978086
93 0 0.0357205703773258
94 0 0.0390052487057057
95 0 0.0433714796491854
96 0 0.048720995004672
97 0 0.0538853072703416
98 0 0.0599766827378057
99 0 0.0685219060385588
100 0 0.0796060685091883

death 1 F single
1 0 0.0181689303213394
2 0 0.00501292832949762
3 0 0.00327812929743165
4 0 0.00227577023225078
5 0 0.0019897138490812
6 0 0.0018488516722428
7 0 0.00142350903071109
8 0 0.00104144467847833
9 0 0.000787653244104236
10 0 0.00063403970193654
11 0 0.000550580876731099
12 0 0.000535490983190945
13 0 0.000527276428009538
14 0 0.000532138013823458
15 0 0.000529874829445887
16 0 0.000518308322918215
17 0 0.000491157962297595
18 0 0.000482863636652953
19 0 0.00049300124859808
20 0 0.000513028450724096
21 0 0.000539179392412104
22 0 0.000589994084768786
23 0 0.00063563413424439
24 0 0.000673657046368792
25 0 0.000697586904087832
26 0 0.000702961493313725
27 0 0.000685999027952966
28 0 0.000691288961955361
29 0 0.000708252415159261
30 0 0.000740760554463815
31 0 0.000776726260892757
32 0 0.000831206127750894
33 0 0.000873938513663686
34 0 0.000890431188358742
35 0 0.000885382092325138
36 0 0.000865609168215209
37 0 0.000821871608853497
38 0 0.000814387867632549
39 0 0.000840793929549832
40 0 0.000901961009856067
41 0 0.000986922840766513
42 0 0.00110291579255206
43 0 0.00118975454434356
44 0 0.00123747102853922
45 0 0.00122716552316582
46 0 0.00116755170428573
47 0 0.00107854160709087
48 0 0.00104338346078969
49 0 0.00104869425039722
50 0 0.00108748086004229
51 0 0.00115716972949020
52 0 0.00129746891383331
53 0 0.00143290560383080
54 0 0.00155235220888028
55 0 0.00164691963431474
56 0 0.00172748565832492
57 0 0.00171907764136814
58 0 0.00177268147876619
59 0 0.00187377388477261
60 0 0.00201433397838202
61 0 0.00220410748868127
62 0 0.00259822625944695
63 0 0.00307928607936914
64 0 0.00367522056388425
65 0 0.00438436111203044
66 0 0.00522207147797493
67 0 0.00566993185668185
68 0 0.00608436730057271
69 0 0.0064675918364876
70 0 0.00682584847608447
71 0 0.00718580294999549
72 0 0.0078372340188031
73 0 0.00842981275992094
74 0 0.00897154560381963
75 0 0.00954025823486826
76 0 0.0101577016078231
77 0 0.0105099906524394
78 0 0.0110219598748730
79 0 0.0116844922089449
80 0 0.0122831824741525
81 0 0.0129878279554414
82 0 0.0144273391491314
83 0 0.0162069746414126
84 0 0.0181958508566104
85 0 0.0199409822455066
86 0 0.0208246937553100
87 0 0.0211921450627471
88 0 0.021581245736063
89 0 0.0220871523885379
90 0 0.0227205532854504
91 0 0.0300079644844283
92 0 0.0327484404978086
93 0 0.0357205703773258
94 0 0.0390052487057057
95 0 0.0433714796491854
96 0 0.048720995004672
97 0 0.0538853072703416
98 0 0.0599766827378057
99 0 0.0685219060385588
100 0 0.0796060685091883

death 1 F divorced
1 0 0.0181689303213394
2 0 0.00501292832949762
3 0 0.00327812929743165
4 0 0.00227577023225078
5 0 0.0019897138490812
6 0 0.0018488516722428
7 0 0.00142350903071109
8 0 0.00104144467847833
9 0 0.000787653244104236
10 0 0.00063403970193654
11 0 0.000550580876731099
12 0 0.000535490983190945
13 0 0.000527276428009538
14 0 0.000532138013823458
15 0 0.000529874829445887
16 0 0.000518308322918215
17 0 0.000491157962297595
18 0 0.000482863636652953
19 0 0.00049300124859808
20 0 0.000513028450724096
21 0 0.000539179392412104
22 0 0.000589994084768786
23 0 0.00063563413424439
24 0 0.000673657046368792
25 0 0.000697586904087832
26 0 0.000702961493313725
27 0 0.000685999027952966
28 0 0.000691288961955361
29 0 0.000708252415159261
30 0 0.000740760554463815
31 0 0.000776726260892757
32 0 0.000831206127750894
33 0 0.000873938513663686
34 0 0.000890431188358742
35 0 0.000885382092325138
36 0 0.000865609168215209
37 0 0.000821871608853497
38 0 0.000814387867632549
39 0 0.000840793929549832
40 0 0.000901961009856067
41 0 0.000986922840766513
42 0 0.00110291579255206
43 0 0.00118975454434356
44 0 0.00123747102853922
45 0 0.00122716552316582
46 0 0.00116755170428573
47 0 0.00107854160709087
48 0 0.00104338346078969
49 0 0.00104869425039722
50 0 0.00108748086004229
51 0 0.00115716972949020
52 0 0.00129746891383331
53 0 0.00143290560383080
54 0 0.00155235220888028
55 0 0.00164691963431474
56 0 0.00172748565832492
57 0 0.00171907764136814
58 0 0.00177268147876619
59 0 0.00187377388477261
60 0 0.00201433397838202
61 0 0.00220410748868127
62 0 0.00259822625944695
63 0 0.00307928607936914
64 0 0.00367522056388425
65 0 0.00438436111203044
66 0 0.00522207147797493
67 0 0.00566993185668185
68 0 0.00608436730057271
69 0 0.0064675918364876
70 0 0.00682584847608447
71 0 0.00718580294999549
72 0 0.0078372340188031
73 0 0.00842981275992094
74 0 0.00897154560381963
75 0 0.00954025823486826
76 0 0.0101577016078231
77 0 0.0105099906524394
78 0 0.0110219598748730
79 0 0.0116844922089449
80 0 0.0122831824741525
81 0 0.0129878279554414
82 0 0.0144273391491314
83 0 0.0162069746414126
84 0 0.0181958508566104
85 0 0.0199409822455066
86 0 0.0208246937553100
87 0 0.0211921450627471
88 0 0.021581245736063
89 0 0.0220871523885379
90 0 0.0227205532854504
91 0 0.0300079644844283
92 0 0.0327484404978086
93 0 0.0357205703773258
94 0 0.0390052487057057
95 0 0.0433714796491854
96 0 0.048720995004672
97 0 0.0538853072703416
98 0 0.0599766827378057
99 0 0.0685219060385588
100 0 0.0796060685091883

death 1 F widowed
1 0 0.0181689303213394
2 0 0.00501292832949762
3 0 0.00327812929743165
4 0 0.00227577023225078
5 0 0.0019897138490812
6 0 0.0018488516722428
7 0 0.00142350903071109
8 0 0.00104144467847833
9 0 0.000787653244104236
10 0 0.00063403970193654
11 0 0.000550580876731099
12 0 0.000535490983190945
13 0 0.000527276428009538
14 0 0.000532138013823458
15 0 0.000529874829445887
16 0 0.000518308322918215
17 0 0.000491157962297595
18 0 0.000482863636652953
19 0 0.00049300124859808
20 0 0.000513028450724096
21 0 0.000539179392412104
22 0 0.000589994084768786
23 0 0.00063563413424439
24 0 0.000673657046368792
25 0 0.000697586904087832
26 0 0.000702961493313725
27 0 0.000685999027952966
28 0 0.000691288961955361
29 0 0.000708252415159261
30 0 0.000740760554463815
31 0 0.000776726260892757
32 0 0.000831206127750894
33 0 0.000873938513663686
34 0 0.000890431188358742
35 0 0.000885382092325138
36 0 0.000865609168215209
37 0 0.000821871608853497
38 0 0.000814387867632549
39 0 0.000840793929549832
40 0 0.000901961009856067
41 0 0.000986922840766513
42 0 0.00110291579255206
43 0 0.00118975454434356
44 0 0.00123747102853922
45 0 0.00122716552316582
46 0 0.00116755170428573
47 0 0.00107854160709087
48 0 0.00104338346078969
49 0 0.00104869425039722
50 0 0.00108748086004229
51 0 0.00115716972949020
52 0 0.00129746891383331
53 0 0.00143290560383080
54 0 0.00155235220888028
55 0 0.00164691963431474
56 0 0.00172748565832492
57 0 0.00171907764136814
58 0 0.00177268147876619
59 0 0.00187377388477261
60 0 0.00201433397838202
61 0 0.00220410748868127
62 0 0.00259822625944695
63 0 0.00307928607936914
64 0 0.00367522056388425
65 0 0.00438436111203044
66 0 0.00522207147797493
67 0 0.00566993185668185
68 0 0.00608436730057271
69 0 0.0064675918364876
70 0 0.00682584847608447
71 0 0.00718580294999549
72 0 0.0078372340188031
73 0 0.00842981275992094
74 0 0.00897154560381963
75 0 0.00954025823486826
76 0 0.0101577016078231
77 0 0.0105099906524394
78 0 0.0110219598748730
79 0 0.0116844922089449
80 0 0.0122831824741525
81 0 0.0129878279554414
82 0 0.0144273391491314
83 0 0.0162069746414126
84 0 0.0181958508566104
85 0 0.0199409822455066
86 0 0.0208246937553100
87 0 0.0211921450627471
88 0 0.021581245736063
89 0 0.0220871523885379
90 0 0.0227205532854504
91 0 0.0300079644844283
92 0 0.0327484404978086
93 0 0.0357205703773258
94 0 0.0390052487057057
95 0 0.0433714796491854
96 0 0.048720995004672
97 0 0.0538853072703416
98 0 0.0599766827378057
99 0 0.0685219060385588
100 0 0.0796060685091883
