*Period monthly mortality rates for SWE in 1944 
* Mon Dec 20 14:21:03 2010
death 1 M married
1 0 0.00320558382522051
2 0 0.000335869752592588
3 0 0.000257781835911186
4 0 0.000165650837797404
5 0 0.000161226222950339
6 0 0.000143613382133645
7 0 0.000130593760195308
8 0 0.000115489997100204
9 0 0.000106812726936467
10 0 0.000127756397783396
11 0 0.0000858738805041837
12 0 0.0000878757927471607
13 0 0.0000989705223012338
14 0 0.0000820370052659891
15 0 0.0000833715521976197
16 0 0.000109732869613022
17 0 0.000132847022852989
18 0 0.000195042425878311
19 0 0.000202809404568738
20 0 0.000231210460706732
21 0 0.000283441447588295
22 0 0.000352516002279812
23 0 0.000327422319846282
24 0 0.000304843928336296
25 0 0.000372344911752420
26 0 0.000249174533577201
27 0 0.000227116819939699
28 0 0.000251597866353981
29 0 0.000279429043501978
30 0 0.000233967506351962
31 0 0.000226364946780078
32 0 0.000208655955391435
33 0 0.00020414572588634
34 0 0.000215672312843584
35 0 0.000243241819165796
36 0 0.000234719442406828
37 0 0.000244662292989029
38 0 0.000275751162031268
39 0 0.000247921110942628
40 0 0.000308941071673452
41 0 0.000288624398392279
42 0 0.000252767774269080
43 0 0.000369499992233235
44 0 0.000318557541756026
45 0 0.000362053418690222
46 0 0.00041402482446895
47 0 0.000407662798336816
48 0 0.000462926840045674
49 0 0.000553179944719928
50 0 0.000548233395352482
51 0 0.000600814743507483
52 0 0.000632109637107137
53 0 0.000678106683181912
54 0 0.000801355857505515
55 0 0.000821703428121157
56 0 0.000901287695368569
57 0 0.00109608361355984
58 0 0.00115826695528209
59 0 0.00122099967350275
60 0 0.00121145610170625
61 0 0.00130626066655626
62 0 0.00159712163187886
63 0 0.00173920722428311
64 0 0.00188559944480293
65 0 0.00204450061397732
66 0 0.00212303202634401
67 0 0.00237494437332109
68 0 0.00262215438959135
69 0 0.00298252519251185
70 0 0.00337079557817499
71 0 0.00364728242989443
72 0 0.00397449035502784
73 0 0.00436835732953111
74 0 0.00462423191057548
75 0 0.00551924708487095
76 0 0.00581544792252209
77 0 0.00676755180552058
78 0 0.00732944669873603
79 0 0.00861210619580344
80 0 0.00939813598034156
81 0 0.0101756983294564
82 0 0.0113235188712200
83 0 0.0128694576601426
84 0 0.0140250049408888
85 0 0.0160346869454802
86 0 0.0162230345286052
87 0 0.0196375000180841
88 0 0.0220787360418360
89 0 0.0251079970386119
90 0 0.0253950577339781
91 0 0.0293495745418537
92 0 0.0276403379699641
93 0 0.0336947599028022
94 0 0.0370487660403392
95 0 0.0487188297073153
96 0 0.0646392219905773
97 0 0.0497368475998197
98 0 0.0519864833719463
99 0 0.075028591959493
100 0 0.0648677272623563

death 1 M single
1 0 0.00320558382522051
2 0 0.000335869752592588
3 0 0.000257781835911186
4 0 0.000165650837797404
5 0 0.000161226222950339
6 0 0.000143613382133645
7 0 0.000130593760195308
8 0 0.000115489997100204
9 0 0.000106812726936467
10 0 0.000127756397783396
11 0 0.0000858738805041837
12 0 0.0000878757927471607
13 0 0.0000989705223012338
14 0 0.0000820370052659891
15 0 0.0000833715521976197
16 0 0.000109732869613022
17 0 0.000132847022852989
18 0 0.000195042425878311
19 0 0.000202809404568738
20 0 0.000231210460706732
21 0 0.000283441447588295
22 0 0.000352516002279812
23 0 0.000327422319846282
24 0 0.000304843928336296
25 0 0.000372344911752420
26 0 0.000249174533577201
27 0 0.000227116819939699
28 0 0.000251597866353981
29 0 0.000279429043501978
30 0 0.000233967506351962
31 0 0.000226364946780078
32 0 0.000208655955391435
33 0 0.00020414572588634
34 0 0.000215672312843584
35 0 0.000243241819165796
36 0 0.000234719442406828
37 0 0.000244662292989029
38 0 0.000275751162031268
39 0 0.000247921110942628
40 0 0.000308941071673452
41 0 0.000288624398392279
42 0 0.000252767774269080
43 0 0.000369499992233235
44 0 0.000318557541756026
45 0 0.000362053418690222
46 0 0.00041402482446895
47 0 0.000407662798336816
48 0 0.000462926840045674
49 0 0.000553179944719928
50 0 0.000548233395352482
51 0 0.000600814743507483
52 0 0.000632109637107137
53 0 0.000678106683181912
54 0 0.000801355857505515
55 0 0.000821703428121157
56 0 0.000901287695368569
57 0 0.00109608361355984
58 0 0.00115826695528209
59 0 0.00122099967350275
60 0 0.00121145610170625
61 0 0.00130626066655626
62 0 0.00159712163187886
63 0 0.00173920722428311
64 0 0.00188559944480293
65 0 0.00204450061397732
66 0 0.00212303202634401
67 0 0.00237494437332109
68 0 0.00262215438959135
69 0 0.00298252519251185
70 0 0.00337079557817499
71 0 0.00364728242989443
72 0 0.00397449035502784
73 0 0.00436835732953111
74 0 0.00462423191057548
75 0 0.00551924708487095
76 0 0.00581544792252209
77 0 0.00676755180552058
78 0 0.00732944669873603
79 0 0.00861210619580344
80 0 0.00939813598034156
81 0 0.0101756983294564
82 0 0.0113235188712200
83 0 0.0128694576601426
84 0 0.0140250049408888
85 0 0.0160346869454802
86 0 0.0162230345286052
87 0 0.0196375000180841
88 0 0.0220787360418360
89 0 0.0251079970386119
90 0 0.0253950577339781
91 0 0.0293495745418537
92 0 0.0276403379699641
93 0 0.0336947599028022
94 0 0.0370487660403392
95 0 0.0487188297073153
96 0 0.0646392219905773
97 0 0.0497368475998197
98 0 0.0519864833719463
99 0 0.075028591959493
100 0 0.0648677272623563

death 1 M divorced
1 0 0.00320558382522051
2 0 0.000335869752592588
3 0 0.000257781835911186
4 0 0.000165650837797404
5 0 0.000161226222950339
6 0 0.000143613382133645
7 0 0.000130593760195308
8 0 0.000115489997100204
9 0 0.000106812726936467
10 0 0.000127756397783396
11 0 0.0000858738805041837
12 0 0.0000878757927471607
13 0 0.0000989705223012338
14 0 0.0000820370052659891
15 0 0.0000833715521976197
16 0 0.000109732869613022
17 0 0.000132847022852989
18 0 0.000195042425878311
19 0 0.000202809404568738
20 0 0.000231210460706732
21 0 0.000283441447588295
22 0 0.000352516002279812
23 0 0.000327422319846282
24 0 0.000304843928336296
25 0 0.000372344911752420
26 0 0.000249174533577201
27 0 0.000227116819939699
28 0 0.000251597866353981
29 0 0.000279429043501978
30 0 0.000233967506351962
31 0 0.000226364946780078
32 0 0.000208655955391435
33 0 0.00020414572588634
34 0 0.000215672312843584
35 0 0.000243241819165796
36 0 0.000234719442406828
37 0 0.000244662292989029
38 0 0.000275751162031268
39 0 0.000247921110942628
40 0 0.000308941071673452
41 0 0.000288624398392279
42 0 0.000252767774269080
43 0 0.000369499992233235
44 0 0.000318557541756026
45 0 0.000362053418690222
46 0 0.00041402482446895
47 0 0.000407662798336816
48 0 0.000462926840045674
49 0 0.000553179944719928
50 0 0.000548233395352482
51 0 0.000600814743507483
52 0 0.000632109637107137
53 0 0.000678106683181912
54 0 0.000801355857505515
55 0 0.000821703428121157
56 0 0.000901287695368569
57 0 0.00109608361355984
58 0 0.00115826695528209
59 0 0.00122099967350275
60 0 0.00121145610170625
61 0 0.00130626066655626
62 0 0.00159712163187886
63 0 0.00173920722428311
64 0 0.00188559944480293
65 0 0.00204450061397732
66 0 0.00212303202634401
67 0 0.00237494437332109
68 0 0.00262215438959135
69 0 0.00298252519251185
70 0 0.00337079557817499
71 0 0.00364728242989443
72 0 0.00397449035502784
73 0 0.00436835732953111
74 0 0.00462423191057548
75 0 0.00551924708487095
76 0 0.00581544792252209
77 0 0.00676755180552058
78 0 0.00732944669873603
79 0 0.00861210619580344
80 0 0.00939813598034156
81 0 0.0101756983294564
82 0 0.0113235188712200
83 0 0.0128694576601426
84 0 0.0140250049408888
85 0 0.0160346869454802
86 0 0.0162230345286052
87 0 0.0196375000180841
88 0 0.0220787360418360
89 0 0.0251079970386119
90 0 0.0253950577339781
91 0 0.0293495745418537
92 0 0.0276403379699641
93 0 0.0336947599028022
94 0 0.0370487660403392
95 0 0.0487188297073153
96 0 0.0646392219905773
97 0 0.0497368475998197
98 0 0.0519864833719463
99 0 0.075028591959493
100 0 0.0648677272623563

death 1 M widowed
1 0 0.00320558382522051
2 0 0.000335869752592588
3 0 0.000257781835911186
4 0 0.000165650837797404
5 0 0.000161226222950339
6 0 0.000143613382133645
7 0 0.000130593760195308
8 0 0.000115489997100204
9 0 0.000106812726936467
10 0 0.000127756397783396
11 0 0.0000858738805041837
12 0 0.0000878757927471607
13 0 0.0000989705223012338
14 0 0.0000820370052659891
15 0 0.0000833715521976197
16 0 0.000109732869613022
17 0 0.000132847022852989
18 0 0.000195042425878311
19 0 0.000202809404568738
20 0 0.000231210460706732
21 0 0.000283441447588295
22 0 0.000352516002279812
23 0 0.000327422319846282
24 0 0.000304843928336296
25 0 0.000372344911752420
26 0 0.000249174533577201
27 0 0.000227116819939699
28 0 0.000251597866353981
29 0 0.000279429043501978
30 0 0.000233967506351962
31 0 0.000226364946780078
32 0 0.000208655955391435
33 0 0.00020414572588634
34 0 0.000215672312843584
35 0 0.000243241819165796
36 0 0.000234719442406828
37 0 0.000244662292989029
38 0 0.000275751162031268
39 0 0.000247921110942628
40 0 0.000308941071673452
41 0 0.000288624398392279
42 0 0.000252767774269080
43 0 0.000369499992233235
44 0 0.000318557541756026
45 0 0.000362053418690222
46 0 0.00041402482446895
47 0 0.000407662798336816
48 0 0.000462926840045674
49 0 0.000553179944719928
50 0 0.000548233395352482
51 0 0.000600814743507483
52 0 0.000632109637107137
53 0 0.000678106683181912
54 0 0.000801355857505515
55 0 0.000821703428121157
56 0 0.000901287695368569
57 0 0.00109608361355984
58 0 0.00115826695528209
59 0 0.00122099967350275
60 0 0.00121145610170625
61 0 0.00130626066655626
62 0 0.00159712163187886
63 0 0.00173920722428311
64 0 0.00188559944480293
65 0 0.00204450061397732
66 0 0.00212303202634401
67 0 0.00237494437332109
68 0 0.00262215438959135
69 0 0.00298252519251185
70 0 0.00337079557817499
71 0 0.00364728242989443
72 0 0.00397449035502784
73 0 0.00436835732953111
74 0 0.00462423191057548
75 0 0.00551924708487095
76 0 0.00581544792252209
77 0 0.00676755180552058
78 0 0.00732944669873603
79 0 0.00861210619580344
80 0 0.00939813598034156
81 0 0.0101756983294564
82 0 0.0113235188712200
83 0 0.0128694576601426
84 0 0.0140250049408888
85 0 0.0160346869454802
86 0 0.0162230345286052
87 0 0.0196375000180841
88 0 0.0220787360418360
89 0 0.0251079970386119
90 0 0.0253950577339781
91 0 0.0293495745418537
92 0 0.0276403379699641
93 0 0.0336947599028022
94 0 0.0370487660403392
95 0 0.0487188297073153
96 0 0.0646392219905773
97 0 0.0497368475998197
98 0 0.0519864833719463
99 0 0.075028591959493
100 0 0.0648677272623563

death 1 F married
1 0 0.00235296281801611
2 0 0.000269064486102977
3 0 0.000188361684879013
4 0 0.000150958607041618
5 0 0.000134599599093232
6 0 0.000117492561700461
7 0 0.000101139575045428
8 0 0.0000820370052659891
9 0 0.0000680254452664064
10 0 0.000072195326677682
11 0 0.0000617709817775092
12 0 0.0000705273511594218
13 0 0.0000642727155337752
14 0 0.0000649398561636261
15 0 0.000076198592797394
16 0 0.0000959673039454545
17 0 0.000110817517928963
18 0 0.000133097388818504
19 0 0.000152795006016726
20 0 0.000149456126384950
21 0 0.000162311485901623
22 0 0.000177423031774704
23 0 0.000195376475818687
24 0 0.000159723572563331
25 0 0.000176337588378983
26 0 0.000186775081050139
27 0 0.000154464491826767
28 0 0.000159807052488747
29 0 0.000189280257649194
30 0 0.000196378633006256
31 0 0.000199969787002208
32 0 0.000179677455631078
33 0 0.000213416996021731
34 0 0.000221352617994386
35 0 0.000196879715743670
36 0 0.000209992362671829
37 0 0.000205482066851559
38 0 0.000237894352112966
39 0 0.000262545450704255
40 0 0.000242991149619232
41 0 0.000234970089140862
42 0 0.00028202036754843
43 0 0.00027650344386021
44 0 0.000332273224842417
45 0 0.000324578806260467
46 0 0.000348333240664411
47 0 0.000415699115904666
48 0 0.000406323481168425
49 0 0.000410592623462991
50 0 0.000410174071233005
51 0 0.000482863636652953
52 0 0.000532305659353249
53 0 0.000523756131692754
54 0 0.000590748972630784
55 0 0.000693892058434065
56 0 0.000688434038677022
57 0 0.000862664632870547
58 0 0.000775129350355619
59 0 0.000997032610566162
60 0 0.00103647146963726
61 0 0.00111160436757674
62 0 0.00101641281558307
63 0 0.00134143619355886
64 0 0.00156557724024786
65 0 0.00160712993930157
66 0 0.00175840668257565
67 0 0.00202413277418301
68 0 0.00231764952918545
69 0 0.00260688768490291
70 0 0.00279120330797988
71 0 0.00321611658702037
72 0 0.00350399639542964
73 0 0.0039099111482227
74 0 0.00442871424599445
75 0 0.00496186227125872
76 0 0.00573373831212209
77 0 0.00626447950629705
78 0 0.00677608286528042
79 0 0.00778663524907641
80 0 0.00798164649727273
81 0 0.00984831113133178
82 0 0.0113238022350789
83 0 0.0116839232028487
84 0 0.0129097302668669
85 0 0.0150708770261713
86 0 0.0171242020781979
87 0 0.0186637684232985
88 0 0.0190262059526892
89 0 0.0221470486470944
90 0 0.0241611310086971
91 0 0.0251928039574784
92 0 0.0301271197389081
93 0 0.037645604409807
94 0 0.0360972375796543
95 0 0.0365482982877646
96 0 0.0371079891573483
97 0 0.0550720521627803
98 0 0.0470896682533632
99 0 0.041675471372852
100 0 0.0704418471782167

death 1 F single
1 0 0.00235296281801611
2 0 0.000269064486102977
3 0 0.000188361684879013
4 0 0.000150958607041618
5 0 0.000134599599093232
6 0 0.000117492561700461
7 0 0.000101139575045428
8 0 0.0000820370052659891
9 0 0.0000680254452664064
10 0 0.000072195326677682
11 0 0.0000617709817775092
12 0 0.0000705273511594218
13 0 0.0000642727155337752
14 0 0.0000649398561636261
15 0 0.000076198592797394
16 0 0.0000959673039454545
17 0 0.000110817517928963
18 0 0.000133097388818504
19 0 0.000152795006016726
20 0 0.000149456126384950
21 0 0.000162311485901623
22 0 0.000177423031774704
23 0 0.000195376475818687
24 0 0.000159723572563331
25 0 0.000176337588378983
26 0 0.000186775081050139
27 0 0.000154464491826767
28 0 0.000159807052488747
29 0 0.000189280257649194
30 0 0.000196378633006256
31 0 0.000199969787002208
32 0 0.000179677455631078
33 0 0.000213416996021731
34 0 0.000221352617994386
35 0 0.000196879715743670
36 0 0.000209992362671829
37 0 0.000205482066851559
38 0 0.000237894352112966
39 0 0.000262545450704255
40 0 0.000242991149619232
41 0 0.000234970089140862
42 0 0.00028202036754843
43 0 0.00027650344386021
44 0 0.000332273224842417
45 0 0.000324578806260467
46 0 0.000348333240664411
47 0 0.000415699115904666
48 0 0.000406323481168425
49 0 0.000410592623462991
50 0 0.000410174071233005
51 0 0.000482863636652953
52 0 0.000532305659353249
53 0 0.000523756131692754
54 0 0.000590748972630784
55 0 0.000693892058434065
56 0 0.000688434038677022
57 0 0.000862664632870547
58 0 0.000775129350355619
59 0 0.000997032610566162
60 0 0.00103647146963726
61 0 0.00111160436757674
62 0 0.00101641281558307
63 0 0.00134143619355886
64 0 0.00156557724024786
65 0 0.00160712993930157
66 0 0.00175840668257565
67 0 0.00202413277418301
68 0 0.00231764952918545
69 0 0.00260688768490291
70 0 0.00279120330797988
71 0 0.00321611658702037
72 0 0.00350399639542964
73 0 0.0039099111482227
74 0 0.00442871424599445
75 0 0.00496186227125872
76 0 0.00573373831212209
77 0 0.00626447950629705
78 0 0.00677608286528042
79 0 0.00778663524907641
80 0 0.00798164649727273
81 0 0.00984831113133178
82 0 0.0113238022350789
83 0 0.0116839232028487
84 0 0.0129097302668669
85 0 0.0150708770261713
86 0 0.0171242020781979
87 0 0.0186637684232985
88 0 0.0190262059526892
89 0 0.0221470486470944
90 0 0.0241611310086971
91 0 0.0251928039574784
92 0 0.0301271197389081
93 0 0.037645604409807
94 0 0.0360972375796543
95 0 0.0365482982877646
96 0 0.0371079891573483
97 0 0.0550720521627803
98 0 0.0470896682533632
99 0 0.041675471372852
100 0 0.0704418471782167

death 1 F divorced
1 0 0.00235296281801611
2 0 0.000269064486102977
3 0 0.000188361684879013
4 0 0.000150958607041618
5 0 0.000134599599093232
6 0 0.000117492561700461
7 0 0.000101139575045428
8 0 0.0000820370052659891
9 0 0.0000680254452664064
10 0 0.000072195326677682
11 0 0.0000617709817775092
12 0 0.0000705273511594218
13 0 0.0000642727155337752
14 0 0.0000649398561636261
15 0 0.000076198592797394
16 0 0.0000959673039454545
17 0 0.000110817517928963
18 0 0.000133097388818504
19 0 0.000152795006016726
20 0 0.000149456126384950
21 0 0.000162311485901623
22 0 0.000177423031774704
23 0 0.000195376475818687
24 0 0.000159723572563331
25 0 0.000176337588378983
26 0 0.000186775081050139
27 0 0.000154464491826767
28 0 0.000159807052488747
29 0 0.000189280257649194
30 0 0.000196378633006256
31 0 0.000199969787002208
32 0 0.000179677455631078
33 0 0.000213416996021731
34 0 0.000221352617994386
35 0 0.000196879715743670
36 0 0.000209992362671829
37 0 0.000205482066851559
38 0 0.000237894352112966
39 0 0.000262545450704255
40 0 0.000242991149619232
41 0 0.000234970089140862
42 0 0.00028202036754843
43 0 0.00027650344386021
44 0 0.000332273224842417
45 0 0.000324578806260467
46 0 0.000348333240664411
47 0 0.000415699115904666
48 0 0.000406323481168425
49 0 0.000410592623462991
50 0 0.000410174071233005
51 0 0.000482863636652953
52 0 0.000532305659353249
53 0 0.000523756131692754
54 0 0.000590748972630784
55 0 0.000693892058434065
56 0 0.000688434038677022
57 0 0.000862664632870547
58 0 0.000775129350355619
59 0 0.000997032610566162
60 0 0.00103647146963726
61 0 0.00111160436757674
62 0 0.00101641281558307
63 0 0.00134143619355886
64 0 0.00156557724024786
65 0 0.00160712993930157
66 0 0.00175840668257565
67 0 0.00202413277418301
68 0 0.00231764952918545
69 0 0.00260688768490291
70 0 0.00279120330797988
71 0 0.00321611658702037
72 0 0.00350399639542964
73 0 0.0039099111482227
74 0 0.00442871424599445
75 0 0.00496186227125872
76 0 0.00573373831212209
77 0 0.00626447950629705
78 0 0.00677608286528042
79 0 0.00778663524907641
80 0 0.00798164649727273
81 0 0.00984831113133178
82 0 0.0113238022350789
83 0 0.0116839232028487
84 0 0.0129097302668669
85 0 0.0150708770261713
86 0 0.0171242020781979
87 0 0.0186637684232985
88 0 0.0190262059526892
89 0 0.0221470486470944
90 0 0.0241611310086971
91 0 0.0251928039574784
92 0 0.0301271197389081
93 0 0.037645604409807
94 0 0.0360972375796543
95 0 0.0365482982877646
96 0 0.0371079891573483
97 0 0.0550720521627803
98 0 0.0470896682533632
99 0 0.041675471372852
100 0 0.0704418471782167

death 1 F widowed
1 0 0.00235296281801611
2 0 0.000269064486102977
3 0 0.000188361684879013
4 0 0.000150958607041618
5 0 0.000134599599093232
6 0 0.000117492561700461
7 0 0.000101139575045428
8 0 0.0000820370052659891
9 0 0.0000680254452664064
10 0 0.000072195326677682
11 0 0.0000617709817775092
12 0 0.0000705273511594218
13 0 0.0000642727155337752
14 0 0.0000649398561636261
15 0 0.000076198592797394
16 0 0.0000959673039454545
17 0 0.000110817517928963
18 0 0.000133097388818504
19 0 0.000152795006016726
20 0 0.000149456126384950
21 0 0.000162311485901623
22 0 0.000177423031774704
23 0 0.000195376475818687
24 0 0.000159723572563331
25 0 0.000176337588378983
26 0 0.000186775081050139
27 0 0.000154464491826767
28 0 0.000159807052488747
29 0 0.000189280257649194
30 0 0.000196378633006256
31 0 0.000199969787002208
32 0 0.000179677455631078
33 0 0.000213416996021731
34 0 0.000221352617994386
35 0 0.000196879715743670
36 0 0.000209992362671829
37 0 0.000205482066851559
38 0 0.000237894352112966
39 0 0.000262545450704255
40 0 0.000242991149619232
41 0 0.000234970089140862
42 0 0.00028202036754843
43 0 0.00027650344386021
44 0 0.000332273224842417
45 0 0.000324578806260467
46 0 0.000348333240664411
47 0 0.000415699115904666
48 0 0.000406323481168425
49 0 0.000410592623462991
50 0 0.000410174071233005
51 0 0.000482863636652953
52 0 0.000532305659353249
53 0 0.000523756131692754
54 0 0.000590748972630784
55 0 0.000693892058434065
56 0 0.000688434038677022
57 0 0.000862664632870547
58 0 0.000775129350355619
59 0 0.000997032610566162
60 0 0.00103647146963726
61 0 0.00111160436757674
62 0 0.00101641281558307
63 0 0.00134143619355886
64 0 0.00156557724024786
65 0 0.00160712993930157
66 0 0.00175840668257565
67 0 0.00202413277418301
68 0 0.00231764952918545
69 0 0.00260688768490291
70 0 0.00279120330797988
71 0 0.00321611658702037
72 0 0.00350399639542964
73 0 0.0039099111482227
74 0 0.00442871424599445
75 0 0.00496186227125872
76 0 0.00573373831212209
77 0 0.00626447950629705
78 0 0.00677608286528042
79 0 0.00778663524907641
80 0 0.00798164649727273
81 0 0.00984831113133178
82 0 0.0113238022350789
83 0 0.0116839232028487
84 0 0.0129097302668669
85 0 0.0150708770261713
86 0 0.0171242020781979
87 0 0.0186637684232985
88 0 0.0190262059526892
89 0 0.0221470486470944
90 0 0.0241611310086971
91 0 0.0251928039574784
92 0 0.0301271197389081
93 0 0.037645604409807
94 0 0.0360972375796543
95 0 0.0365482982877646
96 0 0.0371079891573483
97 0 0.0550720521627803
98 0 0.0470896682533632
99 0 0.041675471372852
100 0 0.0704418471782167
