*Period monthly mortality rates for SWE in 1832 
* Mon Dec 20 14:19:38 2010
death 1 M married
1 0 0.0186259453438056
2 0 0.00439074592418365
3 0 0.00288079215439363
4 0 0.00163622815170283
5 0 0.00104034886330662
6 0 0.000896322155164442
7 0 0.00078160121408355
8 0 0.000690617207230071
9 0 0.000626487508022966
10 0 0.000567350364927499
11 0 0.000506994686729323
12 0 0.000448437711812466
13 0 0.000420052418014349
14 0 0.000396697719786565
15 0 0.000374269466636323
16 0 0.000361133098035427
17 0 0.000372010210715756
18 0 0.000404398247320858
19 0 0.000451703845377405
20 0 0.000497861000819944
21 0 0.000543538614539152
22 0 0.000597627128738343
23 0 0.000680121684751289
24 0 0.000770843045087455
25 0 0.000799758513928439
26 0 0.00080076735923551
27 0 0.00082473072894651
28 0 0.000864263083070527
29 0 0.000896237995805516
30 0 0.00088437230679872
31 0 0.000877219980691568
32 0 0.000929487012169328
33 0 0.000987344058706818
34 0 0.00102189057967461
35 0 0.00104624956263555
36 0 0.00109346896501028
37 0 0.00114434161160348
38 0 0.00118815035493547
39 0 0.00119895807339798
40 0 0.00120326463213705
41 0 0.001232656015693
42 0 0.00132866657801689
43 0 0.00144255715092489
44 0 0.00149430355287272
45 0 0.00151082457340934
46 0 0.00155904925958061
47 0 0.00161781799455085
48 0 0.00171126482890882
49 0 0.00183141869839853
50 0 0.00199465437725532
51 0 0.00218515494406857
52 0 0.00234133271053383
53 0 0.0024446020693063
54 0 0.00251696922170341
55 0 0.00259419597719923
56 0 0.00267766795112789
57 0 0.00279635957316948
58 0 0.00294438344154657
59 0 0.00304670498482873
60 0 0.00333162559603217
61 0 0.00363990889404653
62 0 0.00378732001349902
63 0 0.00404687030394046
64 0 0.00439004619676686
65 0 0.00479732642217834
66 0 0.00511223747551226
67 0 0.00542895662957166
68 0 0.00587082151741447
69 0 0.00626715847412007
70 0 0.00668569461522728
71 0 0.00720384743098523
72 0 0.00790022689892489
73 0 0.00864996616865576
74 0 0.00955748358792108
75 0 0.0104965127235500
76 0 0.0115284351418938
77 0 0.0126524507014280
78 0 0.0135188057215211
79 0 0.0147014402152021
80 0 0.0160606732585169
81 0 0.0154676591284961
82 0 0.0159755738071675
83 0 0.0173319299694127
84 0 0.0188937167383793
85 0 0.0209382090614498
86 0 0.0240546447891521
87 0 0.0279024058211579
88 0 0.0323803347642908
89 0 0.0371103892327823
90 0 0.0413421602366286
91 0 0.0447000964478238
92 0 0.0475263709283866
93 0 0.0502785323005166
94 0 0.0475755045186219
95 0 0.037906413410851
96 0 0.0462985793836381
97 0 0.0581973040427405
98 0 0.04292988559063
99 0 0.0298923443647335
100 0 0.0130644528086724

death 1 M single
1 0 0.0186259453438056
2 0 0.00439074592418365
3 0 0.00288079215439363
4 0 0.00163622815170283
5 0 0.00104034886330662
6 0 0.000896322155164442
7 0 0.00078160121408355
8 0 0.000690617207230071
9 0 0.000626487508022966
10 0 0.000567350364927499
11 0 0.000506994686729323
12 0 0.000448437711812466
13 0 0.000420052418014349
14 0 0.000396697719786565
15 0 0.000374269466636323
16 0 0.000361133098035427
17 0 0.000372010210715756
18 0 0.000404398247320858
19 0 0.000451703845377405
20 0 0.000497861000819944
21 0 0.000543538614539152
22 0 0.000597627128738343
23 0 0.000680121684751289
24 0 0.000770843045087455
25 0 0.000799758513928439
26 0 0.00080076735923551
27 0 0.00082473072894651
28 0 0.000864263083070527
29 0 0.000896237995805516
30 0 0.00088437230679872
31 0 0.000877219980691568
32 0 0.000929487012169328
33 0 0.000987344058706818
34 0 0.00102189057967461
35 0 0.00104624956263555
36 0 0.00109346896501028
37 0 0.00114434161160348
38 0 0.00118815035493547
39 0 0.00119895807339798
40 0 0.00120326463213705
41 0 0.001232656015693
42 0 0.00132866657801689
43 0 0.00144255715092489
44 0 0.00149430355287272
45 0 0.00151082457340934
46 0 0.00155904925958061
47 0 0.00161781799455085
48 0 0.00171126482890882
49 0 0.00183141869839853
50 0 0.00199465437725532
51 0 0.00218515494406857
52 0 0.00234133271053383
53 0 0.0024446020693063
54 0 0.00251696922170341
55 0 0.00259419597719923
56 0 0.00267766795112789
57 0 0.00279635957316948
58 0 0.00294438344154657
59 0 0.00304670498482873
60 0 0.00333162559603217
61 0 0.00363990889404653
62 0 0.00378732001349902
63 0 0.00404687030394046
64 0 0.00439004619676686
65 0 0.00479732642217834
66 0 0.00511223747551226
67 0 0.00542895662957166
68 0 0.00587082151741447
69 0 0.00626715847412007
70 0 0.00668569461522728
71 0 0.00720384743098523
72 0 0.00790022689892489
73 0 0.00864996616865576
74 0 0.00955748358792108
75 0 0.0104965127235500
76 0 0.0115284351418938
77 0 0.0126524507014280
78 0 0.0135188057215211
79 0 0.0147014402152021
80 0 0.0160606732585169
81 0 0.0154676591284961
82 0 0.0159755738071675
83 0 0.0173319299694127
84 0 0.0188937167383793
85 0 0.0209382090614498
86 0 0.0240546447891521
87 0 0.0279024058211579
88 0 0.0323803347642908
89 0 0.0371103892327823
90 0 0.0413421602366286
91 0 0.0447000964478238
92 0 0.0475263709283866
93 0 0.0502785323005166
94 0 0.0475755045186219
95 0 0.037906413410851
96 0 0.0462985793836381
97 0 0.0581973040427405
98 0 0.04292988559063
99 0 0.0298923443647335
100 0 0.0130644528086724

death 1 M divorced
1 0 0.0186259453438056
2 0 0.00439074592418365
3 0 0.00288079215439363
4 0 0.00163622815170283
5 0 0.00104034886330662
6 0 0.000896322155164442
7 0 0.00078160121408355
8 0 0.000690617207230071
9 0 0.000626487508022966
10 0 0.000567350364927499
11 0 0.000506994686729323
12 0 0.000448437711812466
13 0 0.000420052418014349
14 0 0.000396697719786565
15 0 0.000374269466636323
16 0 0.000361133098035427
17 0 0.000372010210715756
18 0 0.000404398247320858
19 0 0.000451703845377405
20 0 0.000497861000819944
21 0 0.000543538614539152
22 0 0.000597627128738343
23 0 0.000680121684751289
24 0 0.000770843045087455
25 0 0.000799758513928439
26 0 0.00080076735923551
27 0 0.00082473072894651
28 0 0.000864263083070527
29 0 0.000896237995805516
30 0 0.00088437230679872
31 0 0.000877219980691568
32 0 0.000929487012169328
33 0 0.000987344058706818
34 0 0.00102189057967461
35 0 0.00104624956263555
36 0 0.00109346896501028
37 0 0.00114434161160348
38 0 0.00118815035493547
39 0 0.00119895807339798
40 0 0.00120326463213705
41 0 0.001232656015693
42 0 0.00132866657801689
43 0 0.00144255715092489
44 0 0.00149430355287272
45 0 0.00151082457340934
46 0 0.00155904925958061
47 0 0.00161781799455085
48 0 0.00171126482890882
49 0 0.00183141869839853
50 0 0.00199465437725532
51 0 0.00218515494406857
52 0 0.00234133271053383
53 0 0.0024446020693063
54 0 0.00251696922170341
55 0 0.00259419597719923
56 0 0.00267766795112789
57 0 0.00279635957316948
58 0 0.00294438344154657
59 0 0.00304670498482873
60 0 0.00333162559603217
61 0 0.00363990889404653
62 0 0.00378732001349902
63 0 0.00404687030394046
64 0 0.00439004619676686
65 0 0.00479732642217834
66 0 0.00511223747551226
67 0 0.00542895662957166
68 0 0.00587082151741447
69 0 0.00626715847412007
70 0 0.00668569461522728
71 0 0.00720384743098523
72 0 0.00790022689892489
73 0 0.00864996616865576
74 0 0.00955748358792108
75 0 0.0104965127235500
76 0 0.0115284351418938
77 0 0.0126524507014280
78 0 0.0135188057215211
79 0 0.0147014402152021
80 0 0.0160606732585169
81 0 0.0154676591284961
82 0 0.0159755738071675
83 0 0.0173319299694127
84 0 0.0188937167383793
85 0 0.0209382090614498
86 0 0.0240546447891521
87 0 0.0279024058211579
88 0 0.0323803347642908
89 0 0.0371103892327823
90 0 0.0413421602366286
91 0 0.0447000964478238
92 0 0.0475263709283866
93 0 0.0502785323005166
94 0 0.0475755045186219
95 0 0.037906413410851
96 0 0.0462985793836381
97 0 0.0581973040427405
98 0 0.04292988559063
99 0 0.0298923443647335
100 0 0.0130644528086724

death 1 M widowed
1 0 0.0186259453438056
2 0 0.00439074592418365
3 0 0.00288079215439363
4 0 0.00163622815170283
5 0 0.00104034886330662
6 0 0.000896322155164442
7 0 0.00078160121408355
8 0 0.000690617207230071
9 0 0.000626487508022966
10 0 0.000567350364927499
11 0 0.000506994686729323
12 0 0.000448437711812466
13 0 0.000420052418014349
14 0 0.000396697719786565
15 0 0.000374269466636323
16 0 0.000361133098035427
17 0 0.000372010210715756
18 0 0.000404398247320858
19 0 0.000451703845377405
20 0 0.000497861000819944
21 0 0.000543538614539152
22 0 0.000597627128738343
23 0 0.000680121684751289
24 0 0.000770843045087455
25 0 0.000799758513928439
26 0 0.00080076735923551
27 0 0.00082473072894651
28 0 0.000864263083070527
29 0 0.000896237995805516
30 0 0.00088437230679872
31 0 0.000877219980691568
32 0 0.000929487012169328
33 0 0.000987344058706818
34 0 0.00102189057967461
35 0 0.00104624956263555
36 0 0.00109346896501028
37 0 0.00114434161160348
38 0 0.00118815035493547
39 0 0.00119895807339798
40 0 0.00120326463213705
41 0 0.001232656015693
42 0 0.00132866657801689
43 0 0.00144255715092489
44 0 0.00149430355287272
45 0 0.00151082457340934
46 0 0.00155904925958061
47 0 0.00161781799455085
48 0 0.00171126482890882
49 0 0.00183141869839853
50 0 0.00199465437725532
51 0 0.00218515494406857
52 0 0.00234133271053383
53 0 0.0024446020693063
54 0 0.00251696922170341
55 0 0.00259419597719923
56 0 0.00267766795112789
57 0 0.00279635957316948
58 0 0.00294438344154657
59 0 0.00304670498482873
60 0 0.00333162559603217
61 0 0.00363990889404653
62 0 0.00378732001349902
63 0 0.00404687030394046
64 0 0.00439004619676686
65 0 0.00479732642217834
66 0 0.00511223747551226
67 0 0.00542895662957166
68 0 0.00587082151741447
69 0 0.00626715847412007
70 0 0.00668569461522728
71 0 0.00720384743098523
72 0 0.00790022689892489
73 0 0.00864996616865576
74 0 0.00955748358792108
75 0 0.0104965127235500
76 0 0.0115284351418938
77 0 0.0126524507014280
78 0 0.0135188057215211
79 0 0.0147014402152021
80 0 0.0160606732585169
81 0 0.0154676591284961
82 0 0.0159755738071675
83 0 0.0173319299694127
84 0 0.0188937167383793
85 0 0.0209382090614498
86 0 0.0240546447891521
87 0 0.0279024058211579
88 0 0.0323803347642908
89 0 0.0371103892327823
90 0 0.0413421602366286
91 0 0.0447000964478238
92 0 0.0475263709283866
93 0 0.0502785323005166
94 0 0.0475755045186219
95 0 0.037906413410851
96 0 0.0462985793836381
97 0 0.0581973040427405
98 0 0.04292988559063
99 0 0.0298923443647335
100 0 0.0130644528086724

death 1 F married
1 0 0.0157614418382117
2 0 0.00401629120930258
3 0 0.00258142030898945
4 0 0.00160679065657165
5 0 0.00116105228030006
6 0 0.000984058610581262
7 0 0.000795471046368235
8 0 0.000654937376839082
9 0 0.000560055257209369
10 0 0.000491241747227367
11 0 0.000440900928529886
12 0 0.000395525957582188
13 0 0.000378202379451742
14 0 0.000369499992233235
15 0 0.000362053418690222
16 0 0.00036289008191881
17 0 0.000380461789324049
18 0 0.000410257781524814
19 0 0.000446762817060131
20 0 0.000466947354460845
21 0 0.000478842417950598
22 0 0.000503642768743151
23 0 0.000552844576930722
24 0 0.000611385003285947
25 0 0.0006222921159873
26 0 0.000620026684840624
27 0 0.000635718052509393
28 0 0.000659470037067567
29 0 0.000680961281929404
30 0 0.00067105452962346
31 0 0.000668536036014689
32 0 0.00072118707709845
33 0 0.000773112240329388
34 0 0.000804298406047788
35 0 0.000829860552341688
36 0 0.000871666798243909
37 0 0.000915933411931635
38 0 0.000949526474658513
39 0 0.000960390048178716
40 0 0.000972686823209945
41 0 0.00100217217502307
42 0 0.00108520379699084
43 0 0.00116442854638554
44 0 0.00119583383509558
45 0 0.00120934482752089
46 0 0.00123899161196239
47 0 0.00126222591465708
48 0 0.00130600704637940
49 0 0.00137561009159304
50 0 0.00149049143664826
51 0 0.00162205963516304
52 0 0.00172757059176321
53 0 0.00180956843202740
54 0 0.00188738617421980
55 0 0.00198315528765924
56 0 0.00209582398233010
57 0 0.00224894345738214
58 0 0.0024266262889574
59 0 0.00255244593428117
60 0 0.00282042602262422
61 0 0.00308583819007868
62 0 0.00321862045640542
63 0 0.00344840733225282
64 0 0.00375552559495151
65 0 0.00414957314010844
66 0 0.00448858607335967
67 0 0.00480839747686945
68 0 0.00524343623066403
69 0 0.0056362275742311
70 0 0.00604587576308624
71 0 0.00652265026574117
72 0 0.0071822846964914
73 0 0.00784495805148888
74 0 0.00857362083231394
75 0 0.00931672035040187
76 0 0.0100709389269631
77 0 0.0108022277478733
78 0 0.0115457614377331
79 0 0.0126809263427039
80 0 0.0140074853522938
81 0 0.0142109234243271
82 0 0.0155805002778268
83 0 0.0177509716477158
84 0 0.0199299586509341
85 0 0.0222093323862684
86 0 0.0247126057743785
87 0 0.0273705631428173
88 0 0.0300127415865183
89 0 0.0323964947460759
90 0 0.0344199161775426
91 0 0.0359526342320092
92 0 0.0368623927815551
93 0 0.0372533755636293
94 0 0.0358264417700087
95 0 0.0321904679972559
96 0 0.0340146324562348
97 0 0.0364746530219994
98 0 0.0335771093403794
99 0 0.0309184104926908
100 0 0.031248175676458

death 1 F single
1 0 0.0157614418382117
2 0 0.00401629120930258
3 0 0.00258142030898945
4 0 0.00160679065657165
5 0 0.00116105228030006
6 0 0.000984058610581262
7 0 0.000795471046368235
8 0 0.000654937376839082
9 0 0.000560055257209369
10 0 0.000491241747227367
11 0 0.000440900928529886
12 0 0.000395525957582188
13 0 0.000378202379451742
14 0 0.000369499992233235
15 0 0.000362053418690222
16 0 0.00036289008191881
17 0 0.000380461789324049
18 0 0.000410257781524814
19 0 0.000446762817060131
20 0 0.000466947354460845
21 0 0.000478842417950598
22 0 0.000503642768743151
23 0 0.000552844576930722
24 0 0.000611385003285947
25 0 0.0006222921159873
26 0 0.000620026684840624
27 0 0.000635718052509393
28 0 0.000659470037067567
29 0 0.000680961281929404
30 0 0.00067105452962346
31 0 0.000668536036014689
32 0 0.00072118707709845
33 0 0.000773112240329388
34 0 0.000804298406047788
35 0 0.000829860552341688
36 0 0.000871666798243909
37 0 0.000915933411931635
38 0 0.000949526474658513
39 0 0.000960390048178716
40 0 0.000972686823209945
41 0 0.00100217217502307
42 0 0.00108520379699084
43 0 0.00116442854638554
44 0 0.00119583383509558
45 0 0.00120934482752089
46 0 0.00123899161196239
47 0 0.00126222591465708
48 0 0.00130600704637940
49 0 0.00137561009159304
50 0 0.00149049143664826
51 0 0.00162205963516304
52 0 0.00172757059176321
53 0 0.00180956843202740
54 0 0.00188738617421980
55 0 0.00198315528765924
56 0 0.00209582398233010
57 0 0.00224894345738214
58 0 0.0024266262889574
59 0 0.00255244593428117
60 0 0.00282042602262422
61 0 0.00308583819007868
62 0 0.00321862045640542
63 0 0.00344840733225282
64 0 0.00375552559495151
65 0 0.00414957314010844
66 0 0.00448858607335967
67 0 0.00480839747686945
68 0 0.00524343623066403
69 0 0.0056362275742311
70 0 0.00604587576308624
71 0 0.00652265026574117
72 0 0.0071822846964914
73 0 0.00784495805148888
74 0 0.00857362083231394
75 0 0.00931672035040187
76 0 0.0100709389269631
77 0 0.0108022277478733
78 0 0.0115457614377331
79 0 0.0126809263427039
80 0 0.0140074853522938
81 0 0.0142109234243271
82 0 0.0155805002778268
83 0 0.0177509716477158
84 0 0.0199299586509341
85 0 0.0222093323862684
86 0 0.0247126057743785
87 0 0.0273705631428173
88 0 0.0300127415865183
89 0 0.0323964947460759
90 0 0.0344199161775426
91 0 0.0359526342320092
92 0 0.0368623927815551
93 0 0.0372533755636293
94 0 0.0358264417700087
95 0 0.0321904679972559
96 0 0.0340146324562348
97 0 0.0364746530219994
98 0 0.0335771093403794
99 0 0.0309184104926908
100 0 0.031248175676458

death 1 F divorced
1 0 0.0157614418382117
2 0 0.00401629120930258
3 0 0.00258142030898945
4 0 0.00160679065657165
5 0 0.00116105228030006
6 0 0.000984058610581262
7 0 0.000795471046368235
8 0 0.000654937376839082
9 0 0.000560055257209369
10 0 0.000491241747227367
11 0 0.000440900928529886
12 0 0.000395525957582188
13 0 0.000378202379451742
14 0 0.000369499992233235
15 0 0.000362053418690222
16 0 0.00036289008191881
17 0 0.000380461789324049
18 0 0.000410257781524814
19 0 0.000446762817060131
20 0 0.000466947354460845
21 0 0.000478842417950598
22 0 0.000503642768743151
23 0 0.000552844576930722
24 0 0.000611385003285947
25 0 0.0006222921159873
26 0 0.000620026684840624
27 0 0.000635718052509393
28 0 0.000659470037067567
29 0 0.000680961281929404
30 0 0.00067105452962346
31 0 0.000668536036014689
32 0 0.00072118707709845
33 0 0.000773112240329388
34 0 0.000804298406047788
35 0 0.000829860552341688
36 0 0.000871666798243909
37 0 0.000915933411931635
38 0 0.000949526474658513
39 0 0.000960390048178716
40 0 0.000972686823209945
41 0 0.00100217217502307
42 0 0.00108520379699084
43 0 0.00116442854638554
44 0 0.00119583383509558
45 0 0.00120934482752089
46 0 0.00123899161196239
47 0 0.00126222591465708
48 0 0.00130600704637940
49 0 0.00137561009159304
50 0 0.00149049143664826
51 0 0.00162205963516304
52 0 0.00172757059176321
53 0 0.00180956843202740
54 0 0.00188738617421980
55 0 0.00198315528765924
56 0 0.00209582398233010
57 0 0.00224894345738214
58 0 0.0024266262889574
59 0 0.00255244593428117
60 0 0.00282042602262422
61 0 0.00308583819007868
62 0 0.00321862045640542
63 0 0.00344840733225282
64 0 0.00375552559495151
65 0 0.00414957314010844
66 0 0.00448858607335967
67 0 0.00480839747686945
68 0 0.00524343623066403
69 0 0.0056362275742311
70 0 0.00604587576308624
71 0 0.00652265026574117
72 0 0.0071822846964914
73 0 0.00784495805148888
74 0 0.00857362083231394
75 0 0.00931672035040187
76 0 0.0100709389269631
77 0 0.0108022277478733
78 0 0.0115457614377331
79 0 0.0126809263427039
80 0 0.0140074853522938
81 0 0.0142109234243271
82 0 0.0155805002778268
83 0 0.0177509716477158
84 0 0.0199299586509341
85 0 0.0222093323862684
86 0 0.0247126057743785
87 0 0.0273705631428173
88 0 0.0300127415865183
89 0 0.0323964947460759
90 0 0.0344199161775426
91 0 0.0359526342320092
92 0 0.0368623927815551
93 0 0.0372533755636293
94 0 0.0358264417700087
95 0 0.0321904679972559
96 0 0.0340146324562348
97 0 0.0364746530219994
98 0 0.0335771093403794
99 0 0.0309184104926908
100 0 0.031248175676458

death 1 F widowed
1 0 0.0157614418382117
2 0 0.00401629120930258
3 0 0.00258142030898945
4 0 0.00160679065657165
5 0 0.00116105228030006
6 0 0.000984058610581262
7 0 0.000795471046368235
8 0 0.000654937376839082
9 0 0.000560055257209369
10 0 0.000491241747227367
11 0 0.000440900928529886
12 0 0.000395525957582188
13 0 0.000378202379451742
14 0 0.000369499992233235
15 0 0.000362053418690222
16 0 0.00036289008191881
17 0 0.000380461789324049
18 0 0.000410257781524814
19 0 0.000446762817060131
20 0 0.000466947354460845
21 0 0.000478842417950598
22 0 0.000503642768743151
23 0 0.000552844576930722
24 0 0.000611385003285947
25 0 0.0006222921159873
26 0 0.000620026684840624
27 0 0.000635718052509393
28 0 0.000659470037067567
29 0 0.000680961281929404
30 0 0.00067105452962346
31 0 0.000668536036014689
32 0 0.00072118707709845
33 0 0.000773112240329388
34 0 0.000804298406047788
35 0 0.000829860552341688
36 0 0.000871666798243909
37 0 0.000915933411931635
38 0 0.000949526474658513
39 0 0.000960390048178716
40 0 0.000972686823209945
41 0 0.00100217217502307
42 0 0.00108520379699084
43 0 0.00116442854638554
44 0 0.00119583383509558
45 0 0.00120934482752089
46 0 0.00123899161196239
47 0 0.00126222591465708
48 0 0.00130600704637940
49 0 0.00137561009159304
50 0 0.00149049143664826
51 0 0.00162205963516304
52 0 0.00172757059176321
53 0 0.00180956843202740
54 0 0.00188738617421980
55 0 0.00198315528765924
56 0 0.00209582398233010
57 0 0.00224894345738214
58 0 0.0024266262889574
59 0 0.00255244593428117
60 0 0.00282042602262422
61 0 0.00308583819007868
62 0 0.00321862045640542
63 0 0.00344840733225282
64 0 0.00375552559495151
65 0 0.00414957314010844
66 0 0.00448858607335967
67 0 0.00480839747686945
68 0 0.00524343623066403
69 0 0.0056362275742311
70 0 0.00604587576308624
71 0 0.00652265026574117
72 0 0.0071822846964914
73 0 0.00784495805148888
74 0 0.00857362083231394
75 0 0.00931672035040187
76 0 0.0100709389269631
77 0 0.0108022277478733
78 0 0.0115457614377331
79 0 0.0126809263427039
80 0 0.0140074853522938
81 0 0.0142109234243271
82 0 0.0155805002778268
83 0 0.0177509716477158
84 0 0.0199299586509341
85 0 0.0222093323862684
86 0 0.0247126057743785
87 0 0.0273705631428173
88 0 0.0300127415865183
89 0 0.0323964947460759
90 0 0.0344199161775426
91 0 0.0359526342320092
92 0 0.0368623927815551
93 0 0.0372533755636293
94 0 0.0358264417700087
95 0 0.0321904679972559
96 0 0.0340146324562348
97 0 0.0364746530219994
98 0 0.0335771093403794
99 0 0.0309184104926908
100 0 0.031248175676458
