*Period monthly mortality rates for SWE in 2037 
* Mon Dec 20 14:21:52 2010
death 1 M married
1 0 0.000225278918752347
2 0 0.0000233363283135279
3 0 0.00000750030939278279
4 0 0.00000583352049443597
5 0 0.00000500013750526218
6 0 0.00000416676215586609
7 0 0.00000416676215586609
8 0 0.00000333339444602565
9 0 0.00000333339444602565
10 0 0.00000333339444602565
11 0 0.00000416676215586609
12 0 0.00000416676215586609
13 0 0.00000416676215586609
14 0 0.00000583352049443597
15 0 0.00000583352049443597
16 0 0.00000916712885190574
17 0 0.000012500859457365
18 0 0.0000158347123201397
19 0 0.0000200022003373768
20 0 0.0000266705785775256
21 0 0.0000316721832838152
22 0 0.0000333394460065861
23 0 0.0000341730888351321
24 0 0.0000333394460065861
25 0 0.0000333394460065861
26 0 0.0000325058108229248
27 0 0.0000325058108229248
28 0 0.0000308385633891461
29 0 0.0000300049511388067
30 0 0.0000300049511388067
31 0 0.0000308385633891461
32 0 0.0000283377495704507
33 0 0.0000300049511388067
34 0 0.0000316721832838152
35 0 0.0000325058108229248
36 0 0.0000350067393084519
37 0 0.0000375077365993848
38 0 0.0000391751063537615
39 0 0.0000433436645435048
40 0 0.0000466786487315352
41 0 0.0000491799671665794
42 0 0.0000541828105240505
43 0 0.0000600198091127435
44 0 0.0000675250723508602
45 0 0.0000725289254539518
46 0 0.000080869292772956
47 0 0.0000883762776967556
48 0 0.0000958838826297104
49 0 0.000108397935606575
50 0 0.000117576002849673
51 0 0.000129258519792286
52 0 0.000146785110982983
53 0 0.000160975779494144
54 0 0.000184353475969790
55 0 0.000198550011486498
56 0 0.000216925290815517
57 0 0.000240317384138877
58 0 0.000269565969733043
59 0 0.000284611765482445
60 0 0.000320564585597816
61 0 0.000343983372797285
62 0 0.000380796521490145
63 0 0.000423484976341815
64 0 0.000465355879566642
65 0 0.00052568389611507
66 0 0.000575149231300531
67 0 0.000632193552116744
68 0 0.000706908659783623
69 0 0.000774961256142737
70 0 0.000859888444115109
71 0 0.000959210992842352
72 0 0.00105442687979129
73 0 0.00118097406509343
74 0 0.00131868892319764
75 0 0.00147693854203335
76 0 0.00167620037907334
77 0 0.00184613020694091
78 0 0.00214171562823129
79 0 0.00243912335875951
80 0 0.00276929245218105
81 0 0.00318434935575707
82 0 0.00370455620164267
83 0 0.00433697014919854
84 0 0.00500288893111278
85 0 0.00593049943071056
86 0 0.00694507407466327
87 0 0.00816887180786818
88 0 0.00948813920222136
89 0 0.0112035473403608
90 0 0.0130042833042684
91 0 0.0151498957436821
92 0 0.0179340263778429
93 0 0.0211560801452839
94 0 0.0240090158280204
95 0 0.0277674693552719
96 0 0.0307655055886559
97 0 0.0361319579311863
98 0 0.0406236935510814
99 0 0.0446761207652585
100 0 0.0502744169424324

death 1 M single
1 0 0.000225278918752347
2 0 0.0000233363283135279
3 0 0.00000750030939278279
4 0 0.00000583352049443597
5 0 0.00000500013750526218
6 0 0.00000416676215586609
7 0 0.00000416676215586609
8 0 0.00000333339444602565
9 0 0.00000333339444602565
10 0 0.00000333339444602565
11 0 0.00000416676215586609
12 0 0.00000416676215586609
13 0 0.00000416676215586609
14 0 0.00000583352049443597
15 0 0.00000583352049443597
16 0 0.00000916712885190574
17 0 0.000012500859457365
18 0 0.0000158347123201397
19 0 0.0000200022003373768
20 0 0.0000266705785775256
21 0 0.0000316721832838152
22 0 0.0000333394460065861
23 0 0.0000341730888351321
24 0 0.0000333394460065861
25 0 0.0000333394460065861
26 0 0.0000325058108229248
27 0 0.0000325058108229248
28 0 0.0000308385633891461
29 0 0.0000300049511388067
30 0 0.0000300049511388067
31 0 0.0000308385633891461
32 0 0.0000283377495704507
33 0 0.0000300049511388067
34 0 0.0000316721832838152
35 0 0.0000325058108229248
36 0 0.0000350067393084519
37 0 0.0000375077365993848
38 0 0.0000391751063537615
39 0 0.0000433436645435048
40 0 0.0000466786487315352
41 0 0.0000491799671665794
42 0 0.0000541828105240505
43 0 0.0000600198091127435
44 0 0.0000675250723508602
45 0 0.0000725289254539518
46 0 0.000080869292772956
47 0 0.0000883762776967556
48 0 0.0000958838826297104
49 0 0.000108397935606575
50 0 0.000117576002849673
51 0 0.000129258519792286
52 0 0.000146785110982983
53 0 0.000160975779494144
54 0 0.000184353475969790
55 0 0.000198550011486498
56 0 0.000216925290815517
57 0 0.000240317384138877
58 0 0.000269565969733043
59 0 0.000284611765482445
60 0 0.000320564585597816
61 0 0.000343983372797285
62 0 0.000380796521490145
63 0 0.000423484976341815
64 0 0.000465355879566642
65 0 0.00052568389611507
66 0 0.000575149231300531
67 0 0.000632193552116744
68 0 0.000706908659783623
69 0 0.000774961256142737
70 0 0.000859888444115109
71 0 0.000959210992842352
72 0 0.00105442687979129
73 0 0.00118097406509343
74 0 0.00131868892319764
75 0 0.00147693854203335
76 0 0.00167620037907334
77 0 0.00184613020694091
78 0 0.00214171562823129
79 0 0.00243912335875951
80 0 0.00276929245218105
81 0 0.00318434935575707
82 0 0.00370455620164267
83 0 0.00433697014919854
84 0 0.00500288893111278
85 0 0.00593049943071056
86 0 0.00694507407466327
87 0 0.00816887180786818
88 0 0.00948813920222136
89 0 0.0112035473403608
90 0 0.0130042833042684
91 0 0.0151498957436821
92 0 0.0179340263778429
93 0 0.0211560801452839
94 0 0.0240090158280204
95 0 0.0277674693552719
96 0 0.0307655055886559
97 0 0.0361319579311863
98 0 0.0406236935510814
99 0 0.0446761207652585
100 0 0.0502744169424324

death 1 M divorced
1 0 0.000225278918752347
2 0 0.0000233363283135279
3 0 0.00000750030939278279
4 0 0.00000583352049443597
5 0 0.00000500013750526218
6 0 0.00000416676215586609
7 0 0.00000416676215586609
8 0 0.00000333339444602565
9 0 0.00000333339444602565
10 0 0.00000333339444602565
11 0 0.00000416676215586609
12 0 0.00000416676215586609
13 0 0.00000416676215586609
14 0 0.00000583352049443597
15 0 0.00000583352049443597
16 0 0.00000916712885190574
17 0 0.000012500859457365
18 0 0.0000158347123201397
19 0 0.0000200022003373768
20 0 0.0000266705785775256
21 0 0.0000316721832838152
22 0 0.0000333394460065861
23 0 0.0000341730888351321
24 0 0.0000333394460065861
25 0 0.0000333394460065861
26 0 0.0000325058108229248
27 0 0.0000325058108229248
28 0 0.0000308385633891461
29 0 0.0000300049511388067
30 0 0.0000300049511388067
31 0 0.0000308385633891461
32 0 0.0000283377495704507
33 0 0.0000300049511388067
34 0 0.0000316721832838152
35 0 0.0000325058108229248
36 0 0.0000350067393084519
37 0 0.0000375077365993848
38 0 0.0000391751063537615
39 0 0.0000433436645435048
40 0 0.0000466786487315352
41 0 0.0000491799671665794
42 0 0.0000541828105240505
43 0 0.0000600198091127435
44 0 0.0000675250723508602
45 0 0.0000725289254539518
46 0 0.000080869292772956
47 0 0.0000883762776967556
48 0 0.0000958838826297104
49 0 0.000108397935606575
50 0 0.000117576002849673
51 0 0.000129258519792286
52 0 0.000146785110982983
53 0 0.000160975779494144
54 0 0.000184353475969790
55 0 0.000198550011486498
56 0 0.000216925290815517
57 0 0.000240317384138877
58 0 0.000269565969733043
59 0 0.000284611765482445
60 0 0.000320564585597816
61 0 0.000343983372797285
62 0 0.000380796521490145
63 0 0.000423484976341815
64 0 0.000465355879566642
65 0 0.00052568389611507
66 0 0.000575149231300531
67 0 0.000632193552116744
68 0 0.000706908659783623
69 0 0.000774961256142737
70 0 0.000859888444115109
71 0 0.000959210992842352
72 0 0.00105442687979129
73 0 0.00118097406509343
74 0 0.00131868892319764
75 0 0.00147693854203335
76 0 0.00167620037907334
77 0 0.00184613020694091
78 0 0.00214171562823129
79 0 0.00243912335875951
80 0 0.00276929245218105
81 0 0.00318434935575707
82 0 0.00370455620164267
83 0 0.00433697014919854
84 0 0.00500288893111278
85 0 0.00593049943071056
86 0 0.00694507407466327
87 0 0.00816887180786818
88 0 0.00948813920222136
89 0 0.0112035473403608
90 0 0.0130042833042684
91 0 0.0151498957436821
92 0 0.0179340263778429
93 0 0.0211560801452839
94 0 0.0240090158280204
95 0 0.0277674693552719
96 0 0.0307655055886559
97 0 0.0361319579311863
98 0 0.0406236935510814
99 0 0.0446761207652585
100 0 0.0502744169424324

death 1 M widowed
1 0 0.000225278918752347
2 0 0.0000233363283135279
3 0 0.00000750030939278279
4 0 0.00000583352049443597
5 0 0.00000500013750526218
6 0 0.00000416676215586609
7 0 0.00000416676215586609
8 0 0.00000333339444602565
9 0 0.00000333339444602565
10 0 0.00000333339444602565
11 0 0.00000416676215586609
12 0 0.00000416676215586609
13 0 0.00000416676215586609
14 0 0.00000583352049443597
15 0 0.00000583352049443597
16 0 0.00000916712885190574
17 0 0.000012500859457365
18 0 0.0000158347123201397
19 0 0.0000200022003373768
20 0 0.0000266705785775256
21 0 0.0000316721832838152
22 0 0.0000333394460065861
23 0 0.0000341730888351321
24 0 0.0000333394460065861
25 0 0.0000333394460065861
26 0 0.0000325058108229248
27 0 0.0000325058108229248
28 0 0.0000308385633891461
29 0 0.0000300049511388067
30 0 0.0000300049511388067
31 0 0.0000308385633891461
32 0 0.0000283377495704507
33 0 0.0000300049511388067
34 0 0.0000316721832838152
35 0 0.0000325058108229248
36 0 0.0000350067393084519
37 0 0.0000375077365993848
38 0 0.0000391751063537615
39 0 0.0000433436645435048
40 0 0.0000466786487315352
41 0 0.0000491799671665794
42 0 0.0000541828105240505
43 0 0.0000600198091127435
44 0 0.0000675250723508602
45 0 0.0000725289254539518
46 0 0.000080869292772956
47 0 0.0000883762776967556
48 0 0.0000958838826297104
49 0 0.000108397935606575
50 0 0.000117576002849673
51 0 0.000129258519792286
52 0 0.000146785110982983
53 0 0.000160975779494144
54 0 0.000184353475969790
55 0 0.000198550011486498
56 0 0.000216925290815517
57 0 0.000240317384138877
58 0 0.000269565969733043
59 0 0.000284611765482445
60 0 0.000320564585597816
61 0 0.000343983372797285
62 0 0.000380796521490145
63 0 0.000423484976341815
64 0 0.000465355879566642
65 0 0.00052568389611507
66 0 0.000575149231300531
67 0 0.000632193552116744
68 0 0.000706908659783623
69 0 0.000774961256142737
70 0 0.000859888444115109
71 0 0.000959210992842352
72 0 0.00105442687979129
73 0 0.00118097406509343
74 0 0.00131868892319764
75 0 0.00147693854203335
76 0 0.00167620037907334
77 0 0.00184613020694091
78 0 0.00214171562823129
79 0 0.00243912335875951
80 0 0.00276929245218105
81 0 0.00318434935575707
82 0 0.00370455620164267
83 0 0.00433697014919854
84 0 0.00500288893111278
85 0 0.00593049943071056
86 0 0.00694507407466327
87 0 0.00816887180786818
88 0 0.00948813920222136
89 0 0.0112035473403608
90 0 0.0130042833042684
91 0 0.0151498957436821
92 0 0.0179340263778429
93 0 0.0211560801452839
94 0 0.0240090158280204
95 0 0.0277674693552719
96 0 0.0307655055886559
97 0 0.0361319579311863
98 0 0.0406236935510814
99 0 0.0446761207652585
100 0 0.0502744169424324

death 1 F married
1 0 0.000222772749752909
2 0 0.0000241698794146705
3 0 0.00000750030939278279
4 0 0.00000500013750526218
5 0 0.00000416676215586609
6 0 0.00000416676215586609
7 0 0.00000416676215586609
8 0 0.00000250003437562984
9 0 0.00000333339444602565
10 0 0.00000333339444602565
11 0 0.00000333339444602565
12 0 0.00000333339444602565
13 0 0.00000333339444602565
14 0 0.00000333339444602565
15 0 0.00000500013750526218
16 0 0.00000750030939278279
17 0 0.00000750030939278279
18 0 0.00000916712885190574
19 0 0.0000100005500421885
20 0 0.0000116674153447516
21 0 0.0000133343112110884
22 0 0.0000133343112110884
23 0 0.000012500859457365
24 0 0.0000133343112110884
25 0 0.0000108339788730261
26 0 0.0000108339788730261
27 0 0.000012500859457365
28 0 0.0000116674153447516
29 0 0.0000116674153447516
30 0 0.000012500859457365
31 0 0.0000141677706060328
32 0 0.0000150012376423092
33 0 0.0000150012376423092
34 0 0.0000158347123201397
35 0 0.0000166681946396352
36 0 0.0000200022003373768
37 0 0.0000225027848553827
38 0 0.0000241698794146705
39 0 0.0000250034381590325
40 0 0.0000266705785775256
41 0 0.0000275041602521009
42 0 0.0000300049511388067
43 0 0.0000366740631904117
44 0 0.0000391751063537615
45 0 0.0000441773991204375
46 0 0.0000516813544294559
47 0 0.0000583520569852336
48 0 0.000065857182524165
49 0 0.0000783671022263066
50 0 0.0000908787437792213
51 0 0.000105060686358072
52 0 0.000118410418553538
53 0 0.000127589496870306
54 0 0.000138438693701781
55 0 0.0001542975418658
56 0 0.000172663876141788
57 0 0.000195209450695066
58 0 0.000214419352144724
59 0 0.000236139783039269
60 0 0.000253686998195723
61 0 0.000287955613937352
62 0 0.000318055787721261
63 0 0.000337291674916473
64 0 0.000375775668454925
65 0 0.000405067889250321
66 0 0.000451955091283596
67 0 0.000486298568555532
68 0 0.000531551256905183
69 0 0.000583535856096162
70 0 0.000632193552116744
71 0 0.000710268085491905
72 0 0.00077916370478559
73 0 0.000860729704474372
74 0 0.000960895362294378
75 0 0.00107803563795417
76 0 0.00120292685544221
77 0 0.00135420760545679
78 0 0.00154133282116087
79 0 0.00173818789757485
80 0 0.00200274720293747
81 0 0.00229542545337813
82 0 0.00266453725492410
83 0 0.00301964916902842
84 0 0.00351205184599679
85 0 0.00404111960026188
86 0 0.00482430350605856
87 0 0.00569770298376204
88 0 0.00670516487367734
89 0 0.00793114859196287
90 0 0.00935127372752953
91 0 0.0108627250870004
92 0 0.0129696439749062
93 0 0.0148812016444781
94 0 0.0173027442528350
95 0 0.0197346720962245
96 0 0.0226391475254323
97 0 0.0257005828902027
98 0 0.0295076873914402
99 0 0.0334053482671628
100 0 0.0364109690706398

death 1 F single
1 0 0.000222772749752909
2 0 0.0000241698794146705
3 0 0.00000750030939278279
4 0 0.00000500013750526218
5 0 0.00000416676215586609
6 0 0.00000416676215586609
7 0 0.00000416676215586609
8 0 0.00000250003437562984
9 0 0.00000333339444602565
10 0 0.00000333339444602565
11 0 0.00000333339444602565
12 0 0.00000333339444602565
13 0 0.00000333339444602565
14 0 0.00000333339444602565
15 0 0.00000500013750526218
16 0 0.00000750030939278279
17 0 0.00000750030939278279
18 0 0.00000916712885190574
19 0 0.0000100005500421885
20 0 0.0000116674153447516
21 0 0.0000133343112110884
22 0 0.0000133343112110884
23 0 0.000012500859457365
24 0 0.0000133343112110884
25 0 0.0000108339788730261
26 0 0.0000108339788730261
27 0 0.000012500859457365
28 0 0.0000116674153447516
29 0 0.0000116674153447516
30 0 0.000012500859457365
31 0 0.0000141677706060328
32 0 0.0000150012376423092
33 0 0.0000150012376423092
34 0 0.0000158347123201397
35 0 0.0000166681946396352
36 0 0.0000200022003373768
37 0 0.0000225027848553827
38 0 0.0000241698794146705
39 0 0.0000250034381590325
40 0 0.0000266705785775256
41 0 0.0000275041602521009
42 0 0.0000300049511388067
43 0 0.0000366740631904117
44 0 0.0000391751063537615
45 0 0.0000441773991204375
46 0 0.0000516813544294559
47 0 0.0000583520569852336
48 0 0.000065857182524165
49 0 0.0000783671022263066
50 0 0.0000908787437792213
51 0 0.000105060686358072
52 0 0.000118410418553538
53 0 0.000127589496870306
54 0 0.000138438693701781
55 0 0.0001542975418658
56 0 0.000172663876141788
57 0 0.000195209450695066
58 0 0.000214419352144724
59 0 0.000236139783039269
60 0 0.000253686998195723
61 0 0.000287955613937352
62 0 0.000318055787721261
63 0 0.000337291674916473
64 0 0.000375775668454925
65 0 0.000405067889250321
66 0 0.000451955091283596
67 0 0.000486298568555532
68 0 0.000531551256905183
69 0 0.000583535856096162
70 0 0.000632193552116744
71 0 0.000710268085491905
72 0 0.00077916370478559
73 0 0.000860729704474372
74 0 0.000960895362294378
75 0 0.00107803563795417
76 0 0.00120292685544221
77 0 0.00135420760545679
78 0 0.00154133282116087
79 0 0.00173818789757485
80 0 0.00200274720293747
81 0 0.00229542545337813
82 0 0.00266453725492410
83 0 0.00301964916902842
84 0 0.00351205184599679
85 0 0.00404111960026188
86 0 0.00482430350605856
87 0 0.00569770298376204
88 0 0.00670516487367734
89 0 0.00793114859196287
90 0 0.00935127372752953
91 0 0.0108627250870004
92 0 0.0129696439749062
93 0 0.0148812016444781
94 0 0.0173027442528350
95 0 0.0197346720962245
96 0 0.0226391475254323
97 0 0.0257005828902027
98 0 0.0295076873914402
99 0 0.0334053482671628
100 0 0.0364109690706398

death 1 F divorced
1 0 0.000222772749752909
2 0 0.0000241698794146705
3 0 0.00000750030939278279
4 0 0.00000500013750526218
5 0 0.00000416676215586609
6 0 0.00000416676215586609
7 0 0.00000416676215586609
8 0 0.00000250003437562984
9 0 0.00000333339444602565
10 0 0.00000333339444602565
11 0 0.00000333339444602565
12 0 0.00000333339444602565
13 0 0.00000333339444602565
14 0 0.00000333339444602565
15 0 0.00000500013750526218
16 0 0.00000750030939278279
17 0 0.00000750030939278279
18 0 0.00000916712885190574
19 0 0.0000100005500421885
20 0 0.0000116674153447516
21 0 0.0000133343112110884
22 0 0.0000133343112110884
23 0 0.000012500859457365
24 0 0.0000133343112110884
25 0 0.0000108339788730261
26 0 0.0000108339788730261
27 0 0.000012500859457365
28 0 0.0000116674153447516
29 0 0.0000116674153447516
30 0 0.000012500859457365
31 0 0.0000141677706060328
32 0 0.0000150012376423092
33 0 0.0000150012376423092
34 0 0.0000158347123201397
35 0 0.0000166681946396352
36 0 0.0000200022003373768
37 0 0.0000225027848553827
38 0 0.0000241698794146705
39 0 0.0000250034381590325
40 0 0.0000266705785775256
41 0 0.0000275041602521009
42 0 0.0000300049511388067
43 0 0.0000366740631904117
44 0 0.0000391751063537615
45 0 0.0000441773991204375
46 0 0.0000516813544294559
47 0 0.0000583520569852336
48 0 0.000065857182524165
49 0 0.0000783671022263066
50 0 0.0000908787437792213
51 0 0.000105060686358072
52 0 0.000118410418553538
53 0 0.000127589496870306
54 0 0.000138438693701781
55 0 0.0001542975418658
56 0 0.000172663876141788
57 0 0.000195209450695066
58 0 0.000214419352144724
59 0 0.000236139783039269
60 0 0.000253686998195723
61 0 0.000287955613937352
62 0 0.000318055787721261
63 0 0.000337291674916473
64 0 0.000375775668454925
65 0 0.000405067889250321
66 0 0.000451955091283596
67 0 0.000486298568555532
68 0 0.000531551256905183
69 0 0.000583535856096162
70 0 0.000632193552116744
71 0 0.000710268085491905
72 0 0.00077916370478559
73 0 0.000860729704474372
74 0 0.000960895362294378
75 0 0.00107803563795417
76 0 0.00120292685544221
77 0 0.00135420760545679
78 0 0.00154133282116087
79 0 0.00173818789757485
80 0 0.00200274720293747
81 0 0.00229542545337813
82 0 0.00266453725492410
83 0 0.00301964916902842
84 0 0.00351205184599679
85 0 0.00404111960026188
86 0 0.00482430350605856
87 0 0.00569770298376204
88 0 0.00670516487367734
89 0 0.00793114859196287
90 0 0.00935127372752953
91 0 0.0108627250870004
92 0 0.0129696439749062
93 0 0.0148812016444781
94 0 0.0173027442528350
95 0 0.0197346720962245
96 0 0.0226391475254323
97 0 0.0257005828902027
98 0 0.0295076873914402
99 0 0.0334053482671628
100 0 0.0364109690706398

death 1 F widowed
1 0 0.000222772749752909
2 0 0.0000241698794146705
3 0 0.00000750030939278279
4 0 0.00000500013750526218
5 0 0.00000416676215586609
6 0 0.00000416676215586609
7 0 0.00000416676215586609
8 0 0.00000250003437562984
9 0 0.00000333339444602565
10 0 0.00000333339444602565
11 0 0.00000333339444602565
12 0 0.00000333339444602565
13 0 0.00000333339444602565
14 0 0.00000333339444602565
15 0 0.00000500013750526218
16 0 0.00000750030939278279
17 0 0.00000750030939278279
18 0 0.00000916712885190574
19 0 0.0000100005500421885
20 0 0.0000116674153447516
21 0 0.0000133343112110884
22 0 0.0000133343112110884
23 0 0.000012500859457365
24 0 0.0000133343112110884
25 0 0.0000108339788730261
26 0 0.0000108339788730261
27 0 0.000012500859457365
28 0 0.0000116674153447516
29 0 0.0000116674153447516
30 0 0.000012500859457365
31 0 0.0000141677706060328
32 0 0.0000150012376423092
33 0 0.0000150012376423092
34 0 0.0000158347123201397
35 0 0.0000166681946396352
36 0 0.0000200022003373768
37 0 0.0000225027848553827
38 0 0.0000241698794146705
39 0 0.0000250034381590325
40 0 0.0000266705785775256
41 0 0.0000275041602521009
42 0 0.0000300049511388067
43 0 0.0000366740631904117
44 0 0.0000391751063537615
45 0 0.0000441773991204375
46 0 0.0000516813544294559
47 0 0.0000583520569852336
48 0 0.000065857182524165
49 0 0.0000783671022263066
50 0 0.0000908787437792213
51 0 0.000105060686358072
52 0 0.000118410418553538
53 0 0.000127589496870306
54 0 0.000138438693701781
55 0 0.0001542975418658
56 0 0.000172663876141788
57 0 0.000195209450695066
58 0 0.000214419352144724
59 0 0.000236139783039269
60 0 0.000253686998195723
61 0 0.000287955613937352
62 0 0.000318055787721261
63 0 0.000337291674916473
64 0 0.000375775668454925
65 0 0.000405067889250321
66 0 0.000451955091283596
67 0 0.000486298568555532
68 0 0.000531551256905183
69 0 0.000583535856096162
70 0 0.000632193552116744
71 0 0.000710268085491905
72 0 0.00077916370478559
73 0 0.000860729704474372
74 0 0.000960895362294378
75 0 0.00107803563795417
76 0 0.00120292685544221
77 0 0.00135420760545679
78 0 0.00154133282116087
79 0 0.00173818789757485
80 0 0.00200274720293747
81 0 0.00229542545337813
82 0 0.00266453725492410
83 0 0.00301964916902842
84 0 0.00351205184599679
85 0 0.00404111960026188
86 0 0.00482430350605856
87 0 0.00569770298376204
88 0 0.00670516487367734
89 0 0.00793114859196287
90 0 0.00935127372752953
91 0 0.0108627250870004
92 0 0.0129696439749062
93 0 0.0148812016444781
94 0 0.0173027442528350
95 0 0.0197346720962245
96 0 0.0226391475254323
97 0 0.0257005828902027
98 0 0.0295076873914402
99 0 0.0334053482671628
100 0 0.0364109690706398
