*Period monthly mortality rates for SWE in 2044 
* Mon Dec 20 14:21:52 2010
death 1 M married
1 0 0.000209407682068785
2 0 0.0000216692490401238
3 0 0.00000666691112360951
4 0 0.00000500013750526218
5 0 0.00000416676215586609
6 0 0.00000333339444602565
7 0 0.00000333339444602565
8 0 0.00000333339444602565
9 0 0.00000333339444602565
10 0 0.00000333339444602565
11 0 0.00000333339444602565
12 0 0.00000416676215586609
13 0 0.00000333339444602565
14 0 0.00000500013750526218
15 0 0.00000583352049443597
16 0 0.00000833371530217786
17 0 0.0000116674153447516
18 0 0.0000141677706060328
19 0 0.0000183351822042876
20 0 0.0000250034381590325
21 0 0.0000291713465325749
22 0 0.0000308385633891461
23 0 0.0000325058108229248
24 0 0.0000308385633891461
25 0 0.0000308385633891461
26 0 0.0000308385633891461
27 0 0.0000300049511388067
28 0 0.0000283377495704507
29 0 0.0000283377495704507
30 0 0.0000275041602521009
31 0 0.0000283377495704507
32 0 0.0000266705785775256
33 0 0.0000275041602521009
34 0 0.0000291713465325749
35 0 0.0000300049511388067
36 0 0.0000325058108229248
37 0 0.0000350067393084519
38 0 0.0000358403974268784
39 0 0.0000400088026996093
40 0 0.0000433436645435048
41 0 0.0000458448912142861
42 0 0.0000500137552731372
43 0 0.000055850486162301
44 0 0.0000625214946752273
45 0 0.0000675250723508602
46 0 0.0000750309553007034
47 0 0.0000825374580692984
48 0 0.0000892104254029968
49 0 0.000100889297087292
50 0 0.000109232267063164
51 0 0.000120079272940554
52 0 0.000135934917957492
53 0 0.000149289185622847
54 0 0.000170994056027163
55 0 0.000184353475969790
56 0 0.000201055512655035
57 0 0.000223608131741049
58 0 0.000250344410298808
59 0 0.000264551257946888
60 0 0.000297987897547314
61 0 0.000319728311943712
62 0 0.000354021843591124
63 0 0.000393349867859216
64 0 0.000432694919820231
65 0 0.000487136376522423
66 0 0.000532389482234108
67 0 0.000585213273956109
68 0 0.000654853440819392
69 0 0.000716987309626105
70 0 0.000795975443813046
71 0 0.000887654150806605
72 0 0.000976056093249356
73 0 0.00109321593850065
74 0 0.00121981722963493
75 0 0.00136689621754071
76 0 0.00155150451617481
77 0 0.00171101007460861
78 0 0.00198741403980163
79 0 0.00226637141454511
80 0 0.00258133457233045
81 0 0.00297572221440057
82 0 0.00347134883974565
83 0 0.00407772122238648
84 0 0.00472416851311752
85 0 0.00562319270885092
86 0 0.00661457861366499
87 0 0.00781479264152807
88 0 0.00911778835107824
89 0 0.0108119947493108
90 0 0.0126038616317443
91 0 0.0147437218913571
92 0 0.0175241473958442
93 0 0.0207542399551737
94 0 0.0236439589462996
95 0 0.0274296121721076
96 0 0.0304663452217513
97 0 0.0358413810484504
98 0 0.0403453490719683
99 0 0.0444092529803962
100 0 0.0500190608880765

death 1 M single
1 0 0.000209407682068785
2 0 0.0000216692490401238
3 0 0.00000666691112360951
4 0 0.00000500013750526218
5 0 0.00000416676215586609
6 0 0.00000333339444602565
7 0 0.00000333339444602565
8 0 0.00000333339444602565
9 0 0.00000333339444602565
10 0 0.00000333339444602565
11 0 0.00000333339444602565
12 0 0.00000416676215586609
13 0 0.00000333339444602565
14 0 0.00000500013750526218
15 0 0.00000583352049443597
16 0 0.00000833371530217786
17 0 0.0000116674153447516
18 0 0.0000141677706060328
19 0 0.0000183351822042876
20 0 0.0000250034381590325
21 0 0.0000291713465325749
22 0 0.0000308385633891461
23 0 0.0000325058108229248
24 0 0.0000308385633891461
25 0 0.0000308385633891461
26 0 0.0000308385633891461
27 0 0.0000300049511388067
28 0 0.0000283377495704507
29 0 0.0000283377495704507
30 0 0.0000275041602521009
31 0 0.0000283377495704507
32 0 0.0000266705785775256
33 0 0.0000275041602521009
34 0 0.0000291713465325749
35 0 0.0000300049511388067
36 0 0.0000325058108229248
37 0 0.0000350067393084519
38 0 0.0000358403974268784
39 0 0.0000400088026996093
40 0 0.0000433436645435048
41 0 0.0000458448912142861
42 0 0.0000500137552731372
43 0 0.000055850486162301
44 0 0.0000625214946752273
45 0 0.0000675250723508602
46 0 0.0000750309553007034
47 0 0.0000825374580692984
48 0 0.0000892104254029968
49 0 0.000100889297087292
50 0 0.000109232267063164
51 0 0.000120079272940554
52 0 0.000135934917957492
53 0 0.000149289185622847
54 0 0.000170994056027163
55 0 0.000184353475969790
56 0 0.000201055512655035
57 0 0.000223608131741049
58 0 0.000250344410298808
59 0 0.000264551257946888
60 0 0.000297987897547314
61 0 0.000319728311943712
62 0 0.000354021843591124
63 0 0.000393349867859216
64 0 0.000432694919820231
65 0 0.000487136376522423
66 0 0.000532389482234108
67 0 0.000585213273956109
68 0 0.000654853440819392
69 0 0.000716987309626105
70 0 0.000795975443813046
71 0 0.000887654150806605
72 0 0.000976056093249356
73 0 0.00109321593850065
74 0 0.00121981722963493
75 0 0.00136689621754071
76 0 0.00155150451617481
77 0 0.00171101007460861
78 0 0.00198741403980163
79 0 0.00226637141454511
80 0 0.00258133457233045
81 0 0.00297572221440057
82 0 0.00347134883974565
83 0 0.00407772122238648
84 0 0.00472416851311752
85 0 0.00562319270885092
86 0 0.00661457861366499
87 0 0.00781479264152807
88 0 0.00911778835107824
89 0 0.0108119947493108
90 0 0.0126038616317443
91 0 0.0147437218913571
92 0 0.0175241473958442
93 0 0.0207542399551737
94 0 0.0236439589462996
95 0 0.0274296121721076
96 0 0.0304663452217513
97 0 0.0358413810484504
98 0 0.0403453490719683
99 0 0.0444092529803962
100 0 0.0500190608880765

death 1 M divorced
1 0 0.000209407682068785
2 0 0.0000216692490401238
3 0 0.00000666691112360951
4 0 0.00000500013750526218
5 0 0.00000416676215586609
6 0 0.00000333339444602565
7 0 0.00000333339444602565
8 0 0.00000333339444602565
9 0 0.00000333339444602565
10 0 0.00000333339444602565
11 0 0.00000333339444602565
12 0 0.00000416676215586609
13 0 0.00000333339444602565
14 0 0.00000500013750526218
15 0 0.00000583352049443597
16 0 0.00000833371530217786
17 0 0.0000116674153447516
18 0 0.0000141677706060328
19 0 0.0000183351822042876
20 0 0.0000250034381590325
21 0 0.0000291713465325749
22 0 0.0000308385633891461
23 0 0.0000325058108229248
24 0 0.0000308385633891461
25 0 0.0000308385633891461
26 0 0.0000308385633891461
27 0 0.0000300049511388067
28 0 0.0000283377495704507
29 0 0.0000283377495704507
30 0 0.0000275041602521009
31 0 0.0000283377495704507
32 0 0.0000266705785775256
33 0 0.0000275041602521009
34 0 0.0000291713465325749
35 0 0.0000300049511388067
36 0 0.0000325058108229248
37 0 0.0000350067393084519
38 0 0.0000358403974268784
39 0 0.0000400088026996093
40 0 0.0000433436645435048
41 0 0.0000458448912142861
42 0 0.0000500137552731372
43 0 0.000055850486162301
44 0 0.0000625214946752273
45 0 0.0000675250723508602
46 0 0.0000750309553007034
47 0 0.0000825374580692984
48 0 0.0000892104254029968
49 0 0.000100889297087292
50 0 0.000109232267063164
51 0 0.000120079272940554
52 0 0.000135934917957492
53 0 0.000149289185622847
54 0 0.000170994056027163
55 0 0.000184353475969790
56 0 0.000201055512655035
57 0 0.000223608131741049
58 0 0.000250344410298808
59 0 0.000264551257946888
60 0 0.000297987897547314
61 0 0.000319728311943712
62 0 0.000354021843591124
63 0 0.000393349867859216
64 0 0.000432694919820231
65 0 0.000487136376522423
66 0 0.000532389482234108
67 0 0.000585213273956109
68 0 0.000654853440819392
69 0 0.000716987309626105
70 0 0.000795975443813046
71 0 0.000887654150806605
72 0 0.000976056093249356
73 0 0.00109321593850065
74 0 0.00121981722963493
75 0 0.00136689621754071
76 0 0.00155150451617481
77 0 0.00171101007460861
78 0 0.00198741403980163
79 0 0.00226637141454511
80 0 0.00258133457233045
81 0 0.00297572221440057
82 0 0.00347134883974565
83 0 0.00407772122238648
84 0 0.00472416851311752
85 0 0.00562319270885092
86 0 0.00661457861366499
87 0 0.00781479264152807
88 0 0.00911778835107824
89 0 0.0108119947493108
90 0 0.0126038616317443
91 0 0.0147437218913571
92 0 0.0175241473958442
93 0 0.0207542399551737
94 0 0.0236439589462996
95 0 0.0274296121721076
96 0 0.0304663452217513
97 0 0.0358413810484504
98 0 0.0403453490719683
99 0 0.0444092529803962
100 0 0.0500190608880765

death 1 M widowed
1 0 0.000209407682068785
2 0 0.0000216692490401238
3 0 0.00000666691112360951
4 0 0.00000500013750526218
5 0 0.00000416676215586609
6 0 0.00000333339444602565
7 0 0.00000333339444602565
8 0 0.00000333339444602565
9 0 0.00000333339444602565
10 0 0.00000333339444602565
11 0 0.00000333339444602565
12 0 0.00000416676215586609
13 0 0.00000333339444602565
14 0 0.00000500013750526218
15 0 0.00000583352049443597
16 0 0.00000833371530217786
17 0 0.0000116674153447516
18 0 0.0000141677706060328
19 0 0.0000183351822042876
20 0 0.0000250034381590325
21 0 0.0000291713465325749
22 0 0.0000308385633891461
23 0 0.0000325058108229248
24 0 0.0000308385633891461
25 0 0.0000308385633891461
26 0 0.0000308385633891461
27 0 0.0000300049511388067
28 0 0.0000283377495704507
29 0 0.0000283377495704507
30 0 0.0000275041602521009
31 0 0.0000283377495704507
32 0 0.0000266705785775256
33 0 0.0000275041602521009
34 0 0.0000291713465325749
35 0 0.0000300049511388067
36 0 0.0000325058108229248
37 0 0.0000350067393084519
38 0 0.0000358403974268784
39 0 0.0000400088026996093
40 0 0.0000433436645435048
41 0 0.0000458448912142861
42 0 0.0000500137552731372
43 0 0.000055850486162301
44 0 0.0000625214946752273
45 0 0.0000675250723508602
46 0 0.0000750309553007034
47 0 0.0000825374580692984
48 0 0.0000892104254029968
49 0 0.000100889297087292
50 0 0.000109232267063164
51 0 0.000120079272940554
52 0 0.000135934917957492
53 0 0.000149289185622847
54 0 0.000170994056027163
55 0 0.000184353475969790
56 0 0.000201055512655035
57 0 0.000223608131741049
58 0 0.000250344410298808
59 0 0.000264551257946888
60 0 0.000297987897547314
61 0 0.000319728311943712
62 0 0.000354021843591124
63 0 0.000393349867859216
64 0 0.000432694919820231
65 0 0.000487136376522423
66 0 0.000532389482234108
67 0 0.000585213273956109
68 0 0.000654853440819392
69 0 0.000716987309626105
70 0 0.000795975443813046
71 0 0.000887654150806605
72 0 0.000976056093249356
73 0 0.00109321593850065
74 0 0.00121981722963493
75 0 0.00136689621754071
76 0 0.00155150451617481
77 0 0.00171101007460861
78 0 0.00198741403980163
79 0 0.00226637141454511
80 0 0.00258133457233045
81 0 0.00297572221440057
82 0 0.00347134883974565
83 0 0.00407772122238648
84 0 0.00472416851311752
85 0 0.00562319270885092
86 0 0.00661457861366499
87 0 0.00781479264152807
88 0 0.00911778835107824
89 0 0.0108119947493108
90 0 0.0126038616317443
91 0 0.0147437218913571
92 0 0.0175241473958442
93 0 0.0207542399551737
94 0 0.0236439589462996
95 0 0.0274296121721076
96 0 0.0304663452217513
97 0 0.0358413810484504
98 0 0.0403453490719683
99 0 0.0444092529803962
100 0 0.0500190608880765

death 1 F married
1 0 0.000206901950655758
2 0 0.0000225027848553827
3 0 0.00000750030939278279
4 0 0.00000500013750526218
5 0 0.00000416676215586609
6 0 0.00000416676215586609
7 0 0.00000416676215586609
8 0 0.00000250003437562984
9 0 0.00000250003437562984
10 0 0.00000333339444602565
11 0 0.00000333339444602565
12 0 0.00000333339444602565
13 0 0.00000333339444602565
14 0 0.00000333339444602565
15 0 0.00000500013750526218
16 0 0.00000666691112360951
17 0 0.00000750030939278279
18 0 0.00000833371530217786
19 0 0.00000916712885190574
20 0 0.0000108339788730261
21 0 0.000012500859457365
22 0 0.000012500859457365
23 0 0.0000116674153447516
24 0 0.0000116674153447516
25 0 0.0000100005500421885
26 0 0.0000100005500421885
27 0 0.0000116674153447516
28 0 0.0000108339788730261
29 0 0.0000108339788730261
30 0 0.0000116674153447516
31 0 0.0000133343112110884
32 0 0.0000141677706060328
33 0 0.0000141677706060328
34 0 0.0000150012376423092
35 0 0.0000158347123201397
36 0 0.0000183351822042876
37 0 0.0000208357208674181
38 0 0.0000225027848553827
39 0 0.0000233363283135279
40 0 0.0000241698794146705
41 0 0.0000258370045466139
42 0 0.0000283377495704507
43 0 0.0000333394460065861
44 0 0.0000358403974268784
45 0 0.0000416762183291786
46 0 0.0000483461867075707
47 0 0.0000550166445189015
48 0 0.000061687591838111
49 0 0.0000741969376999441
50 0 0.0000858738805041837
51 0 0.0000992207949763735
52 0 0.000112569669472262
53 0 0.000121748157967727
54 0 0.000131762111637901
55 0 0.000146785110982983
56 0 0.000165149927191854
57 0 0.00018602354153463
58 0 0.000204396288320696
59 0 0.000225278918752347
60 0 0.000241988478346333
61 0 0.000274580958229742
62 0 0.000303004454673572
63 0 0.000321400866947319
64 0 0.000358204867048073
65 0 0.000385817651945008
66 0 0.000431020315210362
67 0 0.000463680672948219
68 0 0.000507246085562962
69 0 0.000555862931597928
70 0 0.000602828031511904
71 0 0.00067667941744376
72 0 0.000743028998358541
73 0 0.000820357993472354
74 0 0.000916270122841567
75 0 0.00102745295514683
76 0 0.00114636698342330
77 0 0.00129079113213082
78 0 0.00146846901033360
79 0 0.00165667883297604
80 0 0.00190823395080175
81 0 0.00218780123271023
82 0 0.00253847639323301
83 0 0.00287674929142046
84 0 0.0033458908474685
85 0 0.00385224656058425
86 0 0.00461537543004764
87 0 0.00546993023955378
88 0 0.00646052172227474
89 0 0.0076659306003889
90 0 0.00906434722924876
91 0 0.0105597079757686
92 0 0.0126383600386319
93 0 0.0145369181171513
94 0 0.0169369651256238
95 0 0.019352610069875
96 0 0.022257248035478
97 0 0.0253229843361126
98 0 0.0291400431942861
99 0 0.0330524568472869
100 0 0.0360670245849433

death 1 F single
1 0 0.000206901950655758
2 0 0.0000225027848553827
3 0 0.00000750030939278279
4 0 0.00000500013750526218
5 0 0.00000416676215586609
6 0 0.00000416676215586609
7 0 0.00000416676215586609
8 0 0.00000250003437562984
9 0 0.00000250003437562984
10 0 0.00000333339444602565
11 0 0.00000333339444602565
12 0 0.00000333339444602565
13 0 0.00000333339444602565
14 0 0.00000333339444602565
15 0 0.00000500013750526218
16 0 0.00000666691112360951
17 0 0.00000750030939278279
18 0 0.00000833371530217786
19 0 0.00000916712885190574
20 0 0.0000108339788730261
21 0 0.000012500859457365
22 0 0.000012500859457365
23 0 0.0000116674153447516
24 0 0.0000116674153447516
25 0 0.0000100005500421885
26 0 0.0000100005500421885
27 0 0.0000116674153447516
28 0 0.0000108339788730261
29 0 0.0000108339788730261
30 0 0.0000116674153447516
31 0 0.0000133343112110884
32 0 0.0000141677706060328
33 0 0.0000141677706060328
34 0 0.0000150012376423092
35 0 0.0000158347123201397
36 0 0.0000183351822042876
37 0 0.0000208357208674181
38 0 0.0000225027848553827
39 0 0.0000233363283135279
40 0 0.0000241698794146705
41 0 0.0000258370045466139
42 0 0.0000283377495704507
43 0 0.0000333394460065861
44 0 0.0000358403974268784
45 0 0.0000416762183291786
46 0 0.0000483461867075707
47 0 0.0000550166445189015
48 0 0.000061687591838111
49 0 0.0000741969376999441
50 0 0.0000858738805041837
51 0 0.0000992207949763735
52 0 0.000112569669472262
53 0 0.000121748157967727
54 0 0.000131762111637901
55 0 0.000146785110982983
56 0 0.000165149927191854
57 0 0.00018602354153463
58 0 0.000204396288320696
59 0 0.000225278918752347
60 0 0.000241988478346333
61 0 0.000274580958229742
62 0 0.000303004454673572
63 0 0.000321400866947319
64 0 0.000358204867048073
65 0 0.000385817651945008
66 0 0.000431020315210362
67 0 0.000463680672948219
68 0 0.000507246085562962
69 0 0.000555862931597928
70 0 0.000602828031511904
71 0 0.00067667941744376
72 0 0.000743028998358541
73 0 0.000820357993472354
74 0 0.000916270122841567
75 0 0.00102745295514683
76 0 0.00114636698342330
77 0 0.00129079113213082
78 0 0.00146846901033360
79 0 0.00165667883297604
80 0 0.00190823395080175
81 0 0.00218780123271023
82 0 0.00253847639323301
83 0 0.00287674929142046
84 0 0.0033458908474685
85 0 0.00385224656058425
86 0 0.00461537543004764
87 0 0.00546993023955378
88 0 0.00646052172227474
89 0 0.0076659306003889
90 0 0.00906434722924876
91 0 0.0105597079757686
92 0 0.0126383600386319
93 0 0.0145369181171513
94 0 0.0169369651256238
95 0 0.019352610069875
96 0 0.022257248035478
97 0 0.0253229843361126
98 0 0.0291400431942861
99 0 0.0330524568472869
100 0 0.0360670245849433

death 1 F divorced
1 0 0.000206901950655758
2 0 0.0000225027848553827
3 0 0.00000750030939278279
4 0 0.00000500013750526218
5 0 0.00000416676215586609
6 0 0.00000416676215586609
7 0 0.00000416676215586609
8 0 0.00000250003437562984
9 0 0.00000250003437562984
10 0 0.00000333339444602565
11 0 0.00000333339444602565
12 0 0.00000333339444602565
13 0 0.00000333339444602565
14 0 0.00000333339444602565
15 0 0.00000500013750526218
16 0 0.00000666691112360951
17 0 0.00000750030939278279
18 0 0.00000833371530217786
19 0 0.00000916712885190574
20 0 0.0000108339788730261
21 0 0.000012500859457365
22 0 0.000012500859457365
23 0 0.0000116674153447516
24 0 0.0000116674153447516
25 0 0.0000100005500421885
26 0 0.0000100005500421885
27 0 0.0000116674153447516
28 0 0.0000108339788730261
29 0 0.0000108339788730261
30 0 0.0000116674153447516
31 0 0.0000133343112110884
32 0 0.0000141677706060328
33 0 0.0000141677706060328
34 0 0.0000150012376423092
35 0 0.0000158347123201397
36 0 0.0000183351822042876
37 0 0.0000208357208674181
38 0 0.0000225027848553827
39 0 0.0000233363283135279
40 0 0.0000241698794146705
41 0 0.0000258370045466139
42 0 0.0000283377495704507
43 0 0.0000333394460065861
44 0 0.0000358403974268784
45 0 0.0000416762183291786
46 0 0.0000483461867075707
47 0 0.0000550166445189015
48 0 0.000061687591838111
49 0 0.0000741969376999441
50 0 0.0000858738805041837
51 0 0.0000992207949763735
52 0 0.000112569669472262
53 0 0.000121748157967727
54 0 0.000131762111637901
55 0 0.000146785110982983
56 0 0.000165149927191854
57 0 0.00018602354153463
58 0 0.000204396288320696
59 0 0.000225278918752347
60 0 0.000241988478346333
61 0 0.000274580958229742
62 0 0.000303004454673572
63 0 0.000321400866947319
64 0 0.000358204867048073
65 0 0.000385817651945008
66 0 0.000431020315210362
67 0 0.000463680672948219
68 0 0.000507246085562962
69 0 0.000555862931597928
70 0 0.000602828031511904
71 0 0.00067667941744376
72 0 0.000743028998358541
73 0 0.000820357993472354
74 0 0.000916270122841567
75 0 0.00102745295514683
76 0 0.00114636698342330
77 0 0.00129079113213082
78 0 0.00146846901033360
79 0 0.00165667883297604
80 0 0.00190823395080175
81 0 0.00218780123271023
82 0 0.00253847639323301
83 0 0.00287674929142046
84 0 0.0033458908474685
85 0 0.00385224656058425
86 0 0.00461537543004764
87 0 0.00546993023955378
88 0 0.00646052172227474
89 0 0.0076659306003889
90 0 0.00906434722924876
91 0 0.0105597079757686
92 0 0.0126383600386319
93 0 0.0145369181171513
94 0 0.0169369651256238
95 0 0.019352610069875
96 0 0.022257248035478
97 0 0.0253229843361126
98 0 0.0291400431942861
99 0 0.0330524568472869
100 0 0.0360670245849433

death 1 F widowed
1 0 0.000206901950655758
2 0 0.0000225027848553827
3 0 0.00000750030939278279
4 0 0.00000500013750526218
5 0 0.00000416676215586609
6 0 0.00000416676215586609
7 0 0.00000416676215586609
8 0 0.00000250003437562984
9 0 0.00000250003437562984
10 0 0.00000333339444602565
11 0 0.00000333339444602565
12 0 0.00000333339444602565
13 0 0.00000333339444602565
14 0 0.00000333339444602565
15 0 0.00000500013750526218
16 0 0.00000666691112360951
17 0 0.00000750030939278279
18 0 0.00000833371530217786
19 0 0.00000916712885190574
20 0 0.0000108339788730261
21 0 0.000012500859457365
22 0 0.000012500859457365
23 0 0.0000116674153447516
24 0 0.0000116674153447516
25 0 0.0000100005500421885
26 0 0.0000100005500421885
27 0 0.0000116674153447516
28 0 0.0000108339788730261
29 0 0.0000108339788730261
30 0 0.0000116674153447516
31 0 0.0000133343112110884
32 0 0.0000141677706060328
33 0 0.0000141677706060328
34 0 0.0000150012376423092
35 0 0.0000158347123201397
36 0 0.0000183351822042876
37 0 0.0000208357208674181
38 0 0.0000225027848553827
39 0 0.0000233363283135279
40 0 0.0000241698794146705
41 0 0.0000258370045466139
42 0 0.0000283377495704507
43 0 0.0000333394460065861
44 0 0.0000358403974268784
45 0 0.0000416762183291786
46 0 0.0000483461867075707
47 0 0.0000550166445189015
48 0 0.000061687591838111
49 0 0.0000741969376999441
50 0 0.0000858738805041837
51 0 0.0000992207949763735
52 0 0.000112569669472262
53 0 0.000121748157967727
54 0 0.000131762111637901
55 0 0.000146785110982983
56 0 0.000165149927191854
57 0 0.00018602354153463
58 0 0.000204396288320696
59 0 0.000225278918752347
60 0 0.000241988478346333
61 0 0.000274580958229742
62 0 0.000303004454673572
63 0 0.000321400866947319
64 0 0.000358204867048073
65 0 0.000385817651945008
66 0 0.000431020315210362
67 0 0.000463680672948219
68 0 0.000507246085562962
69 0 0.000555862931597928
70 0 0.000602828031511904
71 0 0.00067667941744376
72 0 0.000743028998358541
73 0 0.000820357993472354
74 0 0.000916270122841567
75 0 0.00102745295514683
76 0 0.00114636698342330
77 0 0.00129079113213082
78 0 0.00146846901033360
79 0 0.00165667883297604
80 0 0.00190823395080175
81 0 0.00218780123271023
82 0 0.00253847639323301
83 0 0.00287674929142046
84 0 0.0033458908474685
85 0 0.00385224656058425
86 0 0.00461537543004764
87 0 0.00546993023955378
88 0 0.00646052172227474
89 0 0.0076659306003889
90 0 0.00906434722924876
91 0 0.0105597079757686
92 0 0.0126383600386319
93 0 0.0145369181171513
94 0 0.0169369651256238
95 0 0.019352610069875
96 0 0.022257248035478
97 0 0.0253229843361126
98 0 0.0291400431942861
99 0 0.0330524568472869
100 0 0.0360670245849433
