*Period monthly mortality rates for SWE in 1790 
* Mon Dec 20 14:19:07 2010
death 1 M married
1 0 0.0233340804356093
2 0 0.00578097877479833
3 0 0.00354991339589195
4 0 0.00260654464241683
5 0 0.00236741701526277
6 0 0.00198588086600138
7 0 0.00135344634512358
8 0 0.000927887413709416
9 0 0.000696831127978581
10 0 0.000637480353980813
11 0 0.000710016124254476
12 0 0.000804802852511832
13 0 0.000872339893185692
14 0 0.000903728484134336
15 0 0.000887065093150285
16 0 0.000828767286998655
17 0 0.000751683212002141
18 0 0.000742020794078702
19 0 0.000781433107894136
20 0 0.000846849904795444
21 0 0.00095626342146582
22 0 0.00109270988759647
23 0 0.00123924504500872
24 0 0.00134955555866267
25 0 0.00141267455013749
26 0 0.00148464650268931
27 0 0.00149506599532923
28 0 0.00150252132569706
29 0 0.00148303709420405
30 0 0.00144552055110603
31 0 0.00140793487146762
32 0 0.00144035583055491
33 0 0.00146626706152442
34 0 0.00147490578235554
35 0 0.00145110894038503
36 0 0.00141843020693821
37 0 0.00136478132570172
38 0 0.00135598390439229
39 0 0.00139845625643764
40 0 0.00147863254320468
41 0 0.00157600602761077
42 0 0.00175245951347736
43 0 0.00189410799526912
44 0 0.00200871079960618
45 0 0.00209497119748869
46 0 0.00214342208501683
47 0 0.00210392583817143
48 0 0.00208141299544473
49 0 0.00208388572398266
50 0 0.00213019788448343
51 0 0.00220854739591692
52 0 0.00238469665253105
53 0 0.00254610366731423
54 0 0.00266282096457660
55 0 0.00273639315281526
56 0 0.00281870677862084
57 0 0.00285283987373264
58 0 0.00294205929385183
59 0 0.00306730383902543
60 0 0.00323960387423217
61 0 0.00346442248942946
62 0 0.00381564903408738
63 0 0.00416702152963089
64 0 0.00447501515591053
65 0 0.00473040175561212
66 0 0.00499866214933309
67 0 0.00527107664269955
68 0 0.0056051952698748
69 0 0.00602218310909985
70 0 0.00657335160273864
71 0 0.0071329533813056
72 0 0.00781933497974363
73 0 0.00862090515822267
74 0 0.00942069771216669
75 0 0.0101606852713163
76 0 0.0109880765293365
77 0 0.0118287566406036
78 0 0.0128231520877319
79 0 0.0137961576262911
80 0 0.0147413669344387
81 0 0.0140769024810676
82 0 0.0151932773028020
83 0 0.0168020154588323
84 0 0.0189954319813304
85 0 0.0215039455682
86 0 0.0238436850115237
87 0 0.0259325898932472
88 0 0.0277684916877151
89 0 0.0298112794981339
90 0 0.0340123156452742
91 0 0.0363995660067834
92 0 0.0411441595790278
93 0 0.0469567517982519
94 0 0.0530663488252386
95 0 0.0598735730709384
96 0 0.06935121856085
97 0 0.0845451650536454
98 0 0.131523208302500
99 0 1
100 0 1

death 1 M single
1 0 0.0233340804356093
2 0 0.00578097877479833
3 0 0.00354991339589195
4 0 0.00260654464241683
5 0 0.00236741701526277
6 0 0.00198588086600138
7 0 0.00135344634512358
8 0 0.000927887413709416
9 0 0.000696831127978581
10 0 0.000637480353980813
11 0 0.000710016124254476
12 0 0.000804802852511832
13 0 0.000872339893185692
14 0 0.000903728484134336
15 0 0.000887065093150285
16 0 0.000828767286998655
17 0 0.000751683212002141
18 0 0.000742020794078702
19 0 0.000781433107894136
20 0 0.000846849904795444
21 0 0.00095626342146582
22 0 0.00109270988759647
23 0 0.00123924504500872
24 0 0.00134955555866267
25 0 0.00141267455013749
26 0 0.00148464650268931
27 0 0.00149506599532923
28 0 0.00150252132569706
29 0 0.00148303709420405
30 0 0.00144552055110603
31 0 0.00140793487146762
32 0 0.00144035583055491
33 0 0.00146626706152442
34 0 0.00147490578235554
35 0 0.00145110894038503
36 0 0.00141843020693821
37 0 0.00136478132570172
38 0 0.00135598390439229
39 0 0.00139845625643764
40 0 0.00147863254320468
41 0 0.00157600602761077
42 0 0.00175245951347736
43 0 0.00189410799526912
44 0 0.00200871079960618
45 0 0.00209497119748869
46 0 0.00214342208501683
47 0 0.00210392583817143
48 0 0.00208141299544473
49 0 0.00208388572398266
50 0 0.00213019788448343
51 0 0.00220854739591692
52 0 0.00238469665253105
53 0 0.00254610366731423
54 0 0.00266282096457660
55 0 0.00273639315281526
56 0 0.00281870677862084
57 0 0.00285283987373264
58 0 0.00294205929385183
59 0 0.00306730383902543
60 0 0.00323960387423217
61 0 0.00346442248942946
62 0 0.00381564903408738
63 0 0.00416702152963089
64 0 0.00447501515591053
65 0 0.00473040175561212
66 0 0.00499866214933309
67 0 0.00527107664269955
68 0 0.0056051952698748
69 0 0.00602218310909985
70 0 0.00657335160273864
71 0 0.0071329533813056
72 0 0.00781933497974363
73 0 0.00862090515822267
74 0 0.00942069771216669
75 0 0.0101606852713163
76 0 0.0109880765293365
77 0 0.0118287566406036
78 0 0.0128231520877319
79 0 0.0137961576262911
80 0 0.0147413669344387
81 0 0.0140769024810676
82 0 0.0151932773028020
83 0 0.0168020154588323
84 0 0.0189954319813304
85 0 0.0215039455682
86 0 0.0238436850115237
87 0 0.0259325898932472
88 0 0.0277684916877151
89 0 0.0298112794981339
90 0 0.0340123156452742
91 0 0.0363995660067834
92 0 0.0411441595790278
93 0 0.0469567517982519
94 0 0.0530663488252386
95 0 0.0598735730709384
96 0 0.06935121856085
97 0 0.0845451650536454
98 0 0.131523208302500
99 0 1
100 0 1

death 1 M divorced
1 0 0.0233340804356093
2 0 0.00578097877479833
3 0 0.00354991339589195
4 0 0.00260654464241683
5 0 0.00236741701526277
6 0 0.00198588086600138
7 0 0.00135344634512358
8 0 0.000927887413709416
9 0 0.000696831127978581
10 0 0.000637480353980813
11 0 0.000710016124254476
12 0 0.000804802852511832
13 0 0.000872339893185692
14 0 0.000903728484134336
15 0 0.000887065093150285
16 0 0.000828767286998655
17 0 0.000751683212002141
18 0 0.000742020794078702
19 0 0.000781433107894136
20 0 0.000846849904795444
21 0 0.00095626342146582
22 0 0.00109270988759647
23 0 0.00123924504500872
24 0 0.00134955555866267
25 0 0.00141267455013749
26 0 0.00148464650268931
27 0 0.00149506599532923
28 0 0.00150252132569706
29 0 0.00148303709420405
30 0 0.00144552055110603
31 0 0.00140793487146762
32 0 0.00144035583055491
33 0 0.00146626706152442
34 0 0.00147490578235554
35 0 0.00145110894038503
36 0 0.00141843020693821
37 0 0.00136478132570172
38 0 0.00135598390439229
39 0 0.00139845625643764
40 0 0.00147863254320468
41 0 0.00157600602761077
42 0 0.00175245951347736
43 0 0.00189410799526912
44 0 0.00200871079960618
45 0 0.00209497119748869
46 0 0.00214342208501683
47 0 0.00210392583817143
48 0 0.00208141299544473
49 0 0.00208388572398266
50 0 0.00213019788448343
51 0 0.00220854739591692
52 0 0.00238469665253105
53 0 0.00254610366731423
54 0 0.00266282096457660
55 0 0.00273639315281526
56 0 0.00281870677862084
57 0 0.00285283987373264
58 0 0.00294205929385183
59 0 0.00306730383902543
60 0 0.00323960387423217
61 0 0.00346442248942946
62 0 0.00381564903408738
63 0 0.00416702152963089
64 0 0.00447501515591053
65 0 0.00473040175561212
66 0 0.00499866214933309
67 0 0.00527107664269955
68 0 0.0056051952698748
69 0 0.00602218310909985
70 0 0.00657335160273864
71 0 0.0071329533813056
72 0 0.00781933497974363
73 0 0.00862090515822267
74 0 0.00942069771216669
75 0 0.0101606852713163
76 0 0.0109880765293365
77 0 0.0118287566406036
78 0 0.0128231520877319
79 0 0.0137961576262911
80 0 0.0147413669344387
81 0 0.0140769024810676
82 0 0.0151932773028020
83 0 0.0168020154588323
84 0 0.0189954319813304
85 0 0.0215039455682
86 0 0.0238436850115237
87 0 0.0259325898932472
88 0 0.0277684916877151
89 0 0.0298112794981339
90 0 0.0340123156452742
91 0 0.0363995660067834
92 0 0.0411441595790278
93 0 0.0469567517982519
94 0 0.0530663488252386
95 0 0.0598735730709384
96 0 0.06935121856085
97 0 0.0845451650536454
98 0 0.131523208302500
99 0 1
100 0 1

death 1 M widowed
1 0 0.0233340804356093
2 0 0.00578097877479833
3 0 0.00354991339589195
4 0 0.00260654464241683
5 0 0.00236741701526277
6 0 0.00198588086600138
7 0 0.00135344634512358
8 0 0.000927887413709416
9 0 0.000696831127978581
10 0 0.000637480353980813
11 0 0.000710016124254476
12 0 0.000804802852511832
13 0 0.000872339893185692
14 0 0.000903728484134336
15 0 0.000887065093150285
16 0 0.000828767286998655
17 0 0.000751683212002141
18 0 0.000742020794078702
19 0 0.000781433107894136
20 0 0.000846849904795444
21 0 0.00095626342146582
22 0 0.00109270988759647
23 0 0.00123924504500872
24 0 0.00134955555866267
25 0 0.00141267455013749
26 0 0.00148464650268931
27 0 0.00149506599532923
28 0 0.00150252132569706
29 0 0.00148303709420405
30 0 0.00144552055110603
31 0 0.00140793487146762
32 0 0.00144035583055491
33 0 0.00146626706152442
34 0 0.00147490578235554
35 0 0.00145110894038503
36 0 0.00141843020693821
37 0 0.00136478132570172
38 0 0.00135598390439229
39 0 0.00139845625643764
40 0 0.00147863254320468
41 0 0.00157600602761077
42 0 0.00175245951347736
43 0 0.00189410799526912
44 0 0.00200871079960618
45 0 0.00209497119748869
46 0 0.00214342208501683
47 0 0.00210392583817143
48 0 0.00208141299544473
49 0 0.00208388572398266
50 0 0.00213019788448343
51 0 0.00220854739591692
52 0 0.00238469665253105
53 0 0.00254610366731423
54 0 0.00266282096457660
55 0 0.00273639315281526
56 0 0.00281870677862084
57 0 0.00285283987373264
58 0 0.00294205929385183
59 0 0.00306730383902543
60 0 0.00323960387423217
61 0 0.00346442248942946
62 0 0.00381564903408738
63 0 0.00416702152963089
64 0 0.00447501515591053
65 0 0.00473040175561212
66 0 0.00499866214933309
67 0 0.00527107664269955
68 0 0.0056051952698748
69 0 0.00602218310909985
70 0 0.00657335160273864
71 0 0.0071329533813056
72 0 0.00781933497974363
73 0 0.00862090515822267
74 0 0.00942069771216669
75 0 0.0101606852713163
76 0 0.0109880765293365
77 0 0.0118287566406036
78 0 0.0128231520877319
79 0 0.0137961576262911
80 0 0.0147413669344387
81 0 0.0140769024810676
82 0 0.0151932773028020
83 0 0.0168020154588323
84 0 0.0189954319813304
85 0 0.0215039455682
86 0 0.0238436850115237
87 0 0.0259325898932472
88 0 0.0277684916877151
89 0 0.0298112794981339
90 0 0.0340123156452742
91 0 0.0363995660067834
92 0 0.0411441595790278
93 0 0.0469567517982519
94 0 0.0530663488252386
95 0 0.0598735730709384
96 0 0.06935121856085
97 0 0.0845451650536454
98 0 0.131523208302500
99 0 1
100 0 1

death 1 F married
1 0 0.0206076313094814
2 0 0.00593450308570653
3 0 0.0036451136805703
4 0 0.00254756063534267
5 0 0.00230508370958493
6 0 0.00202140604646905
7 0 0.00141741447627985
8 0 0.000990966613639621
9 0 0.000725975048863514
10 0 0.000599808116235168
11 0 0.000585884249771573
12 0 0.000613818014959189
13 0 0.000644865608127265
14 0 0.000669123678278649
15 0 0.000680121684751289
16 0 0.000679953766246855
17 0 0.00063915876811671
18 0 0.000629088748382522
19 0 0.000629424397724954
20 0 0.00062195649299368
21 0 0.000632193552116744
22 0 0.000669123678278649
23 0 0.000724211029905941
24 0 0.000771179218583495
25 0 0.000805727678305224
26 0 0.000857364709785813
27 0 0.000900277732995947
28 0 0.00094287423004502
29 0 0.000970159952704663
30 0 0.00098372164826277
31 0 0.000990629625689854
32 0 0.00103250995577886
33 0 0.00108031252127005
34 0 0.00112611529780815
35 0 0.00115742293426535
36 0 0.00118663062269153
37 0 0.00119144319539177
38 0 0.00120833143334897
39 0 0.00124439833704892
40 0 0.00128318413117323
41 0 0.00131547601352600
42 0 0.00141055859158246
43 0 0.00148583240088485
44 0 0.00155226743925352
45 0 0.00160967460020389
46 0 0.00164870167053699
47 0 0.00161518827691776
48 0 0.00159254192704028
49 0 0.00158423120102236
50 0 0.00159822418792632
51 0 0.00163597360794276
52 0 0.00176197517111976
53 0 0.00189206587039137
54 0 0.00199823216905892
55 0 0.00208243618528603
56 0 0.00218242337225028
57 0 0.00225236043997024
58 0 0.00236510761019282
59 0 0.00250463274831370
60 0 0.00268015699029445
61 0 0.00287778149461271
62 0 0.00318365888743621
63 0 0.00349940597519138
64 0 0.00380626297816766
65 0 0.00411547124914902
66 0 0.00447160085837772
67 0 0.00482210637424108
68 0 0.00526392288231681
69 0 0.00576943277297659
70 0 0.0063920865695507
71 0 0.00712817499711726
72 0 0.00794816004319177
73 0 0.0087962385039081
74 0 0.0095336838346134
75 0 0.0100963719482637
76 0 0.0104940794238210
77 0 0.0109717041552942
78 0 0.0116386987450599
79 0 0.0124350108183698
80 0 0.0133789528236111
81 0 0.0129998564224840
82 0 0.0143260001141188
83 0 0.0161019084186541
84 0 0.0183220981516760
85 0 0.0207621120537053
86 0 0.0230300173601116
87 0 0.0251322508095845
88 0 0.0272464851235481
89 0 0.0293282983999915
90 0 0.0321606144299663
91 0 0.0297068308454086
92 0 0.0320917510397296
93 0 0.0347054450656288
94 0 0.037693660059136
95 0 0.0411600360163356
96 0 0.0447577202670896
97 0 0.0477076626177652
98 0 0.0521545573148451
99 0 0.0585284847024857
100 0 0.0667399682756524

death 1 F single
1 0 0.0206076313094814
2 0 0.00593450308570653
3 0 0.0036451136805703
4 0 0.00254756063534267
5 0 0.00230508370958493
6 0 0.00202140604646905
7 0 0.00141741447627985
8 0 0.000990966613639621
9 0 0.000725975048863514
10 0 0.000599808116235168
11 0 0.000585884249771573
12 0 0.000613818014959189
13 0 0.000644865608127265
14 0 0.000669123678278649
15 0 0.000680121684751289
16 0 0.000679953766246855
17 0 0.00063915876811671
18 0 0.000629088748382522
19 0 0.000629424397724954
20 0 0.00062195649299368
21 0 0.000632193552116744
22 0 0.000669123678278649
23 0 0.000724211029905941
24 0 0.000771179218583495
25 0 0.000805727678305224
26 0 0.000857364709785813
27 0 0.000900277732995947
28 0 0.00094287423004502
29 0 0.000970159952704663
30 0 0.00098372164826277
31 0 0.000990629625689854
32 0 0.00103250995577886
33 0 0.00108031252127005
34 0 0.00112611529780815
35 0 0.00115742293426535
36 0 0.00118663062269153
37 0 0.00119144319539177
38 0 0.00120833143334897
39 0 0.00124439833704892
40 0 0.00128318413117323
41 0 0.00131547601352600
42 0 0.00141055859158246
43 0 0.00148583240088485
44 0 0.00155226743925352
45 0 0.00160967460020389
46 0 0.00164870167053699
47 0 0.00161518827691776
48 0 0.00159254192704028
49 0 0.00158423120102236
50 0 0.00159822418792632
51 0 0.00163597360794276
52 0 0.00176197517111976
53 0 0.00189206587039137
54 0 0.00199823216905892
55 0 0.00208243618528603
56 0 0.00218242337225028
57 0 0.00225236043997024
58 0 0.00236510761019282
59 0 0.00250463274831370
60 0 0.00268015699029445
61 0 0.00287778149461271
62 0 0.00318365888743621
63 0 0.00349940597519138
64 0 0.00380626297816766
65 0 0.00411547124914902
66 0 0.00447160085837772
67 0 0.00482210637424108
68 0 0.00526392288231681
69 0 0.00576943277297659
70 0 0.0063920865695507
71 0 0.00712817499711726
72 0 0.00794816004319177
73 0 0.0087962385039081
74 0 0.0095336838346134
75 0 0.0100963719482637
76 0 0.0104940794238210
77 0 0.0109717041552942
78 0 0.0116386987450599
79 0 0.0124350108183698
80 0 0.0133789528236111
81 0 0.0129998564224840
82 0 0.0143260001141188
83 0 0.0161019084186541
84 0 0.0183220981516760
85 0 0.0207621120537053
86 0 0.0230300173601116
87 0 0.0251322508095845
88 0 0.0272464851235481
89 0 0.0293282983999915
90 0 0.0321606144299663
91 0 0.0297068308454086
92 0 0.0320917510397296
93 0 0.0347054450656288
94 0 0.037693660059136
95 0 0.0411600360163356
96 0 0.0447577202670896
97 0 0.0477076626177652
98 0 0.0521545573148451
99 0 0.0585284847024857
100 0 0.0667399682756524

death 1 F divorced
1 0 0.0206076313094814
2 0 0.00593450308570653
3 0 0.0036451136805703
4 0 0.00254756063534267
5 0 0.00230508370958493
6 0 0.00202140604646905
7 0 0.00141741447627985
8 0 0.000990966613639621
9 0 0.000725975048863514
10 0 0.000599808116235168
11 0 0.000585884249771573
12 0 0.000613818014959189
13 0 0.000644865608127265
14 0 0.000669123678278649
15 0 0.000680121684751289
16 0 0.000679953766246855
17 0 0.00063915876811671
18 0 0.000629088748382522
19 0 0.000629424397724954
20 0 0.00062195649299368
21 0 0.000632193552116744
22 0 0.000669123678278649
23 0 0.000724211029905941
24 0 0.000771179218583495
25 0 0.000805727678305224
26 0 0.000857364709785813
27 0 0.000900277732995947
28 0 0.00094287423004502
29 0 0.000970159952704663
30 0 0.00098372164826277
31 0 0.000990629625689854
32 0 0.00103250995577886
33 0 0.00108031252127005
34 0 0.00112611529780815
35 0 0.00115742293426535
36 0 0.00118663062269153
37 0 0.00119144319539177
38 0 0.00120833143334897
39 0 0.00124439833704892
40 0 0.00128318413117323
41 0 0.00131547601352600
42 0 0.00141055859158246
43 0 0.00148583240088485
44 0 0.00155226743925352
45 0 0.00160967460020389
46 0 0.00164870167053699
47 0 0.00161518827691776
48 0 0.00159254192704028
49 0 0.00158423120102236
50 0 0.00159822418792632
51 0 0.00163597360794276
52 0 0.00176197517111976
53 0 0.00189206587039137
54 0 0.00199823216905892
55 0 0.00208243618528603
56 0 0.00218242337225028
57 0 0.00225236043997024
58 0 0.00236510761019282
59 0 0.00250463274831370
60 0 0.00268015699029445
61 0 0.00287778149461271
62 0 0.00318365888743621
63 0 0.00349940597519138
64 0 0.00380626297816766
65 0 0.00411547124914902
66 0 0.00447160085837772
67 0 0.00482210637424108
68 0 0.00526392288231681
69 0 0.00576943277297659
70 0 0.0063920865695507
71 0 0.00712817499711726
72 0 0.00794816004319177
73 0 0.0087962385039081
74 0 0.0095336838346134
75 0 0.0100963719482637
76 0 0.0104940794238210
77 0 0.0109717041552942
78 0 0.0116386987450599
79 0 0.0124350108183698
80 0 0.0133789528236111
81 0 0.0129998564224840
82 0 0.0143260001141188
83 0 0.0161019084186541
84 0 0.0183220981516760
85 0 0.0207621120537053
86 0 0.0230300173601116
87 0 0.0251322508095845
88 0 0.0272464851235481
89 0 0.0293282983999915
90 0 0.0321606144299663
91 0 0.0297068308454086
92 0 0.0320917510397296
93 0 0.0347054450656288
94 0 0.037693660059136
95 0 0.0411600360163356
96 0 0.0447577202670896
97 0 0.0477076626177652
98 0 0.0521545573148451
99 0 0.0585284847024857
100 0 0.0667399682756524

death 1 F widowed
1 0 0.0206076313094814
2 0 0.00593450308570653
3 0 0.0036451136805703
4 0 0.00254756063534267
5 0 0.00230508370958493
6 0 0.00202140604646905
7 0 0.00141741447627985
8 0 0.000990966613639621
9 0 0.000725975048863514
10 0 0.000599808116235168
11 0 0.000585884249771573
12 0 0.000613818014959189
13 0 0.000644865608127265
14 0 0.000669123678278649
15 0 0.000680121684751289
16 0 0.000679953766246855
17 0 0.00063915876811671
18 0 0.000629088748382522
19 0 0.000629424397724954
20 0 0.00062195649299368
21 0 0.000632193552116744
22 0 0.000669123678278649
23 0 0.000724211029905941
24 0 0.000771179218583495
25 0 0.000805727678305224
26 0 0.000857364709785813
27 0 0.000900277732995947
28 0 0.00094287423004502
29 0 0.000970159952704663
30 0 0.00098372164826277
31 0 0.000990629625689854
32 0 0.00103250995577886
33 0 0.00108031252127005
34 0 0.00112611529780815
35 0 0.00115742293426535
36 0 0.00118663062269153
37 0 0.00119144319539177
38 0 0.00120833143334897
39 0 0.00124439833704892
40 0 0.00128318413117323
41 0 0.00131547601352600
42 0 0.00141055859158246
43 0 0.00148583240088485
44 0 0.00155226743925352
45 0 0.00160967460020389
46 0 0.00164870167053699
47 0 0.00161518827691776
48 0 0.00159254192704028
49 0 0.00158423120102236
50 0 0.00159822418792632
51 0 0.00163597360794276
52 0 0.00176197517111976
53 0 0.00189206587039137
54 0 0.00199823216905892
55 0 0.00208243618528603
56 0 0.00218242337225028
57 0 0.00225236043997024
58 0 0.00236510761019282
59 0 0.00250463274831370
60 0 0.00268015699029445
61 0 0.00287778149461271
62 0 0.00318365888743621
63 0 0.00349940597519138
64 0 0.00380626297816766
65 0 0.00411547124914902
66 0 0.00447160085837772
67 0 0.00482210637424108
68 0 0.00526392288231681
69 0 0.00576943277297659
70 0 0.0063920865695507
71 0 0.00712817499711726
72 0 0.00794816004319177
73 0 0.0087962385039081
74 0 0.0095336838346134
75 0 0.0100963719482637
76 0 0.0104940794238210
77 0 0.0109717041552942
78 0 0.0116386987450599
79 0 0.0124350108183698
80 0 0.0133789528236111
81 0 0.0129998564224840
82 0 0.0143260001141188
83 0 0.0161019084186541
84 0 0.0183220981516760
85 0 0.0207621120537053
86 0 0.0230300173601116
87 0 0.0251322508095845
88 0 0.0272464851235481
89 0 0.0293282983999915
90 0 0.0321606144299663
91 0 0.0297068308454086
92 0 0.0320917510397296
93 0 0.0347054450656288
94 0 0.037693660059136
95 0 0.0411600360163356
96 0 0.0447577202670896
97 0 0.0477076626177652
98 0 0.0521545573148451
99 0 0.0585284847024857
100 0 0.0667399682756524
