*Period monthly mortality rates for SWE in 1954 
* Mon Dec 20 14:21:11 2010
death 1 M married
1 0 0.00183447985626350
2 0 0.000133347755473578
3 0 0.0000991373706747956
4 0 0.0000721119271748227
5 0 0.0000632720137693221
6 0 0.0000498469970400262
7 0 0.0000419263333114595
8 0 0.0000320056333821261
9 0 0.0000425933099621467
10 0 0.0000425099376131222
11 0 0.0000401755428862671
12 0 0.0000335061739606957
13 0 0.0000390083680021913
14 0 0.0000273374433057416
15 0 0.0000536825137983366
16 0 0.0000542661935792887
17 0 0.0000564341798635626
18 0 0.0000712779363551963
19 0 0.0000827042762827634
20 0 0.0000985534027072577
21 0 0.0000996379176328999
22 0 0.000103558964168360
23 0 0.000112235923717230
24 0 0.000117826326756498
25 0 0.000100138467347466
26 0 0.000112569669472262
27 0 0.000104810397603572
28 0 0.000094298892176048
29 0 0.000107480179849184
30 0 0.000100722445497969
31 0 0.000125002571903621
32 0 0.000108314502882068
33 0 0.000115156240622749
34 0 0.000127506046528669
35 0 0.000123250180690371
36 0 0.000164815988321743
37 0 0.000166402208881644
38 0 0.000132095929094134
39 0 0.000161226222950339
40 0 0.000183518454694553
41 0 0.000185105001676567
42 0 0.000207068997267523
43 0 0.000243325375835046
44 0 0.000229957285787674
45 0 0.000251180045748089
46 0 0.000323742495666912
47 0 0.000332356863406158
48 0 0.00035201406072094
49 0 0.000396614021985209
50 0 0.000425494338943344
51 0 0.000442910676283992
52 0 0.000532557128227862
53 0 0.000511687579654252
54 0 0.000628249630451605
55 0 0.000687006610681551
56 0 0.000813715201993581
57 0 0.000895228089581646
58 0 0.00087040475867195
59 0 0.00099972873925791
60 0 0.00111084513855353
61 0 0.00128648042000257
62 0 0.00133154169901439
63 0 0.0014525484297081
64 0 0.00167976563658601
65 0 0.00186024869479284
66 0 0.00203299520527345
67 0 0.00232183852262169
68 0 0.00268075780308952
69 0 0.00297563610402618
70 0 0.00294834323784121
71 0 0.00352106094028037
72 0 0.00390860611347288
73 0 0.00440089257967391
74 0 0.00449813071158633
75 0 0.00523946306403433
76 0 0.00553014114647188
77 0 0.00642813156633126
78 0 0.00700150485482764
79 0 0.00818820867467196
80 0 0.00852315660875225
81 0 0.0103728721235616
82 0 0.0109051162577530
83 0 0.0124901108651428
84 0 0.0136260191154426
85 0 0.0149894680949257
86 0 0.0151599505063642
87 0 0.0179056598187723
88 0 0.0217726672604404
89 0 0.0224541973717153
90 0 0.0236732384528334
91 0 0.0318102942875944
92 0 0.0316465753366046
93 0 0.0314557960013738
94 0 0.0403689476209019
95 0 0.0404244293511554
96 0 0.0529161868130388
97 0 0.0346558065410463
98 0 0.0563891176218032
99 0 0.0721790907258878
100 0 0.0455639022832698

death 1 M single
1 0 0.00183447985626350
2 0 0.000133347755473578
3 0 0.0000991373706747956
4 0 0.0000721119271748227
5 0 0.0000632720137693221
6 0 0.0000498469970400262
7 0 0.0000419263333114595
8 0 0.0000320056333821261
9 0 0.0000425933099621467
10 0 0.0000425099376131222
11 0 0.0000401755428862671
12 0 0.0000335061739606957
13 0 0.0000390083680021913
14 0 0.0000273374433057416
15 0 0.0000536825137983366
16 0 0.0000542661935792887
17 0 0.0000564341798635626
18 0 0.0000712779363551963
19 0 0.0000827042762827634
20 0 0.0000985534027072577
21 0 0.0000996379176328999
22 0 0.000103558964168360
23 0 0.000112235923717230
24 0 0.000117826326756498
25 0 0.000100138467347466
26 0 0.000112569669472262
27 0 0.000104810397603572
28 0 0.000094298892176048
29 0 0.000107480179849184
30 0 0.000100722445497969
31 0 0.000125002571903621
32 0 0.000108314502882068
33 0 0.000115156240622749
34 0 0.000127506046528669
35 0 0.000123250180690371
36 0 0.000164815988321743
37 0 0.000166402208881644
38 0 0.000132095929094134
39 0 0.000161226222950339
40 0 0.000183518454694553
41 0 0.000185105001676567
42 0 0.000207068997267523
43 0 0.000243325375835046
44 0 0.000229957285787674
45 0 0.000251180045748089
46 0 0.000323742495666912
47 0 0.000332356863406158
48 0 0.00035201406072094
49 0 0.000396614021985209
50 0 0.000425494338943344
51 0 0.000442910676283992
52 0 0.000532557128227862
53 0 0.000511687579654252
54 0 0.000628249630451605
55 0 0.000687006610681551
56 0 0.000813715201993581
57 0 0.000895228089581646
58 0 0.00087040475867195
59 0 0.00099972873925791
60 0 0.00111084513855353
61 0 0.00128648042000257
62 0 0.00133154169901439
63 0 0.0014525484297081
64 0 0.00167976563658601
65 0 0.00186024869479284
66 0 0.00203299520527345
67 0 0.00232183852262169
68 0 0.00268075780308952
69 0 0.00297563610402618
70 0 0.00294834323784121
71 0 0.00352106094028037
72 0 0.00390860611347288
73 0 0.00440089257967391
74 0 0.00449813071158633
75 0 0.00523946306403433
76 0 0.00553014114647188
77 0 0.00642813156633126
78 0 0.00700150485482764
79 0 0.00818820867467196
80 0 0.00852315660875225
81 0 0.0103728721235616
82 0 0.0109051162577530
83 0 0.0124901108651428
84 0 0.0136260191154426
85 0 0.0149894680949257
86 0 0.0151599505063642
87 0 0.0179056598187723
88 0 0.0217726672604404
89 0 0.0224541973717153
90 0 0.0236732384528334
91 0 0.0318102942875944
92 0 0.0316465753366046
93 0 0.0314557960013738
94 0 0.0403689476209019
95 0 0.0404244293511554
96 0 0.0529161868130388
97 0 0.0346558065410463
98 0 0.0563891176218032
99 0 0.0721790907258878
100 0 0.0455639022832698

death 1 M divorced
1 0 0.00183447985626350
2 0 0.000133347755473578
3 0 0.0000991373706747956
4 0 0.0000721119271748227
5 0 0.0000632720137693221
6 0 0.0000498469970400262
7 0 0.0000419263333114595
8 0 0.0000320056333821261
9 0 0.0000425933099621467
10 0 0.0000425099376131222
11 0 0.0000401755428862671
12 0 0.0000335061739606957
13 0 0.0000390083680021913
14 0 0.0000273374433057416
15 0 0.0000536825137983366
16 0 0.0000542661935792887
17 0 0.0000564341798635626
18 0 0.0000712779363551963
19 0 0.0000827042762827634
20 0 0.0000985534027072577
21 0 0.0000996379176328999
22 0 0.000103558964168360
23 0 0.000112235923717230
24 0 0.000117826326756498
25 0 0.000100138467347466
26 0 0.000112569669472262
27 0 0.000104810397603572
28 0 0.000094298892176048
29 0 0.000107480179849184
30 0 0.000100722445497969
31 0 0.000125002571903621
32 0 0.000108314502882068
33 0 0.000115156240622749
34 0 0.000127506046528669
35 0 0.000123250180690371
36 0 0.000164815988321743
37 0 0.000166402208881644
38 0 0.000132095929094134
39 0 0.000161226222950339
40 0 0.000183518454694553
41 0 0.000185105001676567
42 0 0.000207068997267523
43 0 0.000243325375835046
44 0 0.000229957285787674
45 0 0.000251180045748089
46 0 0.000323742495666912
47 0 0.000332356863406158
48 0 0.00035201406072094
49 0 0.000396614021985209
50 0 0.000425494338943344
51 0 0.000442910676283992
52 0 0.000532557128227862
53 0 0.000511687579654252
54 0 0.000628249630451605
55 0 0.000687006610681551
56 0 0.000813715201993581
57 0 0.000895228089581646
58 0 0.00087040475867195
59 0 0.00099972873925791
60 0 0.00111084513855353
61 0 0.00128648042000257
62 0 0.00133154169901439
63 0 0.0014525484297081
64 0 0.00167976563658601
65 0 0.00186024869479284
66 0 0.00203299520527345
67 0 0.00232183852262169
68 0 0.00268075780308952
69 0 0.00297563610402618
70 0 0.00294834323784121
71 0 0.00352106094028037
72 0 0.00390860611347288
73 0 0.00440089257967391
74 0 0.00449813071158633
75 0 0.00523946306403433
76 0 0.00553014114647188
77 0 0.00642813156633126
78 0 0.00700150485482764
79 0 0.00818820867467196
80 0 0.00852315660875225
81 0 0.0103728721235616
82 0 0.0109051162577530
83 0 0.0124901108651428
84 0 0.0136260191154426
85 0 0.0149894680949257
86 0 0.0151599505063642
87 0 0.0179056598187723
88 0 0.0217726672604404
89 0 0.0224541973717153
90 0 0.0236732384528334
91 0 0.0318102942875944
92 0 0.0316465753366046
93 0 0.0314557960013738
94 0 0.0403689476209019
95 0 0.0404244293511554
96 0 0.0529161868130388
97 0 0.0346558065410463
98 0 0.0563891176218032
99 0 0.0721790907258878
100 0 0.0455639022832698

death 1 M widowed
1 0 0.00183447985626350
2 0 0.000133347755473578
3 0 0.0000991373706747956
4 0 0.0000721119271748227
5 0 0.0000632720137693221
6 0 0.0000498469970400262
7 0 0.0000419263333114595
8 0 0.0000320056333821261
9 0 0.0000425933099621467
10 0 0.0000425099376131222
11 0 0.0000401755428862671
12 0 0.0000335061739606957
13 0 0.0000390083680021913
14 0 0.0000273374433057416
15 0 0.0000536825137983366
16 0 0.0000542661935792887
17 0 0.0000564341798635626
18 0 0.0000712779363551963
19 0 0.0000827042762827634
20 0 0.0000985534027072577
21 0 0.0000996379176328999
22 0 0.000103558964168360
23 0 0.000112235923717230
24 0 0.000117826326756498
25 0 0.000100138467347466
26 0 0.000112569669472262
27 0 0.000104810397603572
28 0 0.000094298892176048
29 0 0.000107480179849184
30 0 0.000100722445497969
31 0 0.000125002571903621
32 0 0.000108314502882068
33 0 0.000115156240622749
34 0 0.000127506046528669
35 0 0.000123250180690371
36 0 0.000164815988321743
37 0 0.000166402208881644
38 0 0.000132095929094134
39 0 0.000161226222950339
40 0 0.000183518454694553
41 0 0.000185105001676567
42 0 0.000207068997267523
43 0 0.000243325375835046
44 0 0.000229957285787674
45 0 0.000251180045748089
46 0 0.000323742495666912
47 0 0.000332356863406158
48 0 0.00035201406072094
49 0 0.000396614021985209
50 0 0.000425494338943344
51 0 0.000442910676283992
52 0 0.000532557128227862
53 0 0.000511687579654252
54 0 0.000628249630451605
55 0 0.000687006610681551
56 0 0.000813715201993581
57 0 0.000895228089581646
58 0 0.00087040475867195
59 0 0.00099972873925791
60 0 0.00111084513855353
61 0 0.00128648042000257
62 0 0.00133154169901439
63 0 0.0014525484297081
64 0 0.00167976563658601
65 0 0.00186024869479284
66 0 0.00203299520527345
67 0 0.00232183852262169
68 0 0.00268075780308952
69 0 0.00297563610402618
70 0 0.00294834323784121
71 0 0.00352106094028037
72 0 0.00390860611347288
73 0 0.00440089257967391
74 0 0.00449813071158633
75 0 0.00523946306403433
76 0 0.00553014114647188
77 0 0.00642813156633126
78 0 0.00700150485482764
79 0 0.00818820867467196
80 0 0.00852315660875225
81 0 0.0103728721235616
82 0 0.0109051162577530
83 0 0.0124901108651428
84 0 0.0136260191154426
85 0 0.0149894680949257
86 0 0.0151599505063642
87 0 0.0179056598187723
88 0 0.0217726672604404
89 0 0.0224541973717153
90 0 0.0236732384528334
91 0 0.0318102942875944
92 0 0.0316465753366046
93 0 0.0314557960013738
94 0 0.0403689476209019
95 0 0.0404244293511554
96 0 0.0529161868130388
97 0 0.0346558065410463
98 0 0.0563891176218032
99 0 0.0721790907258878
100 0 0.0455639022832698

death 1 F married
1 0 0.00126247941256463
2 0 0.000112903416452648
3 0 0.0000684424248000859
4 0 0.0000624381040472688
5 0 0.0000505140318078912
6 0 0.0000296715083790700
7 0 0.0000383414176537977
8 0 0.0000322557217584674
9 0 0.0000343398183181298
10 0 0.0000237531029086968
11 0 0.0000216692490401238
12 0 0.0000392584756443437
13 0 0.0000340897242082638
14 0 0.0000141677706060328
15 0 0.0000465118966163081
16 0 0.0000396753232437819
17 0 0.0000375911043607458
18 0 0.0000231696190104991
19 0 0.0000358403974268784
20 0 0.0000265872208304874
21 0 0.0000368407972606288
22 0 0.0000437605308761801
23 0 0.000034589913116112
24 0 0.00005068079126469
25 0 0.0000557671016537808
26 0 0.0000511810714703964
27 0 0.0000555169485870755
28 0 0.000086541179686539
29 0 0.0000475957908330216
30 0 0.0000809527003107213
31 0 0.0000741969376999441
32 0 0.0000535991312784478
33 0 0.000085540232749981
34 0 0.000111902179187551
35 0 0.0000964678334476332
36 0 0.000109566001790129
37 0 0.000108064205168068
38 0 0.000114071540534111
39 0 0.000112819979592671
40 0 0.000124585332836213
41 0 0.000156217484929666
42 0 0.000145950434766062
43 0 0.0001925370904583
44 0 0.000175836618875880
45 0 0.000193455705427392
46 0 0.000211829954767540
47 0 0.000242155589456949
48 0 0.000297235437861088
49 0 0.000302920843119003
50 0 0.000318139413201357
51 0 0.000357368246952983
52 0 0.000355527709854697
53 0 0.000430266753204012
54 0 0.000501128911397197
55 0 0.000513698893679471
56 0 0.000519230236826984
57 0 0.000615328192907438
58 0 0.000676259637670484
59 0 0.000781433107894136
60 0 0.000779079653907333
61 0 0.000924519930087353
62 0 0.00106783252866294
63 0 0.00101388472820430
64 0 0.00129603188135941
65 0 0.00139126332517203
66 0 0.00154141758057635
67 0 0.00190142598685328
68 0 0.00188406799044771
69 0 0.00224236612827278
70 0 0.0023644233533171
71 0 0.00273416021269546
72 0 0.00311895083674152
73 0 0.00367600156721648
74 0 0.0038764212085195
75 0 0.00444149058064669
76 0 0.00491179270491104
77 0 0.00538915125192641
78 0 0.00645479444056507
79 0 0.00714233056857894
80 0 0.00779544484316341
81 0 0.0090201440564831
82 0 0.0108938350591035
83 0 0.0116349073719550
84 0 0.0126327052245491
85 0 0.0149605448956045
86 0 0.0152351999127941
87 0 0.0180021836218310
88 0 0.0191917853530588
89 0 0.0229284278346720
90 0 0.0236925465227678
91 0 0.0245446451818209
92 0 0.0289364178734127
93 0 0.0311149887595777
94 0 0.0339714766461079
95 0 0.0398663695176142
96 0 0.051238192633746
97 0 0.04478654652178
98 0 0.0741301995249982
99 0 0.0389642082012838
100 0 0.0431464766112932

death 1 F single
1 0 0.00126247941256463
2 0 0.000112903416452648
3 0 0.0000684424248000859
4 0 0.0000624381040472688
5 0 0.0000505140318078912
6 0 0.0000296715083790700
7 0 0.0000383414176537977
8 0 0.0000322557217584674
9 0 0.0000343398183181298
10 0 0.0000237531029086968
11 0 0.0000216692490401238
12 0 0.0000392584756443437
13 0 0.0000340897242082638
14 0 0.0000141677706060328
15 0 0.0000465118966163081
16 0 0.0000396753232437819
17 0 0.0000375911043607458
18 0 0.0000231696190104991
19 0 0.0000358403974268784
20 0 0.0000265872208304874
21 0 0.0000368407972606288
22 0 0.0000437605308761801
23 0 0.000034589913116112
24 0 0.00005068079126469
25 0 0.0000557671016537808
26 0 0.0000511810714703964
27 0 0.0000555169485870755
28 0 0.000086541179686539
29 0 0.0000475957908330216
30 0 0.0000809527003107213
31 0 0.0000741969376999441
32 0 0.0000535991312784478
33 0 0.000085540232749981
34 0 0.000111902179187551
35 0 0.0000964678334476332
36 0 0.000109566001790129
37 0 0.000108064205168068
38 0 0.000114071540534111
39 0 0.000112819979592671
40 0 0.000124585332836213
41 0 0.000156217484929666
42 0 0.000145950434766062
43 0 0.0001925370904583
44 0 0.000175836618875880
45 0 0.000193455705427392
46 0 0.000211829954767540
47 0 0.000242155589456949
48 0 0.000297235437861088
49 0 0.000302920843119003
50 0 0.000318139413201357
51 0 0.000357368246952983
52 0 0.000355527709854697
53 0 0.000430266753204012
54 0 0.000501128911397197
55 0 0.000513698893679471
56 0 0.000519230236826984
57 0 0.000615328192907438
58 0 0.000676259637670484
59 0 0.000781433107894136
60 0 0.000779079653907333
61 0 0.000924519930087353
62 0 0.00106783252866294
63 0 0.00101388472820430
64 0 0.00129603188135941
65 0 0.00139126332517203
66 0 0.00154141758057635
67 0 0.00190142598685328
68 0 0.00188406799044771
69 0 0.00224236612827278
70 0 0.0023644233533171
71 0 0.00273416021269546
72 0 0.00311895083674152
73 0 0.00367600156721648
74 0 0.0038764212085195
75 0 0.00444149058064669
76 0 0.00491179270491104
77 0 0.00538915125192641
78 0 0.00645479444056507
79 0 0.00714233056857894
80 0 0.00779544484316341
81 0 0.0090201440564831
82 0 0.0108938350591035
83 0 0.0116349073719550
84 0 0.0126327052245491
85 0 0.0149605448956045
86 0 0.0152351999127941
87 0 0.0180021836218310
88 0 0.0191917853530588
89 0 0.0229284278346720
90 0 0.0236925465227678
91 0 0.0245446451818209
92 0 0.0289364178734127
93 0 0.0311149887595777
94 0 0.0339714766461079
95 0 0.0398663695176142
96 0 0.051238192633746
97 0 0.04478654652178
98 0 0.0741301995249982
99 0 0.0389642082012838
100 0 0.0431464766112932

death 1 F divorced
1 0 0.00126247941256463
2 0 0.000112903416452648
3 0 0.0000684424248000859
4 0 0.0000624381040472688
5 0 0.0000505140318078912
6 0 0.0000296715083790700
7 0 0.0000383414176537977
8 0 0.0000322557217584674
9 0 0.0000343398183181298
10 0 0.0000237531029086968
11 0 0.0000216692490401238
12 0 0.0000392584756443437
13 0 0.0000340897242082638
14 0 0.0000141677706060328
15 0 0.0000465118966163081
16 0 0.0000396753232437819
17 0 0.0000375911043607458
18 0 0.0000231696190104991
19 0 0.0000358403974268784
20 0 0.0000265872208304874
21 0 0.0000368407972606288
22 0 0.0000437605308761801
23 0 0.000034589913116112
24 0 0.00005068079126469
25 0 0.0000557671016537808
26 0 0.0000511810714703964
27 0 0.0000555169485870755
28 0 0.000086541179686539
29 0 0.0000475957908330216
30 0 0.0000809527003107213
31 0 0.0000741969376999441
32 0 0.0000535991312784478
33 0 0.000085540232749981
34 0 0.000111902179187551
35 0 0.0000964678334476332
36 0 0.000109566001790129
37 0 0.000108064205168068
38 0 0.000114071540534111
39 0 0.000112819979592671
40 0 0.000124585332836213
41 0 0.000156217484929666
42 0 0.000145950434766062
43 0 0.0001925370904583
44 0 0.000175836618875880
45 0 0.000193455705427392
46 0 0.000211829954767540
47 0 0.000242155589456949
48 0 0.000297235437861088
49 0 0.000302920843119003
50 0 0.000318139413201357
51 0 0.000357368246952983
52 0 0.000355527709854697
53 0 0.000430266753204012
54 0 0.000501128911397197
55 0 0.000513698893679471
56 0 0.000519230236826984
57 0 0.000615328192907438
58 0 0.000676259637670484
59 0 0.000781433107894136
60 0 0.000779079653907333
61 0 0.000924519930087353
62 0 0.00106783252866294
63 0 0.00101388472820430
64 0 0.00129603188135941
65 0 0.00139126332517203
66 0 0.00154141758057635
67 0 0.00190142598685328
68 0 0.00188406799044771
69 0 0.00224236612827278
70 0 0.0023644233533171
71 0 0.00273416021269546
72 0 0.00311895083674152
73 0 0.00367600156721648
74 0 0.0038764212085195
75 0 0.00444149058064669
76 0 0.00491179270491104
77 0 0.00538915125192641
78 0 0.00645479444056507
79 0 0.00714233056857894
80 0 0.00779544484316341
81 0 0.0090201440564831
82 0 0.0108938350591035
83 0 0.0116349073719550
84 0 0.0126327052245491
85 0 0.0149605448956045
86 0 0.0152351999127941
87 0 0.0180021836218310
88 0 0.0191917853530588
89 0 0.0229284278346720
90 0 0.0236925465227678
91 0 0.0245446451818209
92 0 0.0289364178734127
93 0 0.0311149887595777
94 0 0.0339714766461079
95 0 0.0398663695176142
96 0 0.051238192633746
97 0 0.04478654652178
98 0 0.0741301995249982
99 0 0.0389642082012838
100 0 0.0431464766112932

death 1 F widowed
1 0 0.00126247941256463
2 0 0.000112903416452648
3 0 0.0000684424248000859
4 0 0.0000624381040472688
5 0 0.0000505140318078912
6 0 0.0000296715083790700
7 0 0.0000383414176537977
8 0 0.0000322557217584674
9 0 0.0000343398183181298
10 0 0.0000237531029086968
11 0 0.0000216692490401238
12 0 0.0000392584756443437
13 0 0.0000340897242082638
14 0 0.0000141677706060328
15 0 0.0000465118966163081
16 0 0.0000396753232437819
17 0 0.0000375911043607458
18 0 0.0000231696190104991
19 0 0.0000358403974268784
20 0 0.0000265872208304874
21 0 0.0000368407972606288
22 0 0.0000437605308761801
23 0 0.000034589913116112
24 0 0.00005068079126469
25 0 0.0000557671016537808
26 0 0.0000511810714703964
27 0 0.0000555169485870755
28 0 0.000086541179686539
29 0 0.0000475957908330216
30 0 0.0000809527003107213
31 0 0.0000741969376999441
32 0 0.0000535991312784478
33 0 0.000085540232749981
34 0 0.000111902179187551
35 0 0.0000964678334476332
36 0 0.000109566001790129
37 0 0.000108064205168068
38 0 0.000114071540534111
39 0 0.000112819979592671
40 0 0.000124585332836213
41 0 0.000156217484929666
42 0 0.000145950434766062
43 0 0.0001925370904583
44 0 0.000175836618875880
45 0 0.000193455705427392
46 0 0.000211829954767540
47 0 0.000242155589456949
48 0 0.000297235437861088
49 0 0.000302920843119003
50 0 0.000318139413201357
51 0 0.000357368246952983
52 0 0.000355527709854697
53 0 0.000430266753204012
54 0 0.000501128911397197
55 0 0.000513698893679471
56 0 0.000519230236826984
57 0 0.000615328192907438
58 0 0.000676259637670484
59 0 0.000781433107894136
60 0 0.000779079653907333
61 0 0.000924519930087353
62 0 0.00106783252866294
63 0 0.00101388472820430
64 0 0.00129603188135941
65 0 0.00139126332517203
66 0 0.00154141758057635
67 0 0.00190142598685328
68 0 0.00188406799044771
69 0 0.00224236612827278
70 0 0.0023644233533171
71 0 0.00273416021269546
72 0 0.00311895083674152
73 0 0.00367600156721648
74 0 0.0038764212085195
75 0 0.00444149058064669
76 0 0.00491179270491104
77 0 0.00538915125192641
78 0 0.00645479444056507
79 0 0.00714233056857894
80 0 0.00779544484316341
81 0 0.0090201440564831
82 0 0.0108938350591035
83 0 0.0116349073719550
84 0 0.0126327052245491
85 0 0.0149605448956045
86 0 0.0152351999127941
87 0 0.0180021836218310
88 0 0.0191917853530588
89 0 0.0229284278346720
90 0 0.0236925465227678
91 0 0.0245446451818209
92 0 0.0289364178734127
93 0 0.0311149887595777
94 0 0.0339714766461079
95 0 0.0398663695176142
96 0 0.051238192633746
97 0 0.04478654652178
98 0 0.0741301995249982
99 0 0.0389642082012838
100 0 0.0431464766112932
