*Period monthly mortality rates for SWE in 1938 
* Mon Dec 20 14:20:59 2010
death 1 M married
1 0 0.00432718027540313
2 0 0.000476664332121346
3 0 0.000282521922672307
4 0 0.000170242646983731
5 0 0.000179760953884833
6 0 0.000135768002026637
7 0 0.000155132294736626
8 0 0.000102974967794545
9 0 0.0000927973477653499
10 0 0.0000983865554056162
11 0 0.0000872918971220882
12 0 0.000101806986302688
13 0 0.000113153727492099
14 0 0.0000812863312270595
15 0 0.000135434171084525
16 0 0.000152210693227461
17 0 0.000162228003676157
18 0 0.000207152520688481
19 0 0.000229873741407371
20 0 0.000211579371839576
21 0 0.000322153526741586
22 0 0.00036289008191881
23 0 0.000268730165220221
24 0 0.000254689798537155
25 0 0.000270401781932272
26 0 0.000259787538024137
27 0 0.000279011094930004
28 0 0.000258116116522822
29 0 0.000251263609715613
30 0 0.000222020912528431
31 0 0.000271404766717609
32 0 0.000235387835233580
33 0 0.000290296381060928
34 0 0.000239648955059013
35 0 0.000316968663482409
36 0 0.00027324360090597
37 0 0.000261793284400791
38 0 0.000313790990268736
39 0 0.000361467759013356
40 0 0.000400715304912702
41 0 0.000359627138885821
42 0 0.000419466384428913
43 0 0.000408416172918757
44 0 0.00049023633316958
45 0 0.000457147662214941
46 0 0.000504983521099511
47 0 0.000477753368509859
48 0 0.000554353741730518
49 0 0.000641256829391978
50 0 0.000623215085612805
51 0 0.000750674911669136
52 0 0.000742272844099556
53 0 0.000891609351153844
54 0 0.000886812641038404
55 0 0.000957105574954875
56 0 0.00103529142616166
57 0 0.00107457825763446
58 0 0.00119262526981145
59 0 0.00133754592176383
60 0 0.00138508632142875
61 0 0.00155760808036287
62 0 0.00174812682139536
63 0 0.00189657562415135
64 0 0.00201586763308303
65 0 0.00220052156840311
66 0 0.00257781943910973
67 0 0.00273785318186059
68 0 0.00309135612442335
69 0 0.00304920417782872
70 0 0.00334571792188221
71 0 0.00389807952087895
72 0 0.00440692862985714
73 0 0.00491495972984479
74 0 0.00542170189938873
75 0 0.00566487541310745
76 0 0.00684714647661355
77 0 0.00746671310599545
78 0 0.00803253695007977
79 0 0.00818455989181432
80 0 0.0102767519369860
81 0 0.0116170900609842
82 0 0.0130209341848420
83 0 0.0137025123986166
84 0 0.0153391540015176
85 0 0.0170944797050232
86 0 0.0163545148005524
87 0 0.0190665678557573
88 0 0.0216405900616232
89 0 0.0222448664620468
90 0 0.0314126937530917
91 0 0.0280970450939541
92 0 0.0307810192188693
93 0 0.0352072127436382
94 0 0.0344564297267059
95 0 0.0426061411627648
96 0 0.0406752584685687
97 0 0.0687255556623404
98 0 0.045037698054778
99 0 0.0852941150043035
100 0 0.0798427942738448

death 1 M single
1 0 0.00432718027540313
2 0 0.000476664332121346
3 0 0.000282521922672307
4 0 0.000170242646983731
5 0 0.000179760953884833
6 0 0.000135768002026637
7 0 0.000155132294736626
8 0 0.000102974967794545
9 0 0.0000927973477653499
10 0 0.0000983865554056162
11 0 0.0000872918971220882
12 0 0.000101806986302688
13 0 0.000113153727492099
14 0 0.0000812863312270595
15 0 0.000135434171084525
16 0 0.000152210693227461
17 0 0.000162228003676157
18 0 0.000207152520688481
19 0 0.000229873741407371
20 0 0.000211579371839576
21 0 0.000322153526741586
22 0 0.00036289008191881
23 0 0.000268730165220221
24 0 0.000254689798537155
25 0 0.000270401781932272
26 0 0.000259787538024137
27 0 0.000279011094930004
28 0 0.000258116116522822
29 0 0.000251263609715613
30 0 0.000222020912528431
31 0 0.000271404766717609
32 0 0.000235387835233580
33 0 0.000290296381060928
34 0 0.000239648955059013
35 0 0.000316968663482409
36 0 0.00027324360090597
37 0 0.000261793284400791
38 0 0.000313790990268736
39 0 0.000361467759013356
40 0 0.000400715304912702
41 0 0.000359627138885821
42 0 0.000419466384428913
43 0 0.000408416172918757
44 0 0.00049023633316958
45 0 0.000457147662214941
46 0 0.000504983521099511
47 0 0.000477753368509859
48 0 0.000554353741730518
49 0 0.000641256829391978
50 0 0.000623215085612805
51 0 0.000750674911669136
52 0 0.000742272844099556
53 0 0.000891609351153844
54 0 0.000886812641038404
55 0 0.000957105574954875
56 0 0.00103529142616166
57 0 0.00107457825763446
58 0 0.00119262526981145
59 0 0.00133754592176383
60 0 0.00138508632142875
61 0 0.00155760808036287
62 0 0.00174812682139536
63 0 0.00189657562415135
64 0 0.00201586763308303
65 0 0.00220052156840311
66 0 0.00257781943910973
67 0 0.00273785318186059
68 0 0.00309135612442335
69 0 0.00304920417782872
70 0 0.00334571792188221
71 0 0.00389807952087895
72 0 0.00440692862985714
73 0 0.00491495972984479
74 0 0.00542170189938873
75 0 0.00566487541310745
76 0 0.00684714647661355
77 0 0.00746671310599545
78 0 0.00803253695007977
79 0 0.00818455989181432
80 0 0.0102767519369860
81 0 0.0116170900609842
82 0 0.0130209341848420
83 0 0.0137025123986166
84 0 0.0153391540015176
85 0 0.0170944797050232
86 0 0.0163545148005524
87 0 0.0190665678557573
88 0 0.0216405900616232
89 0 0.0222448664620468
90 0 0.0314126937530917
91 0 0.0280970450939541
92 0 0.0307810192188693
93 0 0.0352072127436382
94 0 0.0344564297267059
95 0 0.0426061411627648
96 0 0.0406752584685687
97 0 0.0687255556623404
98 0 0.045037698054778
99 0 0.0852941150043035
100 0 0.0798427942738448

death 1 M divorced
1 0 0.00432718027540313
2 0 0.000476664332121346
3 0 0.000282521922672307
4 0 0.000170242646983731
5 0 0.000179760953884833
6 0 0.000135768002026637
7 0 0.000155132294736626
8 0 0.000102974967794545
9 0 0.0000927973477653499
10 0 0.0000983865554056162
11 0 0.0000872918971220882
12 0 0.000101806986302688
13 0 0.000113153727492099
14 0 0.0000812863312270595
15 0 0.000135434171084525
16 0 0.000152210693227461
17 0 0.000162228003676157
18 0 0.000207152520688481
19 0 0.000229873741407371
20 0 0.000211579371839576
21 0 0.000322153526741586
22 0 0.00036289008191881
23 0 0.000268730165220221
24 0 0.000254689798537155
25 0 0.000270401781932272
26 0 0.000259787538024137
27 0 0.000279011094930004
28 0 0.000258116116522822
29 0 0.000251263609715613
30 0 0.000222020912528431
31 0 0.000271404766717609
32 0 0.000235387835233580
33 0 0.000290296381060928
34 0 0.000239648955059013
35 0 0.000316968663482409
36 0 0.00027324360090597
37 0 0.000261793284400791
38 0 0.000313790990268736
39 0 0.000361467759013356
40 0 0.000400715304912702
41 0 0.000359627138885821
42 0 0.000419466384428913
43 0 0.000408416172918757
44 0 0.00049023633316958
45 0 0.000457147662214941
46 0 0.000504983521099511
47 0 0.000477753368509859
48 0 0.000554353741730518
49 0 0.000641256829391978
50 0 0.000623215085612805
51 0 0.000750674911669136
52 0 0.000742272844099556
53 0 0.000891609351153844
54 0 0.000886812641038404
55 0 0.000957105574954875
56 0 0.00103529142616166
57 0 0.00107457825763446
58 0 0.00119262526981145
59 0 0.00133754592176383
60 0 0.00138508632142875
61 0 0.00155760808036287
62 0 0.00174812682139536
63 0 0.00189657562415135
64 0 0.00201586763308303
65 0 0.00220052156840311
66 0 0.00257781943910973
67 0 0.00273785318186059
68 0 0.00309135612442335
69 0 0.00304920417782872
70 0 0.00334571792188221
71 0 0.00389807952087895
72 0 0.00440692862985714
73 0 0.00491495972984479
74 0 0.00542170189938873
75 0 0.00566487541310745
76 0 0.00684714647661355
77 0 0.00746671310599545
78 0 0.00803253695007977
79 0 0.00818455989181432
80 0 0.0102767519369860
81 0 0.0116170900609842
82 0 0.0130209341848420
83 0 0.0137025123986166
84 0 0.0153391540015176
85 0 0.0170944797050232
86 0 0.0163545148005524
87 0 0.0190665678557573
88 0 0.0216405900616232
89 0 0.0222448664620468
90 0 0.0314126937530917
91 0 0.0280970450939541
92 0 0.0307810192188693
93 0 0.0352072127436382
94 0 0.0344564297267059
95 0 0.0426061411627648
96 0 0.0406752584685687
97 0 0.0687255556623404
98 0 0.045037698054778
99 0 0.0852941150043035
100 0 0.0798427942738448

death 1 M widowed
1 0 0.00432718027540313
2 0 0.000476664332121346
3 0 0.000282521922672307
4 0 0.000170242646983731
5 0 0.000179760953884833
6 0 0.000135768002026637
7 0 0.000155132294736626
8 0 0.000102974967794545
9 0 0.0000927973477653499
10 0 0.0000983865554056162
11 0 0.0000872918971220882
12 0 0.000101806986302688
13 0 0.000113153727492099
14 0 0.0000812863312270595
15 0 0.000135434171084525
16 0 0.000152210693227461
17 0 0.000162228003676157
18 0 0.000207152520688481
19 0 0.000229873741407371
20 0 0.000211579371839576
21 0 0.000322153526741586
22 0 0.00036289008191881
23 0 0.000268730165220221
24 0 0.000254689798537155
25 0 0.000270401781932272
26 0 0.000259787538024137
27 0 0.000279011094930004
28 0 0.000258116116522822
29 0 0.000251263609715613
30 0 0.000222020912528431
31 0 0.000271404766717609
32 0 0.000235387835233580
33 0 0.000290296381060928
34 0 0.000239648955059013
35 0 0.000316968663482409
36 0 0.00027324360090597
37 0 0.000261793284400791
38 0 0.000313790990268736
39 0 0.000361467759013356
40 0 0.000400715304912702
41 0 0.000359627138885821
42 0 0.000419466384428913
43 0 0.000408416172918757
44 0 0.00049023633316958
45 0 0.000457147662214941
46 0 0.000504983521099511
47 0 0.000477753368509859
48 0 0.000554353741730518
49 0 0.000641256829391978
50 0 0.000623215085612805
51 0 0.000750674911669136
52 0 0.000742272844099556
53 0 0.000891609351153844
54 0 0.000886812641038404
55 0 0.000957105574954875
56 0 0.00103529142616166
57 0 0.00107457825763446
58 0 0.00119262526981145
59 0 0.00133754592176383
60 0 0.00138508632142875
61 0 0.00155760808036287
62 0 0.00174812682139536
63 0 0.00189657562415135
64 0 0.00201586763308303
65 0 0.00220052156840311
66 0 0.00257781943910973
67 0 0.00273785318186059
68 0 0.00309135612442335
69 0 0.00304920417782872
70 0 0.00334571792188221
71 0 0.00389807952087895
72 0 0.00440692862985714
73 0 0.00491495972984479
74 0 0.00542170189938873
75 0 0.00566487541310745
76 0 0.00684714647661355
77 0 0.00746671310599545
78 0 0.00803253695007977
79 0 0.00818455989181432
80 0 0.0102767519369860
81 0 0.0116170900609842
82 0 0.0130209341848420
83 0 0.0137025123986166
84 0 0.0153391540015176
85 0 0.0170944797050232
86 0 0.0163545148005524
87 0 0.0190665678557573
88 0 0.0216405900616232
89 0 0.0222448664620468
90 0 0.0314126937530917
91 0 0.0280970450939541
92 0 0.0307810192188693
93 0 0.0352072127436382
94 0 0.0344564297267059
95 0 0.0426061411627648
96 0 0.0406752584685687
97 0 0.0687255556623404
98 0 0.045037698054778
99 0 0.0852941150043035
100 0 0.0798427942738448

death 1 F married
1 0 0.00324729037484561
2 0 0.000365232779939051
3 0 0.000239481848557044
4 0 0.000150875135242479
5 0 0.000132179383649733
6 0 0.0000974689007205987
7 0 0.0000882928633471058
8 0 0.000084622707740456
9 0 0.0000821204138752307
10 0 0.0000864577670208755
11 0 0.0000920465848611718
12 0 0.0000776164584929129
13 0 0.0000763653993783864
14 0 0.0000841222434567745
15 0 0.00011882762927784
16 0 0.000130259948255773
17 0 0.000138355233399112
18 0 0.000164982957603477
19 0 0.000179009472362712
20 0 0.000199635720179669
21 0 0.000196211606040997
22 0 0.000162311485901623
23 0 0.000211078208056104
24 0 0.000220934936405848
25 0 0.000225195378672272
26 0 0.000206233767278907
27 0 0.000228704128147239
28 0 0.000221018472570056
29 0 0.000265219870198452
30 0 0.000228202869928973
31 0 0.000236390433690392
32 0 0.000239147636475145
33 0 0.000228035784470504
34 0 0.000257029709030077
35 0 0.000230876279038839
36 0 0.000285364120658160
37 0 0.000246333467086801
38 0 0.000299074794759546
39 0 0.000284946144791576
40 0 0.000317554036456613
41 0 0.000335284261631652
42 0 0.000332858696404981
43 0 0.000330265922405371
44 0 0.000396446626613645
45 0 0.000383641794684975
46 0 0.000400213097058177
47 0 0.000431857613657716
48 0 0.000517218800358377
49 0 0.000501799266555802
50 0 0.000548652584007603
51 0 0.000510179123352383
52 0 0.000626571417839838
53 0 0.000670970578711683
54 0 0.000714131578643751
55 0 0.000798497473050608
56 0 0.000835831695253253
57 0 0.000892114282744383
58 0 0.000863085274932729
59 0 0.00101540157218660
60 0 0.00110620554355489
61 0 0.00130947325012176
62 0 0.0012786202365076
63 0 0.00145356455356205
64 0 0.00167611549369673
65 0 0.00185310412518536
66 0 0.00199942479768045
67 0 0.00213642581618645
68 0 0.00254601796404152
69 0 0.00269217400273281
70 0 0.00323105448781824
71 0 0.00322457821689159
72 0 0.00375344110495202
73 0 0.0042846241136284
74 0 0.00452081421159611
75 0 0.00531365764040204
76 0 0.00615586963432613
77 0 0.00616701911182116
78 0 0.00724437043653547
79 0 0.0081996120729051
80 0 0.00919911652613792
81 0 0.0102957062935947
82 0 0.0114493257820663
83 0 0.0125489789990416
84 0 0.0133282302688701
85 0 0.0159775635131740
86 0 0.0160912492004216
87 0 0.0183102516872535
88 0 0.0198443122801069
89 0 0.0232272862824856
90 0 0.0262745956869384
91 0 0.0268881125244865
92 0 0.0323988890699586
93 0 0.0317414667172996
94 0 0.0349280576341163
95 0 0.034867087597256
96 0 0.0415358276829437
97 0 0.0580306648304546
98 0 0.0589210666213593
99 0 0.0457677743926641
100 0 0.0437080358270431

death 1 F single
1 0 0.00324729037484561
2 0 0.000365232779939051
3 0 0.000239481848557044
4 0 0.000150875135242479
5 0 0.000132179383649733
6 0 0.0000974689007205987
7 0 0.0000882928633471058
8 0 0.000084622707740456
9 0 0.0000821204138752307
10 0 0.0000864577670208755
11 0 0.0000920465848611718
12 0 0.0000776164584929129
13 0 0.0000763653993783864
14 0 0.0000841222434567745
15 0 0.00011882762927784
16 0 0.000130259948255773
17 0 0.000138355233399112
18 0 0.000164982957603477
19 0 0.000179009472362712
20 0 0.000199635720179669
21 0 0.000196211606040997
22 0 0.000162311485901623
23 0 0.000211078208056104
24 0 0.000220934936405848
25 0 0.000225195378672272
26 0 0.000206233767278907
27 0 0.000228704128147239
28 0 0.000221018472570056
29 0 0.000265219870198452
30 0 0.000228202869928973
31 0 0.000236390433690392
32 0 0.000239147636475145
33 0 0.000228035784470504
34 0 0.000257029709030077
35 0 0.000230876279038839
36 0 0.000285364120658160
37 0 0.000246333467086801
38 0 0.000299074794759546
39 0 0.000284946144791576
40 0 0.000317554036456613
41 0 0.000335284261631652
42 0 0.000332858696404981
43 0 0.000330265922405371
44 0 0.000396446626613645
45 0 0.000383641794684975
46 0 0.000400213097058177
47 0 0.000431857613657716
48 0 0.000517218800358377
49 0 0.000501799266555802
50 0 0.000548652584007603
51 0 0.000510179123352383
52 0 0.000626571417839838
53 0 0.000670970578711683
54 0 0.000714131578643751
55 0 0.000798497473050608
56 0 0.000835831695253253
57 0 0.000892114282744383
58 0 0.000863085274932729
59 0 0.00101540157218660
60 0 0.00110620554355489
61 0 0.00130947325012176
62 0 0.0012786202365076
63 0 0.00145356455356205
64 0 0.00167611549369673
65 0 0.00185310412518536
66 0 0.00199942479768045
67 0 0.00213642581618645
68 0 0.00254601796404152
69 0 0.00269217400273281
70 0 0.00323105448781824
71 0 0.00322457821689159
72 0 0.00375344110495202
73 0 0.0042846241136284
74 0 0.00452081421159611
75 0 0.00531365764040204
76 0 0.00615586963432613
77 0 0.00616701911182116
78 0 0.00724437043653547
79 0 0.0081996120729051
80 0 0.00919911652613792
81 0 0.0102957062935947
82 0 0.0114493257820663
83 0 0.0125489789990416
84 0 0.0133282302688701
85 0 0.0159775635131740
86 0 0.0160912492004216
87 0 0.0183102516872535
88 0 0.0198443122801069
89 0 0.0232272862824856
90 0 0.0262745956869384
91 0 0.0268881125244865
92 0 0.0323988890699586
93 0 0.0317414667172996
94 0 0.0349280576341163
95 0 0.034867087597256
96 0 0.0415358276829437
97 0 0.0580306648304546
98 0 0.0589210666213593
99 0 0.0457677743926641
100 0 0.0437080358270431

death 1 F divorced
1 0 0.00324729037484561
2 0 0.000365232779939051
3 0 0.000239481848557044
4 0 0.000150875135242479
5 0 0.000132179383649733
6 0 0.0000974689007205987
7 0 0.0000882928633471058
8 0 0.000084622707740456
9 0 0.0000821204138752307
10 0 0.0000864577670208755
11 0 0.0000920465848611718
12 0 0.0000776164584929129
13 0 0.0000763653993783864
14 0 0.0000841222434567745
15 0 0.00011882762927784
16 0 0.000130259948255773
17 0 0.000138355233399112
18 0 0.000164982957603477
19 0 0.000179009472362712
20 0 0.000199635720179669
21 0 0.000196211606040997
22 0 0.000162311485901623
23 0 0.000211078208056104
24 0 0.000220934936405848
25 0 0.000225195378672272
26 0 0.000206233767278907
27 0 0.000228704128147239
28 0 0.000221018472570056
29 0 0.000265219870198452
30 0 0.000228202869928973
31 0 0.000236390433690392
32 0 0.000239147636475145
33 0 0.000228035784470504
34 0 0.000257029709030077
35 0 0.000230876279038839
36 0 0.000285364120658160
37 0 0.000246333467086801
38 0 0.000299074794759546
39 0 0.000284946144791576
40 0 0.000317554036456613
41 0 0.000335284261631652
42 0 0.000332858696404981
43 0 0.000330265922405371
44 0 0.000396446626613645
45 0 0.000383641794684975
46 0 0.000400213097058177
47 0 0.000431857613657716
48 0 0.000517218800358377
49 0 0.000501799266555802
50 0 0.000548652584007603
51 0 0.000510179123352383
52 0 0.000626571417839838
53 0 0.000670970578711683
54 0 0.000714131578643751
55 0 0.000798497473050608
56 0 0.000835831695253253
57 0 0.000892114282744383
58 0 0.000863085274932729
59 0 0.00101540157218660
60 0 0.00110620554355489
61 0 0.00130947325012176
62 0 0.0012786202365076
63 0 0.00145356455356205
64 0 0.00167611549369673
65 0 0.00185310412518536
66 0 0.00199942479768045
67 0 0.00213642581618645
68 0 0.00254601796404152
69 0 0.00269217400273281
70 0 0.00323105448781824
71 0 0.00322457821689159
72 0 0.00375344110495202
73 0 0.0042846241136284
74 0 0.00452081421159611
75 0 0.00531365764040204
76 0 0.00615586963432613
77 0 0.00616701911182116
78 0 0.00724437043653547
79 0 0.0081996120729051
80 0 0.00919911652613792
81 0 0.0102957062935947
82 0 0.0114493257820663
83 0 0.0125489789990416
84 0 0.0133282302688701
85 0 0.0159775635131740
86 0 0.0160912492004216
87 0 0.0183102516872535
88 0 0.0198443122801069
89 0 0.0232272862824856
90 0 0.0262745956869384
91 0 0.0268881125244865
92 0 0.0323988890699586
93 0 0.0317414667172996
94 0 0.0349280576341163
95 0 0.034867087597256
96 0 0.0415358276829437
97 0 0.0580306648304546
98 0 0.0589210666213593
99 0 0.0457677743926641
100 0 0.0437080358270431

death 1 F widowed
1 0 0.00324729037484561
2 0 0.000365232779939051
3 0 0.000239481848557044
4 0 0.000150875135242479
5 0 0.000132179383649733
6 0 0.0000974689007205987
7 0 0.0000882928633471058
8 0 0.000084622707740456
9 0 0.0000821204138752307
10 0 0.0000864577670208755
11 0 0.0000920465848611718
12 0 0.0000776164584929129
13 0 0.0000763653993783864
14 0 0.0000841222434567745
15 0 0.00011882762927784
16 0 0.000130259948255773
17 0 0.000138355233399112
18 0 0.000164982957603477
19 0 0.000179009472362712
20 0 0.000199635720179669
21 0 0.000196211606040997
22 0 0.000162311485901623
23 0 0.000211078208056104
24 0 0.000220934936405848
25 0 0.000225195378672272
26 0 0.000206233767278907
27 0 0.000228704128147239
28 0 0.000221018472570056
29 0 0.000265219870198452
30 0 0.000228202869928973
31 0 0.000236390433690392
32 0 0.000239147636475145
33 0 0.000228035784470504
34 0 0.000257029709030077
35 0 0.000230876279038839
36 0 0.000285364120658160
37 0 0.000246333467086801
38 0 0.000299074794759546
39 0 0.000284946144791576
40 0 0.000317554036456613
41 0 0.000335284261631652
42 0 0.000332858696404981
43 0 0.000330265922405371
44 0 0.000396446626613645
45 0 0.000383641794684975
46 0 0.000400213097058177
47 0 0.000431857613657716
48 0 0.000517218800358377
49 0 0.000501799266555802
50 0 0.000548652584007603
51 0 0.000510179123352383
52 0 0.000626571417839838
53 0 0.000670970578711683
54 0 0.000714131578643751
55 0 0.000798497473050608
56 0 0.000835831695253253
57 0 0.000892114282744383
58 0 0.000863085274932729
59 0 0.00101540157218660
60 0 0.00110620554355489
61 0 0.00130947325012176
62 0 0.0012786202365076
63 0 0.00145356455356205
64 0 0.00167611549369673
65 0 0.00185310412518536
66 0 0.00199942479768045
67 0 0.00213642581618645
68 0 0.00254601796404152
69 0 0.00269217400273281
70 0 0.00323105448781824
71 0 0.00322457821689159
72 0 0.00375344110495202
73 0 0.0042846241136284
74 0 0.00452081421159611
75 0 0.00531365764040204
76 0 0.00615586963432613
77 0 0.00616701911182116
78 0 0.00724437043653547
79 0 0.0081996120729051
80 0 0.00919911652613792
81 0 0.0102957062935947
82 0 0.0114493257820663
83 0 0.0125489789990416
84 0 0.0133282302688701
85 0 0.0159775635131740
86 0 0.0160912492004216
87 0 0.0183102516872535
88 0 0.0198443122801069
89 0 0.0232272862824856
90 0 0.0262745956869384
91 0 0.0268881125244865
92 0 0.0323988890699586
93 0 0.0317414667172996
94 0 0.0349280576341163
95 0 0.034867087597256
96 0 0.0415358276829437
97 0 0.0580306648304546
98 0 0.0589210666213593
99 0 0.0457677743926641
100 0 0.0437080358270431
