*Period monthly mortality rates for SWE in 1942 
* Mon Dec 20 14:21:02 2010
death 1 M married
1 0 0.00305403040072894
2 0 0.000295814142117989
3 0 0.000173498797702898
4 0 0.000145282699311022
5 0 0.00010631214046819
6 0 0.000111568435883336
7 0 0.000098887098229361
8 0 0.000107480179849184
9 0 0.000061354032845129
10 0 0.0000699435669585524
11 0 0.0000659405762887255
12 0 0.000097302055409476
13 0 0.0000776998630460657
14 0 0.0000725289254539518
15 0 0.0000545997265654075
16 0 0.0000857904684508082
17 0 0.000104726968171875
18 0 0.000114655608204228
19 0 0.000143780312471864
20 0 0.000214335822045553
21 0 0.000247001945330005
22 0 0.000232129466629205
23 0 0.000250427973498057
24 0 0.000258366827788459
25 0 0.000202976443658964
26 0 0.000191451466555415
27 0 0.000223608131741049
28 0 0.000205565588814238
29 0 0.000234719442406828
30 0 0.000211078208056104
31 0 0.000178341494003309
32 0 0.000207570138944790
33 0 0.000193622727328258
34 0 0.000219013625821107
35 0 0.000219347763874889
36 0 0.000227618072168312
37 0 0.000256779001452934
38 0 0.000218178286060966
39 0 0.000299074794759546
40 0 0.000253269167985626
41 0 0.000322822562902947
42 0 0.000329178652097140
43 0 0.000350759218952668
44 0 0.000373600051619127
45 0 0.000345405422077283
46 0 0.000433448501963030
47 0 0.000438974961974647
48 0 0.000462591805207468
49 0 0.000549658644670492
50 0 0.000480182804411755
51 0 0.000660645208116928
52 0 0.000659805798673418
53 0 0.000619607166753133
54 0 0.000739080262173064
55 0 0.000751179060436646
56 0 0.00087250816770057
57 0 0.00090886277115343
58 0 0.00110637425194715
59 0 0.00116181192922415
60 0 0.00118080521804409
61 0 0.00127439461265666
62 0 0.00152760284073361
63 0 0.00141944594896171
64 0 0.00168477421109681
65 0 0.00189904332014368
66 0 0.00201007396245734
67 0 0.00241087900954218
68 0 0.00252142447179970
69 0 0.00288784609175508
70 0 0.00297227786323073
71 0 0.00339631273156715
72 0 0.00393758231173402
73 0 0.00391078118183807
74 0 0.00484680520715375
75 0 0.00488646049612396
76 0 0.0057059561132512
77 0 0.00653079997413708
78 0 0.00707761175494681
79 0 0.00781261240043352
80 0 0.00850713486159305
81 0 0.00973919867694517
82 0 0.00992230423680585
83 0 0.0113608361330994
84 0 0.0129151141327124
85 0 0.014232385386317
86 0 0.0160549974423471
87 0 0.0192045746462947
88 0 0.0209056111485769
89 0 0.021357471390266
90 0 0.0218370264841267
91 0 0.0308692167341387
92 0 0.0283499527792229
93 0 0.0300604102658233
94 0 0.0390354606399982
95 0 0.040709081614019
96 0 0.0327985759330492
97 0 0.0461482304960745
98 0 0.0476084182526911
99 0 0.121696626414611
100 0 0.104678687583703

death 1 M single
1 0 0.00305403040072894
2 0 0.000295814142117989
3 0 0.000173498797702898
4 0 0.000145282699311022
5 0 0.00010631214046819
6 0 0.000111568435883336
7 0 0.000098887098229361
8 0 0.000107480179849184
9 0 0.000061354032845129
10 0 0.0000699435669585524
11 0 0.0000659405762887255
12 0 0.000097302055409476
13 0 0.0000776998630460657
14 0 0.0000725289254539518
15 0 0.0000545997265654075
16 0 0.0000857904684508082
17 0 0.000104726968171875
18 0 0.000114655608204228
19 0 0.000143780312471864
20 0 0.000214335822045553
21 0 0.000247001945330005
22 0 0.000232129466629205
23 0 0.000250427973498057
24 0 0.000258366827788459
25 0 0.000202976443658964
26 0 0.000191451466555415
27 0 0.000223608131741049
28 0 0.000205565588814238
29 0 0.000234719442406828
30 0 0.000211078208056104
31 0 0.000178341494003309
32 0 0.000207570138944790
33 0 0.000193622727328258
34 0 0.000219013625821107
35 0 0.000219347763874889
36 0 0.000227618072168312
37 0 0.000256779001452934
38 0 0.000218178286060966
39 0 0.000299074794759546
40 0 0.000253269167985626
41 0 0.000322822562902947
42 0 0.000329178652097140
43 0 0.000350759218952668
44 0 0.000373600051619127
45 0 0.000345405422077283
46 0 0.000433448501963030
47 0 0.000438974961974647
48 0 0.000462591805207468
49 0 0.000549658644670492
50 0 0.000480182804411755
51 0 0.000660645208116928
52 0 0.000659805798673418
53 0 0.000619607166753133
54 0 0.000739080262173064
55 0 0.000751179060436646
56 0 0.00087250816770057
57 0 0.00090886277115343
58 0 0.00110637425194715
59 0 0.00116181192922415
60 0 0.00118080521804409
61 0 0.00127439461265666
62 0 0.00152760284073361
63 0 0.00141944594896171
64 0 0.00168477421109681
65 0 0.00189904332014368
66 0 0.00201007396245734
67 0 0.00241087900954218
68 0 0.00252142447179970
69 0 0.00288784609175508
70 0 0.00297227786323073
71 0 0.00339631273156715
72 0 0.00393758231173402
73 0 0.00391078118183807
74 0 0.00484680520715375
75 0 0.00488646049612396
76 0 0.0057059561132512
77 0 0.00653079997413708
78 0 0.00707761175494681
79 0 0.00781261240043352
80 0 0.00850713486159305
81 0 0.00973919867694517
82 0 0.00992230423680585
83 0 0.0113608361330994
84 0 0.0129151141327124
85 0 0.014232385386317
86 0 0.0160549974423471
87 0 0.0192045746462947
88 0 0.0209056111485769
89 0 0.021357471390266
90 0 0.0218370264841267
91 0 0.0308692167341387
92 0 0.0283499527792229
93 0 0.0300604102658233
94 0 0.0390354606399982
95 0 0.040709081614019
96 0 0.0327985759330492
97 0 0.0461482304960745
98 0 0.0476084182526911
99 0 0.121696626414611
100 0 0.104678687583703

death 1 M divorced
1 0 0.00305403040072894
2 0 0.000295814142117989
3 0 0.000173498797702898
4 0 0.000145282699311022
5 0 0.00010631214046819
6 0 0.000111568435883336
7 0 0.000098887098229361
8 0 0.000107480179849184
9 0 0.000061354032845129
10 0 0.0000699435669585524
11 0 0.0000659405762887255
12 0 0.000097302055409476
13 0 0.0000776998630460657
14 0 0.0000725289254539518
15 0 0.0000545997265654075
16 0 0.0000857904684508082
17 0 0.000104726968171875
18 0 0.000114655608204228
19 0 0.000143780312471864
20 0 0.000214335822045553
21 0 0.000247001945330005
22 0 0.000232129466629205
23 0 0.000250427973498057
24 0 0.000258366827788459
25 0 0.000202976443658964
26 0 0.000191451466555415
27 0 0.000223608131741049
28 0 0.000205565588814238
29 0 0.000234719442406828
30 0 0.000211078208056104
31 0 0.000178341494003309
32 0 0.000207570138944790
33 0 0.000193622727328258
34 0 0.000219013625821107
35 0 0.000219347763874889
36 0 0.000227618072168312
37 0 0.000256779001452934
38 0 0.000218178286060966
39 0 0.000299074794759546
40 0 0.000253269167985626
41 0 0.000322822562902947
42 0 0.000329178652097140
43 0 0.000350759218952668
44 0 0.000373600051619127
45 0 0.000345405422077283
46 0 0.000433448501963030
47 0 0.000438974961974647
48 0 0.000462591805207468
49 0 0.000549658644670492
50 0 0.000480182804411755
51 0 0.000660645208116928
52 0 0.000659805798673418
53 0 0.000619607166753133
54 0 0.000739080262173064
55 0 0.000751179060436646
56 0 0.00087250816770057
57 0 0.00090886277115343
58 0 0.00110637425194715
59 0 0.00116181192922415
60 0 0.00118080521804409
61 0 0.00127439461265666
62 0 0.00152760284073361
63 0 0.00141944594896171
64 0 0.00168477421109681
65 0 0.00189904332014368
66 0 0.00201007396245734
67 0 0.00241087900954218
68 0 0.00252142447179970
69 0 0.00288784609175508
70 0 0.00297227786323073
71 0 0.00339631273156715
72 0 0.00393758231173402
73 0 0.00391078118183807
74 0 0.00484680520715375
75 0 0.00488646049612396
76 0 0.0057059561132512
77 0 0.00653079997413708
78 0 0.00707761175494681
79 0 0.00781261240043352
80 0 0.00850713486159305
81 0 0.00973919867694517
82 0 0.00992230423680585
83 0 0.0113608361330994
84 0 0.0129151141327124
85 0 0.014232385386317
86 0 0.0160549974423471
87 0 0.0192045746462947
88 0 0.0209056111485769
89 0 0.021357471390266
90 0 0.0218370264841267
91 0 0.0308692167341387
92 0 0.0283499527792229
93 0 0.0300604102658233
94 0 0.0390354606399982
95 0 0.040709081614019
96 0 0.0327985759330492
97 0 0.0461482304960745
98 0 0.0476084182526911
99 0 0.121696626414611
100 0 0.104678687583703

death 1 M widowed
1 0 0.00305403040072894
2 0 0.000295814142117989
3 0 0.000173498797702898
4 0 0.000145282699311022
5 0 0.00010631214046819
6 0 0.000111568435883336
7 0 0.000098887098229361
8 0 0.000107480179849184
9 0 0.000061354032845129
10 0 0.0000699435669585524
11 0 0.0000659405762887255
12 0 0.000097302055409476
13 0 0.0000776998630460657
14 0 0.0000725289254539518
15 0 0.0000545997265654075
16 0 0.0000857904684508082
17 0 0.000104726968171875
18 0 0.000114655608204228
19 0 0.000143780312471864
20 0 0.000214335822045553
21 0 0.000247001945330005
22 0 0.000232129466629205
23 0 0.000250427973498057
24 0 0.000258366827788459
25 0 0.000202976443658964
26 0 0.000191451466555415
27 0 0.000223608131741049
28 0 0.000205565588814238
29 0 0.000234719442406828
30 0 0.000211078208056104
31 0 0.000178341494003309
32 0 0.000207570138944790
33 0 0.000193622727328258
34 0 0.000219013625821107
35 0 0.000219347763874889
36 0 0.000227618072168312
37 0 0.000256779001452934
38 0 0.000218178286060966
39 0 0.000299074794759546
40 0 0.000253269167985626
41 0 0.000322822562902947
42 0 0.000329178652097140
43 0 0.000350759218952668
44 0 0.000373600051619127
45 0 0.000345405422077283
46 0 0.000433448501963030
47 0 0.000438974961974647
48 0 0.000462591805207468
49 0 0.000549658644670492
50 0 0.000480182804411755
51 0 0.000660645208116928
52 0 0.000659805798673418
53 0 0.000619607166753133
54 0 0.000739080262173064
55 0 0.000751179060436646
56 0 0.00087250816770057
57 0 0.00090886277115343
58 0 0.00110637425194715
59 0 0.00116181192922415
60 0 0.00118080521804409
61 0 0.00127439461265666
62 0 0.00152760284073361
63 0 0.00141944594896171
64 0 0.00168477421109681
65 0 0.00189904332014368
66 0 0.00201007396245734
67 0 0.00241087900954218
68 0 0.00252142447179970
69 0 0.00288784609175508
70 0 0.00297227786323073
71 0 0.00339631273156715
72 0 0.00393758231173402
73 0 0.00391078118183807
74 0 0.00484680520715375
75 0 0.00488646049612396
76 0 0.0057059561132512
77 0 0.00653079997413708
78 0 0.00707761175494681
79 0 0.00781261240043352
80 0 0.00850713486159305
81 0 0.00973919867694517
82 0 0.00992230423680585
83 0 0.0113608361330994
84 0 0.0129151141327124
85 0 0.014232385386317
86 0 0.0160549974423471
87 0 0.0192045746462947
88 0 0.0209056111485769
89 0 0.021357471390266
90 0 0.0218370264841267
91 0 0.0308692167341387
92 0 0.0283499527792229
93 0 0.0300604102658233
94 0 0.0390354606399982
95 0 0.040709081614019
96 0 0.0327985759330492
97 0 0.0461482304960745
98 0 0.0476084182526911
99 0 0.121696626414611
100 0 0.104678687583703

death 1 F married
1 0 0.00233406465060948
2 0 0.000190783396752381
3 0 0.000138355233399112
4 0 0.000108147637662870
5 0 0.000116741594805347
6 0 0.0000801186283768685
7 0 0.0000722787262569247
8 0 0.0000467620249039458
9 0 0.0000576015785100914
10 0 0.0000664409404824706
11 0 0.0000562674098522065
12 0 0.0000511810714703964
13 0 0.0000488464540653322
14 0 0.0000422598210251257
15 0 0.0000638557551264629
16 0 0.0000906284940708213
17 0 0.000115489997100204
18 0 0.000123750860446914
19 0 0.000132346292990859
20 0 0.000145115766213677
21 0 0.000149372655965596
22 0 0.000161309704255874
23 0 0.000150791663519945
24 0 0.000150374306057244
25 0 0.000154381016807981
26 0 0.000164482050678538
27 0 0.000147118983615857
28 0 0.000155048819104664
29 0 0.000188862723421002
30 0 0.000182516439290126
31 0 0.000199134622248187
32 0 0.000206901950655758
33 0 0.000170576605791672
34 0 0.000205064458189352
35 0 0.000189530779106772
36 0 0.000186608071731875
37 0 0.000210326467562250
38 0 0.000184937995426959
39 0 0.000247586867826111
40 0 0.000218679488995788
41 0 0.000248255355288274
42 0 0.000284444576289178
43 0 0.000273327185162153
44 0 0.000293306027381091
45 0 0.000315045321685359
46 0 0.000322237155992444
47 0 0.00037334902225894
48 0 0.000393182478500398
49 0 0.000442575715238203
50 0 0.000436462893030565
51 0 0.000474318759615011
52 0 0.000539347050934391
53 0 0.000658210942097504
54 0 0.000638739161675783
55 0 0.000602660255807574
56 0 0.000625900141475011
57 0 0.000704389172026532
58 0 0.00078059258161356
59 0 0.000844831201517238
60 0 0.00106066574063246
61 0 0.00108984231907239
62 0 0.00117438926281210
63 0 0.00131843526830022
64 0 0.00139354807686964
65 0 0.00158465519923467
66 0 0.00169309414916408
67 0 0.00181747473029659
68 0 0.00208277725113093
69 0 0.00219787490864853
70 0 0.00259385298272641
71 0 0.00276353636061122
72 0 0.00328504142012365
73 0 0.0037254788362886
74 0 0.00409925337380312
75 0 0.00462598577191853
76 0 0.00515800748681217
77 0 0.00580016616278289
78 0 0.0062802865649344
79 0 0.006896861358064
80 0 0.0075547168012442
81 0 0.00828404207557454
82 0 0.00915088245493334
83 0 0.0107472142703520
84 0 0.0113697189795049
85 0 0.0129007899175361
86 0 0.0147372459088130
87 0 0.0163794949360352
88 0 0.0181719890641971
89 0 0.0200468157336868
90 0 0.0210653497994340
91 0 0.0225737766225662
92 0 0.0267286644897432
93 0 0.029835463223141
94 0 0.0302679350445493
95 0 0.0396573796174641
96 0 0.0452992912543619
97 0 0.044379041318108
98 0 0.0358951835440177
99 0 0.0584030311024922
100 0 0.0340856296627233

death 1 F single
1 0 0.00233406465060948
2 0 0.000190783396752381
3 0 0.000138355233399112
4 0 0.000108147637662870
5 0 0.000116741594805347
6 0 0.0000801186283768685
7 0 0.0000722787262569247
8 0 0.0000467620249039458
9 0 0.0000576015785100914
10 0 0.0000664409404824706
11 0 0.0000562674098522065
12 0 0.0000511810714703964
13 0 0.0000488464540653322
14 0 0.0000422598210251257
15 0 0.0000638557551264629
16 0 0.0000906284940708213
17 0 0.000115489997100204
18 0 0.000123750860446914
19 0 0.000132346292990859
20 0 0.000145115766213677
21 0 0.000149372655965596
22 0 0.000161309704255874
23 0 0.000150791663519945
24 0 0.000150374306057244
25 0 0.000154381016807981
26 0 0.000164482050678538
27 0 0.000147118983615857
28 0 0.000155048819104664
29 0 0.000188862723421002
30 0 0.000182516439290126
31 0 0.000199134622248187
32 0 0.000206901950655758
33 0 0.000170576605791672
34 0 0.000205064458189352
35 0 0.000189530779106772
36 0 0.000186608071731875
37 0 0.000210326467562250
38 0 0.000184937995426959
39 0 0.000247586867826111
40 0 0.000218679488995788
41 0 0.000248255355288274
42 0 0.000284444576289178
43 0 0.000273327185162153
44 0 0.000293306027381091
45 0 0.000315045321685359
46 0 0.000322237155992444
47 0 0.00037334902225894
48 0 0.000393182478500398
49 0 0.000442575715238203
50 0 0.000436462893030565
51 0 0.000474318759615011
52 0 0.000539347050934391
53 0 0.000658210942097504
54 0 0.000638739161675783
55 0 0.000602660255807574
56 0 0.000625900141475011
57 0 0.000704389172026532
58 0 0.00078059258161356
59 0 0.000844831201517238
60 0 0.00106066574063246
61 0 0.00108984231907239
62 0 0.00117438926281210
63 0 0.00131843526830022
64 0 0.00139354807686964
65 0 0.00158465519923467
66 0 0.00169309414916408
67 0 0.00181747473029659
68 0 0.00208277725113093
69 0 0.00219787490864853
70 0 0.00259385298272641
71 0 0.00276353636061122
72 0 0.00328504142012365
73 0 0.0037254788362886
74 0 0.00409925337380312
75 0 0.00462598577191853
76 0 0.00515800748681217
77 0 0.00580016616278289
78 0 0.0062802865649344
79 0 0.006896861358064
80 0 0.0075547168012442
81 0 0.00828404207557454
82 0 0.00915088245493334
83 0 0.0107472142703520
84 0 0.0113697189795049
85 0 0.0129007899175361
86 0 0.0147372459088130
87 0 0.0163794949360352
88 0 0.0181719890641971
89 0 0.0200468157336868
90 0 0.0210653497994340
91 0 0.0225737766225662
92 0 0.0267286644897432
93 0 0.029835463223141
94 0 0.0302679350445493
95 0 0.0396573796174641
96 0 0.0452992912543619
97 0 0.044379041318108
98 0 0.0358951835440177
99 0 0.0584030311024922
100 0 0.0340856296627233

death 1 F divorced
1 0 0.00233406465060948
2 0 0.000190783396752381
3 0 0.000138355233399112
4 0 0.000108147637662870
5 0 0.000116741594805347
6 0 0.0000801186283768685
7 0 0.0000722787262569247
8 0 0.0000467620249039458
9 0 0.0000576015785100914
10 0 0.0000664409404824706
11 0 0.0000562674098522065
12 0 0.0000511810714703964
13 0 0.0000488464540653322
14 0 0.0000422598210251257
15 0 0.0000638557551264629
16 0 0.0000906284940708213
17 0 0.000115489997100204
18 0 0.000123750860446914
19 0 0.000132346292990859
20 0 0.000145115766213677
21 0 0.000149372655965596
22 0 0.000161309704255874
23 0 0.000150791663519945
24 0 0.000150374306057244
25 0 0.000154381016807981
26 0 0.000164482050678538
27 0 0.000147118983615857
28 0 0.000155048819104664
29 0 0.000188862723421002
30 0 0.000182516439290126
31 0 0.000199134622248187
32 0 0.000206901950655758
33 0 0.000170576605791672
34 0 0.000205064458189352
35 0 0.000189530779106772
36 0 0.000186608071731875
37 0 0.000210326467562250
38 0 0.000184937995426959
39 0 0.000247586867826111
40 0 0.000218679488995788
41 0 0.000248255355288274
42 0 0.000284444576289178
43 0 0.000273327185162153
44 0 0.000293306027381091
45 0 0.000315045321685359
46 0 0.000322237155992444
47 0 0.00037334902225894
48 0 0.000393182478500398
49 0 0.000442575715238203
50 0 0.000436462893030565
51 0 0.000474318759615011
52 0 0.000539347050934391
53 0 0.000658210942097504
54 0 0.000638739161675783
55 0 0.000602660255807574
56 0 0.000625900141475011
57 0 0.000704389172026532
58 0 0.00078059258161356
59 0 0.000844831201517238
60 0 0.00106066574063246
61 0 0.00108984231907239
62 0 0.00117438926281210
63 0 0.00131843526830022
64 0 0.00139354807686964
65 0 0.00158465519923467
66 0 0.00169309414916408
67 0 0.00181747473029659
68 0 0.00208277725113093
69 0 0.00219787490864853
70 0 0.00259385298272641
71 0 0.00276353636061122
72 0 0.00328504142012365
73 0 0.0037254788362886
74 0 0.00409925337380312
75 0 0.00462598577191853
76 0 0.00515800748681217
77 0 0.00580016616278289
78 0 0.0062802865649344
79 0 0.006896861358064
80 0 0.0075547168012442
81 0 0.00828404207557454
82 0 0.00915088245493334
83 0 0.0107472142703520
84 0 0.0113697189795049
85 0 0.0129007899175361
86 0 0.0147372459088130
87 0 0.0163794949360352
88 0 0.0181719890641971
89 0 0.0200468157336868
90 0 0.0210653497994340
91 0 0.0225737766225662
92 0 0.0267286644897432
93 0 0.029835463223141
94 0 0.0302679350445493
95 0 0.0396573796174641
96 0 0.0452992912543619
97 0 0.044379041318108
98 0 0.0358951835440177
99 0 0.0584030311024922
100 0 0.0340856296627233

death 1 F widowed
1 0 0.00233406465060948
2 0 0.000190783396752381
3 0 0.000138355233399112
4 0 0.000108147637662870
5 0 0.000116741594805347
6 0 0.0000801186283768685
7 0 0.0000722787262569247
8 0 0.0000467620249039458
9 0 0.0000576015785100914
10 0 0.0000664409404824706
11 0 0.0000562674098522065
12 0 0.0000511810714703964
13 0 0.0000488464540653322
14 0 0.0000422598210251257
15 0 0.0000638557551264629
16 0 0.0000906284940708213
17 0 0.000115489997100204
18 0 0.000123750860446914
19 0 0.000132346292990859
20 0 0.000145115766213677
21 0 0.000149372655965596
22 0 0.000161309704255874
23 0 0.000150791663519945
24 0 0.000150374306057244
25 0 0.000154381016807981
26 0 0.000164482050678538
27 0 0.000147118983615857
28 0 0.000155048819104664
29 0 0.000188862723421002
30 0 0.000182516439290126
31 0 0.000199134622248187
32 0 0.000206901950655758
33 0 0.000170576605791672
34 0 0.000205064458189352
35 0 0.000189530779106772
36 0 0.000186608071731875
37 0 0.000210326467562250
38 0 0.000184937995426959
39 0 0.000247586867826111
40 0 0.000218679488995788
41 0 0.000248255355288274
42 0 0.000284444576289178
43 0 0.000273327185162153
44 0 0.000293306027381091
45 0 0.000315045321685359
46 0 0.000322237155992444
47 0 0.00037334902225894
48 0 0.000393182478500398
49 0 0.000442575715238203
50 0 0.000436462893030565
51 0 0.000474318759615011
52 0 0.000539347050934391
53 0 0.000658210942097504
54 0 0.000638739161675783
55 0 0.000602660255807574
56 0 0.000625900141475011
57 0 0.000704389172026532
58 0 0.00078059258161356
59 0 0.000844831201517238
60 0 0.00106066574063246
61 0 0.00108984231907239
62 0 0.00117438926281210
63 0 0.00131843526830022
64 0 0.00139354807686964
65 0 0.00158465519923467
66 0 0.00169309414916408
67 0 0.00181747473029659
68 0 0.00208277725113093
69 0 0.00219787490864853
70 0 0.00259385298272641
71 0 0.00276353636061122
72 0 0.00328504142012365
73 0 0.0037254788362886
74 0 0.00409925337380312
75 0 0.00462598577191853
76 0 0.00515800748681217
77 0 0.00580016616278289
78 0 0.0062802865649344
79 0 0.006896861358064
80 0 0.0075547168012442
81 0 0.00828404207557454
82 0 0.00915088245493334
83 0 0.0107472142703520
84 0 0.0113697189795049
85 0 0.0129007899175361
86 0 0.0147372459088130
87 0 0.0163794949360352
88 0 0.0181719890641971
89 0 0.0200468157336868
90 0 0.0210653497994340
91 0 0.0225737766225662
92 0 0.0267286644897432
93 0 0.029835463223141
94 0 0.0302679350445493
95 0 0.0396573796174641
96 0 0.0452992912543619
97 0 0.044379041318108
98 0 0.0358951835440177
99 0 0.0584030311024922
100 0 0.0340856296627233
