*Period monthly mortality rates for SWE in 2071 
* Mon Dec 20 14:21:52 2010
death 1 M married
1 0 0.000159306174086660
2 0 0.0000166681946396352
3 0 0.00000500013750526218
4 0 0.00000416676215586609
5 0 0.00000333339444602565
6 0 0.00000250003437562984
7 0 0.00000250003437562984
8 0 0.00000250003437562984
9 0 0.00000250003437562984
10 0 0.00000250003437562984
11 0 0.00000250003437562984
12 0 0.00000333339444602565
13 0 0.00000250003437562984
14 0 0.00000416676215586609
15 0 0.00000416676215586609
16 0 0.00000666691112360951
17 0 0.00000833371530217786
18 0 0.0000108339788730261
19 0 0.0000141677706060328
20 0 0.0000191686874497776
21 0 0.0000225027848553827
22 0 0.0000241698794146705
23 0 0.0000241698794146705
24 0 0.0000241698794146705
25 0 0.0000233363283135279
26 0 0.0000233363283135279
27 0 0.0000233363283135279
28 0 0.0000216692490401238
29 0 0.0000216692490401238
30 0 0.0000208357208674181
31 0 0.0000216692490401238
32 0 0.0000200022003373768
33 0 0.0000208357208674181
34 0 0.0000225027848553827
35 0 0.0000225027848553827
36 0 0.0000250034381590325
37 0 0.0000266705785775256
38 0 0.0000275041602521009
39 0 0.0000308385633891461
40 0 0.0000333394460065861
41 0 0.0000350067393084519
42 0 0.0000383414176537977
43 0 0.0000425099376131222
44 0 0.0000483461867075707
45 0 0.0000516813544294559
46 0 0.00005668433545436
47 0 0.0000625214946752273
48 0 0.0000683590287403613
49 0 0.0000766990134587475
50 0 0.0000833715521976197
51 0 0.0000917129144495377
52 0 0.000104226393189744
53 0 0.000114238416628387
54 0 0.000130093042745694
55 0 0.000140107915847287
56 0 0.000153462796661064
57 0 0.000170159157473537
58 0 0.00019103392235309
59 0 0.000201890695059714
60 0 0.000226949736477855
61 0 0.000243659603279878
62 0 0.000269565969733043
63 0 0.000299660052488715
64 0 0.000329764103723651
65 0 0.000369081629227441
66 0 0.000400045695056694
67 0 0.000439393646883834
68 0 0.000492163386553224
69 0 0.000539095563266923
70 0 0.000597794895148662
71 0 0.000666605238195506
72 0 0.000732947459052058
73 0 0.000820357993472354
74 0 0.000916270122841567
75 0 0.00102576735084436
76 0 0.00116831140758533
77 0 0.00129079113213082
78 0 0.00151082457340934
79 0 0.00173054331218392
80 0 0.00199337662865973
81 0 0.00232021419607886
82 0 0.00273321552381578
83 0 0.00324910413860813
84 0 0.00382182002678944
85 0 0.00462151349267148
86 0 0.00552659821817159
87 0 0.00663788916516062
88 0 0.0078729518533005
89 0 0.00948628828156362
90 0 0.0112318503410481
91 0 0.0133417534791087
92 0 0.0160952338062309
93 0 0.0193433119108236
94 0 0.0223448221754659
95 0 0.0262214468438445
96 0 0.0293872829157554
97 0 0.0347906577831971
98 0 0.0393353053394947
99 0 0.0434422182602218
100 0 0.0490920605325916

death 1 M single
1 0 0.000159306174086660
2 0 0.0000166681946396352
3 0 0.00000500013750526218
4 0 0.00000416676215586609
5 0 0.00000333339444602565
6 0 0.00000250003437562984
7 0 0.00000250003437562984
8 0 0.00000250003437562984
9 0 0.00000250003437562984
10 0 0.00000250003437562984
11 0 0.00000250003437562984
12 0 0.00000333339444602565
13 0 0.00000250003437562984
14 0 0.00000416676215586609
15 0 0.00000416676215586609
16 0 0.00000666691112360951
17 0 0.00000833371530217786
18 0 0.0000108339788730261
19 0 0.0000141677706060328
20 0 0.0000191686874497776
21 0 0.0000225027848553827
22 0 0.0000241698794146705
23 0 0.0000241698794146705
24 0 0.0000241698794146705
25 0 0.0000233363283135279
26 0 0.0000233363283135279
27 0 0.0000233363283135279
28 0 0.0000216692490401238
29 0 0.0000216692490401238
30 0 0.0000208357208674181
31 0 0.0000216692490401238
32 0 0.0000200022003373768
33 0 0.0000208357208674181
34 0 0.0000225027848553827
35 0 0.0000225027848553827
36 0 0.0000250034381590325
37 0 0.0000266705785775256
38 0 0.0000275041602521009
39 0 0.0000308385633891461
40 0 0.0000333394460065861
41 0 0.0000350067393084519
42 0 0.0000383414176537977
43 0 0.0000425099376131222
44 0 0.0000483461867075707
45 0 0.0000516813544294559
46 0 0.00005668433545436
47 0 0.0000625214946752273
48 0 0.0000683590287403613
49 0 0.0000766990134587475
50 0 0.0000833715521976197
51 0 0.0000917129144495377
52 0 0.000104226393189744
53 0 0.000114238416628387
54 0 0.000130093042745694
55 0 0.000140107915847287
56 0 0.000153462796661064
57 0 0.000170159157473537
58 0 0.00019103392235309
59 0 0.000201890695059714
60 0 0.000226949736477855
61 0 0.000243659603279878
62 0 0.000269565969733043
63 0 0.000299660052488715
64 0 0.000329764103723651
65 0 0.000369081629227441
66 0 0.000400045695056694
67 0 0.000439393646883834
68 0 0.000492163386553224
69 0 0.000539095563266923
70 0 0.000597794895148662
71 0 0.000666605238195506
72 0 0.000732947459052058
73 0 0.000820357993472354
74 0 0.000916270122841567
75 0 0.00102576735084436
76 0 0.00116831140758533
77 0 0.00129079113213082
78 0 0.00151082457340934
79 0 0.00173054331218392
80 0 0.00199337662865973
81 0 0.00232021419607886
82 0 0.00273321552381578
83 0 0.00324910413860813
84 0 0.00382182002678944
85 0 0.00462151349267148
86 0 0.00552659821817159
87 0 0.00663788916516062
88 0 0.0078729518533005
89 0 0.00948628828156362
90 0 0.0112318503410481
91 0 0.0133417534791087
92 0 0.0160952338062309
93 0 0.0193433119108236
94 0 0.0223448221754659
95 0 0.0262214468438445
96 0 0.0293872829157554
97 0 0.0347906577831971
98 0 0.0393353053394947
99 0 0.0434422182602218
100 0 0.0490920605325916

death 1 M divorced
1 0 0.000159306174086660
2 0 0.0000166681946396352
3 0 0.00000500013750526218
4 0 0.00000416676215586609
5 0 0.00000333339444602565
6 0 0.00000250003437562984
7 0 0.00000250003437562984
8 0 0.00000250003437562984
9 0 0.00000250003437562984
10 0 0.00000250003437562984
11 0 0.00000250003437562984
12 0 0.00000333339444602565
13 0 0.00000250003437562984
14 0 0.00000416676215586609
15 0 0.00000416676215586609
16 0 0.00000666691112360951
17 0 0.00000833371530217786
18 0 0.0000108339788730261
19 0 0.0000141677706060328
20 0 0.0000191686874497776
21 0 0.0000225027848553827
22 0 0.0000241698794146705
23 0 0.0000241698794146705
24 0 0.0000241698794146705
25 0 0.0000233363283135279
26 0 0.0000233363283135279
27 0 0.0000233363283135279
28 0 0.0000216692490401238
29 0 0.0000216692490401238
30 0 0.0000208357208674181
31 0 0.0000216692490401238
32 0 0.0000200022003373768
33 0 0.0000208357208674181
34 0 0.0000225027848553827
35 0 0.0000225027848553827
36 0 0.0000250034381590325
37 0 0.0000266705785775256
38 0 0.0000275041602521009
39 0 0.0000308385633891461
40 0 0.0000333394460065861
41 0 0.0000350067393084519
42 0 0.0000383414176537977
43 0 0.0000425099376131222
44 0 0.0000483461867075707
45 0 0.0000516813544294559
46 0 0.00005668433545436
47 0 0.0000625214946752273
48 0 0.0000683590287403613
49 0 0.0000766990134587475
50 0 0.0000833715521976197
51 0 0.0000917129144495377
52 0 0.000104226393189744
53 0 0.000114238416628387
54 0 0.000130093042745694
55 0 0.000140107915847287
56 0 0.000153462796661064
57 0 0.000170159157473537
58 0 0.00019103392235309
59 0 0.000201890695059714
60 0 0.000226949736477855
61 0 0.000243659603279878
62 0 0.000269565969733043
63 0 0.000299660052488715
64 0 0.000329764103723651
65 0 0.000369081629227441
66 0 0.000400045695056694
67 0 0.000439393646883834
68 0 0.000492163386553224
69 0 0.000539095563266923
70 0 0.000597794895148662
71 0 0.000666605238195506
72 0 0.000732947459052058
73 0 0.000820357993472354
74 0 0.000916270122841567
75 0 0.00102576735084436
76 0 0.00116831140758533
77 0 0.00129079113213082
78 0 0.00151082457340934
79 0 0.00173054331218392
80 0 0.00199337662865973
81 0 0.00232021419607886
82 0 0.00273321552381578
83 0 0.00324910413860813
84 0 0.00382182002678944
85 0 0.00462151349267148
86 0 0.00552659821817159
87 0 0.00663788916516062
88 0 0.0078729518533005
89 0 0.00948628828156362
90 0 0.0112318503410481
91 0 0.0133417534791087
92 0 0.0160952338062309
93 0 0.0193433119108236
94 0 0.0223448221754659
95 0 0.0262214468438445
96 0 0.0293872829157554
97 0 0.0347906577831971
98 0 0.0393353053394947
99 0 0.0434422182602218
100 0 0.0490920605325916

death 1 M widowed
1 0 0.000159306174086660
2 0 0.0000166681946396352
3 0 0.00000500013750526218
4 0 0.00000416676215586609
5 0 0.00000333339444602565
6 0 0.00000250003437562984
7 0 0.00000250003437562984
8 0 0.00000250003437562984
9 0 0.00000250003437562984
10 0 0.00000250003437562984
11 0 0.00000250003437562984
12 0 0.00000333339444602565
13 0 0.00000250003437562984
14 0 0.00000416676215586609
15 0 0.00000416676215586609
16 0 0.00000666691112360951
17 0 0.00000833371530217786
18 0 0.0000108339788730261
19 0 0.0000141677706060328
20 0 0.0000191686874497776
21 0 0.0000225027848553827
22 0 0.0000241698794146705
23 0 0.0000241698794146705
24 0 0.0000241698794146705
25 0 0.0000233363283135279
26 0 0.0000233363283135279
27 0 0.0000233363283135279
28 0 0.0000216692490401238
29 0 0.0000216692490401238
30 0 0.0000208357208674181
31 0 0.0000216692490401238
32 0 0.0000200022003373768
33 0 0.0000208357208674181
34 0 0.0000225027848553827
35 0 0.0000225027848553827
36 0 0.0000250034381590325
37 0 0.0000266705785775256
38 0 0.0000275041602521009
39 0 0.0000308385633891461
40 0 0.0000333394460065861
41 0 0.0000350067393084519
42 0 0.0000383414176537977
43 0 0.0000425099376131222
44 0 0.0000483461867075707
45 0 0.0000516813544294559
46 0 0.00005668433545436
47 0 0.0000625214946752273
48 0 0.0000683590287403613
49 0 0.0000766990134587475
50 0 0.0000833715521976197
51 0 0.0000917129144495377
52 0 0.000104226393189744
53 0 0.000114238416628387
54 0 0.000130093042745694
55 0 0.000140107915847287
56 0 0.000153462796661064
57 0 0.000170159157473537
58 0 0.00019103392235309
59 0 0.000201890695059714
60 0 0.000226949736477855
61 0 0.000243659603279878
62 0 0.000269565969733043
63 0 0.000299660052488715
64 0 0.000329764103723651
65 0 0.000369081629227441
66 0 0.000400045695056694
67 0 0.000439393646883834
68 0 0.000492163386553224
69 0 0.000539095563266923
70 0 0.000597794895148662
71 0 0.000666605238195506
72 0 0.000732947459052058
73 0 0.000820357993472354
74 0 0.000916270122841567
75 0 0.00102576735084436
76 0 0.00116831140758533
77 0 0.00129079113213082
78 0 0.00151082457340934
79 0 0.00173054331218392
80 0 0.00199337662865973
81 0 0.00232021419607886
82 0 0.00273321552381578
83 0 0.00324910413860813
84 0 0.00382182002678944
85 0 0.00462151349267148
86 0 0.00552659821817159
87 0 0.00663788916516062
88 0 0.0078729518533005
89 0 0.00948628828156362
90 0 0.0112318503410481
91 0 0.0133417534791087
92 0 0.0160952338062309
93 0 0.0193433119108236
94 0 0.0223448221754659
95 0 0.0262214468438445
96 0 0.0293872829157554
97 0 0.0347906577831971
98 0 0.0393353053394947
99 0 0.0434422182602218
100 0 0.0490920605325916

death 1 F married
1 0 0.000157636599346866
2 0 0.0000175016846010179
3 0 0.00000500013750526218
4 0 0.00000416676215586609
5 0 0.00000333339444602565
6 0 0.00000333339444602565
7 0 0.00000250003437562984
8 0 0.00000166668194467867
9 0 0.00000250003437562984
10 0 0.00000250003437562984
11 0 0.00000250003437562984
12 0 0.00000250003437562984
13 0 0.00000250003437562984
14 0 0.00000250003437562984
15 0 0.00000333339444602565
16 0 0.00000500013750526218
17 0 0.00000583352049443597
18 0 0.00000666691112360951
19 0 0.00000666691112360951
20 0 0.00000833371530217786
21 0 0.00000916712885190574
22 0 0.0000100005500421885
23 0 0.00000916712885190574
24 0 0.00000916712885190574
25 0 0.00000750030939278279
26 0 0.00000750030939278279
27 0 0.00000916712885190574
28 0 0.00000833371530217786
29 0 0.00000833371530217786
30 0 0.00000916712885190574
31 0 0.0000100005500421885
32 0 0.0000108339788730261
33 0 0.0000108339788730261
34 0 0.0000116674153447516
35 0 0.0000116674153447516
36 0 0.0000141677706060328
37 0 0.0000158347123201397
38 0 0.0000166681946396352
39 0 0.0000183351822042876
40 0 0.0000183351822042876
41 0 0.0000200022003373768
42 0 0.0000216692490401238
43 0 0.0000258370045466139
44 0 0.0000275041602521009
45 0 0.0000316721832838152
46 0 0.0000366740631904117
47 0 0.0000425099376131222
48 0 0.0000491799671665794
49 0 0.0000591859292243813
50 0 0.0000700269644720031
51 0 0.0000817033715945215
52 0 0.0000933812787555777
53 0 0.000101723559627565
54 0 0.000110066606177961
55 0 0.000123417073636167
56 0 0.000137604094123889
57 0 0.000155967055273654
58 0 0.000170994056027163
59 0 0.000189363764725003
60 0 0.000202725885138699
61 0 0.000230291464076604
62 0 0.000254522664378531
63 0 0.000269565969733043
64 0 0.000300496141496964
65 0 0.000323909757170004
66 0 0.000361551424450379
67 0 0.000388328321214826
68 0 0.000425159442090872
69 0 0.000466193494457423
70 0 0.000505570106476561
71 0 0.00056760193081351
72 0 0.000622963365694118
73 0 0.000687594372434042
74 0 0.00076739733848108
75 0 0.000860729704474372
76 0 0.000960895362294378
77 0 0.00108140881878294
78 0 0.00122995296249606
79 0 0.00138720168634854
80 0 0.0015972912550144
81 0 0.00183082348524988
82 0 0.00212379976978450
83 0 0.00240574461826037
84 0 0.00279764868529286
85 0 0.0032283775730495
86 0 0.00391922094173969
87 0 0.00470661239169501
88 0 0.00563205975980319
89 0 0.00676261313930226
90 0 0.00808044937650265
91 0 0.00951220463362112
92 0 0.0114869792084574
93 0 0.0133349916191348
94 0 0.0156579877030547
95 0 0.0180052366561917
96 0 0.0209055060133347
97 0 0.0239807137078594
98 0 0.0278254201864091
99 0 0.0317843736171707
100 0 0.0348312643709694

death 1 F single
1 0 0.000157636599346866
2 0 0.0000175016846010179
3 0 0.00000500013750526218
4 0 0.00000416676215586609
5 0 0.00000333339444602565
6 0 0.00000333339444602565
7 0 0.00000250003437562984
8 0 0.00000166668194467867
9 0 0.00000250003437562984
10 0 0.00000250003437562984
11 0 0.00000250003437562984
12 0 0.00000250003437562984
13 0 0.00000250003437562984
14 0 0.00000250003437562984
15 0 0.00000333339444602565
16 0 0.00000500013750526218
17 0 0.00000583352049443597
18 0 0.00000666691112360951
19 0 0.00000666691112360951
20 0 0.00000833371530217786
21 0 0.00000916712885190574
22 0 0.0000100005500421885
23 0 0.00000916712885190574
24 0 0.00000916712885190574
25 0 0.00000750030939278279
26 0 0.00000750030939278279
27 0 0.00000916712885190574
28 0 0.00000833371530217786
29 0 0.00000833371530217786
30 0 0.00000916712885190574
31 0 0.0000100005500421885
32 0 0.0000108339788730261
33 0 0.0000108339788730261
34 0 0.0000116674153447516
35 0 0.0000116674153447516
36 0 0.0000141677706060328
37 0 0.0000158347123201397
38 0 0.0000166681946396352
39 0 0.0000183351822042876
40 0 0.0000183351822042876
41 0 0.0000200022003373768
42 0 0.0000216692490401238
43 0 0.0000258370045466139
44 0 0.0000275041602521009
45 0 0.0000316721832838152
46 0 0.0000366740631904117
47 0 0.0000425099376131222
48 0 0.0000491799671665794
49 0 0.0000591859292243813
50 0 0.0000700269644720031
51 0 0.0000817033715945215
52 0 0.0000933812787555777
53 0 0.000101723559627565
54 0 0.000110066606177961
55 0 0.000123417073636167
56 0 0.000137604094123889
57 0 0.000155967055273654
58 0 0.000170994056027163
59 0 0.000189363764725003
60 0 0.000202725885138699
61 0 0.000230291464076604
62 0 0.000254522664378531
63 0 0.000269565969733043
64 0 0.000300496141496964
65 0 0.000323909757170004
66 0 0.000361551424450379
67 0 0.000388328321214826
68 0 0.000425159442090872
69 0 0.000466193494457423
70 0 0.000505570106476561
71 0 0.00056760193081351
72 0 0.000622963365694118
73 0 0.000687594372434042
74 0 0.00076739733848108
75 0 0.000860729704474372
76 0 0.000960895362294378
77 0 0.00108140881878294
78 0 0.00122995296249606
79 0 0.00138720168634854
80 0 0.0015972912550144
81 0 0.00183082348524988
82 0 0.00212379976978450
83 0 0.00240574461826037
84 0 0.00279764868529286
85 0 0.0032283775730495
86 0 0.00391922094173969
87 0 0.00470661239169501
88 0 0.00563205975980319
89 0 0.00676261313930226
90 0 0.00808044937650265
91 0 0.00951220463362112
92 0 0.0114869792084574
93 0 0.0133349916191348
94 0 0.0156579877030547
95 0 0.0180052366561917
96 0 0.0209055060133347
97 0 0.0239807137078594
98 0 0.0278254201864091
99 0 0.0317843736171707
100 0 0.0348312643709694

death 1 F divorced
1 0 0.000157636599346866
2 0 0.0000175016846010179
3 0 0.00000500013750526218
4 0 0.00000416676215586609
5 0 0.00000333339444602565
6 0 0.00000333339444602565
7 0 0.00000250003437562984
8 0 0.00000166668194467867
9 0 0.00000250003437562984
10 0 0.00000250003437562984
11 0 0.00000250003437562984
12 0 0.00000250003437562984
13 0 0.00000250003437562984
14 0 0.00000250003437562984
15 0 0.00000333339444602565
16 0 0.00000500013750526218
17 0 0.00000583352049443597
18 0 0.00000666691112360951
19 0 0.00000666691112360951
20 0 0.00000833371530217786
21 0 0.00000916712885190574
22 0 0.0000100005500421885
23 0 0.00000916712885190574
24 0 0.00000916712885190574
25 0 0.00000750030939278279
26 0 0.00000750030939278279
27 0 0.00000916712885190574
28 0 0.00000833371530217786
29 0 0.00000833371530217786
30 0 0.00000916712885190574
31 0 0.0000100005500421885
32 0 0.0000108339788730261
33 0 0.0000108339788730261
34 0 0.0000116674153447516
35 0 0.0000116674153447516
36 0 0.0000141677706060328
37 0 0.0000158347123201397
38 0 0.0000166681946396352
39 0 0.0000183351822042876
40 0 0.0000183351822042876
41 0 0.0000200022003373768
42 0 0.0000216692490401238
43 0 0.0000258370045466139
44 0 0.0000275041602521009
45 0 0.0000316721832838152
46 0 0.0000366740631904117
47 0 0.0000425099376131222
48 0 0.0000491799671665794
49 0 0.0000591859292243813
50 0 0.0000700269644720031
51 0 0.0000817033715945215
52 0 0.0000933812787555777
53 0 0.000101723559627565
54 0 0.000110066606177961
55 0 0.000123417073636167
56 0 0.000137604094123889
57 0 0.000155967055273654
58 0 0.000170994056027163
59 0 0.000189363764725003
60 0 0.000202725885138699
61 0 0.000230291464076604
62 0 0.000254522664378531
63 0 0.000269565969733043
64 0 0.000300496141496964
65 0 0.000323909757170004
66 0 0.000361551424450379
67 0 0.000388328321214826
68 0 0.000425159442090872
69 0 0.000466193494457423
70 0 0.000505570106476561
71 0 0.00056760193081351
72 0 0.000622963365694118
73 0 0.000687594372434042
74 0 0.00076739733848108
75 0 0.000860729704474372
76 0 0.000960895362294378
77 0 0.00108140881878294
78 0 0.00122995296249606
79 0 0.00138720168634854
80 0 0.0015972912550144
81 0 0.00183082348524988
82 0 0.00212379976978450
83 0 0.00240574461826037
84 0 0.00279764868529286
85 0 0.0032283775730495
86 0 0.00391922094173969
87 0 0.00470661239169501
88 0 0.00563205975980319
89 0 0.00676261313930226
90 0 0.00808044937650265
91 0 0.00951220463362112
92 0 0.0114869792084574
93 0 0.0133349916191348
94 0 0.0156579877030547
95 0 0.0180052366561917
96 0 0.0209055060133347
97 0 0.0239807137078594
98 0 0.0278254201864091
99 0 0.0317843736171707
100 0 0.0348312643709694

death 1 F widowed
1 0 0.000157636599346866
2 0 0.0000175016846010179
3 0 0.00000500013750526218
4 0 0.00000416676215586609
5 0 0.00000333339444602565
6 0 0.00000333339444602565
7 0 0.00000250003437562984
8 0 0.00000166668194467867
9 0 0.00000250003437562984
10 0 0.00000250003437562984
11 0 0.00000250003437562984
12 0 0.00000250003437562984
13 0 0.00000250003437562984
14 0 0.00000250003437562984
15 0 0.00000333339444602565
16 0 0.00000500013750526218
17 0 0.00000583352049443597
18 0 0.00000666691112360951
19 0 0.00000666691112360951
20 0 0.00000833371530217786
21 0 0.00000916712885190574
22 0 0.0000100005500421885
23 0 0.00000916712885190574
24 0 0.00000916712885190574
25 0 0.00000750030939278279
26 0 0.00000750030939278279
27 0 0.00000916712885190574
28 0 0.00000833371530217786
29 0 0.00000833371530217786
30 0 0.00000916712885190574
31 0 0.0000100005500421885
32 0 0.0000108339788730261
33 0 0.0000108339788730261
34 0 0.0000116674153447516
35 0 0.0000116674153447516
36 0 0.0000141677706060328
37 0 0.0000158347123201397
38 0 0.0000166681946396352
39 0 0.0000183351822042876
40 0 0.0000183351822042876
41 0 0.0000200022003373768
42 0 0.0000216692490401238
43 0 0.0000258370045466139
44 0 0.0000275041602521009
45 0 0.0000316721832838152
46 0 0.0000366740631904117
47 0 0.0000425099376131222
48 0 0.0000491799671665794
49 0 0.0000591859292243813
50 0 0.0000700269644720031
51 0 0.0000817033715945215
52 0 0.0000933812787555777
53 0 0.000101723559627565
54 0 0.000110066606177961
55 0 0.000123417073636167
56 0 0.000137604094123889
57 0 0.000155967055273654
58 0 0.000170994056027163
59 0 0.000189363764725003
60 0 0.000202725885138699
61 0 0.000230291464076604
62 0 0.000254522664378531
63 0 0.000269565969733043
64 0 0.000300496141496964
65 0 0.000323909757170004
66 0 0.000361551424450379
67 0 0.000388328321214826
68 0 0.000425159442090872
69 0 0.000466193494457423
70 0 0.000505570106476561
71 0 0.00056760193081351
72 0 0.000622963365694118
73 0 0.000687594372434042
74 0 0.00076739733848108
75 0 0.000860729704474372
76 0 0.000960895362294378
77 0 0.00108140881878294
78 0 0.00122995296249606
79 0 0.00138720168634854
80 0 0.0015972912550144
81 0 0.00183082348524988
82 0 0.00212379976978450
83 0 0.00240574461826037
84 0 0.00279764868529286
85 0 0.0032283775730495
86 0 0.00391922094173969
87 0 0.00470661239169501
88 0 0.00563205975980319
89 0 0.00676261313930226
90 0 0.00808044937650265
91 0 0.00951220463362112
92 0 0.0114869792084574
93 0 0.0133349916191348
94 0 0.0156579877030547
95 0 0.0180052366561917
96 0 0.0209055060133347
97 0 0.0239807137078594
98 0 0.0278254201864091
99 0 0.0317843736171707
100 0 0.0348312643709694
