*Period monthly mortality rates for SWE in 1995 
* Mon Dec 20 14:21:42 2010
death 1 M married
1 0 0.00037870446567978
2 0 0.0000298382296060051
3 0 0.0000175850340174977
4 0 0.00000783367083967423
5 0 0.0000128342392419212
6 0 0.0000118341035559855
7 0 0.0000068335901662886
8 0 0.0000158347123201397
9 0 0.0000105006064238244
10 0 0.00000608353688102969
11 0 0.00000633355395518453
12 0 0.00000983386519282092
13 0 0.0000131676202490549
14 0 0.0000180017822459799
15 0 0.0000145011565035880
16 0 0.0000160014081727056
17 0 0.0000245866578314491
18 0 0.0000441773991204375
19 0 0.0000523484026575538
20 0 0.0000489298322259302
21 0 0.0000680254452664064
22 0 0.0000565175649840377
23 0 0.0000406757652813283
24 0 0.0000522650213613529
25 0 0.0000610204750761678
26 0 0.0000534323664680425
27 0 0.0000423431931446672
28 0 0.0000525985470051227
29 0 0.000061354032845129
30 0 0.0000679420495892646
31 0 0.0000906284940708213
32 0 0.0000811195156158462
33 0 0.0000673582819911145
34 0 0.0000686092171490182
35 0 0.0000912958281574783
36 0 0.0000870416572880117
37 0 0.0000833715521976197
38 0 0.000112486232918596
39 0 0.000107146452780205
40 0 0.000121164044722843
41 0 0.000139022917965859
42 0 0.000152043747406183
43 0 0.000180846438163407
44 0 0.000193622727328258
45 0 0.000165066442359252
46 0 0.000208572430588916
47 0 0.000195627014079602
48 0 0.000235638483810918
49 0 0.000278676737456296
50 0 0.000307352361515578
51 0 0.000315965175727184
52 0 0.000356531634559953
53 0 0.000393349867859216
54 0 0.000429596925555664
55 0 0.000436630362132928
56 0 0.000506156695640358
57 0 0.000570033770288858
58 0 0.000578755385092444
59 0 0.000684151821974122
60 0 0.000767733499225542
61 0 0.000843485424256163
62 0 0.00102947572160828
63 0 0.00108832423121796
64 0 0.00115750733601405
65 0 0.00128090215516363
66 0 0.00135065511184651
67 0 0.00173895239153266
68 0 0.00174498362523612
69 0 0.00203299520527345
70 0 0.00217568015650060
71 0 0.00237306247523494
72 0 0.00264746161238705
73 0 0.00274798814919874
74 0 0.00338895959436281
75 0 0.00395263967299342
76 0 0.00425597332920924
77 0 0.00446739882284675
78 0 0.00538915125192641
79 0 0.00581624762062805
80 0 0.00673047351158063
81 0 0.00712357716812795
82 0 0.0079609889815706
83 0 0.00939674917304
84 0 0.0101047580364130
85 0 0.0117534634660851
86 0 0.0128463018872865
87 0 0.0152161596825092
88 0 0.0155322779225436
89 0 0.0176338389380636
90 0 0.0192835169304764
91 0 0.0218264029406846
92 0 0.0240499610227205
93 0 0.0279407530802204
94 0 0.0312455761325453
95 0 0.0340593954861267
96 0 0.0410880859811052
97 0 0.0372912156198234
98 0 0.0483778231907924
99 0 0.0467629096201897
100 0 0.0463175317422099

death 1 M single
1 0 0.00037870446567978
2 0 0.0000298382296060051
3 0 0.0000175850340174977
4 0 0.00000783367083967423
5 0 0.0000128342392419212
6 0 0.0000118341035559855
7 0 0.0000068335901662886
8 0 0.0000158347123201397
9 0 0.0000105006064238244
10 0 0.00000608353688102969
11 0 0.00000633355395518453
12 0 0.00000983386519282092
13 0 0.0000131676202490549
14 0 0.0000180017822459799
15 0 0.0000145011565035880
16 0 0.0000160014081727056
17 0 0.0000245866578314491
18 0 0.0000441773991204375
19 0 0.0000523484026575538
20 0 0.0000489298322259302
21 0 0.0000680254452664064
22 0 0.0000565175649840377
23 0 0.0000406757652813283
24 0 0.0000522650213613529
25 0 0.0000610204750761678
26 0 0.0000534323664680425
27 0 0.0000423431931446672
28 0 0.0000525985470051227
29 0 0.000061354032845129
30 0 0.0000679420495892646
31 0 0.0000906284940708213
32 0 0.0000811195156158462
33 0 0.0000673582819911145
34 0 0.0000686092171490182
35 0 0.0000912958281574783
36 0 0.0000870416572880117
37 0 0.0000833715521976197
38 0 0.000112486232918596
39 0 0.000107146452780205
40 0 0.000121164044722843
41 0 0.000139022917965859
42 0 0.000152043747406183
43 0 0.000180846438163407
44 0 0.000193622727328258
45 0 0.000165066442359252
46 0 0.000208572430588916
47 0 0.000195627014079602
48 0 0.000235638483810918
49 0 0.000278676737456296
50 0 0.000307352361515578
51 0 0.000315965175727184
52 0 0.000356531634559953
53 0 0.000393349867859216
54 0 0.000429596925555664
55 0 0.000436630362132928
56 0 0.000506156695640358
57 0 0.000570033770288858
58 0 0.000578755385092444
59 0 0.000684151821974122
60 0 0.000767733499225542
61 0 0.000843485424256163
62 0 0.00102947572160828
63 0 0.00108832423121796
64 0 0.00115750733601405
65 0 0.00128090215516363
66 0 0.00135065511184651
67 0 0.00173895239153266
68 0 0.00174498362523612
69 0 0.00203299520527345
70 0 0.00217568015650060
71 0 0.00237306247523494
72 0 0.00264746161238705
73 0 0.00274798814919874
74 0 0.00338895959436281
75 0 0.00395263967299342
76 0 0.00425597332920924
77 0 0.00446739882284675
78 0 0.00538915125192641
79 0 0.00581624762062805
80 0 0.00673047351158063
81 0 0.00712357716812795
82 0 0.0079609889815706
83 0 0.00939674917304
84 0 0.0101047580364130
85 0 0.0117534634660851
86 0 0.0128463018872865
87 0 0.0152161596825092
88 0 0.0155322779225436
89 0 0.0176338389380636
90 0 0.0192835169304764
91 0 0.0218264029406846
92 0 0.0240499610227205
93 0 0.0279407530802204
94 0 0.0312455761325453
95 0 0.0340593954861267
96 0 0.0410880859811052
97 0 0.0372912156198234
98 0 0.0483778231907924
99 0 0.0467629096201897
100 0 0.0463175317422099

death 1 M divorced
1 0 0.00037870446567978
2 0 0.0000298382296060051
3 0 0.0000175850340174977
4 0 0.00000783367083967423
5 0 0.0000128342392419212
6 0 0.0000118341035559855
7 0 0.0000068335901662886
8 0 0.0000158347123201397
9 0 0.0000105006064238244
10 0 0.00000608353688102969
11 0 0.00000633355395518453
12 0 0.00000983386519282092
13 0 0.0000131676202490549
14 0 0.0000180017822459799
15 0 0.0000145011565035880
16 0 0.0000160014081727056
17 0 0.0000245866578314491
18 0 0.0000441773991204375
19 0 0.0000523484026575538
20 0 0.0000489298322259302
21 0 0.0000680254452664064
22 0 0.0000565175649840377
23 0 0.0000406757652813283
24 0 0.0000522650213613529
25 0 0.0000610204750761678
26 0 0.0000534323664680425
27 0 0.0000423431931446672
28 0 0.0000525985470051227
29 0 0.000061354032845129
30 0 0.0000679420495892646
31 0 0.0000906284940708213
32 0 0.0000811195156158462
33 0 0.0000673582819911145
34 0 0.0000686092171490182
35 0 0.0000912958281574783
36 0 0.0000870416572880117
37 0 0.0000833715521976197
38 0 0.000112486232918596
39 0 0.000107146452780205
40 0 0.000121164044722843
41 0 0.000139022917965859
42 0 0.000152043747406183
43 0 0.000180846438163407
44 0 0.000193622727328258
45 0 0.000165066442359252
46 0 0.000208572430588916
47 0 0.000195627014079602
48 0 0.000235638483810918
49 0 0.000278676737456296
50 0 0.000307352361515578
51 0 0.000315965175727184
52 0 0.000356531634559953
53 0 0.000393349867859216
54 0 0.000429596925555664
55 0 0.000436630362132928
56 0 0.000506156695640358
57 0 0.000570033770288858
58 0 0.000578755385092444
59 0 0.000684151821974122
60 0 0.000767733499225542
61 0 0.000843485424256163
62 0 0.00102947572160828
63 0 0.00108832423121796
64 0 0.00115750733601405
65 0 0.00128090215516363
66 0 0.00135065511184651
67 0 0.00173895239153266
68 0 0.00174498362523612
69 0 0.00203299520527345
70 0 0.00217568015650060
71 0 0.00237306247523494
72 0 0.00264746161238705
73 0 0.00274798814919874
74 0 0.00338895959436281
75 0 0.00395263967299342
76 0 0.00425597332920924
77 0 0.00446739882284675
78 0 0.00538915125192641
79 0 0.00581624762062805
80 0 0.00673047351158063
81 0 0.00712357716812795
82 0 0.0079609889815706
83 0 0.00939674917304
84 0 0.0101047580364130
85 0 0.0117534634660851
86 0 0.0128463018872865
87 0 0.0152161596825092
88 0 0.0155322779225436
89 0 0.0176338389380636
90 0 0.0192835169304764
91 0 0.0218264029406846
92 0 0.0240499610227205
93 0 0.0279407530802204
94 0 0.0312455761325453
95 0 0.0340593954861267
96 0 0.0410880859811052
97 0 0.0372912156198234
98 0 0.0483778231907924
99 0 0.0467629096201897
100 0 0.0463175317422099

death 1 M widowed
1 0 0.00037870446567978
2 0 0.0000298382296060051
3 0 0.0000175850340174977
4 0 0.00000783367083967423
5 0 0.0000128342392419212
6 0 0.0000118341035559855
7 0 0.0000068335901662886
8 0 0.0000158347123201397
9 0 0.0000105006064238244
10 0 0.00000608353688102969
11 0 0.00000633355395518453
12 0 0.00000983386519282092
13 0 0.0000131676202490549
14 0 0.0000180017822459799
15 0 0.0000145011565035880
16 0 0.0000160014081727056
17 0 0.0000245866578314491
18 0 0.0000441773991204375
19 0 0.0000523484026575538
20 0 0.0000489298322259302
21 0 0.0000680254452664064
22 0 0.0000565175649840377
23 0 0.0000406757652813283
24 0 0.0000522650213613529
25 0 0.0000610204750761678
26 0 0.0000534323664680425
27 0 0.0000423431931446672
28 0 0.0000525985470051227
29 0 0.000061354032845129
30 0 0.0000679420495892646
31 0 0.0000906284940708213
32 0 0.0000811195156158462
33 0 0.0000673582819911145
34 0 0.0000686092171490182
35 0 0.0000912958281574783
36 0 0.0000870416572880117
37 0 0.0000833715521976197
38 0 0.000112486232918596
39 0 0.000107146452780205
40 0 0.000121164044722843
41 0 0.000139022917965859
42 0 0.000152043747406183
43 0 0.000180846438163407
44 0 0.000193622727328258
45 0 0.000165066442359252
46 0 0.000208572430588916
47 0 0.000195627014079602
48 0 0.000235638483810918
49 0 0.000278676737456296
50 0 0.000307352361515578
51 0 0.000315965175727184
52 0 0.000356531634559953
53 0 0.000393349867859216
54 0 0.000429596925555664
55 0 0.000436630362132928
56 0 0.000506156695640358
57 0 0.000570033770288858
58 0 0.000578755385092444
59 0 0.000684151821974122
60 0 0.000767733499225542
61 0 0.000843485424256163
62 0 0.00102947572160828
63 0 0.00108832423121796
64 0 0.00115750733601405
65 0 0.00128090215516363
66 0 0.00135065511184651
67 0 0.00173895239153266
68 0 0.00174498362523612
69 0 0.00203299520527345
70 0 0.00217568015650060
71 0 0.00237306247523494
72 0 0.00264746161238705
73 0 0.00274798814919874
74 0 0.00338895959436281
75 0 0.00395263967299342
76 0 0.00425597332920924
77 0 0.00446739882284675
78 0 0.00538915125192641
79 0 0.00581624762062805
80 0 0.00673047351158063
81 0 0.00712357716812795
82 0 0.0079609889815706
83 0 0.00939674917304
84 0 0.0101047580364130
85 0 0.0117534634660851
86 0 0.0128463018872865
87 0 0.0152161596825092
88 0 0.0155322779225436
89 0 0.0176338389380636
90 0 0.0192835169304764
91 0 0.0218264029406846
92 0 0.0240499610227205
93 0 0.0279407530802204
94 0 0.0312455761325453
95 0 0.0340593954861267
96 0 0.0410880859811052
97 0 0.0372912156198234
98 0 0.0483778231907924
99 0 0.0467629096201897
100 0 0.0463175317422099

death 1 F married
1 0 0.000284778954983245
2 0 0.0000133343112110884
3 0 0.0000141677706060328
4 0 0.00000691692980214764
5 0 0.0000149178905948233
6 0 0.0000110840090122855
7 0 0.00000433343661454533
8 0 0.00000450011137886897
9 0 0.00000466678644872598
10 0 0.0000129175843790463
11 0 0.00000675025060670187
12 0 0.00000516681349194137
13 0 0.00000700026951450106
14 0 0.0000103339206576347
15 0 0.0000118341035559855
16 0 0.0000150845847662895
17 0 0.0000154179740260441
18 0 0.0000120841364459334
19 0 0.0000268372943009743
20 0 0.0000255869338277037
21 0 0.0000271707266650267
22 0 0.0000235030379223122
23 0 0.0000261704332417123
24 0 0.0000185852329754876
25 0 0.0000243365905521209
26 0 0.0000233363283135279
27 0 0.0000284211089226494
28 0 0.0000268372943009743
29 0 0.0000285878278565299
30 0 0.0000295881478802329
31 0 0.0000344231831743702
32 0 0.0000343398183181298
33 0 0.0000405923946910081
34 0 0.000054933260775214
35 0 0.0000323390847035698
36 0 0.0000397586929929972
37 0 0.0000454280153232567
38 0 0.0000535157488350535
39 0 0.0000572680345098942
40 0 0.0000646896778536687
41 0 0.0000697767721612452
42 0 0.0000984699790181898
43 0 0.0000930476034446404
44 0 0.0000890435952493052
45 0 0.000112903416452648
46 0 0.000110900952950965
47 0 0.000132429747776275
48 0 0.000162645415570539
49 0 0.000169908689402809
50 0 0.000179927950622383
51 0 0.000196712687857592
52 0 0.000240233830235081
53 0 0.000283441447588295
54 0 0.000259871109906107
55 0 0.000253102036439468
56 0 0.000308606604069062
57 0 0.000361467759013356
58 0 0.000345321771503704
59 0 0.000339382777574171
60 0 0.000449610156508129
61 0 0.000468706385457929
62 0 0.000545047624774142
63 0 0.000595697837286302
64 0 0.000660225502425726
65 0 0.000764371947758802
66 0 0.000807241049914142
67 0 0.000844074199354394
68 0 0.00096030582943274
69 0 0.000978246185804887
70 0 0.00117447368033241
71 0 0.00125014333524798
72 0 0.00132579154806711
73 0 0.00155998179950334
74 0 0.00164496792050328
75 0 0.00200530298208190
76 0 0.00226919095759592
77 0 0.00252725089838257
78 0 0.00290367643710288
79 0 0.00337295777011015
80 0 0.00375283313773922
81 0 0.00436625868268381
82 0 0.00474532816599238
83 0 0.00569166891435902
84 0 0.00647314092134943
85 0 0.00726468391057955
86 0 0.00836928245559165
87 0 0.00927784055776804
88 0 0.010490148847911
89 0 0.0122563597258627
90 0 0.0137121150244921
91 0 0.016072922299595
92 0 0.017816551895951
93 0 0.0213133120763083
94 0 0.0225942400453405
95 0 0.0255180051524798
96 0 0.0293126914491796
97 0 0.0289211102276582
98 0 0.0350662900467474
99 0 0.0370519219121674
100 0 0.0434791718499239

death 1 F single
1 0 0.000284778954983245
2 0 0.0000133343112110884
3 0 0.0000141677706060328
4 0 0.00000691692980214764
5 0 0.0000149178905948233
6 0 0.0000110840090122855
7 0 0.00000433343661454533
8 0 0.00000450011137886897
9 0 0.00000466678644872598
10 0 0.0000129175843790463
11 0 0.00000675025060670187
12 0 0.00000516681349194137
13 0 0.00000700026951450106
14 0 0.0000103339206576347
15 0 0.0000118341035559855
16 0 0.0000150845847662895
17 0 0.0000154179740260441
18 0 0.0000120841364459334
19 0 0.0000268372943009743
20 0 0.0000255869338277037
21 0 0.0000271707266650267
22 0 0.0000235030379223122
23 0 0.0000261704332417123
24 0 0.0000185852329754876
25 0 0.0000243365905521209
26 0 0.0000233363283135279
27 0 0.0000284211089226494
28 0 0.0000268372943009743
29 0 0.0000285878278565299
30 0 0.0000295881478802329
31 0 0.0000344231831743702
32 0 0.0000343398183181298
33 0 0.0000405923946910081
34 0 0.000054933260775214
35 0 0.0000323390847035698
36 0 0.0000397586929929972
37 0 0.0000454280153232567
38 0 0.0000535157488350535
39 0 0.0000572680345098942
40 0 0.0000646896778536687
41 0 0.0000697767721612452
42 0 0.0000984699790181898
43 0 0.0000930476034446404
44 0 0.0000890435952493052
45 0 0.000112903416452648
46 0 0.000110900952950965
47 0 0.000132429747776275
48 0 0.000162645415570539
49 0 0.000169908689402809
50 0 0.000179927950622383
51 0 0.000196712687857592
52 0 0.000240233830235081
53 0 0.000283441447588295
54 0 0.000259871109906107
55 0 0.000253102036439468
56 0 0.000308606604069062
57 0 0.000361467759013356
58 0 0.000345321771503704
59 0 0.000339382777574171
60 0 0.000449610156508129
61 0 0.000468706385457929
62 0 0.000545047624774142
63 0 0.000595697837286302
64 0 0.000660225502425726
65 0 0.000764371947758802
66 0 0.000807241049914142
67 0 0.000844074199354394
68 0 0.00096030582943274
69 0 0.000978246185804887
70 0 0.00117447368033241
71 0 0.00125014333524798
72 0 0.00132579154806711
73 0 0.00155998179950334
74 0 0.00164496792050328
75 0 0.00200530298208190
76 0 0.00226919095759592
77 0 0.00252725089838257
78 0 0.00290367643710288
79 0 0.00337295777011015
80 0 0.00375283313773922
81 0 0.00436625868268381
82 0 0.00474532816599238
83 0 0.00569166891435902
84 0 0.00647314092134943
85 0 0.00726468391057955
86 0 0.00836928245559165
87 0 0.00927784055776804
88 0 0.010490148847911
89 0 0.0122563597258627
90 0 0.0137121150244921
91 0 0.016072922299595
92 0 0.017816551895951
93 0 0.0213133120763083
94 0 0.0225942400453405
95 0 0.0255180051524798
96 0 0.0293126914491796
97 0 0.0289211102276582
98 0 0.0350662900467474
99 0 0.0370519219121674
100 0 0.0434791718499239

death 1 F divorced
1 0 0.000284778954983245
2 0 0.0000133343112110884
3 0 0.0000141677706060328
4 0 0.00000691692980214764
5 0 0.0000149178905948233
6 0 0.0000110840090122855
7 0 0.00000433343661454533
8 0 0.00000450011137886897
9 0 0.00000466678644872598
10 0 0.0000129175843790463
11 0 0.00000675025060670187
12 0 0.00000516681349194137
13 0 0.00000700026951450106
14 0 0.0000103339206576347
15 0 0.0000118341035559855
16 0 0.0000150845847662895
17 0 0.0000154179740260441
18 0 0.0000120841364459334
19 0 0.0000268372943009743
20 0 0.0000255869338277037
21 0 0.0000271707266650267
22 0 0.0000235030379223122
23 0 0.0000261704332417123
24 0 0.0000185852329754876
25 0 0.0000243365905521209
26 0 0.0000233363283135279
27 0 0.0000284211089226494
28 0 0.0000268372943009743
29 0 0.0000285878278565299
30 0 0.0000295881478802329
31 0 0.0000344231831743702
32 0 0.0000343398183181298
33 0 0.0000405923946910081
34 0 0.000054933260775214
35 0 0.0000323390847035698
36 0 0.0000397586929929972
37 0 0.0000454280153232567
38 0 0.0000535157488350535
39 0 0.0000572680345098942
40 0 0.0000646896778536687
41 0 0.0000697767721612452
42 0 0.0000984699790181898
43 0 0.0000930476034446404
44 0 0.0000890435952493052
45 0 0.000112903416452648
46 0 0.000110900952950965
47 0 0.000132429747776275
48 0 0.000162645415570539
49 0 0.000169908689402809
50 0 0.000179927950622383
51 0 0.000196712687857592
52 0 0.000240233830235081
53 0 0.000283441447588295
54 0 0.000259871109906107
55 0 0.000253102036439468
56 0 0.000308606604069062
57 0 0.000361467759013356
58 0 0.000345321771503704
59 0 0.000339382777574171
60 0 0.000449610156508129
61 0 0.000468706385457929
62 0 0.000545047624774142
63 0 0.000595697837286302
64 0 0.000660225502425726
65 0 0.000764371947758802
66 0 0.000807241049914142
67 0 0.000844074199354394
68 0 0.00096030582943274
69 0 0.000978246185804887
70 0 0.00117447368033241
71 0 0.00125014333524798
72 0 0.00132579154806711
73 0 0.00155998179950334
74 0 0.00164496792050328
75 0 0.00200530298208190
76 0 0.00226919095759592
77 0 0.00252725089838257
78 0 0.00290367643710288
79 0 0.00337295777011015
80 0 0.00375283313773922
81 0 0.00436625868268381
82 0 0.00474532816599238
83 0 0.00569166891435902
84 0 0.00647314092134943
85 0 0.00726468391057955
86 0 0.00836928245559165
87 0 0.00927784055776804
88 0 0.010490148847911
89 0 0.0122563597258627
90 0 0.0137121150244921
91 0 0.016072922299595
92 0 0.017816551895951
93 0 0.0213133120763083
94 0 0.0225942400453405
95 0 0.0255180051524798
96 0 0.0293126914491796
97 0 0.0289211102276582
98 0 0.0350662900467474
99 0 0.0370519219121674
100 0 0.0434791718499239

death 1 F widowed
1 0 0.000284778954983245
2 0 0.0000133343112110884
3 0 0.0000141677706060328
4 0 0.00000691692980214764
5 0 0.0000149178905948233
6 0 0.0000110840090122855
7 0 0.00000433343661454533
8 0 0.00000450011137886897
9 0 0.00000466678644872598
10 0 0.0000129175843790463
11 0 0.00000675025060670187
12 0 0.00000516681349194137
13 0 0.00000700026951450106
14 0 0.0000103339206576347
15 0 0.0000118341035559855
16 0 0.0000150845847662895
17 0 0.0000154179740260441
18 0 0.0000120841364459334
19 0 0.0000268372943009743
20 0 0.0000255869338277037
21 0 0.0000271707266650267
22 0 0.0000235030379223122
23 0 0.0000261704332417123
24 0 0.0000185852329754876
25 0 0.0000243365905521209
26 0 0.0000233363283135279
27 0 0.0000284211089226494
28 0 0.0000268372943009743
29 0 0.0000285878278565299
30 0 0.0000295881478802329
31 0 0.0000344231831743702
32 0 0.0000343398183181298
33 0 0.0000405923946910081
34 0 0.000054933260775214
35 0 0.0000323390847035698
36 0 0.0000397586929929972
37 0 0.0000454280153232567
38 0 0.0000535157488350535
39 0 0.0000572680345098942
40 0 0.0000646896778536687
41 0 0.0000697767721612452
42 0 0.0000984699790181898
43 0 0.0000930476034446404
44 0 0.0000890435952493052
45 0 0.000112903416452648
46 0 0.000110900952950965
47 0 0.000132429747776275
48 0 0.000162645415570539
49 0 0.000169908689402809
50 0 0.000179927950622383
51 0 0.000196712687857592
52 0 0.000240233830235081
53 0 0.000283441447588295
54 0 0.000259871109906107
55 0 0.000253102036439468
56 0 0.000308606604069062
57 0 0.000361467759013356
58 0 0.000345321771503704
59 0 0.000339382777574171
60 0 0.000449610156508129
61 0 0.000468706385457929
62 0 0.000545047624774142
63 0 0.000595697837286302
64 0 0.000660225502425726
65 0 0.000764371947758802
66 0 0.000807241049914142
67 0 0.000844074199354394
68 0 0.00096030582943274
69 0 0.000978246185804887
70 0 0.00117447368033241
71 0 0.00125014333524798
72 0 0.00132579154806711
73 0 0.00155998179950334
74 0 0.00164496792050328
75 0 0.00200530298208190
76 0 0.00226919095759592
77 0 0.00252725089838257
78 0 0.00290367643710288
79 0 0.00337295777011015
80 0 0.00375283313773922
81 0 0.00436625868268381
82 0 0.00474532816599238
83 0 0.00569166891435902
84 0 0.00647314092134943
85 0 0.00726468391057955
86 0 0.00836928245559165
87 0 0.00927784055776804
88 0 0.010490148847911
89 0 0.0122563597258627
90 0 0.0137121150244921
91 0 0.016072922299595
92 0 0.017816551895951
93 0 0.0213133120763083
94 0 0.0225942400453405
95 0 0.0255180051524798
96 0 0.0293126914491796
97 0 0.0289211102276582
98 0 0.0350662900467474
99 0 0.0370519219121674
100 0 0.0434791718499239
