*Period monthly mortality rates for SWE in 2013 
* Mon Dec 20 14:21:52 2010
death 1 M married
1 0 0.000338128110205616
2 0 0.0000341730888351321
3 0 0.0000108339788730261
4 0 0.00000833371530217786
5 0 0.00000666691112360951
6 0 0.00000583352049443597
7 0 0.00000583352049443597
8 0 0.00000583352049443597
9 0 0.00000500013750526218
10 0 0.00000500013750526218
11 0 0.00000583352049443597
12 0 0.00000666691112360951
13 0 0.00000583352049443597
14 0 0.00000833371530217786
15 0 0.00000916712885190574
16 0 0.0000133343112110884
17 0 0.0000183351822042876
18 0 0.0000233363283135279
19 0 0.0000300049511388067
20 0 0.0000400088026996093
21 0 0.0000475124138960004
22 0 0.0000500137552731372
23 0 0.0000516813544294559
24 0 0.0000500137552731372
25 0 0.0000491799671665794
26 0 0.0000491799671665794
27 0 0.0000483461867075707
28 0 0.0000458448912142861
29 0 0.0000450111413439203
30 0 0.0000450111413439203
31 0 0.0000458448912142861
32 0 0.0000433436645435048
33 0 0.0000450111413439203
34 0 0.0000475124138960004
35 0 0.0000483461867075707
36 0 0.0000525151654794387
37 0 0.00005668433545436
38 0 0.0000583520569852336
39 0 0.000064189323299324
40 0 0.0000700269644720031
41 0 0.0000741969376999441
42 0 0.000080869292772956
43 0 0.0000908787437792213
44 0 0.000101723559627565
45 0 0.000108397935606575
46 0 0.000120913711624038
47 0 0.000132596657577144
48 0 0.000144281105325716
49 0 0.000162645415570539
50 0 0.000176838560643211
51 0 0.000193539216339467
52 0 0.000220266649856748
53 0 0.00024115292740190
54 0 0.000276252682558709
55 0 0.000297151831613829
56 0 0.000325582389131607
57 0 0.000360714773546156
58 0 0.000404230837609543
59 0 0.000427671198569568
60 0 0.000481271882970646
61 0 0.000516464523162341
62 0 0.000572633394811173
63 0 0.000636389401420079
64 0 0.000699350406128119
65 0 0.000797656788857792
66 0 0.000882605209140075
67 0 0.00096931767815911
68 0 0.00108478212491370
69 0 0.00118941681790241
70 0 0.00131953444464072
71 0 0.00147185672818695
72 0 0.00162019328887197
73 0 0.00181466919077067
74 0 0.00202660394196275
75 0 0.00227064348367689
76 0 0.00256590329415118
77 0 0.00281913658656496
78 0 0.00323787666044351
79 0 0.00366376662197965
80 0 0.00408818154703994
81 0 0.00463642194983060
82 0 0.00531162531144036
83 0 0.00610593685732685
84 0 0.00688481220081061
85 0 0.00796936062033726
86 0 0.00910949368482983
87 0 0.0104511331589163
88 0 0.0118415808085117
89 0 0.0136504433383844
90 0 0.0154777496485876
91 0 0.0176173208849488
92 0 0.0203918284687458
93 0 0.0235291030714637
94 0 0.0261455752352455
95 0 0.0297164688662027
96 0 0.032480215056111
97 0 0.0377864134258696
98 0 0.0422014728525698
99 0 0.0461811671371536
100 0 0.0517059906071659

death 1 M single
1 0 0.000338128110205616
2 0 0.0000341730888351321
3 0 0.0000108339788730261
4 0 0.00000833371530217786
5 0 0.00000666691112360951
6 0 0.00000583352049443597
7 0 0.00000583352049443597
8 0 0.00000583352049443597
9 0 0.00000500013750526218
10 0 0.00000500013750526218
11 0 0.00000583352049443597
12 0 0.00000666691112360951
13 0 0.00000583352049443597
14 0 0.00000833371530217786
15 0 0.00000916712885190574
16 0 0.0000133343112110884
17 0 0.0000183351822042876
18 0 0.0000233363283135279
19 0 0.0000300049511388067
20 0 0.0000400088026996093
21 0 0.0000475124138960004
22 0 0.0000500137552731372
23 0 0.0000516813544294559
24 0 0.0000500137552731372
25 0 0.0000491799671665794
26 0 0.0000491799671665794
27 0 0.0000483461867075707
28 0 0.0000458448912142861
29 0 0.0000450111413439203
30 0 0.0000450111413439203
31 0 0.0000458448912142861
32 0 0.0000433436645435048
33 0 0.0000450111413439203
34 0 0.0000475124138960004
35 0 0.0000483461867075707
36 0 0.0000525151654794387
37 0 0.00005668433545436
38 0 0.0000583520569852336
39 0 0.000064189323299324
40 0 0.0000700269644720031
41 0 0.0000741969376999441
42 0 0.000080869292772956
43 0 0.0000908787437792213
44 0 0.000101723559627565
45 0 0.000108397935606575
46 0 0.000120913711624038
47 0 0.000132596657577144
48 0 0.000144281105325716
49 0 0.000162645415570539
50 0 0.000176838560643211
51 0 0.000193539216339467
52 0 0.000220266649856748
53 0 0.00024115292740190
54 0 0.000276252682558709
55 0 0.000297151831613829
56 0 0.000325582389131607
57 0 0.000360714773546156
58 0 0.000404230837609543
59 0 0.000427671198569568
60 0 0.000481271882970646
61 0 0.000516464523162341
62 0 0.000572633394811173
63 0 0.000636389401420079
64 0 0.000699350406128119
65 0 0.000797656788857792
66 0 0.000882605209140075
67 0 0.00096931767815911
68 0 0.00108478212491370
69 0 0.00118941681790241
70 0 0.00131953444464072
71 0 0.00147185672818695
72 0 0.00162019328887197
73 0 0.00181466919077067
74 0 0.00202660394196275
75 0 0.00227064348367689
76 0 0.00256590329415118
77 0 0.00281913658656496
78 0 0.00323787666044351
79 0 0.00366376662197965
80 0 0.00408818154703994
81 0 0.00463642194983060
82 0 0.00531162531144036
83 0 0.00610593685732685
84 0 0.00688481220081061
85 0 0.00796936062033726
86 0 0.00910949368482983
87 0 0.0104511331589163
88 0 0.0118415808085117
89 0 0.0136504433383844
90 0 0.0154777496485876
91 0 0.0176173208849488
92 0 0.0203918284687458
93 0 0.0235291030714637
94 0 0.0261455752352455
95 0 0.0297164688662027
96 0 0.032480215056111
97 0 0.0377864134258696
98 0 0.0422014728525698
99 0 0.0461811671371536
100 0 0.0517059906071659

death 1 M divorced
1 0 0.000338128110205616
2 0 0.0000341730888351321
3 0 0.0000108339788730261
4 0 0.00000833371530217786
5 0 0.00000666691112360951
6 0 0.00000583352049443597
7 0 0.00000583352049443597
8 0 0.00000583352049443597
9 0 0.00000500013750526218
10 0 0.00000500013750526218
11 0 0.00000583352049443597
12 0 0.00000666691112360951
13 0 0.00000583352049443597
14 0 0.00000833371530217786
15 0 0.00000916712885190574
16 0 0.0000133343112110884
17 0 0.0000183351822042876
18 0 0.0000233363283135279
19 0 0.0000300049511388067
20 0 0.0000400088026996093
21 0 0.0000475124138960004
22 0 0.0000500137552731372
23 0 0.0000516813544294559
24 0 0.0000500137552731372
25 0 0.0000491799671665794
26 0 0.0000491799671665794
27 0 0.0000483461867075707
28 0 0.0000458448912142861
29 0 0.0000450111413439203
30 0 0.0000450111413439203
31 0 0.0000458448912142861
32 0 0.0000433436645435048
33 0 0.0000450111413439203
34 0 0.0000475124138960004
35 0 0.0000483461867075707
36 0 0.0000525151654794387
37 0 0.00005668433545436
38 0 0.0000583520569852336
39 0 0.000064189323299324
40 0 0.0000700269644720031
41 0 0.0000741969376999441
42 0 0.000080869292772956
43 0 0.0000908787437792213
44 0 0.000101723559627565
45 0 0.000108397935606575
46 0 0.000120913711624038
47 0 0.000132596657577144
48 0 0.000144281105325716
49 0 0.000162645415570539
50 0 0.000176838560643211
51 0 0.000193539216339467
52 0 0.000220266649856748
53 0 0.00024115292740190
54 0 0.000276252682558709
55 0 0.000297151831613829
56 0 0.000325582389131607
57 0 0.000360714773546156
58 0 0.000404230837609543
59 0 0.000427671198569568
60 0 0.000481271882970646
61 0 0.000516464523162341
62 0 0.000572633394811173
63 0 0.000636389401420079
64 0 0.000699350406128119
65 0 0.000797656788857792
66 0 0.000882605209140075
67 0 0.00096931767815911
68 0 0.00108478212491370
69 0 0.00118941681790241
70 0 0.00131953444464072
71 0 0.00147185672818695
72 0 0.00162019328887197
73 0 0.00181466919077067
74 0 0.00202660394196275
75 0 0.00227064348367689
76 0 0.00256590329415118
77 0 0.00281913658656496
78 0 0.00323787666044351
79 0 0.00366376662197965
80 0 0.00408818154703994
81 0 0.00463642194983060
82 0 0.00531162531144036
83 0 0.00610593685732685
84 0 0.00688481220081061
85 0 0.00796936062033726
86 0 0.00910949368482983
87 0 0.0104511331589163
88 0 0.0118415808085117
89 0 0.0136504433383844
90 0 0.0154777496485876
91 0 0.0176173208849488
92 0 0.0203918284687458
93 0 0.0235291030714637
94 0 0.0261455752352455
95 0 0.0297164688662027
96 0 0.032480215056111
97 0 0.0377864134258696
98 0 0.0422014728525698
99 0 0.0461811671371536
100 0 0.0517059906071659

death 1 M widowed
1 0 0.000338128110205616
2 0 0.0000341730888351321
3 0 0.0000108339788730261
4 0 0.00000833371530217786
5 0 0.00000666691112360951
6 0 0.00000583352049443597
7 0 0.00000583352049443597
8 0 0.00000583352049443597
9 0 0.00000500013750526218
10 0 0.00000500013750526218
11 0 0.00000583352049443597
12 0 0.00000666691112360951
13 0 0.00000583352049443597
14 0 0.00000833371530217786
15 0 0.00000916712885190574
16 0 0.0000133343112110884
17 0 0.0000183351822042876
18 0 0.0000233363283135279
19 0 0.0000300049511388067
20 0 0.0000400088026996093
21 0 0.0000475124138960004
22 0 0.0000500137552731372
23 0 0.0000516813544294559
24 0 0.0000500137552731372
25 0 0.0000491799671665794
26 0 0.0000491799671665794
27 0 0.0000483461867075707
28 0 0.0000458448912142861
29 0 0.0000450111413439203
30 0 0.0000450111413439203
31 0 0.0000458448912142861
32 0 0.0000433436645435048
33 0 0.0000450111413439203
34 0 0.0000475124138960004
35 0 0.0000483461867075707
36 0 0.0000525151654794387
37 0 0.00005668433545436
38 0 0.0000583520569852336
39 0 0.000064189323299324
40 0 0.0000700269644720031
41 0 0.0000741969376999441
42 0 0.000080869292772956
43 0 0.0000908787437792213
44 0 0.000101723559627565
45 0 0.000108397935606575
46 0 0.000120913711624038
47 0 0.000132596657577144
48 0 0.000144281105325716
49 0 0.000162645415570539
50 0 0.000176838560643211
51 0 0.000193539216339467
52 0 0.000220266649856748
53 0 0.00024115292740190
54 0 0.000276252682558709
55 0 0.000297151831613829
56 0 0.000325582389131607
57 0 0.000360714773546156
58 0 0.000404230837609543
59 0 0.000427671198569568
60 0 0.000481271882970646
61 0 0.000516464523162341
62 0 0.000572633394811173
63 0 0.000636389401420079
64 0 0.000699350406128119
65 0 0.000797656788857792
66 0 0.000882605209140075
67 0 0.00096931767815911
68 0 0.00108478212491370
69 0 0.00118941681790241
70 0 0.00131953444464072
71 0 0.00147185672818695
72 0 0.00162019328887197
73 0 0.00181466919077067
74 0 0.00202660394196275
75 0 0.00227064348367689
76 0 0.00256590329415118
77 0 0.00281913658656496
78 0 0.00323787666044351
79 0 0.00366376662197965
80 0 0.00408818154703994
81 0 0.00463642194983060
82 0 0.00531162531144036
83 0 0.00610593685732685
84 0 0.00688481220081061
85 0 0.00796936062033726
86 0 0.00910949368482983
87 0 0.0104511331589163
88 0 0.0118415808085117
89 0 0.0136504433383844
90 0 0.0154777496485876
91 0 0.0176173208849488
92 0 0.0203918284687458
93 0 0.0235291030714637
94 0 0.0261455752352455
95 0 0.0297164688662027
96 0 0.032480215056111
97 0 0.0377864134258696
98 0 0.0422014728525698
99 0 0.0461811671371536
100 0 0.0517059906071659

death 1 F married
1 0 0.000334782415238655
2 0 0.0000358403974268784
3 0 0.0000116674153447516
4 0 0.00000833371530217786
5 0 0.00000666691112360951
6 0 0.00000666691112360951
7 0 0.00000583352049443597
8 0 0.00000416676215586609
9 0 0.00000416676215586609
10 0 0.00000500013750526218
11 0 0.00000500013750526218
12 0 0.00000500013750526218
13 0 0.00000500013750526218
14 0 0.00000583352049443597
15 0 0.00000750030939278279
16 0 0.0000108339788730261
17 0 0.0000116674153447516
18 0 0.0000133343112110884
19 0 0.0000150012376423092
20 0 0.0000166681946396352
21 0 0.0000200022003373768
22 0 0.0000200022003373768
23 0 0.0000191686874497776
24 0 0.0000191686874497776
25 0 0.0000166681946396352
26 0 0.0000166681946396352
27 0 0.0000183351822042876
28 0 0.0000175016846010179
29 0 0.0000175016846010179
30 0 0.0000191686874497776
31 0 0.0000208357208674181
32 0 0.0000225027848553827
33 0 0.0000225027848553827
34 0 0.0000241698794146705
35 0 0.0000250034381590325
36 0 0.0000300049511388067
37 0 0.0000341730888351321
38 0 0.0000358403974268784
39 0 0.0000383414176537977
40 0 0.0000400088026996093
41 0 0.0000416762183291786
42 0 0.0000450111413439203
43 0 0.0000541828105240505
44 0 0.0000583520569852336
45 0 0.0000666911236122392
46 0 0.0000766990134587475
47 0 0.0000850397634148958
48 0 0.0000942154723914124
49 0 0.000110066606177961
50 0 0.000124251542961140
51 0 0.000140107915847287
52 0 0.000156801823476993
53 0 0.000167654507824855
54 0 0.00018184843515745
55 0 0.000201890695059714
56 0 0.000225278918752347
57 0 0.000254522664378531
58 0 0.000278760326709371
59 0 0.00030718513048289
60 0 0.000329764103723651
61 0 0.000374938886584797
62 0 0.00041343882975442
63 0 0.000438556278994695
64 0 0.000488812015631224
65 0 0.000526522067316959
66 0 0.000588568202586459
67 0 0.00063303270647519
68 0 0.000692632486307909
69 0 0.000758993724140677
70 0 0.000823721617461026
71 0 0.000924688301303211
72 0 0.00101481168540518
73 0 0.00112105308203625
74 0 0.00125191759933518
75 0 0.00140412638042042
76 0 0.00156761203149802
77 0 0.00176537386210152
78 0 0.00200956277398801
79 0 0.00226722581227456
80 0 0.00261306267159367
81 0 0.00299725237518245
82 0 0.0034808734361792
83 0 0.00394706902788655
84 0 0.00459521044096556
85 0 0.00527010511116699
86 0 0.00616835714158581
87 0 0.00714233056857894
88 0 0.00824095007649073
89 0 0.0095770281669184
90 0 0.0111177493771076
91 0 0.0127121928376045
92 0 0.0149775631979818
93 0 0.0169480273710859
94 0 0.0194787475519763
95 0 0.0220046213730859
96 0 0.0248842935828117
97 0 0.0279004718305005
98 0 0.0316347062675773
99 0 0.0354351935077317
100 0 0.0383752497094916

death 1 F single
1 0 0.000334782415238655
2 0 0.0000358403974268784
3 0 0.0000116674153447516
4 0 0.00000833371530217786
5 0 0.00000666691112360951
6 0 0.00000666691112360951
7 0 0.00000583352049443597
8 0 0.00000416676215586609
9 0 0.00000416676215586609
10 0 0.00000500013750526218
11 0 0.00000500013750526218
12 0 0.00000500013750526218
13 0 0.00000500013750526218
14 0 0.00000583352049443597
15 0 0.00000750030939278279
16 0 0.0000108339788730261
17 0 0.0000116674153447516
18 0 0.0000133343112110884
19 0 0.0000150012376423092
20 0 0.0000166681946396352
21 0 0.0000200022003373768
22 0 0.0000200022003373768
23 0 0.0000191686874497776
24 0 0.0000191686874497776
25 0 0.0000166681946396352
26 0 0.0000166681946396352
27 0 0.0000183351822042876
28 0 0.0000175016846010179
29 0 0.0000175016846010179
30 0 0.0000191686874497776
31 0 0.0000208357208674181
32 0 0.0000225027848553827
33 0 0.0000225027848553827
34 0 0.0000241698794146705
35 0 0.0000250034381590325
36 0 0.0000300049511388067
37 0 0.0000341730888351321
38 0 0.0000358403974268784
39 0 0.0000383414176537977
40 0 0.0000400088026996093
41 0 0.0000416762183291786
42 0 0.0000450111413439203
43 0 0.0000541828105240505
44 0 0.0000583520569852336
45 0 0.0000666911236122392
46 0 0.0000766990134587475
47 0 0.0000850397634148958
48 0 0.0000942154723914124
49 0 0.000110066606177961
50 0 0.000124251542961140
51 0 0.000140107915847287
52 0 0.000156801823476993
53 0 0.000167654507824855
54 0 0.00018184843515745
55 0 0.000201890695059714
56 0 0.000225278918752347
57 0 0.000254522664378531
58 0 0.000278760326709371
59 0 0.00030718513048289
60 0 0.000329764103723651
61 0 0.000374938886584797
62 0 0.00041343882975442
63 0 0.000438556278994695
64 0 0.000488812015631224
65 0 0.000526522067316959
66 0 0.000588568202586459
67 0 0.00063303270647519
68 0 0.000692632486307909
69 0 0.000758993724140677
70 0 0.000823721617461026
71 0 0.000924688301303211
72 0 0.00101481168540518
73 0 0.00112105308203625
74 0 0.00125191759933518
75 0 0.00140412638042042
76 0 0.00156761203149802
77 0 0.00176537386210152
78 0 0.00200956277398801
79 0 0.00226722581227456
80 0 0.00261306267159367
81 0 0.00299725237518245
82 0 0.0034808734361792
83 0 0.00394706902788655
84 0 0.00459521044096556
85 0 0.00527010511116699
86 0 0.00616835714158581
87 0 0.00714233056857894
88 0 0.00824095007649073
89 0 0.0095770281669184
90 0 0.0111177493771076
91 0 0.0127121928376045
92 0 0.0149775631979818
93 0 0.0169480273710859
94 0 0.0194787475519763
95 0 0.0220046213730859
96 0 0.0248842935828117
97 0 0.0279004718305005
98 0 0.0316347062675773
99 0 0.0354351935077317
100 0 0.0383752497094916

death 1 F divorced
1 0 0.000334782415238655
2 0 0.0000358403974268784
3 0 0.0000116674153447516
4 0 0.00000833371530217786
5 0 0.00000666691112360951
6 0 0.00000666691112360951
7 0 0.00000583352049443597
8 0 0.00000416676215586609
9 0 0.00000416676215586609
10 0 0.00000500013750526218
11 0 0.00000500013750526218
12 0 0.00000500013750526218
13 0 0.00000500013750526218
14 0 0.00000583352049443597
15 0 0.00000750030939278279
16 0 0.0000108339788730261
17 0 0.0000116674153447516
18 0 0.0000133343112110884
19 0 0.0000150012376423092
20 0 0.0000166681946396352
21 0 0.0000200022003373768
22 0 0.0000200022003373768
23 0 0.0000191686874497776
24 0 0.0000191686874497776
25 0 0.0000166681946396352
26 0 0.0000166681946396352
27 0 0.0000183351822042876
28 0 0.0000175016846010179
29 0 0.0000175016846010179
30 0 0.0000191686874497776
31 0 0.0000208357208674181
32 0 0.0000225027848553827
33 0 0.0000225027848553827
34 0 0.0000241698794146705
35 0 0.0000250034381590325
36 0 0.0000300049511388067
37 0 0.0000341730888351321
38 0 0.0000358403974268784
39 0 0.0000383414176537977
40 0 0.0000400088026996093
41 0 0.0000416762183291786
42 0 0.0000450111413439203
43 0 0.0000541828105240505
44 0 0.0000583520569852336
45 0 0.0000666911236122392
46 0 0.0000766990134587475
47 0 0.0000850397634148958
48 0 0.0000942154723914124
49 0 0.000110066606177961
50 0 0.000124251542961140
51 0 0.000140107915847287
52 0 0.000156801823476993
53 0 0.000167654507824855
54 0 0.00018184843515745
55 0 0.000201890695059714
56 0 0.000225278918752347
57 0 0.000254522664378531
58 0 0.000278760326709371
59 0 0.00030718513048289
60 0 0.000329764103723651
61 0 0.000374938886584797
62 0 0.00041343882975442
63 0 0.000438556278994695
64 0 0.000488812015631224
65 0 0.000526522067316959
66 0 0.000588568202586459
67 0 0.00063303270647519
68 0 0.000692632486307909
69 0 0.000758993724140677
70 0 0.000823721617461026
71 0 0.000924688301303211
72 0 0.00101481168540518
73 0 0.00112105308203625
74 0 0.00125191759933518
75 0 0.00140412638042042
76 0 0.00156761203149802
77 0 0.00176537386210152
78 0 0.00200956277398801
79 0 0.00226722581227456
80 0 0.00261306267159367
81 0 0.00299725237518245
82 0 0.0034808734361792
83 0 0.00394706902788655
84 0 0.00459521044096556
85 0 0.00527010511116699
86 0 0.00616835714158581
87 0 0.00714233056857894
88 0 0.00824095007649073
89 0 0.0095770281669184
90 0 0.0111177493771076
91 0 0.0127121928376045
92 0 0.0149775631979818
93 0 0.0169480273710859
94 0 0.0194787475519763
95 0 0.0220046213730859
96 0 0.0248842935828117
97 0 0.0279004718305005
98 0 0.0316347062675773
99 0 0.0354351935077317
100 0 0.0383752497094916

death 1 F widowed
1 0 0.000334782415238655
2 0 0.0000358403974268784
3 0 0.0000116674153447516
4 0 0.00000833371530217786
5 0 0.00000666691112360951
6 0 0.00000666691112360951
7 0 0.00000583352049443597
8 0 0.00000416676215586609
9 0 0.00000416676215586609
10 0 0.00000500013750526218
11 0 0.00000500013750526218
12 0 0.00000500013750526218
13 0 0.00000500013750526218
14 0 0.00000583352049443597
15 0 0.00000750030939278279
16 0 0.0000108339788730261
17 0 0.0000116674153447516
18 0 0.0000133343112110884
19 0 0.0000150012376423092
20 0 0.0000166681946396352
21 0 0.0000200022003373768
22 0 0.0000200022003373768
23 0 0.0000191686874497776
24 0 0.0000191686874497776
25 0 0.0000166681946396352
26 0 0.0000166681946396352
27 0 0.0000183351822042876
28 0 0.0000175016846010179
29 0 0.0000175016846010179
30 0 0.0000191686874497776
31 0 0.0000208357208674181
32 0 0.0000225027848553827
33 0 0.0000225027848553827
34 0 0.0000241698794146705
35 0 0.0000250034381590325
36 0 0.0000300049511388067
37 0 0.0000341730888351321
38 0 0.0000358403974268784
39 0 0.0000383414176537977
40 0 0.0000400088026996093
41 0 0.0000416762183291786
42 0 0.0000450111413439203
43 0 0.0000541828105240505
44 0 0.0000583520569852336
45 0 0.0000666911236122392
46 0 0.0000766990134587475
47 0 0.0000850397634148958
48 0 0.0000942154723914124
49 0 0.000110066606177961
50 0 0.000124251542961140
51 0 0.000140107915847287
52 0 0.000156801823476993
53 0 0.000167654507824855
54 0 0.00018184843515745
55 0 0.000201890695059714
56 0 0.000225278918752347
57 0 0.000254522664378531
58 0 0.000278760326709371
59 0 0.00030718513048289
60 0 0.000329764103723651
61 0 0.000374938886584797
62 0 0.00041343882975442
63 0 0.000438556278994695
64 0 0.000488812015631224
65 0 0.000526522067316959
66 0 0.000588568202586459
67 0 0.00063303270647519
68 0 0.000692632486307909
69 0 0.000758993724140677
70 0 0.000823721617461026
71 0 0.000924688301303211
72 0 0.00101481168540518
73 0 0.00112105308203625
74 0 0.00125191759933518
75 0 0.00140412638042042
76 0 0.00156761203149802
77 0 0.00176537386210152
78 0 0.00200956277398801
79 0 0.00226722581227456
80 0 0.00261306267159367
81 0 0.00299725237518245
82 0 0.0034808734361792
83 0 0.00394706902788655
84 0 0.00459521044096556
85 0 0.00527010511116699
86 0 0.00616835714158581
87 0 0.00714233056857894
88 0 0.00824095007649073
89 0 0.0095770281669184
90 0 0.0111177493771076
91 0 0.0127121928376045
92 0 0.0149775631979818
93 0 0.0169480273710859
94 0 0.0194787475519763
95 0 0.0220046213730859
96 0 0.0248842935828117
97 0 0.0279004718305005
98 0 0.0316347062675773
99 0 0.0354351935077317
100 0 0.0383752497094916
