*Period monthly mortality rates for SWE in 1818 
* Mon Dec 20 14:19:28 2010
death 1 M married
1 0 0.0198860857832718
2 0 0.0045697914230487
3 0 0.00315423256556191
4 0 0.00203256910704486
5 0 0.00141800698444949
6 0 0.00116805817244592
7 0 0.00095828460295877
8 0 0.000803373594805978
9 0 0.000698174734297563
10 0 0.000622963365694118
11 0 0.000543790114504561
12 0 0.000473145996066848
13 0 0.000435793019707198
14 0 0.000426331586474316
15 0 0.000434537020535752
16 0 0.000439477384097109
17 0 0.000449861396625395
18 0 0.000483868969135104
19 0 0.000533060068065083
20 0 0.000579929512562916
21 0 0.00061918765060287
22 0 0.000657287616876556
23 0 0.00069951836048876
24 0 0.000733283492337145
25 0 0.000738912234653388
26 0 0.000730175231877128
27 0 0.000734459618624062
28 0 0.000761934900728956
29 0 0.000793873806270051
30 0 0.000791772217350162
31 0 0.000774120789743704
32 0 0.000787905420772339
33 0 0.000817751270549505
34 0 0.000857617080063267
35 0 0.000902381833945531
36 0 0.000963085089284
37 0 0.00102517739672969
38 0 0.00107449393292958
39 0 0.00112679028123364
40 0 0.00119186536306082
41 0 0.00128884706014709
42 0 0.00140590365635929
43 0 0.00151946753593279
44 0 0.00159703682043000
45 0 0.00156973165422425
46 0 0.00155387807570062
47 0 0.00153946813404482
48 0 0.00150819795373747
49 0 0.00156676419626689
50 0 0.00170803799394403
51 0 0.00193189559801754
52 0 0.00213506075347225
53 0 0.00229251963065435
54 0 0.002476796179953
55 0 0.00263699471790757
56 0 0.00277943093501676
57 0 0.00288922253378199
58 0 0.00303869079625518
59 0 0.00322017461702984
60 0 0.00343802063577092
61 0 0.00366272542635326
62 0 0.00392217939428730
63 0 0.00412829065786924
64 0 0.00429746750003923
65 0 0.00454008651634752
66 0 0.00483889381492175
67 0 0.00518182763803976
68 0 0.00555087005941091
69 0 0.00605451711145422
70 0 0.00687465259397724
71 0 0.00778908731771766
72 0 0.00868178817939713
73 0 0.00959518712249818
74 0 0.0104692822378117
75 0 0.0111466852522543
76 0 0.0114821533905328
77 0 0.0116792764546090
78 0 0.0121736510310317
79 0 0.0129004054063605
80 0 0.0139455129613081
81 0 0.0152102412649743
82 0 0.0172480341063401
83 0 0.0193275072657175
84 0 0.0212762478519543
85 0 0.0229804994745543
86 0 0.0244565164640381
87 0 0.0258701949406629
88 0 0.0273965760546191
89 0 0.0291415430287123
90 0 0.030816170046291
91 0 0.0313151994996885
92 0 0.0298470923748344
93 0 0.0248379061965184
94 0 0.0166054322558372
95 0 0.0136092555429346
96 0 0.0275375180710902
97 0 0.0491731400228722
98 0 0.0739068981899089
99 0 0.195477449693858
100 0 1

death 1 M single
1 0 0.0198860857832718
2 0 0.0045697914230487
3 0 0.00315423256556191
4 0 0.00203256910704486
5 0 0.00141800698444949
6 0 0.00116805817244592
7 0 0.00095828460295877
8 0 0.000803373594805978
9 0 0.000698174734297563
10 0 0.000622963365694118
11 0 0.000543790114504561
12 0 0.000473145996066848
13 0 0.000435793019707198
14 0 0.000426331586474316
15 0 0.000434537020535752
16 0 0.000439477384097109
17 0 0.000449861396625395
18 0 0.000483868969135104
19 0 0.000533060068065083
20 0 0.000579929512562916
21 0 0.00061918765060287
22 0 0.000657287616876556
23 0 0.00069951836048876
24 0 0.000733283492337145
25 0 0.000738912234653388
26 0 0.000730175231877128
27 0 0.000734459618624062
28 0 0.000761934900728956
29 0 0.000793873806270051
30 0 0.000791772217350162
31 0 0.000774120789743704
32 0 0.000787905420772339
33 0 0.000817751270549505
34 0 0.000857617080063267
35 0 0.000902381833945531
36 0 0.000963085089284
37 0 0.00102517739672969
38 0 0.00107449393292958
39 0 0.00112679028123364
40 0 0.00119186536306082
41 0 0.00128884706014709
42 0 0.00140590365635929
43 0 0.00151946753593279
44 0 0.00159703682043000
45 0 0.00156973165422425
46 0 0.00155387807570062
47 0 0.00153946813404482
48 0 0.00150819795373747
49 0 0.00156676419626689
50 0 0.00170803799394403
51 0 0.00193189559801754
52 0 0.00213506075347225
53 0 0.00229251963065435
54 0 0.002476796179953
55 0 0.00263699471790757
56 0 0.00277943093501676
57 0 0.00288922253378199
58 0 0.00303869079625518
59 0 0.00322017461702984
60 0 0.00343802063577092
61 0 0.00366272542635326
62 0 0.00392217939428730
63 0 0.00412829065786924
64 0 0.00429746750003923
65 0 0.00454008651634752
66 0 0.00483889381492175
67 0 0.00518182763803976
68 0 0.00555087005941091
69 0 0.00605451711145422
70 0 0.00687465259397724
71 0 0.00778908731771766
72 0 0.00868178817939713
73 0 0.00959518712249818
74 0 0.0104692822378117
75 0 0.0111466852522543
76 0 0.0114821533905328
77 0 0.0116792764546090
78 0 0.0121736510310317
79 0 0.0129004054063605
80 0 0.0139455129613081
81 0 0.0152102412649743
82 0 0.0172480341063401
83 0 0.0193275072657175
84 0 0.0212762478519543
85 0 0.0229804994745543
86 0 0.0244565164640381
87 0 0.0258701949406629
88 0 0.0273965760546191
89 0 0.0291415430287123
90 0 0.030816170046291
91 0 0.0313151994996885
92 0 0.0298470923748344
93 0 0.0248379061965184
94 0 0.0166054322558372
95 0 0.0136092555429346
96 0 0.0275375180710902
97 0 0.0491731400228722
98 0 0.0739068981899089
99 0 0.195477449693858
100 0 1

death 1 M divorced
1 0 0.0198860857832718
2 0 0.0045697914230487
3 0 0.00315423256556191
4 0 0.00203256910704486
5 0 0.00141800698444949
6 0 0.00116805817244592
7 0 0.00095828460295877
8 0 0.000803373594805978
9 0 0.000698174734297563
10 0 0.000622963365694118
11 0 0.000543790114504561
12 0 0.000473145996066848
13 0 0.000435793019707198
14 0 0.000426331586474316
15 0 0.000434537020535752
16 0 0.000439477384097109
17 0 0.000449861396625395
18 0 0.000483868969135104
19 0 0.000533060068065083
20 0 0.000579929512562916
21 0 0.00061918765060287
22 0 0.000657287616876556
23 0 0.00069951836048876
24 0 0.000733283492337145
25 0 0.000738912234653388
26 0 0.000730175231877128
27 0 0.000734459618624062
28 0 0.000761934900728956
29 0 0.000793873806270051
30 0 0.000791772217350162
31 0 0.000774120789743704
32 0 0.000787905420772339
33 0 0.000817751270549505
34 0 0.000857617080063267
35 0 0.000902381833945531
36 0 0.000963085089284
37 0 0.00102517739672969
38 0 0.00107449393292958
39 0 0.00112679028123364
40 0 0.00119186536306082
41 0 0.00128884706014709
42 0 0.00140590365635929
43 0 0.00151946753593279
44 0 0.00159703682043000
45 0 0.00156973165422425
46 0 0.00155387807570062
47 0 0.00153946813404482
48 0 0.00150819795373747
49 0 0.00156676419626689
50 0 0.00170803799394403
51 0 0.00193189559801754
52 0 0.00213506075347225
53 0 0.00229251963065435
54 0 0.002476796179953
55 0 0.00263699471790757
56 0 0.00277943093501676
57 0 0.00288922253378199
58 0 0.00303869079625518
59 0 0.00322017461702984
60 0 0.00343802063577092
61 0 0.00366272542635326
62 0 0.00392217939428730
63 0 0.00412829065786924
64 0 0.00429746750003923
65 0 0.00454008651634752
66 0 0.00483889381492175
67 0 0.00518182763803976
68 0 0.00555087005941091
69 0 0.00605451711145422
70 0 0.00687465259397724
71 0 0.00778908731771766
72 0 0.00868178817939713
73 0 0.00959518712249818
74 0 0.0104692822378117
75 0 0.0111466852522543
76 0 0.0114821533905328
77 0 0.0116792764546090
78 0 0.0121736510310317
79 0 0.0129004054063605
80 0 0.0139455129613081
81 0 0.0152102412649743
82 0 0.0172480341063401
83 0 0.0193275072657175
84 0 0.0212762478519543
85 0 0.0229804994745543
86 0 0.0244565164640381
87 0 0.0258701949406629
88 0 0.0273965760546191
89 0 0.0291415430287123
90 0 0.030816170046291
91 0 0.0313151994996885
92 0 0.0298470923748344
93 0 0.0248379061965184
94 0 0.0166054322558372
95 0 0.0136092555429346
96 0 0.0275375180710902
97 0 0.0491731400228722
98 0 0.0739068981899089
99 0 0.195477449693858
100 0 1

death 1 M widowed
1 0 0.0198860857832718
2 0 0.0045697914230487
3 0 0.00315423256556191
4 0 0.00203256910704486
5 0 0.00141800698444949
6 0 0.00116805817244592
7 0 0.00095828460295877
8 0 0.000803373594805978
9 0 0.000698174734297563
10 0 0.000622963365694118
11 0 0.000543790114504561
12 0 0.000473145996066848
13 0 0.000435793019707198
14 0 0.000426331586474316
15 0 0.000434537020535752
16 0 0.000439477384097109
17 0 0.000449861396625395
18 0 0.000483868969135104
19 0 0.000533060068065083
20 0 0.000579929512562916
21 0 0.00061918765060287
22 0 0.000657287616876556
23 0 0.00069951836048876
24 0 0.000733283492337145
25 0 0.000738912234653388
26 0 0.000730175231877128
27 0 0.000734459618624062
28 0 0.000761934900728956
29 0 0.000793873806270051
30 0 0.000791772217350162
31 0 0.000774120789743704
32 0 0.000787905420772339
33 0 0.000817751270549505
34 0 0.000857617080063267
35 0 0.000902381833945531
36 0 0.000963085089284
37 0 0.00102517739672969
38 0 0.00107449393292958
39 0 0.00112679028123364
40 0 0.00119186536306082
41 0 0.00128884706014709
42 0 0.00140590365635929
43 0 0.00151946753593279
44 0 0.00159703682043000
45 0 0.00156973165422425
46 0 0.00155387807570062
47 0 0.00153946813404482
48 0 0.00150819795373747
49 0 0.00156676419626689
50 0 0.00170803799394403
51 0 0.00193189559801754
52 0 0.00213506075347225
53 0 0.00229251963065435
54 0 0.002476796179953
55 0 0.00263699471790757
56 0 0.00277943093501676
57 0 0.00288922253378199
58 0 0.00303869079625518
59 0 0.00322017461702984
60 0 0.00343802063577092
61 0 0.00366272542635326
62 0 0.00392217939428730
63 0 0.00412829065786924
64 0 0.00429746750003923
65 0 0.00454008651634752
66 0 0.00483889381492175
67 0 0.00518182763803976
68 0 0.00555087005941091
69 0 0.00605451711145422
70 0 0.00687465259397724
71 0 0.00778908731771766
72 0 0.00868178817939713
73 0 0.00959518712249818
74 0 0.0104692822378117
75 0 0.0111466852522543
76 0 0.0114821533905328
77 0 0.0116792764546090
78 0 0.0121736510310317
79 0 0.0129004054063605
80 0 0.0139455129613081
81 0 0.0152102412649743
82 0 0.0172480341063401
83 0 0.0193275072657175
84 0 0.0212762478519543
85 0 0.0229804994745543
86 0 0.0244565164640381
87 0 0.0258701949406629
88 0 0.0273965760546191
89 0 0.0291415430287123
90 0 0.030816170046291
91 0 0.0313151994996885
92 0 0.0298470923748344
93 0 0.0248379061965184
94 0 0.0166054322558372
95 0 0.0136092555429346
96 0 0.0275375180710902
97 0 0.0491731400228722
98 0 0.0739068981899089
99 0 0.195477449693858
100 0 1

death 1 F married
1 0 0.0161608060617717
2 0 0.00408809437267399
3 0 0.00281862081727657
4 0 0.00182325611558098
5 0 0.00127659191251528
6 0 0.00104776694729225
7 0 0.000859467816857307
8 0 0.000721859057912222
9 0 0.000626655327734205
10 0 0.000560306802897537
11 0 0.00048981741392895
12 0 0.000431355233663444
13 0 0.000404063428206647
14 0 0.000399208689675246
15 0 0.000410341491893673
16 0 0.000417038571264516
17 0 0.000422647755037864
18 0 0.000451117607631391
19 0 0.000486801252408631
20 0 0.000513615088039487
21 0 0.000529707188401063
22 0 0.000554521428255628
23 0 0.00058772945881469
24 0 0.000613818014959189
25 0 0.000621117440933849
26 0 0.0006222921159873
27 0 0.000629172660601918
28 0 0.000653006868005068
29 0 0.00067508426462426
30 0 0.0006734891398128
31 0 0.000667192867970456
32 0 0.000693556170826115
33 0 0.000737904076062001
34 0 0.00079370567736714
35 0 0.000861486845459725
36 0 0.000956094991705014
37 0 0.00102880146111517
38 0 0.00106564027463363
39 0 0.00108258946167517
40 0 0.00109068571217974
41 0 0.00111059206362296
42 0 0.00115463772057034
43 0 0.00119963359851671
44 0 0.00122446263341436
45 0 0.00117869465641851
46 0 0.00115193698887417
47 0 0.00113041840310835
48 0 0.00110806135310881
49 0 0.00116096787525644
50 0 0.00128453644031812
51 0 0.00148100419795549
52 0 0.00164844709179157
53 0 0.00175976609023709
54 0 0.0018724127681351
55 0 0.00194304765020092
56 0 0.00198519946373965
57 0 0.00203120560616132
58 0 0.00214171562823129
59 0 0.00230790445632456
60 0 0.00253796221806302
61 0 0.00280907961470744
62 0 0.00308945929659799
63 0 0.00331381879759229
64 0 0.00351924172404938
65 0 0.00381338933912589
66 0 0.0041529753121311
67 0 0.00454227681069652
68 0 0.00491803888816578
69 0 0.00537942371326239
70 0 0.0060605754566897
71 0 0.00680293851528557
72 0 0.00757192920359118
73 0 0.00839231941197283
74 0 0.00911741968302593
75 0 0.00967045612185546
76 0 0.0099913325309231
77 0 0.0102858084466793
78 0 0.0107765944150017
79 0 0.0116688458541917
80 0 0.012984941363271
81 0 0.0138318947449723
82 0 0.0155215873669784
83 0 0.0172537861802322
84 0 0.0188833357614414
85 0 0.0201908345368261
86 0 0.0209891277507466
87 0 0.0215391988194334
88 0 0.0220512552937654
89 0 0.0227409432172700
90 0 0.0237546211319938
91 0 0.0250079652787436
92 0 0.0263720436494105
93 0 0.0276652957796748
94 0 0.0286379949540488
95 0 0.0304503013931275
96 0 0.0363907954291576
97 0 0.041592456143537
98 0 0.0430078340960794
99 0 0.0419252597324954
100 0 0.0305631385616214

death 1 F single
1 0 0.0161608060617717
2 0 0.00408809437267399
3 0 0.00281862081727657
4 0 0.00182325611558098
5 0 0.00127659191251528
6 0 0.00104776694729225
7 0 0.000859467816857307
8 0 0.000721859057912222
9 0 0.000626655327734205
10 0 0.000560306802897537
11 0 0.00048981741392895
12 0 0.000431355233663444
13 0 0.000404063428206647
14 0 0.000399208689675246
15 0 0.000410341491893673
16 0 0.000417038571264516
17 0 0.000422647755037864
18 0 0.000451117607631391
19 0 0.000486801252408631
20 0 0.000513615088039487
21 0 0.000529707188401063
22 0 0.000554521428255628
23 0 0.00058772945881469
24 0 0.000613818014959189
25 0 0.000621117440933849
26 0 0.0006222921159873
27 0 0.000629172660601918
28 0 0.000653006868005068
29 0 0.00067508426462426
30 0 0.0006734891398128
31 0 0.000667192867970456
32 0 0.000693556170826115
33 0 0.000737904076062001
34 0 0.00079370567736714
35 0 0.000861486845459725
36 0 0.000956094991705014
37 0 0.00102880146111517
38 0 0.00106564027463363
39 0 0.00108258946167517
40 0 0.00109068571217974
41 0 0.00111059206362296
42 0 0.00115463772057034
43 0 0.00119963359851671
44 0 0.00122446263341436
45 0 0.00117869465641851
46 0 0.00115193698887417
47 0 0.00113041840310835
48 0 0.00110806135310881
49 0 0.00116096787525644
50 0 0.00128453644031812
51 0 0.00148100419795549
52 0 0.00164844709179157
53 0 0.00175976609023709
54 0 0.0018724127681351
55 0 0.00194304765020092
56 0 0.00198519946373965
57 0 0.00203120560616132
58 0 0.00214171562823129
59 0 0.00230790445632456
60 0 0.00253796221806302
61 0 0.00280907961470744
62 0 0.00308945929659799
63 0 0.00331381879759229
64 0 0.00351924172404938
65 0 0.00381338933912589
66 0 0.0041529753121311
67 0 0.00454227681069652
68 0 0.00491803888816578
69 0 0.00537942371326239
70 0 0.0060605754566897
71 0 0.00680293851528557
72 0 0.00757192920359118
73 0 0.00839231941197283
74 0 0.00911741968302593
75 0 0.00967045612185546
76 0 0.0099913325309231
77 0 0.0102858084466793
78 0 0.0107765944150017
79 0 0.0116688458541917
80 0 0.012984941363271
81 0 0.0138318947449723
82 0 0.0155215873669784
83 0 0.0172537861802322
84 0 0.0188833357614414
85 0 0.0201908345368261
86 0 0.0209891277507466
87 0 0.0215391988194334
88 0 0.0220512552937654
89 0 0.0227409432172700
90 0 0.0237546211319938
91 0 0.0250079652787436
92 0 0.0263720436494105
93 0 0.0276652957796748
94 0 0.0286379949540488
95 0 0.0304503013931275
96 0 0.0363907954291576
97 0 0.041592456143537
98 0 0.0430078340960794
99 0 0.0419252597324954
100 0 0.0305631385616214

death 1 F divorced
1 0 0.0161608060617717
2 0 0.00408809437267399
3 0 0.00281862081727657
4 0 0.00182325611558098
5 0 0.00127659191251528
6 0 0.00104776694729225
7 0 0.000859467816857307
8 0 0.000721859057912222
9 0 0.000626655327734205
10 0 0.000560306802897537
11 0 0.00048981741392895
12 0 0.000431355233663444
13 0 0.000404063428206647
14 0 0.000399208689675246
15 0 0.000410341491893673
16 0 0.000417038571264516
17 0 0.000422647755037864
18 0 0.000451117607631391
19 0 0.000486801252408631
20 0 0.000513615088039487
21 0 0.000529707188401063
22 0 0.000554521428255628
23 0 0.00058772945881469
24 0 0.000613818014959189
25 0 0.000621117440933849
26 0 0.0006222921159873
27 0 0.000629172660601918
28 0 0.000653006868005068
29 0 0.00067508426462426
30 0 0.0006734891398128
31 0 0.000667192867970456
32 0 0.000693556170826115
33 0 0.000737904076062001
34 0 0.00079370567736714
35 0 0.000861486845459725
36 0 0.000956094991705014
37 0 0.00102880146111517
38 0 0.00106564027463363
39 0 0.00108258946167517
40 0 0.00109068571217974
41 0 0.00111059206362296
42 0 0.00115463772057034
43 0 0.00119963359851671
44 0 0.00122446263341436
45 0 0.00117869465641851
46 0 0.00115193698887417
47 0 0.00113041840310835
48 0 0.00110806135310881
49 0 0.00116096787525644
50 0 0.00128453644031812
51 0 0.00148100419795549
52 0 0.00164844709179157
53 0 0.00175976609023709
54 0 0.0018724127681351
55 0 0.00194304765020092
56 0 0.00198519946373965
57 0 0.00203120560616132
58 0 0.00214171562823129
59 0 0.00230790445632456
60 0 0.00253796221806302
61 0 0.00280907961470744
62 0 0.00308945929659799
63 0 0.00331381879759229
64 0 0.00351924172404938
65 0 0.00381338933912589
66 0 0.0041529753121311
67 0 0.00454227681069652
68 0 0.00491803888816578
69 0 0.00537942371326239
70 0 0.0060605754566897
71 0 0.00680293851528557
72 0 0.00757192920359118
73 0 0.00839231941197283
74 0 0.00911741968302593
75 0 0.00967045612185546
76 0 0.0099913325309231
77 0 0.0102858084466793
78 0 0.0107765944150017
79 0 0.0116688458541917
80 0 0.012984941363271
81 0 0.0138318947449723
82 0 0.0155215873669784
83 0 0.0172537861802322
84 0 0.0188833357614414
85 0 0.0201908345368261
86 0 0.0209891277507466
87 0 0.0215391988194334
88 0 0.0220512552937654
89 0 0.0227409432172700
90 0 0.0237546211319938
91 0 0.0250079652787436
92 0 0.0263720436494105
93 0 0.0276652957796748
94 0 0.0286379949540488
95 0 0.0304503013931275
96 0 0.0363907954291576
97 0 0.041592456143537
98 0 0.0430078340960794
99 0 0.0419252597324954
100 0 0.0305631385616214

death 1 F widowed
1 0 0.0161608060617717
2 0 0.00408809437267399
3 0 0.00281862081727657
4 0 0.00182325611558098
5 0 0.00127659191251528
6 0 0.00104776694729225
7 0 0.000859467816857307
8 0 0.000721859057912222
9 0 0.000626655327734205
10 0 0.000560306802897537
11 0 0.00048981741392895
12 0 0.000431355233663444
13 0 0.000404063428206647
14 0 0.000399208689675246
15 0 0.000410341491893673
16 0 0.000417038571264516
17 0 0.000422647755037864
18 0 0.000451117607631391
19 0 0.000486801252408631
20 0 0.000513615088039487
21 0 0.000529707188401063
22 0 0.000554521428255628
23 0 0.00058772945881469
24 0 0.000613818014959189
25 0 0.000621117440933849
26 0 0.0006222921159873
27 0 0.000629172660601918
28 0 0.000653006868005068
29 0 0.00067508426462426
30 0 0.0006734891398128
31 0 0.000667192867970456
32 0 0.000693556170826115
33 0 0.000737904076062001
34 0 0.00079370567736714
35 0 0.000861486845459725
36 0 0.000956094991705014
37 0 0.00102880146111517
38 0 0.00106564027463363
39 0 0.00108258946167517
40 0 0.00109068571217974
41 0 0.00111059206362296
42 0 0.00115463772057034
43 0 0.00119963359851671
44 0 0.00122446263341436
45 0 0.00117869465641851
46 0 0.00115193698887417
47 0 0.00113041840310835
48 0 0.00110806135310881
49 0 0.00116096787525644
50 0 0.00128453644031812
51 0 0.00148100419795549
52 0 0.00164844709179157
53 0 0.00175976609023709
54 0 0.0018724127681351
55 0 0.00194304765020092
56 0 0.00198519946373965
57 0 0.00203120560616132
58 0 0.00214171562823129
59 0 0.00230790445632456
60 0 0.00253796221806302
61 0 0.00280907961470744
62 0 0.00308945929659799
63 0 0.00331381879759229
64 0 0.00351924172404938
65 0 0.00381338933912589
66 0 0.0041529753121311
67 0 0.00454227681069652
68 0 0.00491803888816578
69 0 0.00537942371326239
70 0 0.0060605754566897
71 0 0.00680293851528557
72 0 0.00757192920359118
73 0 0.00839231941197283
74 0 0.00911741968302593
75 0 0.00967045612185546
76 0 0.0099913325309231
77 0 0.0102858084466793
78 0 0.0107765944150017
79 0 0.0116688458541917
80 0 0.012984941363271
81 0 0.0138318947449723
82 0 0.0155215873669784
83 0 0.0172537861802322
84 0 0.0188833357614414
85 0 0.0201908345368261
86 0 0.0209891277507466
87 0 0.0215391988194334
88 0 0.0220512552937654
89 0 0.0227409432172700
90 0 0.0237546211319938
91 0 0.0250079652787436
92 0 0.0263720436494105
93 0 0.0276652957796748
94 0 0.0286379949540488
95 0 0.0304503013931275
96 0 0.0363907954291576
97 0 0.041592456143537
98 0 0.0430078340960794
99 0 0.0419252597324954
100 0 0.0305631385616214
