*Period monthly mortality rates for SWE in 1963 
* Mon Dec 20 14:21:18 2010
death 1 M married
1 0 0.00151955227493328
2 0 0.000086958244163049
3 0 0.0000795347825768289
4 0 0.0000443441469534234
5 0 0.0000450945159868876
6 0 0.0000588523794108342
7 0 0.0000472622835436809
8 0 0.0000470955303578657
9 0 0.0000386748922163171
10 0 0.0000290046265286614
11 0 0.000032922627459242
12 0 0.0000345065481069939
13 0 0.0000307552018201651
14 0 0.0000265872208304874
15 0 0.0000348400086022105
16 0 0.0000520148779317164
17 0 0.0000531822198260867
18 0 0.0000742803391157176
19 0 0.000096050725337693
20 0 0.000118076651352772
21 0 0.0000927139293587231
22 0 0.000094966253209039
23 0 0.000116324393655498
24 0 0.0000913792452628126
25 0 0.0000839554226411687
26 0 0.0000906284940708213
27 0 0.0000790343463041854
28 0 0.0000737799317690468
29 0 0.000107813908143406
30 0 0.000111318129209281
31 0 0.000109482567993480
32 0 0.000110567213322699
33 0 0.0000707775455360826
34 0 0.000118911071652517
35 0 0.000111902179187551
36 0 0.000110150040510626
37 0 0.000131344841541647
38 0 0.000151960274610508
39 0 0.000155883578874971
40 0 0.000163396761810874
41 0 0.000170910565826743
42 0 0.000183017445611555
43 0 0.000168990312381934
44 0 0.000217175888482690
45 0 0.000216006438613858
46 0 0.000299994487168997
47 0 0.000303171678013525
48 0 0.000269733131557981
49 0 0.000378955509834134
50 0 0.000409755520930921
51 0 0.000415699115904666
52 0 0.000441319622313197
53 0 0.00049995580176998
54 0 0.000556869072103172
55 0 0.000668871831128626
56 0 0.000744709363691087
57 0 0.000761178589082423
58 0 0.000938916796681455
59 0 0.000991809088984663
60 0 0.00117312300942418
61 0 0.00131014959798925
62 0 0.00146660581940306
63 0 0.00154006143942664
64 0 0.00175254447029183
65 0 0.00186960552955062
66 0 0.00204859177761108
67 0 0.00226987449638349
68 0 0.00231226396475248
69 0 0.00267603723837839
70 0 0.00319349855771200
71 0 0.00332228955655756
72 0 0.00385850700124657
73 0 0.00416998809031943
74 0 0.00445164292697708
75 0 0.00518262175114059
76 0 0.00589207336472841
77 0 0.00633996751216859
78 0 0.00716992679035111
79 0 0.00791659588638238
80 0 0.0086883924252259
81 0 0.00989580473952412
82 0 0.0109993695590863
83 0 0.0130941191891084
84 0 0.0138314090908210
85 0 0.0151619221608781
86 0 0.0165458406463687
87 0 0.0181324374096475
88 0 0.0201498561433141
89 0 0.0222477482260032
90 0 0.0250227205757588
91 0 0.0274948155213117
92 0 0.0335450832271821
93 0 0.0387314940306625
94 0 0.0434670786893828
95 0 0.0417742880619145
96 0 0.0481308685792726
97 0 0.0709039240261136
98 0 0.0443213936666746
99 0 0.0681731253507992
100 0 0.0735151275209308

death 1 M single
1 0 0.00151955227493328
2 0 0.000086958244163049
3 0 0.0000795347825768289
4 0 0.0000443441469534234
5 0 0.0000450945159868876
6 0 0.0000588523794108342
7 0 0.0000472622835436809
8 0 0.0000470955303578657
9 0 0.0000386748922163171
10 0 0.0000290046265286614
11 0 0.000032922627459242
12 0 0.0000345065481069939
13 0 0.0000307552018201651
14 0 0.0000265872208304874
15 0 0.0000348400086022105
16 0 0.0000520148779317164
17 0 0.0000531822198260867
18 0 0.0000742803391157176
19 0 0.000096050725337693
20 0 0.000118076651352772
21 0 0.0000927139293587231
22 0 0.000094966253209039
23 0 0.000116324393655498
24 0 0.0000913792452628126
25 0 0.0000839554226411687
26 0 0.0000906284940708213
27 0 0.0000790343463041854
28 0 0.0000737799317690468
29 0 0.000107813908143406
30 0 0.000111318129209281
31 0 0.000109482567993480
32 0 0.000110567213322699
33 0 0.0000707775455360826
34 0 0.000118911071652517
35 0 0.000111902179187551
36 0 0.000110150040510626
37 0 0.000131344841541647
38 0 0.000151960274610508
39 0 0.000155883578874971
40 0 0.000163396761810874
41 0 0.000170910565826743
42 0 0.000183017445611555
43 0 0.000168990312381934
44 0 0.000217175888482690
45 0 0.000216006438613858
46 0 0.000299994487168997
47 0 0.000303171678013525
48 0 0.000269733131557981
49 0 0.000378955509834134
50 0 0.000409755520930921
51 0 0.000415699115904666
52 0 0.000441319622313197
53 0 0.00049995580176998
54 0 0.000556869072103172
55 0 0.000668871831128626
56 0 0.000744709363691087
57 0 0.000761178589082423
58 0 0.000938916796681455
59 0 0.000991809088984663
60 0 0.00117312300942418
61 0 0.00131014959798925
62 0 0.00146660581940306
63 0 0.00154006143942664
64 0 0.00175254447029183
65 0 0.00186960552955062
66 0 0.00204859177761108
67 0 0.00226987449638349
68 0 0.00231226396475248
69 0 0.00267603723837839
70 0 0.00319349855771200
71 0 0.00332228955655756
72 0 0.00385850700124657
73 0 0.00416998809031943
74 0 0.00445164292697708
75 0 0.00518262175114059
76 0 0.00589207336472841
77 0 0.00633996751216859
78 0 0.00716992679035111
79 0 0.00791659588638238
80 0 0.0086883924252259
81 0 0.00989580473952412
82 0 0.0109993695590863
83 0 0.0130941191891084
84 0 0.0138314090908210
85 0 0.0151619221608781
86 0 0.0165458406463687
87 0 0.0181324374096475
88 0 0.0201498561433141
89 0 0.0222477482260032
90 0 0.0250227205757588
91 0 0.0274948155213117
92 0 0.0335450832271821
93 0 0.0387314940306625
94 0 0.0434670786893828
95 0 0.0417742880619145
96 0 0.0481308685792726
97 0 0.0709039240261136
98 0 0.0443213936666746
99 0 0.0681731253507992
100 0 0.0735151275209308

death 1 M divorced
1 0 0.00151955227493328
2 0 0.000086958244163049
3 0 0.0000795347825768289
4 0 0.0000443441469534234
5 0 0.0000450945159868876
6 0 0.0000588523794108342
7 0 0.0000472622835436809
8 0 0.0000470955303578657
9 0 0.0000386748922163171
10 0 0.0000290046265286614
11 0 0.000032922627459242
12 0 0.0000345065481069939
13 0 0.0000307552018201651
14 0 0.0000265872208304874
15 0 0.0000348400086022105
16 0 0.0000520148779317164
17 0 0.0000531822198260867
18 0 0.0000742803391157176
19 0 0.000096050725337693
20 0 0.000118076651352772
21 0 0.0000927139293587231
22 0 0.000094966253209039
23 0 0.000116324393655498
24 0 0.0000913792452628126
25 0 0.0000839554226411687
26 0 0.0000906284940708213
27 0 0.0000790343463041854
28 0 0.0000737799317690468
29 0 0.000107813908143406
30 0 0.000111318129209281
31 0 0.000109482567993480
32 0 0.000110567213322699
33 0 0.0000707775455360826
34 0 0.000118911071652517
35 0 0.000111902179187551
36 0 0.000110150040510626
37 0 0.000131344841541647
38 0 0.000151960274610508
39 0 0.000155883578874971
40 0 0.000163396761810874
41 0 0.000170910565826743
42 0 0.000183017445611555
43 0 0.000168990312381934
44 0 0.000217175888482690
45 0 0.000216006438613858
46 0 0.000299994487168997
47 0 0.000303171678013525
48 0 0.000269733131557981
49 0 0.000378955509834134
50 0 0.000409755520930921
51 0 0.000415699115904666
52 0 0.000441319622313197
53 0 0.00049995580176998
54 0 0.000556869072103172
55 0 0.000668871831128626
56 0 0.000744709363691087
57 0 0.000761178589082423
58 0 0.000938916796681455
59 0 0.000991809088984663
60 0 0.00117312300942418
61 0 0.00131014959798925
62 0 0.00146660581940306
63 0 0.00154006143942664
64 0 0.00175254447029183
65 0 0.00186960552955062
66 0 0.00204859177761108
67 0 0.00226987449638349
68 0 0.00231226396475248
69 0 0.00267603723837839
70 0 0.00319349855771200
71 0 0.00332228955655756
72 0 0.00385850700124657
73 0 0.00416998809031943
74 0 0.00445164292697708
75 0 0.00518262175114059
76 0 0.00589207336472841
77 0 0.00633996751216859
78 0 0.00716992679035111
79 0 0.00791659588638238
80 0 0.0086883924252259
81 0 0.00989580473952412
82 0 0.0109993695590863
83 0 0.0130941191891084
84 0 0.0138314090908210
85 0 0.0151619221608781
86 0 0.0165458406463687
87 0 0.0181324374096475
88 0 0.0201498561433141
89 0 0.0222477482260032
90 0 0.0250227205757588
91 0 0.0274948155213117
92 0 0.0335450832271821
93 0 0.0387314940306625
94 0 0.0434670786893828
95 0 0.0417742880619145
96 0 0.0481308685792726
97 0 0.0709039240261136
98 0 0.0443213936666746
99 0 0.0681731253507992
100 0 0.0735151275209308

death 1 M widowed
1 0 0.00151955227493328
2 0 0.000086958244163049
3 0 0.0000795347825768289
4 0 0.0000443441469534234
5 0 0.0000450945159868876
6 0 0.0000588523794108342
7 0 0.0000472622835436809
8 0 0.0000470955303578657
9 0 0.0000386748922163171
10 0 0.0000290046265286614
11 0 0.000032922627459242
12 0 0.0000345065481069939
13 0 0.0000307552018201651
14 0 0.0000265872208304874
15 0 0.0000348400086022105
16 0 0.0000520148779317164
17 0 0.0000531822198260867
18 0 0.0000742803391157176
19 0 0.000096050725337693
20 0 0.000118076651352772
21 0 0.0000927139293587231
22 0 0.000094966253209039
23 0 0.000116324393655498
24 0 0.0000913792452628126
25 0 0.0000839554226411687
26 0 0.0000906284940708213
27 0 0.0000790343463041854
28 0 0.0000737799317690468
29 0 0.000107813908143406
30 0 0.000111318129209281
31 0 0.000109482567993480
32 0 0.000110567213322699
33 0 0.0000707775455360826
34 0 0.000118911071652517
35 0 0.000111902179187551
36 0 0.000110150040510626
37 0 0.000131344841541647
38 0 0.000151960274610508
39 0 0.000155883578874971
40 0 0.000163396761810874
41 0 0.000170910565826743
42 0 0.000183017445611555
43 0 0.000168990312381934
44 0 0.000217175888482690
45 0 0.000216006438613858
46 0 0.000299994487168997
47 0 0.000303171678013525
48 0 0.000269733131557981
49 0 0.000378955509834134
50 0 0.000409755520930921
51 0 0.000415699115904666
52 0 0.000441319622313197
53 0 0.00049995580176998
54 0 0.000556869072103172
55 0 0.000668871831128626
56 0 0.000744709363691087
57 0 0.000761178589082423
58 0 0.000938916796681455
59 0 0.000991809088984663
60 0 0.00117312300942418
61 0 0.00131014959798925
62 0 0.00146660581940306
63 0 0.00154006143942664
64 0 0.00175254447029183
65 0 0.00186960552955062
66 0 0.00204859177761108
67 0 0.00226987449638349
68 0 0.00231226396475248
69 0 0.00267603723837839
70 0 0.00319349855771200
71 0 0.00332228955655756
72 0 0.00385850700124657
73 0 0.00416998809031943
74 0 0.00445164292697708
75 0 0.00518262175114059
76 0 0.00589207336472841
77 0 0.00633996751216859
78 0 0.00716992679035111
79 0 0.00791659588638238
80 0 0.0086883924252259
81 0 0.00989580473952412
82 0 0.0109993695590863
83 0 0.0130941191891084
84 0 0.0138314090908210
85 0 0.0151619221608781
86 0 0.0165458406463687
87 0 0.0181324374096475
88 0 0.0201498561433141
89 0 0.0222477482260032
90 0 0.0250227205757588
91 0 0.0274948155213117
92 0 0.0335450832271821
93 0 0.0387314940306625
94 0 0.0434670786893828
95 0 0.0417742880619145
96 0 0.0481308685792726
97 0 0.0709039240261136
98 0 0.0443213936666746
99 0 0.0681731253507992
100 0 0.0735151275209308

death 1 F married
1 0 0.00114231628495787
2 0 0.0000671080970252591
3 0 0.0000417595899134815
4 0 0.0000435104108471585
5 0 0.0000364239626585716
6 0 0.0000293380668423548
7 0 0.000029087986492371
8 0 0.0000226694929356119
9 0 0.0000211691312194118
10 0 0.0000194187405135882
11 0 0.0000221693696121905
12 0 0.0000158347123201397
13 0 0.0000216692490401238
14 0 0.0000324224477249446
15 0 0.0000195854429382303
16 0 0.0000392584756443437
17 0 0.0000396753232437819
18 0 0.0000376744721986011
19 0 0.0000427600548893459
20 0 0.0000412593615545243
21 0 0.0000314220965127454
22 0 0.0000364239626585716
23 0 0.0000429268001225225
24 0 0.0000295047874577792
25 0 0.0000471789069125261
26 0 0.0000362572293529650
27 0 0.0000354235674120407
28 0 0.0000632720137693221
29 0 0.000054933260775214
30 0 0.0000591859292243813
31 0 0.000061687591838111
32 0 0.0000728625254545756
33 0 0.0000622713230208349
34 0 0.0000710277406013038
35 0 0.0000701103620619481
36 0 0.0000655236082310884
37 0 0.0000717783299287733
38 0 0.000089627502126488
39 0 0.0000969683657060516
40 0 0.0000998047672314817
41 0 0.0000994710683406286
42 0 0.000129508875873818
43 0 0.000118160093038111
44 0 0.000157135732904989
45 0 0.000183518454694553
46 0 0.00022193737544296
47 0 0.000203394042727623
48 0 0.000210911154075677
49 0 0.000257948976063349
50 0 0.000318055787721261
51 0 0.000261876858127175
52 0 0.000332691418430731
53 0 0.000341641222489919
54 0 0.000390671675117638
55 0 0.000404063428206647
56 0 0.000490152549166956
57 0 0.000526019163668012
58 0 0.000519230236826984
59 0 0.000615412092418444
60 0 0.00067290146931065
61 0 0.00068482352889343
62 0 0.000789082254479823
63 0 0.000853663359607237
64 0 0.00101860388157171
65 0 0.00115573491576715
66 0 0.00127245089172356
67 0 0.00148100419795549
68 0 0.00169351865625089
69 0 0.00183609550899333
70 0 0.00210895788131304
71 0 0.00232987509246807
72 0 0.00251568409408343
73 0 0.00294085420369328
74 0 0.00343352010374975
75 0 0.00358276266149504
76 0 0.00444892968843313
77 0 0.00492314172414543
78 0 0.00582060165667597
79 0 0.00620868573652944
80 0 0.00697981038121953
81 0 0.00784486717667088
82 0 0.00888389538190315
83 0 0.00990352133181471
84 0 0.0117108601103730
85 0 0.0128151807174501
86 0 0.0145044218018433
87 0 0.0163972850465767
88 0 0.0175440904987514
89 0 0.0188951557810288
90 0 0.0217022016793128
91 0 0.0244683348587856
92 0 0.0300001585574807
93 0 0.0288213877869651
94 0 0.0359810619461777
95 0 0.0387583932718222
96 0 0.0378387498635696
97 0 0.0432330203350423
98 0 0.0444929391954406
99 0 0.0378869117656392
100 0 0.0326741915952186

death 1 F single
1 0 0.00114231628495787
2 0 0.0000671080970252591
3 0 0.0000417595899134815
4 0 0.0000435104108471585
5 0 0.0000364239626585716
6 0 0.0000293380668423548
7 0 0.000029087986492371
8 0 0.0000226694929356119
9 0 0.0000211691312194118
10 0 0.0000194187405135882
11 0 0.0000221693696121905
12 0 0.0000158347123201397
13 0 0.0000216692490401238
14 0 0.0000324224477249446
15 0 0.0000195854429382303
16 0 0.0000392584756443437
17 0 0.0000396753232437819
18 0 0.0000376744721986011
19 0 0.0000427600548893459
20 0 0.0000412593615545243
21 0 0.0000314220965127454
22 0 0.0000364239626585716
23 0 0.0000429268001225225
24 0 0.0000295047874577792
25 0 0.0000471789069125261
26 0 0.0000362572293529650
27 0 0.0000354235674120407
28 0 0.0000632720137693221
29 0 0.000054933260775214
30 0 0.0000591859292243813
31 0 0.000061687591838111
32 0 0.0000728625254545756
33 0 0.0000622713230208349
34 0 0.0000710277406013038
35 0 0.0000701103620619481
36 0 0.0000655236082310884
37 0 0.0000717783299287733
38 0 0.000089627502126488
39 0 0.0000969683657060516
40 0 0.0000998047672314817
41 0 0.0000994710683406286
42 0 0.000129508875873818
43 0 0.000118160093038111
44 0 0.000157135732904989
45 0 0.000183518454694553
46 0 0.00022193737544296
47 0 0.000203394042727623
48 0 0.000210911154075677
49 0 0.000257948976063349
50 0 0.000318055787721261
51 0 0.000261876858127175
52 0 0.000332691418430731
53 0 0.000341641222489919
54 0 0.000390671675117638
55 0 0.000404063428206647
56 0 0.000490152549166956
57 0 0.000526019163668012
58 0 0.000519230236826984
59 0 0.000615412092418444
60 0 0.00067290146931065
61 0 0.00068482352889343
62 0 0.000789082254479823
63 0 0.000853663359607237
64 0 0.00101860388157171
65 0 0.00115573491576715
66 0 0.00127245089172356
67 0 0.00148100419795549
68 0 0.00169351865625089
69 0 0.00183609550899333
70 0 0.00210895788131304
71 0 0.00232987509246807
72 0 0.00251568409408343
73 0 0.00294085420369328
74 0 0.00343352010374975
75 0 0.00358276266149504
76 0 0.00444892968843313
77 0 0.00492314172414543
78 0 0.00582060165667597
79 0 0.00620868573652944
80 0 0.00697981038121953
81 0 0.00784486717667088
82 0 0.00888389538190315
83 0 0.00990352133181471
84 0 0.0117108601103730
85 0 0.0128151807174501
86 0 0.0145044218018433
87 0 0.0163972850465767
88 0 0.0175440904987514
89 0 0.0188951557810288
90 0 0.0217022016793128
91 0 0.0244683348587856
92 0 0.0300001585574807
93 0 0.0288213877869651
94 0 0.0359810619461777
95 0 0.0387583932718222
96 0 0.0378387498635696
97 0 0.0432330203350423
98 0 0.0444929391954406
99 0 0.0378869117656392
100 0 0.0326741915952186

death 1 F divorced
1 0 0.00114231628495787
2 0 0.0000671080970252591
3 0 0.0000417595899134815
4 0 0.0000435104108471585
5 0 0.0000364239626585716
6 0 0.0000293380668423548
7 0 0.000029087986492371
8 0 0.0000226694929356119
9 0 0.0000211691312194118
10 0 0.0000194187405135882
11 0 0.0000221693696121905
12 0 0.0000158347123201397
13 0 0.0000216692490401238
14 0 0.0000324224477249446
15 0 0.0000195854429382303
16 0 0.0000392584756443437
17 0 0.0000396753232437819
18 0 0.0000376744721986011
19 0 0.0000427600548893459
20 0 0.0000412593615545243
21 0 0.0000314220965127454
22 0 0.0000364239626585716
23 0 0.0000429268001225225
24 0 0.0000295047874577792
25 0 0.0000471789069125261
26 0 0.0000362572293529650
27 0 0.0000354235674120407
28 0 0.0000632720137693221
29 0 0.000054933260775214
30 0 0.0000591859292243813
31 0 0.000061687591838111
32 0 0.0000728625254545756
33 0 0.0000622713230208349
34 0 0.0000710277406013038
35 0 0.0000701103620619481
36 0 0.0000655236082310884
37 0 0.0000717783299287733
38 0 0.000089627502126488
39 0 0.0000969683657060516
40 0 0.0000998047672314817
41 0 0.0000994710683406286
42 0 0.000129508875873818
43 0 0.000118160093038111
44 0 0.000157135732904989
45 0 0.000183518454694553
46 0 0.00022193737544296
47 0 0.000203394042727623
48 0 0.000210911154075677
49 0 0.000257948976063349
50 0 0.000318055787721261
51 0 0.000261876858127175
52 0 0.000332691418430731
53 0 0.000341641222489919
54 0 0.000390671675117638
55 0 0.000404063428206647
56 0 0.000490152549166956
57 0 0.000526019163668012
58 0 0.000519230236826984
59 0 0.000615412092418444
60 0 0.00067290146931065
61 0 0.00068482352889343
62 0 0.000789082254479823
63 0 0.000853663359607237
64 0 0.00101860388157171
65 0 0.00115573491576715
66 0 0.00127245089172356
67 0 0.00148100419795549
68 0 0.00169351865625089
69 0 0.00183609550899333
70 0 0.00210895788131304
71 0 0.00232987509246807
72 0 0.00251568409408343
73 0 0.00294085420369328
74 0 0.00343352010374975
75 0 0.00358276266149504
76 0 0.00444892968843313
77 0 0.00492314172414543
78 0 0.00582060165667597
79 0 0.00620868573652944
80 0 0.00697981038121953
81 0 0.00784486717667088
82 0 0.00888389538190315
83 0 0.00990352133181471
84 0 0.0117108601103730
85 0 0.0128151807174501
86 0 0.0145044218018433
87 0 0.0163972850465767
88 0 0.0175440904987514
89 0 0.0188951557810288
90 0 0.0217022016793128
91 0 0.0244683348587856
92 0 0.0300001585574807
93 0 0.0288213877869651
94 0 0.0359810619461777
95 0 0.0387583932718222
96 0 0.0378387498635696
97 0 0.0432330203350423
98 0 0.0444929391954406
99 0 0.0378869117656392
100 0 0.0326741915952186

death 1 F widowed
1 0 0.00114231628495787
2 0 0.0000671080970252591
3 0 0.0000417595899134815
4 0 0.0000435104108471585
5 0 0.0000364239626585716
6 0 0.0000293380668423548
7 0 0.000029087986492371
8 0 0.0000226694929356119
9 0 0.0000211691312194118
10 0 0.0000194187405135882
11 0 0.0000221693696121905
12 0 0.0000158347123201397
13 0 0.0000216692490401238
14 0 0.0000324224477249446
15 0 0.0000195854429382303
16 0 0.0000392584756443437
17 0 0.0000396753232437819
18 0 0.0000376744721986011
19 0 0.0000427600548893459
20 0 0.0000412593615545243
21 0 0.0000314220965127454
22 0 0.0000364239626585716
23 0 0.0000429268001225225
24 0 0.0000295047874577792
25 0 0.0000471789069125261
26 0 0.0000362572293529650
27 0 0.0000354235674120407
28 0 0.0000632720137693221
29 0 0.000054933260775214
30 0 0.0000591859292243813
31 0 0.000061687591838111
32 0 0.0000728625254545756
33 0 0.0000622713230208349
34 0 0.0000710277406013038
35 0 0.0000701103620619481
36 0 0.0000655236082310884
37 0 0.0000717783299287733
38 0 0.000089627502126488
39 0 0.0000969683657060516
40 0 0.0000998047672314817
41 0 0.0000994710683406286
42 0 0.000129508875873818
43 0 0.000118160093038111
44 0 0.000157135732904989
45 0 0.000183518454694553
46 0 0.00022193737544296
47 0 0.000203394042727623
48 0 0.000210911154075677
49 0 0.000257948976063349
50 0 0.000318055787721261
51 0 0.000261876858127175
52 0 0.000332691418430731
53 0 0.000341641222489919
54 0 0.000390671675117638
55 0 0.000404063428206647
56 0 0.000490152549166956
57 0 0.000526019163668012
58 0 0.000519230236826984
59 0 0.000615412092418444
60 0 0.00067290146931065
61 0 0.00068482352889343
62 0 0.000789082254479823
63 0 0.000853663359607237
64 0 0.00101860388157171
65 0 0.00115573491576715
66 0 0.00127245089172356
67 0 0.00148100419795549
68 0 0.00169351865625089
69 0 0.00183609550899333
70 0 0.00210895788131304
71 0 0.00232987509246807
72 0 0.00251568409408343
73 0 0.00294085420369328
74 0 0.00343352010374975
75 0 0.00358276266149504
76 0 0.00444892968843313
77 0 0.00492314172414543
78 0 0.00582060165667597
79 0 0.00620868573652944
80 0 0.00697981038121953
81 0 0.00784486717667088
82 0 0.00888389538190315
83 0 0.00990352133181471
84 0 0.0117108601103730
85 0 0.0128151807174501
86 0 0.0145044218018433
87 0 0.0163972850465767
88 0 0.0175440904987514
89 0 0.0188951557810288
90 0 0.0217022016793128
91 0 0.0244683348587856
92 0 0.0300001585574807
93 0 0.0288213877869651
94 0 0.0359810619461777
95 0 0.0387583932718222
96 0 0.0378387498635696
97 0 0.0432330203350423
98 0 0.0444929391954406
99 0 0.0378869117656392
100 0 0.0326741915952186
