*Period monthly mortality rates for SWE in 1757 
* Mon Dec 20 14:18:42 2010
death 1 M married
1 0 0.0249017775924278
2 0 0.00696946008368415
3 0 0.00424095276103509
4 0 0.00329947217568494
5 0 0.00308057922159521
6 0 0.00258484984182594
7 0 0.00175449849897724
8 0 0.00113624057604444
9 0 0.000747566056094051
10 0 0.0005732204170944
11 0 0.000569866055131985
12 0 0.000629172660601918
13 0 0.000668116293867649
14 0 0.00068406785895847
15 0 0.000664926316925163
16 0 0.000616418892593007
17 0 0.000561396842260531
18 0 0.000542364957238362
19 0 0.000561816091651512
20 0 0.000620530109102568
21 0 0.000708420385978736
22 0 0.000808922603496187
23 0 0.000883867418245199
24 0 0.000937317032136842
25 0 0.000965190645793923
26 0 0.000968222732927626
27 0 0.000922331132684473
28 0 0.000900446059278193
29 0 0.000900530222536222
30 0 0.00091761697896442
31 0 0.000951042244120792
32 0 0.00102854861472090
33 0 0.00107955355382161
34 0 0.00110139748613070
35 0 0.00108292679103505
36 0 0.00103647146963726
37 0 0.000978161950499157
38 0 0.000978077715271697
39 0 0.00103293138520943
40 0 0.00113894084092958
41 0 0.00127363402124892
42 0 0.00144425051061137
43 0 0.00157074909071497
44 0 0.00165048374174981
45 0 0.00168350081849178
46 0 0.00169699968926240
47 0 0.00164513763308172
48 0 0.00163614330370343
49 0 0.00166508107071772
50 0 0.00174617292989865
51 0 0.00186679837781223
52 0 0.00212704142483522
53 0 0.00232944759741649
54 0 0.00244845448584974
55 0 0.00249615239628687
56 0 0.00255510296174866
57 0 0.00246437954397327
58 0 0.00249932172797129
59 0 0.00268796786719894
60 0 0.0029919985442296
61 0 0.00330336109575291
62 0 0.00381112970054631
63 0 0.00420568169075108
64 0 0.00444087797549109
65 0 0.00454376624113495
66 0 0.00463887769603577
67 0 0.00466440386196587
68 0 0.00474892843355468
69 0 0.00500491433404548
70 0 0.00548657277418652
71 0 0.00615854538344596
72 0 0.00712258551022737
73 0 0.00809712449948574
74 0 0.00899050324509043
75 0 0.00982582779161223
76 0 0.0107217842598011
77 0 0.0111754418461624
78 0 0.0118120404740537
79 0 0.0127422227616985
80 0 0.0140658973027752
81 0 0.0119276926282325
82 0 0.0129594471646595
83 0 0.0141169415643301
84 0 0.0153000459922613
85 0 0.016251271011539
86 0 0.0167824380582663
87 0 0.0171363961487893
88 0 0.0176232994593685
89 0 0.0185065337900607
90 0 0.0200962894276681
91 0 0.0239774486594569
92 0 0.0259492804873864
93 0 0.0281970939879954
94 0 0.0308349856151002
95 0 0.0335039758987007
96 0 0.036120716023568
97 0 0.0394401962678911
98 0 0.0439928469253701
99 0 0.0507860755809177
100 0 0.0597380917005844

death 1 M single
1 0 0.0249017775924278
2 0 0.00696946008368415
3 0 0.00424095276103509
4 0 0.00329947217568494
5 0 0.00308057922159521
6 0 0.00258484984182594
7 0 0.00175449849897724
8 0 0.00113624057604444
9 0 0.000747566056094051
10 0 0.0005732204170944
11 0 0.000569866055131985
12 0 0.000629172660601918
13 0 0.000668116293867649
14 0 0.00068406785895847
15 0 0.000664926316925163
16 0 0.000616418892593007
17 0 0.000561396842260531
18 0 0.000542364957238362
19 0 0.000561816091651512
20 0 0.000620530109102568
21 0 0.000708420385978736
22 0 0.000808922603496187
23 0 0.000883867418245199
24 0 0.000937317032136842
25 0 0.000965190645793923
26 0 0.000968222732927626
27 0 0.000922331132684473
28 0 0.000900446059278193
29 0 0.000900530222536222
30 0 0.00091761697896442
31 0 0.000951042244120792
32 0 0.00102854861472090
33 0 0.00107955355382161
34 0 0.00110139748613070
35 0 0.00108292679103505
36 0 0.00103647146963726
37 0 0.000978161950499157
38 0 0.000978077715271697
39 0 0.00103293138520943
40 0 0.00113894084092958
41 0 0.00127363402124892
42 0 0.00144425051061137
43 0 0.00157074909071497
44 0 0.00165048374174981
45 0 0.00168350081849178
46 0 0.00169699968926240
47 0 0.00164513763308172
48 0 0.00163614330370343
49 0 0.00166508107071772
50 0 0.00174617292989865
51 0 0.00186679837781223
52 0 0.00212704142483522
53 0 0.00232944759741649
54 0 0.00244845448584974
55 0 0.00249615239628687
56 0 0.00255510296174866
57 0 0.00246437954397327
58 0 0.00249932172797129
59 0 0.00268796786719894
60 0 0.0029919985442296
61 0 0.00330336109575291
62 0 0.00381112970054631
63 0 0.00420568169075108
64 0 0.00444087797549109
65 0 0.00454376624113495
66 0 0.00463887769603577
67 0 0.00466440386196587
68 0 0.00474892843355468
69 0 0.00500491433404548
70 0 0.00548657277418652
71 0 0.00615854538344596
72 0 0.00712258551022737
73 0 0.00809712449948574
74 0 0.00899050324509043
75 0 0.00982582779161223
76 0 0.0107217842598011
77 0 0.0111754418461624
78 0 0.0118120404740537
79 0 0.0127422227616985
80 0 0.0140658973027752
81 0 0.0119276926282325
82 0 0.0129594471646595
83 0 0.0141169415643301
84 0 0.0153000459922613
85 0 0.016251271011539
86 0 0.0167824380582663
87 0 0.0171363961487893
88 0 0.0176232994593685
89 0 0.0185065337900607
90 0 0.0200962894276681
91 0 0.0239774486594569
92 0 0.0259492804873864
93 0 0.0281970939879954
94 0 0.0308349856151002
95 0 0.0335039758987007
96 0 0.036120716023568
97 0 0.0394401962678911
98 0 0.0439928469253701
99 0 0.0507860755809177
100 0 0.0597380917005844

death 1 M divorced
1 0 0.0249017775924278
2 0 0.00696946008368415
3 0 0.00424095276103509
4 0 0.00329947217568494
5 0 0.00308057922159521
6 0 0.00258484984182594
7 0 0.00175449849897724
8 0 0.00113624057604444
9 0 0.000747566056094051
10 0 0.0005732204170944
11 0 0.000569866055131985
12 0 0.000629172660601918
13 0 0.000668116293867649
14 0 0.00068406785895847
15 0 0.000664926316925163
16 0 0.000616418892593007
17 0 0.000561396842260531
18 0 0.000542364957238362
19 0 0.000561816091651512
20 0 0.000620530109102568
21 0 0.000708420385978736
22 0 0.000808922603496187
23 0 0.000883867418245199
24 0 0.000937317032136842
25 0 0.000965190645793923
26 0 0.000968222732927626
27 0 0.000922331132684473
28 0 0.000900446059278193
29 0 0.000900530222536222
30 0 0.00091761697896442
31 0 0.000951042244120792
32 0 0.00102854861472090
33 0 0.00107955355382161
34 0 0.00110139748613070
35 0 0.00108292679103505
36 0 0.00103647146963726
37 0 0.000978161950499157
38 0 0.000978077715271697
39 0 0.00103293138520943
40 0 0.00113894084092958
41 0 0.00127363402124892
42 0 0.00144425051061137
43 0 0.00157074909071497
44 0 0.00165048374174981
45 0 0.00168350081849178
46 0 0.00169699968926240
47 0 0.00164513763308172
48 0 0.00163614330370343
49 0 0.00166508107071772
50 0 0.00174617292989865
51 0 0.00186679837781223
52 0 0.00212704142483522
53 0 0.00232944759741649
54 0 0.00244845448584974
55 0 0.00249615239628687
56 0 0.00255510296174866
57 0 0.00246437954397327
58 0 0.00249932172797129
59 0 0.00268796786719894
60 0 0.0029919985442296
61 0 0.00330336109575291
62 0 0.00381112970054631
63 0 0.00420568169075108
64 0 0.00444087797549109
65 0 0.00454376624113495
66 0 0.00463887769603577
67 0 0.00466440386196587
68 0 0.00474892843355468
69 0 0.00500491433404548
70 0 0.00548657277418652
71 0 0.00615854538344596
72 0 0.00712258551022737
73 0 0.00809712449948574
74 0 0.00899050324509043
75 0 0.00982582779161223
76 0 0.0107217842598011
77 0 0.0111754418461624
78 0 0.0118120404740537
79 0 0.0127422227616985
80 0 0.0140658973027752
81 0 0.0119276926282325
82 0 0.0129594471646595
83 0 0.0141169415643301
84 0 0.0153000459922613
85 0 0.016251271011539
86 0 0.0167824380582663
87 0 0.0171363961487893
88 0 0.0176232994593685
89 0 0.0185065337900607
90 0 0.0200962894276681
91 0 0.0239774486594569
92 0 0.0259492804873864
93 0 0.0281970939879954
94 0 0.0308349856151002
95 0 0.0335039758987007
96 0 0.036120716023568
97 0 0.0394401962678911
98 0 0.0439928469253701
99 0 0.0507860755809177
100 0 0.0597380917005844

death 1 M widowed
1 0 0.0249017775924278
2 0 0.00696946008368415
3 0 0.00424095276103509
4 0 0.00329947217568494
5 0 0.00308057922159521
6 0 0.00258484984182594
7 0 0.00175449849897724
8 0 0.00113624057604444
9 0 0.000747566056094051
10 0 0.0005732204170944
11 0 0.000569866055131985
12 0 0.000629172660601918
13 0 0.000668116293867649
14 0 0.00068406785895847
15 0 0.000664926316925163
16 0 0.000616418892593007
17 0 0.000561396842260531
18 0 0.000542364957238362
19 0 0.000561816091651512
20 0 0.000620530109102568
21 0 0.000708420385978736
22 0 0.000808922603496187
23 0 0.000883867418245199
24 0 0.000937317032136842
25 0 0.000965190645793923
26 0 0.000968222732927626
27 0 0.000922331132684473
28 0 0.000900446059278193
29 0 0.000900530222536222
30 0 0.00091761697896442
31 0 0.000951042244120792
32 0 0.00102854861472090
33 0 0.00107955355382161
34 0 0.00110139748613070
35 0 0.00108292679103505
36 0 0.00103647146963726
37 0 0.000978161950499157
38 0 0.000978077715271697
39 0 0.00103293138520943
40 0 0.00113894084092958
41 0 0.00127363402124892
42 0 0.00144425051061137
43 0 0.00157074909071497
44 0 0.00165048374174981
45 0 0.00168350081849178
46 0 0.00169699968926240
47 0 0.00164513763308172
48 0 0.00163614330370343
49 0 0.00166508107071772
50 0 0.00174617292989865
51 0 0.00186679837781223
52 0 0.00212704142483522
53 0 0.00232944759741649
54 0 0.00244845448584974
55 0 0.00249615239628687
56 0 0.00255510296174866
57 0 0.00246437954397327
58 0 0.00249932172797129
59 0 0.00268796786719894
60 0 0.0029919985442296
61 0 0.00330336109575291
62 0 0.00381112970054631
63 0 0.00420568169075108
64 0 0.00444087797549109
65 0 0.00454376624113495
66 0 0.00463887769603577
67 0 0.00466440386196587
68 0 0.00474892843355468
69 0 0.00500491433404548
70 0 0.00548657277418652
71 0 0.00615854538344596
72 0 0.00712258551022737
73 0 0.00809712449948574
74 0 0.00899050324509043
75 0 0.00982582779161223
76 0 0.0107217842598011
77 0 0.0111754418461624
78 0 0.0118120404740537
79 0 0.0127422227616985
80 0 0.0140658973027752
81 0 0.0119276926282325
82 0 0.0129594471646595
83 0 0.0141169415643301
84 0 0.0153000459922613
85 0 0.016251271011539
86 0 0.0167824380582663
87 0 0.0171363961487893
88 0 0.0176232994593685
89 0 0.0185065337900607
90 0 0.0200962894276681
91 0 0.0239774486594569
92 0 0.0259492804873864
93 0 0.0281970939879954
94 0 0.0308349856151002
95 0 0.0335039758987007
96 0 0.036120716023568
97 0 0.0394401962678911
98 0 0.0439928469253701
99 0 0.0507860755809177
100 0 0.0597380917005844

death 1 F married
1 0 0.0219038776870356
2 0 0.00698638118587958
3 0 0.00426558081338235
4 0 0.00302671392138754
5 0 0.00273562020578078
6 0 0.00234937100800736
7 0 0.00161875113847776
8 0 0.00110494024060359
9 0 0.000787989479817175
10 0 0.000626990968086605
11 0 0.000587813332843412
12 0 0.000608029232025187
13 0 0.000625228870069994
14 0 0.000639074846673471
15 0 0.000638823082808937
16 0 0.000624389787788227
17 0 0.000577245814925131
18 0 0.000544293116523931
19 0 0.00052685733796265
20 0 0.000523085614524299
21 0 0.0005288689878169
22 0 0.000560139105694746
23 0 0.000591923255105264
24 0 0.000630095700130062
25 0 0.000670215023996334
26 0 0.000711611890560793
27 0 0.000731855359459743
28 0 0.000768489865449196
29 0 0.000823048882698685
30 0 0.000895480565084816
31 0 0.000979172779323356
32 0 0.0010842761210057
33 0 0.00113801261581836
34 0 0.00113649372246638
35 0 0.00107086804469037
36 0 0.000958789905360247
37 0 0.000841971448670487
38 0 0.000795975443813046
39 0 0.000826076228366168
40 0 0.00093293887325796
41 0 0.00108511946241874
42 0 0.00125234004827579
43 0 0.00135818317979908
44 0 0.00139557901554110
45 0 0.00136511970508524
46 0 0.00129611641205185
47 0 0.00118975454434356
48 0 0.00113851891924821
49 0 0.00114096609228975
50 0 0.00120233574924988
51 0 0.00130465441740113
52 0 0.00153133176579012
53 0 0.00174625788082805
54 0 0.00193155509890497
55 0 0.00209514175381564
56 0 0.0022898702851869
57 0 0.00227559933596289
58 0 0.00233081558867432
59 0 0.00246455079635521
60 0 0.00263750945495966
61 0 0.00278991428750563
62 0 0.00322129708294727
63 0 0.00361744499684291
64 0 0.00389868846396324
65 0 0.00406046432841445
66 0 0.00419686607001968
67 0 0.00420027001984569
68 0 0.00432045035132667
69 0 0.00464115809147536
70 0 0.00519365182079046
71 0 0.00594865075410478
72 0 0.0069161073774302
73 0 0.00781515602016747
74 0 0.0085814998307896
75 0 0.00928615074201289
76 0 0.0100497967948018
77 0 0.0105110202994789
78 0 0.0112338318848784
79 0 0.0121175059628010
80 0 0.0132584249804285
81 0 0.0118889986291274
82 0 0.0133255258714648
83 0 0.0148331579444561
84 0 0.0163301409154718
85 0 0.0176220834457070
86 0 0.0185109346381567
87 0 0.0193124283209598
88 0 0.0202275538421935
89 0 0.0213097211341083
90 0 0.0228775691172968
91 0 0.0246508443703117
92 0 0.0262761593713852
93 0 0.0279429155874767
94 0 0.0296432230993792
95 0 0.0312793761900099
96 0 0.0328645048475249
97 0 0.0343316357701089
98 0 0.0356173103940056
99 0 0.037083234324466
100 0 0.0391464565084628

death 1 F single
1 0 0.0219038776870356
2 0 0.00698638118587958
3 0 0.00426558081338235
4 0 0.00302671392138754
5 0 0.00273562020578078
6 0 0.00234937100800736
7 0 0.00161875113847776
8 0 0.00110494024060359
9 0 0.000787989479817175
10 0 0.000626990968086605
11 0 0.000587813332843412
12 0 0.000608029232025187
13 0 0.000625228870069994
14 0 0.000639074846673471
15 0 0.000638823082808937
16 0 0.000624389787788227
17 0 0.000577245814925131
18 0 0.000544293116523931
19 0 0.00052685733796265
20 0 0.000523085614524299
21 0 0.0005288689878169
22 0 0.000560139105694746
23 0 0.000591923255105264
24 0 0.000630095700130062
25 0 0.000670215023996334
26 0 0.000711611890560793
27 0 0.000731855359459743
28 0 0.000768489865449196
29 0 0.000823048882698685
30 0 0.000895480565084816
31 0 0.000979172779323356
32 0 0.0010842761210057
33 0 0.00113801261581836
34 0 0.00113649372246638
35 0 0.00107086804469037
36 0 0.000958789905360247
37 0 0.000841971448670487
38 0 0.000795975443813046
39 0 0.000826076228366168
40 0 0.00093293887325796
41 0 0.00108511946241874
42 0 0.00125234004827579
43 0 0.00135818317979908
44 0 0.00139557901554110
45 0 0.00136511970508524
46 0 0.00129611641205185
47 0 0.00118975454434356
48 0 0.00113851891924821
49 0 0.00114096609228975
50 0 0.00120233574924988
51 0 0.00130465441740113
52 0 0.00153133176579012
53 0 0.00174625788082805
54 0 0.00193155509890497
55 0 0.00209514175381564
56 0 0.0022898702851869
57 0 0.00227559933596289
58 0 0.00233081558867432
59 0 0.00246455079635521
60 0 0.00263750945495966
61 0 0.00278991428750563
62 0 0.00322129708294727
63 0 0.00361744499684291
64 0 0.00389868846396324
65 0 0.00406046432841445
66 0 0.00419686607001968
67 0 0.00420027001984569
68 0 0.00432045035132667
69 0 0.00464115809147536
70 0 0.00519365182079046
71 0 0.00594865075410478
72 0 0.0069161073774302
73 0 0.00781515602016747
74 0 0.0085814998307896
75 0 0.00928615074201289
76 0 0.0100497967948018
77 0 0.0105110202994789
78 0 0.0112338318848784
79 0 0.0121175059628010
80 0 0.0132584249804285
81 0 0.0118889986291274
82 0 0.0133255258714648
83 0 0.0148331579444561
84 0 0.0163301409154718
85 0 0.0176220834457070
86 0 0.0185109346381567
87 0 0.0193124283209598
88 0 0.0202275538421935
89 0 0.0213097211341083
90 0 0.0228775691172968
91 0 0.0246508443703117
92 0 0.0262761593713852
93 0 0.0279429155874767
94 0 0.0296432230993792
95 0 0.0312793761900099
96 0 0.0328645048475249
97 0 0.0343316357701089
98 0 0.0356173103940056
99 0 0.037083234324466
100 0 0.0391464565084628

death 1 F divorced
1 0 0.0219038776870356
2 0 0.00698638118587958
3 0 0.00426558081338235
4 0 0.00302671392138754
5 0 0.00273562020578078
6 0 0.00234937100800736
7 0 0.00161875113847776
8 0 0.00110494024060359
9 0 0.000787989479817175
10 0 0.000626990968086605
11 0 0.000587813332843412
12 0 0.000608029232025187
13 0 0.000625228870069994
14 0 0.000639074846673471
15 0 0.000638823082808937
16 0 0.000624389787788227
17 0 0.000577245814925131
18 0 0.000544293116523931
19 0 0.00052685733796265
20 0 0.000523085614524299
21 0 0.0005288689878169
22 0 0.000560139105694746
23 0 0.000591923255105264
24 0 0.000630095700130062
25 0 0.000670215023996334
26 0 0.000711611890560793
27 0 0.000731855359459743
28 0 0.000768489865449196
29 0 0.000823048882698685
30 0 0.000895480565084816
31 0 0.000979172779323356
32 0 0.0010842761210057
33 0 0.00113801261581836
34 0 0.00113649372246638
35 0 0.00107086804469037
36 0 0.000958789905360247
37 0 0.000841971448670487
38 0 0.000795975443813046
39 0 0.000826076228366168
40 0 0.00093293887325796
41 0 0.00108511946241874
42 0 0.00125234004827579
43 0 0.00135818317979908
44 0 0.00139557901554110
45 0 0.00136511970508524
46 0 0.00129611641205185
47 0 0.00118975454434356
48 0 0.00113851891924821
49 0 0.00114096609228975
50 0 0.00120233574924988
51 0 0.00130465441740113
52 0 0.00153133176579012
53 0 0.00174625788082805
54 0 0.00193155509890497
55 0 0.00209514175381564
56 0 0.0022898702851869
57 0 0.00227559933596289
58 0 0.00233081558867432
59 0 0.00246455079635521
60 0 0.00263750945495966
61 0 0.00278991428750563
62 0 0.00322129708294727
63 0 0.00361744499684291
64 0 0.00389868846396324
65 0 0.00406046432841445
66 0 0.00419686607001968
67 0 0.00420027001984569
68 0 0.00432045035132667
69 0 0.00464115809147536
70 0 0.00519365182079046
71 0 0.00594865075410478
72 0 0.0069161073774302
73 0 0.00781515602016747
74 0 0.0085814998307896
75 0 0.00928615074201289
76 0 0.0100497967948018
77 0 0.0105110202994789
78 0 0.0112338318848784
79 0 0.0121175059628010
80 0 0.0132584249804285
81 0 0.0118889986291274
82 0 0.0133255258714648
83 0 0.0148331579444561
84 0 0.0163301409154718
85 0 0.0176220834457070
86 0 0.0185109346381567
87 0 0.0193124283209598
88 0 0.0202275538421935
89 0 0.0213097211341083
90 0 0.0228775691172968
91 0 0.0246508443703117
92 0 0.0262761593713852
93 0 0.0279429155874767
94 0 0.0296432230993792
95 0 0.0312793761900099
96 0 0.0328645048475249
97 0 0.0343316357701089
98 0 0.0356173103940056
99 0 0.037083234324466
100 0 0.0391464565084628

death 1 F widowed
1 0 0.0219038776870356
2 0 0.00698638118587958
3 0 0.00426558081338235
4 0 0.00302671392138754
5 0 0.00273562020578078
6 0 0.00234937100800736
7 0 0.00161875113847776
8 0 0.00110494024060359
9 0 0.000787989479817175
10 0 0.000626990968086605
11 0 0.000587813332843412
12 0 0.000608029232025187
13 0 0.000625228870069994
14 0 0.000639074846673471
15 0 0.000638823082808937
16 0 0.000624389787788227
17 0 0.000577245814925131
18 0 0.000544293116523931
19 0 0.00052685733796265
20 0 0.000523085614524299
21 0 0.0005288689878169
22 0 0.000560139105694746
23 0 0.000591923255105264
24 0 0.000630095700130062
25 0 0.000670215023996334
26 0 0.000711611890560793
27 0 0.000731855359459743
28 0 0.000768489865449196
29 0 0.000823048882698685
30 0 0.000895480565084816
31 0 0.000979172779323356
32 0 0.0010842761210057
33 0 0.00113801261581836
34 0 0.00113649372246638
35 0 0.00107086804469037
36 0 0.000958789905360247
37 0 0.000841971448670487
38 0 0.000795975443813046
39 0 0.000826076228366168
40 0 0.00093293887325796
41 0 0.00108511946241874
42 0 0.00125234004827579
43 0 0.00135818317979908
44 0 0.00139557901554110
45 0 0.00136511970508524
46 0 0.00129611641205185
47 0 0.00118975454434356
48 0 0.00113851891924821
49 0 0.00114096609228975
50 0 0.00120233574924988
51 0 0.00130465441740113
52 0 0.00153133176579012
53 0 0.00174625788082805
54 0 0.00193155509890497
55 0 0.00209514175381564
56 0 0.0022898702851869
57 0 0.00227559933596289
58 0 0.00233081558867432
59 0 0.00246455079635521
60 0 0.00263750945495966
61 0 0.00278991428750563
62 0 0.00322129708294727
63 0 0.00361744499684291
64 0 0.00389868846396324
65 0 0.00406046432841445
66 0 0.00419686607001968
67 0 0.00420027001984569
68 0 0.00432045035132667
69 0 0.00464115809147536
70 0 0.00519365182079046
71 0 0.00594865075410478
72 0 0.0069161073774302
73 0 0.00781515602016747
74 0 0.0085814998307896
75 0 0.00928615074201289
76 0 0.0100497967948018
77 0 0.0105110202994789
78 0 0.0112338318848784
79 0 0.0121175059628010
80 0 0.0132584249804285
81 0 0.0118889986291274
82 0 0.0133255258714648
83 0 0.0148331579444561
84 0 0.0163301409154718
85 0 0.0176220834457070
86 0 0.0185109346381567
87 0 0.0193124283209598
88 0 0.0202275538421935
89 0 0.0213097211341083
90 0 0.0228775691172968
91 0 0.0246508443703117
92 0 0.0262761593713852
93 0 0.0279429155874767
94 0 0.0296432230993792
95 0 0.0312793761900099
96 0 0.0328645048475249
97 0 0.0343316357701089
98 0 0.0356173103940056
99 0 0.037083234324466
100 0 0.0391464565084628
