*Period monthly mortality rates for SWE in 1800 
* Mon Dec 20 14:19:14 2010
death 1 M married
1 0 0.0273090673902693
2 0 0.00797008862565285
3 0 0.00485542062114785
4 0 0.00336724969510072
5 0 0.00286556784348191
6 0 0.00238024811439452
7 0 0.00165515123695537
8 0 0.00109330028059218
9 0 0.000735299718151783
10 0 0.000563409256980729
11 0 0.000529120447180231
12 0 0.000524342838274183
13 0 0.000510011518642495
14 0 0.000502134445989788
15 0 0.000493085035227492
16 0 0.000481942091648757
17 0 0.000474737607407683
18 0 0.000491074177445205
19 0 0.000531886546108806
20 0 0.000587393963473959
21 0 0.000653006868005068
22 0 0.00070598483949269
23 0 0.000754372067606868
24 0 0.000795386980399715
25 0 0.000827253556707874
26 0 0.000846176998717696
27 0 0.00081976937208006
28 0 0.000827421747716661
29 0 0.000845167648947931
30 0 0.00084441064398122
31 0 0.000864263083070527
32 0 0.00092115257131542
33 0 0.000987933767105154
34 0 0.00102610446920204
35 0 0.00103335281659567
36 0 0.00105299368851675
37 0 0.0010498744680435
38 0 0.00107162693955165
39 0 0.00110763957487980
40 0 0.00116358446809506
41 0 0.00124068117896681
42 0 0.00138094034916281
43 0 0.00152124707155576
44 0 0.00165201125921144
45 0 0.00175194977426052
46 0 0.00183949697719343
47 0 0.00187156208060479
48 0 0.00192236210584207
49 0 0.00200300277761212
50 0 0.00208550582405254
51 0 0.00215886697892920
52 0 0.00236083108941432
53 0 0.00254473242467190
54 0 0.00272359743372141
55 0 0.00290229977557999
56 0 0.00306385600582082
57 0 0.00312671336371217
58 0 0.00322785946964754
59 0 0.00338947861976635
60 0 0.0036411233174849
61 0 0.00394846165703489
62 0 0.00438681002782904
63 0 0.00481182450647288
64 0 0.00518279822166545
65 0 0.00550729169888342
66 0 0.00587055478958054
67 0 0.00625099657437533
68 0 0.00676656405066689
69 0 0.00740827249654086
70 0 0.00819176638013164
71 0 0.00913954243724902
72 0 0.0102350290750504
73 0 0.0113979798300896
74 0 0.012715166599094
75 0 0.0141308766329837
76 0 0.0157417932144686
77 0 0.0170498643309667
78 0 0.0185467635708522
79 0 0.0202945638551741
80 0 0.022437509755325
81 0 0.0196368781261955
82 0 0.0212749809718995
83 0 0.0233197113581901
84 0 0.0259184609824670
85 0 0.028844151847214
86 0 0.0315254673125663
87 0 0.0342101963871474
88 0 0.0375910970214737
89 0 0.0414898607448593
90 0 0.0475314966090504
91 0 0.0550709644144923
92 0 0.0631411304363111
93 0 0.0739639293274567
94 0 0.0877538067862538
95 0 0.107339951155258
96 0 0.147737129292026
97 0 1
98 0 1
99 0 1
100 0 1

death 1 M single
1 0 0.0273090673902693
2 0 0.00797008862565285
3 0 0.00485542062114785
4 0 0.00336724969510072
5 0 0.00286556784348191
6 0 0.00238024811439452
7 0 0.00165515123695537
8 0 0.00109330028059218
9 0 0.000735299718151783
10 0 0.000563409256980729
11 0 0.000529120447180231
12 0 0.000524342838274183
13 0 0.000510011518642495
14 0 0.000502134445989788
15 0 0.000493085035227492
16 0 0.000481942091648757
17 0 0.000474737607407683
18 0 0.000491074177445205
19 0 0.000531886546108806
20 0 0.000587393963473959
21 0 0.000653006868005068
22 0 0.00070598483949269
23 0 0.000754372067606868
24 0 0.000795386980399715
25 0 0.000827253556707874
26 0 0.000846176998717696
27 0 0.00081976937208006
28 0 0.000827421747716661
29 0 0.000845167648947931
30 0 0.00084441064398122
31 0 0.000864263083070527
32 0 0.00092115257131542
33 0 0.000987933767105154
34 0 0.00102610446920204
35 0 0.00103335281659567
36 0 0.00105299368851675
37 0 0.0010498744680435
38 0 0.00107162693955165
39 0 0.00110763957487980
40 0 0.00116358446809506
41 0 0.00124068117896681
42 0 0.00138094034916281
43 0 0.00152124707155576
44 0 0.00165201125921144
45 0 0.00175194977426052
46 0 0.00183949697719343
47 0 0.00187156208060479
48 0 0.00192236210584207
49 0 0.00200300277761212
50 0 0.00208550582405254
51 0 0.00215886697892920
52 0 0.00236083108941432
53 0 0.00254473242467190
54 0 0.00272359743372141
55 0 0.00290229977557999
56 0 0.00306385600582082
57 0 0.00312671336371217
58 0 0.00322785946964754
59 0 0.00338947861976635
60 0 0.0036411233174849
61 0 0.00394846165703489
62 0 0.00438681002782904
63 0 0.00481182450647288
64 0 0.00518279822166545
65 0 0.00550729169888342
66 0 0.00587055478958054
67 0 0.00625099657437533
68 0 0.00676656405066689
69 0 0.00740827249654086
70 0 0.00819176638013164
71 0 0.00913954243724902
72 0 0.0102350290750504
73 0 0.0113979798300896
74 0 0.012715166599094
75 0 0.0141308766329837
76 0 0.0157417932144686
77 0 0.0170498643309667
78 0 0.0185467635708522
79 0 0.0202945638551741
80 0 0.022437509755325
81 0 0.0196368781261955
82 0 0.0212749809718995
83 0 0.0233197113581901
84 0 0.0259184609824670
85 0 0.028844151847214
86 0 0.0315254673125663
87 0 0.0342101963871474
88 0 0.0375910970214737
89 0 0.0414898607448593
90 0 0.0475314966090504
91 0 0.0550709644144923
92 0 0.0631411304363111
93 0 0.0739639293274567
94 0 0.0877538067862538
95 0 0.107339951155258
96 0 0.147737129292026
97 0 1
98 0 1
99 0 1
100 0 1

death 1 M divorced
1 0 0.0273090673902693
2 0 0.00797008862565285
3 0 0.00485542062114785
4 0 0.00336724969510072
5 0 0.00286556784348191
6 0 0.00238024811439452
7 0 0.00165515123695537
8 0 0.00109330028059218
9 0 0.000735299718151783
10 0 0.000563409256980729
11 0 0.000529120447180231
12 0 0.000524342838274183
13 0 0.000510011518642495
14 0 0.000502134445989788
15 0 0.000493085035227492
16 0 0.000481942091648757
17 0 0.000474737607407683
18 0 0.000491074177445205
19 0 0.000531886546108806
20 0 0.000587393963473959
21 0 0.000653006868005068
22 0 0.00070598483949269
23 0 0.000754372067606868
24 0 0.000795386980399715
25 0 0.000827253556707874
26 0 0.000846176998717696
27 0 0.00081976937208006
28 0 0.000827421747716661
29 0 0.000845167648947931
30 0 0.00084441064398122
31 0 0.000864263083070527
32 0 0.00092115257131542
33 0 0.000987933767105154
34 0 0.00102610446920204
35 0 0.00103335281659567
36 0 0.00105299368851675
37 0 0.0010498744680435
38 0 0.00107162693955165
39 0 0.00110763957487980
40 0 0.00116358446809506
41 0 0.00124068117896681
42 0 0.00138094034916281
43 0 0.00152124707155576
44 0 0.00165201125921144
45 0 0.00175194977426052
46 0 0.00183949697719343
47 0 0.00187156208060479
48 0 0.00192236210584207
49 0 0.00200300277761212
50 0 0.00208550582405254
51 0 0.00215886697892920
52 0 0.00236083108941432
53 0 0.00254473242467190
54 0 0.00272359743372141
55 0 0.00290229977557999
56 0 0.00306385600582082
57 0 0.00312671336371217
58 0 0.00322785946964754
59 0 0.00338947861976635
60 0 0.0036411233174849
61 0 0.00394846165703489
62 0 0.00438681002782904
63 0 0.00481182450647288
64 0 0.00518279822166545
65 0 0.00550729169888342
66 0 0.00587055478958054
67 0 0.00625099657437533
68 0 0.00676656405066689
69 0 0.00740827249654086
70 0 0.00819176638013164
71 0 0.00913954243724902
72 0 0.0102350290750504
73 0 0.0113979798300896
74 0 0.012715166599094
75 0 0.0141308766329837
76 0 0.0157417932144686
77 0 0.0170498643309667
78 0 0.0185467635708522
79 0 0.0202945638551741
80 0 0.022437509755325
81 0 0.0196368781261955
82 0 0.0212749809718995
83 0 0.0233197113581901
84 0 0.0259184609824670
85 0 0.028844151847214
86 0 0.0315254673125663
87 0 0.0342101963871474
88 0 0.0375910970214737
89 0 0.0414898607448593
90 0 0.0475314966090504
91 0 0.0550709644144923
92 0 0.0631411304363111
93 0 0.0739639293274567
94 0 0.0877538067862538
95 0 0.107339951155258
96 0 0.147737129292026
97 0 1
98 0 1
99 0 1
100 0 1

death 1 M widowed
1 0 0.0273090673902693
2 0 0.00797008862565285
3 0 0.00485542062114785
4 0 0.00336724969510072
5 0 0.00286556784348191
6 0 0.00238024811439452
7 0 0.00165515123695537
8 0 0.00109330028059218
9 0 0.000735299718151783
10 0 0.000563409256980729
11 0 0.000529120447180231
12 0 0.000524342838274183
13 0 0.000510011518642495
14 0 0.000502134445989788
15 0 0.000493085035227492
16 0 0.000481942091648757
17 0 0.000474737607407683
18 0 0.000491074177445205
19 0 0.000531886546108806
20 0 0.000587393963473959
21 0 0.000653006868005068
22 0 0.00070598483949269
23 0 0.000754372067606868
24 0 0.000795386980399715
25 0 0.000827253556707874
26 0 0.000846176998717696
27 0 0.00081976937208006
28 0 0.000827421747716661
29 0 0.000845167648947931
30 0 0.00084441064398122
31 0 0.000864263083070527
32 0 0.00092115257131542
33 0 0.000987933767105154
34 0 0.00102610446920204
35 0 0.00103335281659567
36 0 0.00105299368851675
37 0 0.0010498744680435
38 0 0.00107162693955165
39 0 0.00110763957487980
40 0 0.00116358446809506
41 0 0.00124068117896681
42 0 0.00138094034916281
43 0 0.00152124707155576
44 0 0.00165201125921144
45 0 0.00175194977426052
46 0 0.00183949697719343
47 0 0.00187156208060479
48 0 0.00192236210584207
49 0 0.00200300277761212
50 0 0.00208550582405254
51 0 0.00215886697892920
52 0 0.00236083108941432
53 0 0.00254473242467190
54 0 0.00272359743372141
55 0 0.00290229977557999
56 0 0.00306385600582082
57 0 0.00312671336371217
58 0 0.00322785946964754
59 0 0.00338947861976635
60 0 0.0036411233174849
61 0 0.00394846165703489
62 0 0.00438681002782904
63 0 0.00481182450647288
64 0 0.00518279822166545
65 0 0.00550729169888342
66 0 0.00587055478958054
67 0 0.00625099657437533
68 0 0.00676656405066689
69 0 0.00740827249654086
70 0 0.00819176638013164
71 0 0.00913954243724902
72 0 0.0102350290750504
73 0 0.0113979798300896
74 0 0.012715166599094
75 0 0.0141308766329837
76 0 0.0157417932144686
77 0 0.0170498643309667
78 0 0.0185467635708522
79 0 0.0202945638551741
80 0 0.022437509755325
81 0 0.0196368781261955
82 0 0.0212749809718995
83 0 0.0233197113581901
84 0 0.0259184609824670
85 0 0.028844151847214
86 0 0.0315254673125663
87 0 0.0342101963871474
88 0 0.0375910970214737
89 0 0.0414898607448593
90 0 0.0475314966090504
91 0 0.0550709644144923
92 0 0.0631411304363111
93 0 0.0739639293274567
94 0 0.0877538067862538
95 0 0.107339951155258
96 0 0.147737129292026
97 0 1
98 0 1
99 0 1
100 0 1

death 1 F married
1 0 0.0243418066961282
2 0 0.00798437691945808
3 0 0.00486271799108295
4 0 0.00331710328359869
5 0 0.00280426641611553
6 0 0.00232884910772935
7 0 0.00162918603767359
8 0 0.00108849290639301
9 0 0.000734459618624062
10 0 0.000553096102656636
11 0 0.000499872008804747
12 0 0.000482779859448113
13 0 0.000470549216359473
14 0 0.000474486298500443
15 0 0.000489063364162656
16 0 0.000508335488546896
17 0 0.000508251687853623
18 0 0.000520655031266859
19 0 0.000544879955732602
20 0 0.000568859770691543
21 0 0.00059049734264649
22 0 0.000616167191503370
23 0 0.0006426835387352
24 0 0.000661484625316455
25 0 0.000669879223917702
26 0 0.000671726139710782
27 0 0.0006584627596955
28 0 0.00068658678318656
29 0 0.000733619526865348
30 0 0.000775549587248903
31 0 0.000840709821625318
32 0 0.000915680879568281
33 0 0.000985743440926945
34 0 0.00101186230896999
35 0 0.00098633313893226
36 0 0.000954242284951667
37 0 0.000920984206653985
38 0 0.000933612422425623
39 0 0.000981447185313344
40 0 0.00106892867552377
41 0 0.00118983897615010
42 0 0.00133534714622463
43 0 0.00144560522110415
44 0 0.00150506305555598
45 0 0.00149167741120693
46 0 0.00143366753076812
47 0 0.00138153261932283
48 0 0.00138280178267725
49 0 0.00144577456133732
50 0 0.00154506231031692
51 0 0.0016633835862514
52 0 0.00184094263978929
53 0 0.00198545498898806
54 0 0.00211441668441625
55 0 0.00222827345743448
56 0 0.00231593979154499
57 0 0.00236861450771009
58 0 0.00247790947864146
59 0 0.00264840540816169
60 0 0.00289653523252886
61 0 0.00321240408044732
62 0 0.00363192880220387
63 0 0.00404843874106431
64 0 0.00442346422036011
65 0 0.00474172804168538
66 0 0.00506763620738693
67 0 0.00536067904477733
68 0 0.00577112017352299
69 0 0.00628886104189097
70 0 0.00697036006244967
71 0 0.00782514950647162
72 0 0.00890743208230582
73 0 0.0100373187481837
74 0 0.0112525171603157
75 0 0.0125536709664693
76 0 0.0139558225073458
77 0 0.0149498240419847
78 0 0.0162989839837712
79 0 0.0179939409505503
80 0 0.0200269298435303
81 0 0.0172711455606688
82 0 0.0193326718742231
83 0 0.0217327582076016
84 0 0.0242427442962625
85 0 0.0264383740743287
86 0 0.0276785716675229
87 0 0.0281628569860604
88 0 0.0281879628234368
89 0 0.0282524718870441
90 0 0.0294969137606131
91 0 0.0419112451610715
92 0 0.0457158899754483
93 0 0.0500724177754709
94 0 0.0552671370995569
95 0 0.0613747117748829
96 0 0.0680918106448702
97 0 0.079292644035801
98 0 0.0954369720009896
99 0 0.123525571940726
100 0 1

death 1 F single
1 0 0.0243418066961282
2 0 0.00798437691945808
3 0 0.00486271799108295
4 0 0.00331710328359869
5 0 0.00280426641611553
6 0 0.00232884910772935
7 0 0.00162918603767359
8 0 0.00108849290639301
9 0 0.000734459618624062
10 0 0.000553096102656636
11 0 0.000499872008804747
12 0 0.000482779859448113
13 0 0.000470549216359473
14 0 0.000474486298500443
15 0 0.000489063364162656
16 0 0.000508335488546896
17 0 0.000508251687853623
18 0 0.000520655031266859
19 0 0.000544879955732602
20 0 0.000568859770691543
21 0 0.00059049734264649
22 0 0.000616167191503370
23 0 0.0006426835387352
24 0 0.000661484625316455
25 0 0.000669879223917702
26 0 0.000671726139710782
27 0 0.0006584627596955
28 0 0.00068658678318656
29 0 0.000733619526865348
30 0 0.000775549587248903
31 0 0.000840709821625318
32 0 0.000915680879568281
33 0 0.000985743440926945
34 0 0.00101186230896999
35 0 0.00098633313893226
36 0 0.000954242284951667
37 0 0.000920984206653985
38 0 0.000933612422425623
39 0 0.000981447185313344
40 0 0.00106892867552377
41 0 0.00118983897615010
42 0 0.00133534714622463
43 0 0.00144560522110415
44 0 0.00150506305555598
45 0 0.00149167741120693
46 0 0.00143366753076812
47 0 0.00138153261932283
48 0 0.00138280178267725
49 0 0.00144577456133732
50 0 0.00154506231031692
51 0 0.0016633835862514
52 0 0.00184094263978929
53 0 0.00198545498898806
54 0 0.00211441668441625
55 0 0.00222827345743448
56 0 0.00231593979154499
57 0 0.00236861450771009
58 0 0.00247790947864146
59 0 0.00264840540816169
60 0 0.00289653523252886
61 0 0.00321240408044732
62 0 0.00363192880220387
63 0 0.00404843874106431
64 0 0.00442346422036011
65 0 0.00474172804168538
66 0 0.00506763620738693
67 0 0.00536067904477733
68 0 0.00577112017352299
69 0 0.00628886104189097
70 0 0.00697036006244967
71 0 0.00782514950647162
72 0 0.00890743208230582
73 0 0.0100373187481837
74 0 0.0112525171603157
75 0 0.0125536709664693
76 0 0.0139558225073458
77 0 0.0149498240419847
78 0 0.0162989839837712
79 0 0.0179939409505503
80 0 0.0200269298435303
81 0 0.0172711455606688
82 0 0.0193326718742231
83 0 0.0217327582076016
84 0 0.0242427442962625
85 0 0.0264383740743287
86 0 0.0276785716675229
87 0 0.0281628569860604
88 0 0.0281879628234368
89 0 0.0282524718870441
90 0 0.0294969137606131
91 0 0.0419112451610715
92 0 0.0457158899754483
93 0 0.0500724177754709
94 0 0.0552671370995569
95 0 0.0613747117748829
96 0 0.0680918106448702
97 0 0.079292644035801
98 0 0.0954369720009896
99 0 0.123525571940726
100 0 1

death 1 F divorced
1 0 0.0243418066961282
2 0 0.00798437691945808
3 0 0.00486271799108295
4 0 0.00331710328359869
5 0 0.00280426641611553
6 0 0.00232884910772935
7 0 0.00162918603767359
8 0 0.00108849290639301
9 0 0.000734459618624062
10 0 0.000553096102656636
11 0 0.000499872008804747
12 0 0.000482779859448113
13 0 0.000470549216359473
14 0 0.000474486298500443
15 0 0.000489063364162656
16 0 0.000508335488546896
17 0 0.000508251687853623
18 0 0.000520655031266859
19 0 0.000544879955732602
20 0 0.000568859770691543
21 0 0.00059049734264649
22 0 0.000616167191503370
23 0 0.0006426835387352
24 0 0.000661484625316455
25 0 0.000669879223917702
26 0 0.000671726139710782
27 0 0.0006584627596955
28 0 0.00068658678318656
29 0 0.000733619526865348
30 0 0.000775549587248903
31 0 0.000840709821625318
32 0 0.000915680879568281
33 0 0.000985743440926945
34 0 0.00101186230896999
35 0 0.00098633313893226
36 0 0.000954242284951667
37 0 0.000920984206653985
38 0 0.000933612422425623
39 0 0.000981447185313344
40 0 0.00106892867552377
41 0 0.00118983897615010
42 0 0.00133534714622463
43 0 0.00144560522110415
44 0 0.00150506305555598
45 0 0.00149167741120693
46 0 0.00143366753076812
47 0 0.00138153261932283
48 0 0.00138280178267725
49 0 0.00144577456133732
50 0 0.00154506231031692
51 0 0.0016633835862514
52 0 0.00184094263978929
53 0 0.00198545498898806
54 0 0.00211441668441625
55 0 0.00222827345743448
56 0 0.00231593979154499
57 0 0.00236861450771009
58 0 0.00247790947864146
59 0 0.00264840540816169
60 0 0.00289653523252886
61 0 0.00321240408044732
62 0 0.00363192880220387
63 0 0.00404843874106431
64 0 0.00442346422036011
65 0 0.00474172804168538
66 0 0.00506763620738693
67 0 0.00536067904477733
68 0 0.00577112017352299
69 0 0.00628886104189097
70 0 0.00697036006244967
71 0 0.00782514950647162
72 0 0.00890743208230582
73 0 0.0100373187481837
74 0 0.0112525171603157
75 0 0.0125536709664693
76 0 0.0139558225073458
77 0 0.0149498240419847
78 0 0.0162989839837712
79 0 0.0179939409505503
80 0 0.0200269298435303
81 0 0.0172711455606688
82 0 0.0193326718742231
83 0 0.0217327582076016
84 0 0.0242427442962625
85 0 0.0264383740743287
86 0 0.0276785716675229
87 0 0.0281628569860604
88 0 0.0281879628234368
89 0 0.0282524718870441
90 0 0.0294969137606131
91 0 0.0419112451610715
92 0 0.0457158899754483
93 0 0.0500724177754709
94 0 0.0552671370995569
95 0 0.0613747117748829
96 0 0.0680918106448702
97 0 0.079292644035801
98 0 0.0954369720009896
99 0 0.123525571940726
100 0 1

death 1 F widowed
1 0 0.0243418066961282
2 0 0.00798437691945808
3 0 0.00486271799108295
4 0 0.00331710328359869
5 0 0.00280426641611553
6 0 0.00232884910772935
7 0 0.00162918603767359
8 0 0.00108849290639301
9 0 0.000734459618624062
10 0 0.000553096102656636
11 0 0.000499872008804747
12 0 0.000482779859448113
13 0 0.000470549216359473
14 0 0.000474486298500443
15 0 0.000489063364162656
16 0 0.000508335488546896
17 0 0.000508251687853623
18 0 0.000520655031266859
19 0 0.000544879955732602
20 0 0.000568859770691543
21 0 0.00059049734264649
22 0 0.000616167191503370
23 0 0.0006426835387352
24 0 0.000661484625316455
25 0 0.000669879223917702
26 0 0.000671726139710782
27 0 0.0006584627596955
28 0 0.00068658678318656
29 0 0.000733619526865348
30 0 0.000775549587248903
31 0 0.000840709821625318
32 0 0.000915680879568281
33 0 0.000985743440926945
34 0 0.00101186230896999
35 0 0.00098633313893226
36 0 0.000954242284951667
37 0 0.000920984206653985
38 0 0.000933612422425623
39 0 0.000981447185313344
40 0 0.00106892867552377
41 0 0.00118983897615010
42 0 0.00133534714622463
43 0 0.00144560522110415
44 0 0.00150506305555598
45 0 0.00149167741120693
46 0 0.00143366753076812
47 0 0.00138153261932283
48 0 0.00138280178267725
49 0 0.00144577456133732
50 0 0.00154506231031692
51 0 0.0016633835862514
52 0 0.00184094263978929
53 0 0.00198545498898806
54 0 0.00211441668441625
55 0 0.00222827345743448
56 0 0.00231593979154499
57 0 0.00236861450771009
58 0 0.00247790947864146
59 0 0.00264840540816169
60 0 0.00289653523252886
61 0 0.00321240408044732
62 0 0.00363192880220387
63 0 0.00404843874106431
64 0 0.00442346422036011
65 0 0.00474172804168538
66 0 0.00506763620738693
67 0 0.00536067904477733
68 0 0.00577112017352299
69 0 0.00628886104189097
70 0 0.00697036006244967
71 0 0.00782514950647162
72 0 0.00890743208230582
73 0 0.0100373187481837
74 0 0.0112525171603157
75 0 0.0125536709664693
76 0 0.0139558225073458
77 0 0.0149498240419847
78 0 0.0162989839837712
79 0 0.0179939409505503
80 0 0.0200269298435303
81 0 0.0172711455606688
82 0 0.0193326718742231
83 0 0.0217327582076016
84 0 0.0242427442962625
85 0 0.0264383740743287
86 0 0.0276785716675229
87 0 0.0281628569860604
88 0 0.0281879628234368
89 0 0.0282524718870441
90 0 0.0294969137606131
91 0 0.0419112451610715
92 0 0.0457158899754483
93 0 0.0500724177754709
94 0 0.0552671370995569
95 0 0.0613747117748829
96 0 0.0680918106448702
97 0 0.079292644035801
98 0 0.0954369720009896
99 0 0.123525571940726
100 0 1
