*Period monthly mortality rates for SWE in 1983 
* Mon Dec 20 14:21:33 2010
death 1 M married
1 0 0.000586387484885043
2 0 0.0000295047874577792
3 0 0.0000271707266650267
4 0 0.0000251701508250379
5 0 0.0000205023117383352
6 0 0.0000205023117383352
7 0 0.0000314220965127454
8 0 0.00000800035202164207
9 0 0.0000165848460638163
10 0 0.0000220026624491165
11 0 0.0000160847562136190
12 0 0.0000172516368102116
13 0 0.0000160847562136190
14 0 0.0000149178905948233
15 0 0.0000146678499107766
16 0 0.0000413427327564664
17 0 0.0000370908989392182
18 0 0.0000341730888351321
19 0 0.0000907953271331863
20 0 0.0000721119271748227
21 0 0.0000679420495892646
22 0 0.0000657737888362098
23 0 0.0000822872313233081
24 0 0.000102557829824601
25 0 0.0000811195156158462
26 0 0.0000904616613146558
27 0 0.000101473280061493
28 0 0.0000794513763400229
29 0 0.0000920465848611718
30 0 0.000080869292772956
31 0 0.000105728126406079
32 0 0.0000905450776544914
33 0 0.0000979694384912744
34 0 0.0000832881424404075
35 0 0.0000902114127544484
36 0 0.000132847022852989
37 0 0.000132763567684435
38 0 0.000117325679632074
39 0 0.000115406557866016
40 0 0.000125837055784173
41 0 0.000197965404484912
42 0 0.000176588074165984
43 0 0.000202391808186153
44 0 0.00021659116166739
45 0 0.00022193737544296
46 0 0.000226949736477855
47 0 0.000310195336153063
48 0 0.000297904290607831
49 0 0.000317135912518918
50 0 0.000391424908848359
51 0 0.000418545482144705
52 0 0.000449526409956769
53 0 0.000596620536782444
54 0 0.000580684316806468
55 0 0.000635718052509393
56 0 0.000668871831128626
57 0 0.000723707030781062
58 0 0.00076235507658684
59 0 0.000934201782044952
60 0 0.00109228818066387
61 0 0.00114586063623323
62 0 0.00126949313535929
63 0 0.00134693360096472
64 0 0.00164233741611852
65 0 0.00159076099311783
66 0 0.0019507101598627
67 0 0.00199005456652512
68 0 0.00230944308243108
69 0 0.0024671196208933
70 0 0.00274910478268720
71 0 0.00292071435397301
72 0 0.00345005200173465
73 0 0.00363565854023085
74 0 0.004178452047781
75 0 0.00485638770862917
76 0 0.00521880541100095
77 0 0.00559633085349254
78 0 0.0063897615797407
79 0 0.00693058956427428
80 0 0.00788022439234348
81 0 0.00846686418884868
82 0 0.00969698211647818
83 0 0.0108553956029129
84 0 0.0113776575851265
85 0 0.0132690419223732
86 0 0.0150980626306658
87 0 0.0153955746879483
88 0 0.0184113034966431
89 0 0.0191314734970478
90 0 0.0228285658555472
91 0 0.0228314666116822
92 0 0.0284917376673974
93 0 0.0284013077753099
94 0 0.0291125891907031
95 0 0.0356263764959827
96 0 0.0404349263187828
97 0 0.0398972721500813
98 0 0.0401566593139164
99 0 0.0486541844696722
100 0 0.0488958411562765

death 1 M single
1 0 0.000586387484885043
2 0 0.0000295047874577792
3 0 0.0000271707266650267
4 0 0.0000251701508250379
5 0 0.0000205023117383352
6 0 0.0000205023117383352
7 0 0.0000314220965127454
8 0 0.00000800035202164207
9 0 0.0000165848460638163
10 0 0.0000220026624491165
11 0 0.0000160847562136190
12 0 0.0000172516368102116
13 0 0.0000160847562136190
14 0 0.0000149178905948233
15 0 0.0000146678499107766
16 0 0.0000413427327564664
17 0 0.0000370908989392182
18 0 0.0000341730888351321
19 0 0.0000907953271331863
20 0 0.0000721119271748227
21 0 0.0000679420495892646
22 0 0.0000657737888362098
23 0 0.0000822872313233081
24 0 0.000102557829824601
25 0 0.0000811195156158462
26 0 0.0000904616613146558
27 0 0.000101473280061493
28 0 0.0000794513763400229
29 0 0.0000920465848611718
30 0 0.000080869292772956
31 0 0.000105728126406079
32 0 0.0000905450776544914
33 0 0.0000979694384912744
34 0 0.0000832881424404075
35 0 0.0000902114127544484
36 0 0.000132847022852989
37 0 0.000132763567684435
38 0 0.000117325679632074
39 0 0.000115406557866016
40 0 0.000125837055784173
41 0 0.000197965404484912
42 0 0.000176588074165984
43 0 0.000202391808186153
44 0 0.00021659116166739
45 0 0.00022193737544296
46 0 0.000226949736477855
47 0 0.000310195336153063
48 0 0.000297904290607831
49 0 0.000317135912518918
50 0 0.000391424908848359
51 0 0.000418545482144705
52 0 0.000449526409956769
53 0 0.000596620536782444
54 0 0.000580684316806468
55 0 0.000635718052509393
56 0 0.000668871831128626
57 0 0.000723707030781062
58 0 0.00076235507658684
59 0 0.000934201782044952
60 0 0.00109228818066387
61 0 0.00114586063623323
62 0 0.00126949313535929
63 0 0.00134693360096472
64 0 0.00164233741611852
65 0 0.00159076099311783
66 0 0.0019507101598627
67 0 0.00199005456652512
68 0 0.00230944308243108
69 0 0.0024671196208933
70 0 0.00274910478268720
71 0 0.00292071435397301
72 0 0.00345005200173465
73 0 0.00363565854023085
74 0 0.004178452047781
75 0 0.00485638770862917
76 0 0.00521880541100095
77 0 0.00559633085349254
78 0 0.0063897615797407
79 0 0.00693058956427428
80 0 0.00788022439234348
81 0 0.00846686418884868
82 0 0.00969698211647818
83 0 0.0108553956029129
84 0 0.0113776575851265
85 0 0.0132690419223732
86 0 0.0150980626306658
87 0 0.0153955746879483
88 0 0.0184113034966431
89 0 0.0191314734970478
90 0 0.0228285658555472
91 0 0.0228314666116822
92 0 0.0284917376673974
93 0 0.0284013077753099
94 0 0.0291125891907031
95 0 0.0356263764959827
96 0 0.0404349263187828
97 0 0.0398972721500813
98 0 0.0401566593139164
99 0 0.0486541844696722
100 0 0.0488958411562765

death 1 M divorced
1 0 0.000586387484885043
2 0 0.0000295047874577792
3 0 0.0000271707266650267
4 0 0.0000251701508250379
5 0 0.0000205023117383352
6 0 0.0000205023117383352
7 0 0.0000314220965127454
8 0 0.00000800035202164207
9 0 0.0000165848460638163
10 0 0.0000220026624491165
11 0 0.0000160847562136190
12 0 0.0000172516368102116
13 0 0.0000160847562136190
14 0 0.0000149178905948233
15 0 0.0000146678499107766
16 0 0.0000413427327564664
17 0 0.0000370908989392182
18 0 0.0000341730888351321
19 0 0.0000907953271331863
20 0 0.0000721119271748227
21 0 0.0000679420495892646
22 0 0.0000657737888362098
23 0 0.0000822872313233081
24 0 0.000102557829824601
25 0 0.0000811195156158462
26 0 0.0000904616613146558
27 0 0.000101473280061493
28 0 0.0000794513763400229
29 0 0.0000920465848611718
30 0 0.000080869292772956
31 0 0.000105728126406079
32 0 0.0000905450776544914
33 0 0.0000979694384912744
34 0 0.0000832881424404075
35 0 0.0000902114127544484
36 0 0.000132847022852989
37 0 0.000132763567684435
38 0 0.000117325679632074
39 0 0.000115406557866016
40 0 0.000125837055784173
41 0 0.000197965404484912
42 0 0.000176588074165984
43 0 0.000202391808186153
44 0 0.00021659116166739
45 0 0.00022193737544296
46 0 0.000226949736477855
47 0 0.000310195336153063
48 0 0.000297904290607831
49 0 0.000317135912518918
50 0 0.000391424908848359
51 0 0.000418545482144705
52 0 0.000449526409956769
53 0 0.000596620536782444
54 0 0.000580684316806468
55 0 0.000635718052509393
56 0 0.000668871831128626
57 0 0.000723707030781062
58 0 0.00076235507658684
59 0 0.000934201782044952
60 0 0.00109228818066387
61 0 0.00114586063623323
62 0 0.00126949313535929
63 0 0.00134693360096472
64 0 0.00164233741611852
65 0 0.00159076099311783
66 0 0.0019507101598627
67 0 0.00199005456652512
68 0 0.00230944308243108
69 0 0.0024671196208933
70 0 0.00274910478268720
71 0 0.00292071435397301
72 0 0.00345005200173465
73 0 0.00363565854023085
74 0 0.004178452047781
75 0 0.00485638770862917
76 0 0.00521880541100095
77 0 0.00559633085349254
78 0 0.0063897615797407
79 0 0.00693058956427428
80 0 0.00788022439234348
81 0 0.00846686418884868
82 0 0.00969698211647818
83 0 0.0108553956029129
84 0 0.0113776575851265
85 0 0.0132690419223732
86 0 0.0150980626306658
87 0 0.0153955746879483
88 0 0.0184113034966431
89 0 0.0191314734970478
90 0 0.0228285658555472
91 0 0.0228314666116822
92 0 0.0284917376673974
93 0 0.0284013077753099
94 0 0.0291125891907031
95 0 0.0356263764959827
96 0 0.0404349263187828
97 0 0.0398972721500813
98 0 0.0401566593139164
99 0 0.0486541844696722
100 0 0.0488958411562765

death 1 M widowed
1 0 0.000586387484885043
2 0 0.0000295047874577792
3 0 0.0000271707266650267
4 0 0.0000251701508250379
5 0 0.0000205023117383352
6 0 0.0000205023117383352
7 0 0.0000314220965127454
8 0 0.00000800035202164207
9 0 0.0000165848460638163
10 0 0.0000220026624491165
11 0 0.0000160847562136190
12 0 0.0000172516368102116
13 0 0.0000160847562136190
14 0 0.0000149178905948233
15 0 0.0000146678499107766
16 0 0.0000413427327564664
17 0 0.0000370908989392182
18 0 0.0000341730888351321
19 0 0.0000907953271331863
20 0 0.0000721119271748227
21 0 0.0000679420495892646
22 0 0.0000657737888362098
23 0 0.0000822872313233081
24 0 0.000102557829824601
25 0 0.0000811195156158462
26 0 0.0000904616613146558
27 0 0.000101473280061493
28 0 0.0000794513763400229
29 0 0.0000920465848611718
30 0 0.000080869292772956
31 0 0.000105728126406079
32 0 0.0000905450776544914
33 0 0.0000979694384912744
34 0 0.0000832881424404075
35 0 0.0000902114127544484
36 0 0.000132847022852989
37 0 0.000132763567684435
38 0 0.000117325679632074
39 0 0.000115406557866016
40 0 0.000125837055784173
41 0 0.000197965404484912
42 0 0.000176588074165984
43 0 0.000202391808186153
44 0 0.00021659116166739
45 0 0.00022193737544296
46 0 0.000226949736477855
47 0 0.000310195336153063
48 0 0.000297904290607831
49 0 0.000317135912518918
50 0 0.000391424908848359
51 0 0.000418545482144705
52 0 0.000449526409956769
53 0 0.000596620536782444
54 0 0.000580684316806468
55 0 0.000635718052509393
56 0 0.000668871831128626
57 0 0.000723707030781062
58 0 0.00076235507658684
59 0 0.000934201782044952
60 0 0.00109228818066387
61 0 0.00114586063623323
62 0 0.00126949313535929
63 0 0.00134693360096472
64 0 0.00164233741611852
65 0 0.00159076099311783
66 0 0.0019507101598627
67 0 0.00199005456652512
68 0 0.00230944308243108
69 0 0.0024671196208933
70 0 0.00274910478268720
71 0 0.00292071435397301
72 0 0.00345005200173465
73 0 0.00363565854023085
74 0 0.004178452047781
75 0 0.00485638770862917
76 0 0.00521880541100095
77 0 0.00559633085349254
78 0 0.0063897615797407
79 0 0.00693058956427428
80 0 0.00788022439234348
81 0 0.00846686418884868
82 0 0.00969698211647818
83 0 0.0108553956029129
84 0 0.0113776575851265
85 0 0.0132690419223732
86 0 0.0150980626306658
87 0 0.0153955746879483
88 0 0.0184113034966431
89 0 0.0191314734970478
90 0 0.0228285658555472
91 0 0.0228314666116822
92 0 0.0284917376673974
93 0 0.0284013077753099
94 0 0.0291125891907031
95 0 0.0356263764959827
96 0 0.0404349263187828
97 0 0.0398972721500813
98 0 0.0401566593139164
99 0 0.0486541844696722
100 0 0.0488958411562765

death 1 F married
1 0 0.00058437456115501
2 0 0.0000291713465325749
3 0 0.0000177517330796073
4 0 0.0000140844243226024
5 0 0.0000125842042888458
6 0 0.0000107506356461506
7 0 0.00000875042112202795
8 0 0.00000833371530217786
9 0 0.0000157513645084872
10 0 0.00000766698996346182
11 0 0.00000766698996346182
12 0 0.00000758364963993063
13 0 0.0000152512792432891
14 0 0.00000783367083967423
15 0 0.00000925047062716455
16 0 0.0000217526022776582
17 0 0.0000321723588899703
18 0 0.0000180017822459799
19 0 0.0000261704332417123
20 0 0.0000242532349451485
21 0 0.0000287545470960548
22 0 0.0000140010781156663
23 0 0.0000440940253185751
24 0 0.0000265872208304874
25 0 0.0000309219250346215
26 0 0.0000242532349451485
27 0 0.0000417595899134815
28 0 0.000037257633773935
29 0 0.0000435104108471585
30 0 0.0000490132104630225
31 0 0.0000480960540610864
32 0 0.0000378412081036839
33 0 0.0000398420628188179
34 0 0.0000679420495892646
35 0 0.0000545997265654075
36 0 0.000050764171107831
37 0 0.0000739467339118116
38 0 0.0000699435669585524
39 0 0.0000746139455438666
40 0 0.0000760317865224902
41 0 0.0000931310221575776
42 0 0.000123333627125022
43 0 0.000111985615205090
44 0 0.000103308679548664
45 0 0.000123166734332436
46 0 0.000144448036890177
47 0 0.000139440223310583
48 0 0.000199468687228865
49 0 0.000194791889228663
50 0 0.000238312111646821
51 0 0.000231962373952066
52 0 0.000278593148280049
53 0 0.000277840849153721
54 0 0.000336538889738391
55 0 0.000342477697813148
56 0 0.000339633713126619
57 0 0.000371173463517227
58 0 0.000362137084666481
59 0 0.000396781417665082
60 0 0.000510430530996975
61 0 0.000523253243352451
62 0 0.000607945339331728
63 0 0.000609371525655655
64 0 0.000712955715508001
65 0 0.000818508053369138
66 0 0.00092342552479241
67 0 0.000925698535152897
68 0 0.00105526994404792
69 0 0.00128326864990469
70 0 0.00137290277902513
71 0 0.00142435552896558
72 0 0.00172391852568987
73 0 0.00194091929013240
74 0 0.0020662370344644
75 0 0.00250034964311685
76 0 0.00267852623277687
77 0 0.00315518165262141
78 0 0.00357270726761649
79 0 0.00402474080968751
80 0 0.00454963658803686
81 0 0.00514751096729149
82 0 0.00596449165255397
83 0 0.00660328412594613
84 0 0.00758434228946003
85 0 0.00891782328526047
86 0 0.0103420352206495
87 0 0.0100854712018529
88 0 0.0125792417110417
89 0 0.014353253639655
90 0 0.015567229112328
91 0 0.0172743755850266
92 0 0.0201808228073673
93 0 0.0225117723045722
94 0 0.0250051025951838
95 0 0.0254654189934457
96 0 0.0289655442581126
97 0 0.0361956893326439
98 0 0.0343583186809121
99 0 0.0402631972672332
100 0 0.043453492874678

death 1 F single
1 0 0.00058437456115501
2 0 0.0000291713465325749
3 0 0.0000177517330796073
4 0 0.0000140844243226024
5 0 0.0000125842042888458
6 0 0.0000107506356461506
7 0 0.00000875042112202795
8 0 0.00000833371530217786
9 0 0.0000157513645084872
10 0 0.00000766698996346182
11 0 0.00000766698996346182
12 0 0.00000758364963993063
13 0 0.0000152512792432891
14 0 0.00000783367083967423
15 0 0.00000925047062716455
16 0 0.0000217526022776582
17 0 0.0000321723588899703
18 0 0.0000180017822459799
19 0 0.0000261704332417123
20 0 0.0000242532349451485
21 0 0.0000287545470960548
22 0 0.0000140010781156663
23 0 0.0000440940253185751
24 0 0.0000265872208304874
25 0 0.0000309219250346215
26 0 0.0000242532349451485
27 0 0.0000417595899134815
28 0 0.000037257633773935
29 0 0.0000435104108471585
30 0 0.0000490132104630225
31 0 0.0000480960540610864
32 0 0.0000378412081036839
33 0 0.0000398420628188179
34 0 0.0000679420495892646
35 0 0.0000545997265654075
36 0 0.000050764171107831
37 0 0.0000739467339118116
38 0 0.0000699435669585524
39 0 0.0000746139455438666
40 0 0.0000760317865224902
41 0 0.0000931310221575776
42 0 0.000123333627125022
43 0 0.000111985615205090
44 0 0.000103308679548664
45 0 0.000123166734332436
46 0 0.000144448036890177
47 0 0.000139440223310583
48 0 0.000199468687228865
49 0 0.000194791889228663
50 0 0.000238312111646821
51 0 0.000231962373952066
52 0 0.000278593148280049
53 0 0.000277840849153721
54 0 0.000336538889738391
55 0 0.000342477697813148
56 0 0.000339633713126619
57 0 0.000371173463517227
58 0 0.000362137084666481
59 0 0.000396781417665082
60 0 0.000510430530996975
61 0 0.000523253243352451
62 0 0.000607945339331728
63 0 0.000609371525655655
64 0 0.000712955715508001
65 0 0.000818508053369138
66 0 0.00092342552479241
67 0 0.000925698535152897
68 0 0.00105526994404792
69 0 0.00128326864990469
70 0 0.00137290277902513
71 0 0.00142435552896558
72 0 0.00172391852568987
73 0 0.00194091929013240
74 0 0.0020662370344644
75 0 0.00250034964311685
76 0 0.00267852623277687
77 0 0.00315518165262141
78 0 0.00357270726761649
79 0 0.00402474080968751
80 0 0.00454963658803686
81 0 0.00514751096729149
82 0 0.00596449165255397
83 0 0.00660328412594613
84 0 0.00758434228946003
85 0 0.00891782328526047
86 0 0.0103420352206495
87 0 0.0100854712018529
88 0 0.0125792417110417
89 0 0.014353253639655
90 0 0.015567229112328
91 0 0.0172743755850266
92 0 0.0201808228073673
93 0 0.0225117723045722
94 0 0.0250051025951838
95 0 0.0254654189934457
96 0 0.0289655442581126
97 0 0.0361956893326439
98 0 0.0343583186809121
99 0 0.0402631972672332
100 0 0.043453492874678

death 1 F divorced
1 0 0.00058437456115501
2 0 0.0000291713465325749
3 0 0.0000177517330796073
4 0 0.0000140844243226024
5 0 0.0000125842042888458
6 0 0.0000107506356461506
7 0 0.00000875042112202795
8 0 0.00000833371530217786
9 0 0.0000157513645084872
10 0 0.00000766698996346182
11 0 0.00000766698996346182
12 0 0.00000758364963993063
13 0 0.0000152512792432891
14 0 0.00000783367083967423
15 0 0.00000925047062716455
16 0 0.0000217526022776582
17 0 0.0000321723588899703
18 0 0.0000180017822459799
19 0 0.0000261704332417123
20 0 0.0000242532349451485
21 0 0.0000287545470960548
22 0 0.0000140010781156663
23 0 0.0000440940253185751
24 0 0.0000265872208304874
25 0 0.0000309219250346215
26 0 0.0000242532349451485
27 0 0.0000417595899134815
28 0 0.000037257633773935
29 0 0.0000435104108471585
30 0 0.0000490132104630225
31 0 0.0000480960540610864
32 0 0.0000378412081036839
33 0 0.0000398420628188179
34 0 0.0000679420495892646
35 0 0.0000545997265654075
36 0 0.000050764171107831
37 0 0.0000739467339118116
38 0 0.0000699435669585524
39 0 0.0000746139455438666
40 0 0.0000760317865224902
41 0 0.0000931310221575776
42 0 0.000123333627125022
43 0 0.000111985615205090
44 0 0.000103308679548664
45 0 0.000123166734332436
46 0 0.000144448036890177
47 0 0.000139440223310583
48 0 0.000199468687228865
49 0 0.000194791889228663
50 0 0.000238312111646821
51 0 0.000231962373952066
52 0 0.000278593148280049
53 0 0.000277840849153721
54 0 0.000336538889738391
55 0 0.000342477697813148
56 0 0.000339633713126619
57 0 0.000371173463517227
58 0 0.000362137084666481
59 0 0.000396781417665082
60 0 0.000510430530996975
61 0 0.000523253243352451
62 0 0.000607945339331728
63 0 0.000609371525655655
64 0 0.000712955715508001
65 0 0.000818508053369138
66 0 0.00092342552479241
67 0 0.000925698535152897
68 0 0.00105526994404792
69 0 0.00128326864990469
70 0 0.00137290277902513
71 0 0.00142435552896558
72 0 0.00172391852568987
73 0 0.00194091929013240
74 0 0.0020662370344644
75 0 0.00250034964311685
76 0 0.00267852623277687
77 0 0.00315518165262141
78 0 0.00357270726761649
79 0 0.00402474080968751
80 0 0.00454963658803686
81 0 0.00514751096729149
82 0 0.00596449165255397
83 0 0.00660328412594613
84 0 0.00758434228946003
85 0 0.00891782328526047
86 0 0.0103420352206495
87 0 0.0100854712018529
88 0 0.0125792417110417
89 0 0.014353253639655
90 0 0.015567229112328
91 0 0.0172743755850266
92 0 0.0201808228073673
93 0 0.0225117723045722
94 0 0.0250051025951838
95 0 0.0254654189934457
96 0 0.0289655442581126
97 0 0.0361956893326439
98 0 0.0343583186809121
99 0 0.0402631972672332
100 0 0.043453492874678

death 1 F widowed
1 0 0.00058437456115501
2 0 0.0000291713465325749
3 0 0.0000177517330796073
4 0 0.0000140844243226024
5 0 0.0000125842042888458
6 0 0.0000107506356461506
7 0 0.00000875042112202795
8 0 0.00000833371530217786
9 0 0.0000157513645084872
10 0 0.00000766698996346182
11 0 0.00000766698996346182
12 0 0.00000758364963993063
13 0 0.0000152512792432891
14 0 0.00000783367083967423
15 0 0.00000925047062716455
16 0 0.0000217526022776582
17 0 0.0000321723588899703
18 0 0.0000180017822459799
19 0 0.0000261704332417123
20 0 0.0000242532349451485
21 0 0.0000287545470960548
22 0 0.0000140010781156663
23 0 0.0000440940253185751
24 0 0.0000265872208304874
25 0 0.0000309219250346215
26 0 0.0000242532349451485
27 0 0.0000417595899134815
28 0 0.000037257633773935
29 0 0.0000435104108471585
30 0 0.0000490132104630225
31 0 0.0000480960540610864
32 0 0.0000378412081036839
33 0 0.0000398420628188179
34 0 0.0000679420495892646
35 0 0.0000545997265654075
36 0 0.000050764171107831
37 0 0.0000739467339118116
38 0 0.0000699435669585524
39 0 0.0000746139455438666
40 0 0.0000760317865224902
41 0 0.0000931310221575776
42 0 0.000123333627125022
43 0 0.000111985615205090
44 0 0.000103308679548664
45 0 0.000123166734332436
46 0 0.000144448036890177
47 0 0.000139440223310583
48 0 0.000199468687228865
49 0 0.000194791889228663
50 0 0.000238312111646821
51 0 0.000231962373952066
52 0 0.000278593148280049
53 0 0.000277840849153721
54 0 0.000336538889738391
55 0 0.000342477697813148
56 0 0.000339633713126619
57 0 0.000371173463517227
58 0 0.000362137084666481
59 0 0.000396781417665082
60 0 0.000510430530996975
61 0 0.000523253243352451
62 0 0.000607945339331728
63 0 0.000609371525655655
64 0 0.000712955715508001
65 0 0.000818508053369138
66 0 0.00092342552479241
67 0 0.000925698535152897
68 0 0.00105526994404792
69 0 0.00128326864990469
70 0 0.00137290277902513
71 0 0.00142435552896558
72 0 0.00172391852568987
73 0 0.00194091929013240
74 0 0.0020662370344644
75 0 0.00250034964311685
76 0 0.00267852623277687
77 0 0.00315518165262141
78 0 0.00357270726761649
79 0 0.00402474080968751
80 0 0.00454963658803686
81 0 0.00514751096729149
82 0 0.00596449165255397
83 0 0.00660328412594613
84 0 0.00758434228946003
85 0 0.00891782328526047
86 0 0.0103420352206495
87 0 0.0100854712018529
88 0 0.0125792417110417
89 0 0.014353253639655
90 0 0.015567229112328
91 0 0.0172743755850266
92 0 0.0201808228073673
93 0 0.0225117723045722
94 0 0.0250051025951838
95 0 0.0254654189934457
96 0 0.0289655442581126
97 0 0.0361956893326439
98 0 0.0343583186809121
99 0 0.0402631972672332
100 0 0.043453492874678
