*Period monthly mortality rates for SWE in 2103 
* Mon Dec 20 14:21:52 2010
death 1 M married
1 0 0.000115907194420450
2 0 0.0000116674153447516
3 0 0.00000416676215586609
4 0 0.00000250003437562984
5 0 0.00000250003437562984
6 0 0.00000166668194467867
7 0 0.00000166668194467867
8 0 0.00000166668194467867
9 0 0.00000166668194467867
10 0 0.00000166668194467867
11 0 0.00000166668194467867
12 0 0.00000250003437562984
13 0 0.00000166668194467867
14 0 0.00000250003437562984
15 0 0.00000333339444602565
16 0 0.00000416676215586609
17 0 0.00000666691112360951
18 0 0.00000833371530217786
19 0 0.0000100005500421885
20 0 0.0000141677706060328
21 0 0.0000158347123201397
22 0 0.0000175016846010179
23 0 0.0000175016846010179
24 0 0.0000175016846010179
25 0 0.0000166681946396352
26 0 0.0000166681946396352
27 0 0.0000166681946396352
28 0 0.0000158347123201397
29 0 0.0000158347123201397
30 0 0.0000150012376423092
31 0 0.0000158347123201397
32 0 0.0000150012376423092
33 0 0.0000150012376423092
34 0 0.0000166681946396352
35 0 0.0000166681946396352
36 0 0.0000183351822042876
37 0 0.0000191686874497776
38 0 0.0000200022003373768
39 0 0.0000225027848553827
40 0 0.0000241698794146705
41 0 0.0000250034381590325
42 0 0.0000275041602521009
43 0 0.0000308385633891461
44 0 0.0000350067393084519
45 0 0.0000375077365993848
46 0 0.0000416762183291786
47 0 0.0000450111413439203
48 0 0.0000491799671665794
49 0 0.000055850486162301
50 0 0.0000608536966506534
51 0 0.0000666911236122392
52 0 0.0000750309553007034
53 0 0.0000825374580692984
54 0 0.0000942154723914124
55 0 0.000101723559627565
56 0 0.000110900952950965
57 0 0.000123417073636167
58 0 0.000138438693701781
59 0 0.000145950434766062
60 0 0.000164315082316957
61 0 0.000176838560643211
62 0 0.000195209450695066
63 0 0.00021776061905987
64 0 0.000238646320656399
65 0 0.000265387024029895
66 0 0.000285447716062204
67 0 0.000313038399728627
68 0 0.000350675563450809
69 0 0.000384143910967083
70 0 0.000425996686536201
71 0 0.000474570068058955
72 0 0.000522331288624223
73 0 0.00058437456115501
74 0 0.000652335396287174
75 0 0.000730427249033605
76 0 0.000835495282401233
77 0 0.000925530162064314
78 0 0.00109237252189376
79 0 0.00125783206337748
80 0 0.00146931592794430
81 0 0.00172884460287703
82 0 0.00206069588368163
83 0 0.00248536036783964
84 0 0.00297658332264483
85 0 0.0036681050659253
86 0 0.00447168840285939
87 0 0.00547701179474558
88 0 0.00662444003574525
89 0 0.00813331009764773
90 0 0.00980892253268562
91 0 0.0118634336082282
92 0 0.0145653131010154
93 0 0.0178080217085330
94 0 0.0209076087417729
95 0 0.0248678023946614
96 0 0.0281670788324343
97 0 0.0335932481312663
98 0 0.0381793825410374
99 0 0.0423301184632704
100 0 0.04802297557373

death 1 M single
1 0 0.000115907194420450
2 0 0.0000116674153447516
3 0 0.00000416676215586609
4 0 0.00000250003437562984
5 0 0.00000250003437562984
6 0 0.00000166668194467867
7 0 0.00000166668194467867
8 0 0.00000166668194467867
9 0 0.00000166668194467867
10 0 0.00000166668194467867
11 0 0.00000166668194467867
12 0 0.00000250003437562984
13 0 0.00000166668194467867
14 0 0.00000250003437562984
15 0 0.00000333339444602565
16 0 0.00000416676215586609
17 0 0.00000666691112360951
18 0 0.00000833371530217786
19 0 0.0000100005500421885
20 0 0.0000141677706060328
21 0 0.0000158347123201397
22 0 0.0000175016846010179
23 0 0.0000175016846010179
24 0 0.0000175016846010179
25 0 0.0000166681946396352
26 0 0.0000166681946396352
27 0 0.0000166681946396352
28 0 0.0000158347123201397
29 0 0.0000158347123201397
30 0 0.0000150012376423092
31 0 0.0000158347123201397
32 0 0.0000150012376423092
33 0 0.0000150012376423092
34 0 0.0000166681946396352
35 0 0.0000166681946396352
36 0 0.0000183351822042876
37 0 0.0000191686874497776
38 0 0.0000200022003373768
39 0 0.0000225027848553827
40 0 0.0000241698794146705
41 0 0.0000250034381590325
42 0 0.0000275041602521009
43 0 0.0000308385633891461
44 0 0.0000350067393084519
45 0 0.0000375077365993848
46 0 0.0000416762183291786
47 0 0.0000450111413439203
48 0 0.0000491799671665794
49 0 0.000055850486162301
50 0 0.0000608536966506534
51 0 0.0000666911236122392
52 0 0.0000750309553007034
53 0 0.0000825374580692984
54 0 0.0000942154723914124
55 0 0.000101723559627565
56 0 0.000110900952950965
57 0 0.000123417073636167
58 0 0.000138438693701781
59 0 0.000145950434766062
60 0 0.000164315082316957
61 0 0.000176838560643211
62 0 0.000195209450695066
63 0 0.00021776061905987
64 0 0.000238646320656399
65 0 0.000265387024029895
66 0 0.000285447716062204
67 0 0.000313038399728627
68 0 0.000350675563450809
69 0 0.000384143910967083
70 0 0.000425996686536201
71 0 0.000474570068058955
72 0 0.000522331288624223
73 0 0.00058437456115501
74 0 0.000652335396287174
75 0 0.000730427249033605
76 0 0.000835495282401233
77 0 0.000925530162064314
78 0 0.00109237252189376
79 0 0.00125783206337748
80 0 0.00146931592794430
81 0 0.00172884460287703
82 0 0.00206069588368163
83 0 0.00248536036783964
84 0 0.00297658332264483
85 0 0.0036681050659253
86 0 0.00447168840285939
87 0 0.00547701179474558
88 0 0.00662444003574525
89 0 0.00813331009764773
90 0 0.00980892253268562
91 0 0.0118634336082282
92 0 0.0145653131010154
93 0 0.0178080217085330
94 0 0.0209076087417729
95 0 0.0248678023946614
96 0 0.0281670788324343
97 0 0.0335932481312663
98 0 0.0381793825410374
99 0 0.0423301184632704
100 0 0.04802297557373

death 1 M divorced
1 0 0.000115907194420450
2 0 0.0000116674153447516
3 0 0.00000416676215586609
4 0 0.00000250003437562984
5 0 0.00000250003437562984
6 0 0.00000166668194467867
7 0 0.00000166668194467867
8 0 0.00000166668194467867
9 0 0.00000166668194467867
10 0 0.00000166668194467867
11 0 0.00000166668194467867
12 0 0.00000250003437562984
13 0 0.00000166668194467867
14 0 0.00000250003437562984
15 0 0.00000333339444602565
16 0 0.00000416676215586609
17 0 0.00000666691112360951
18 0 0.00000833371530217786
19 0 0.0000100005500421885
20 0 0.0000141677706060328
21 0 0.0000158347123201397
22 0 0.0000175016846010179
23 0 0.0000175016846010179
24 0 0.0000175016846010179
25 0 0.0000166681946396352
26 0 0.0000166681946396352
27 0 0.0000166681946396352
28 0 0.0000158347123201397
29 0 0.0000158347123201397
30 0 0.0000150012376423092
31 0 0.0000158347123201397
32 0 0.0000150012376423092
33 0 0.0000150012376423092
34 0 0.0000166681946396352
35 0 0.0000166681946396352
36 0 0.0000183351822042876
37 0 0.0000191686874497776
38 0 0.0000200022003373768
39 0 0.0000225027848553827
40 0 0.0000241698794146705
41 0 0.0000250034381590325
42 0 0.0000275041602521009
43 0 0.0000308385633891461
44 0 0.0000350067393084519
45 0 0.0000375077365993848
46 0 0.0000416762183291786
47 0 0.0000450111413439203
48 0 0.0000491799671665794
49 0 0.000055850486162301
50 0 0.0000608536966506534
51 0 0.0000666911236122392
52 0 0.0000750309553007034
53 0 0.0000825374580692984
54 0 0.0000942154723914124
55 0 0.000101723559627565
56 0 0.000110900952950965
57 0 0.000123417073636167
58 0 0.000138438693701781
59 0 0.000145950434766062
60 0 0.000164315082316957
61 0 0.000176838560643211
62 0 0.000195209450695066
63 0 0.00021776061905987
64 0 0.000238646320656399
65 0 0.000265387024029895
66 0 0.000285447716062204
67 0 0.000313038399728627
68 0 0.000350675563450809
69 0 0.000384143910967083
70 0 0.000425996686536201
71 0 0.000474570068058955
72 0 0.000522331288624223
73 0 0.00058437456115501
74 0 0.000652335396287174
75 0 0.000730427249033605
76 0 0.000835495282401233
77 0 0.000925530162064314
78 0 0.00109237252189376
79 0 0.00125783206337748
80 0 0.00146931592794430
81 0 0.00172884460287703
82 0 0.00206069588368163
83 0 0.00248536036783964
84 0 0.00297658332264483
85 0 0.0036681050659253
86 0 0.00447168840285939
87 0 0.00547701179474558
88 0 0.00662444003574525
89 0 0.00813331009764773
90 0 0.00980892253268562
91 0 0.0118634336082282
92 0 0.0145653131010154
93 0 0.0178080217085330
94 0 0.0209076087417729
95 0 0.0248678023946614
96 0 0.0281670788324343
97 0 0.0335932481312663
98 0 0.0381793825410374
99 0 0.0423301184632704
100 0 0.04802297557373

death 1 M widowed
1 0 0.000115907194420450
2 0 0.0000116674153447516
3 0 0.00000416676215586609
4 0 0.00000250003437562984
5 0 0.00000250003437562984
6 0 0.00000166668194467867
7 0 0.00000166668194467867
8 0 0.00000166668194467867
9 0 0.00000166668194467867
10 0 0.00000166668194467867
11 0 0.00000166668194467867
12 0 0.00000250003437562984
13 0 0.00000166668194467867
14 0 0.00000250003437562984
15 0 0.00000333339444602565
16 0 0.00000416676215586609
17 0 0.00000666691112360951
18 0 0.00000833371530217786
19 0 0.0000100005500421885
20 0 0.0000141677706060328
21 0 0.0000158347123201397
22 0 0.0000175016846010179
23 0 0.0000175016846010179
24 0 0.0000175016846010179
25 0 0.0000166681946396352
26 0 0.0000166681946396352
27 0 0.0000166681946396352
28 0 0.0000158347123201397
29 0 0.0000158347123201397
30 0 0.0000150012376423092
31 0 0.0000158347123201397
32 0 0.0000150012376423092
33 0 0.0000150012376423092
34 0 0.0000166681946396352
35 0 0.0000166681946396352
36 0 0.0000183351822042876
37 0 0.0000191686874497776
38 0 0.0000200022003373768
39 0 0.0000225027848553827
40 0 0.0000241698794146705
41 0 0.0000250034381590325
42 0 0.0000275041602521009
43 0 0.0000308385633891461
44 0 0.0000350067393084519
45 0 0.0000375077365993848
46 0 0.0000416762183291786
47 0 0.0000450111413439203
48 0 0.0000491799671665794
49 0 0.000055850486162301
50 0 0.0000608536966506534
51 0 0.0000666911236122392
52 0 0.0000750309553007034
53 0 0.0000825374580692984
54 0 0.0000942154723914124
55 0 0.000101723559627565
56 0 0.000110900952950965
57 0 0.000123417073636167
58 0 0.000138438693701781
59 0 0.000145950434766062
60 0 0.000164315082316957
61 0 0.000176838560643211
62 0 0.000195209450695066
63 0 0.00021776061905987
64 0 0.000238646320656399
65 0 0.000265387024029895
66 0 0.000285447716062204
67 0 0.000313038399728627
68 0 0.000350675563450809
69 0 0.000384143910967083
70 0 0.000425996686536201
71 0 0.000474570068058955
72 0 0.000522331288624223
73 0 0.00058437456115501
74 0 0.000652335396287174
75 0 0.000730427249033605
76 0 0.000835495282401233
77 0 0.000925530162064314
78 0 0.00109237252189376
79 0 0.00125783206337748
80 0 0.00146931592794430
81 0 0.00172884460287703
82 0 0.00206069588368163
83 0 0.00248536036783964
84 0 0.00297658332264483
85 0 0.0036681050659253
86 0 0.00447168840285939
87 0 0.00547701179474558
88 0 0.00662444003574525
89 0 0.00813331009764773
90 0 0.00980892253268562
91 0 0.0118634336082282
92 0 0.0145653131010154
93 0 0.0178080217085330
94 0 0.0209076087417729
95 0 0.0248678023946614
96 0 0.0281670788324343
97 0 0.0335932481312663
98 0 0.0381793825410374
99 0 0.0423301184632704
100 0 0.04802297557373

death 1 F married
1 0 0.000114238416628387
2 0 0.000012500859457365
3 0 0.00000416676215586609
4 0 0.00000250003437562984
5 0 0.00000250003437562984
6 0 0.00000250003437562984
7 0 0.00000250003437562984
8 0 0.00000166668194467867
9 0 0.00000166668194467867
10 0 0.00000166668194467867
11 0 0.00000166668194467867
12 0 0.00000166668194467867
13 0 0.00000166668194467867
14 0 0.00000166668194467867
15 0 0.00000250003437562984
16 0 0.00000333339444602565
17 0 0.00000416676215586609
18 0 0.00000500013750526218
19 0 0.00000500013750526218
20 0 0.00000583352049443597
21 0 0.00000666691112360951
22 0 0.00000666691112360951
23 0 0.00000666691112360951
24 0 0.00000666691112360951
25 0 0.00000583352049443597
26 0 0.00000583352049443597
27 0 0.00000666691112360951
28 0 0.00000583352049443597
29 0 0.00000583352049443597
30 0 0.00000666691112360951
31 0 0.00000750030939278279
32 0 0.00000750030939278279
33 0 0.00000750030939278279
34 0 0.00000833371530217786
35 0 0.00000833371530217786
36 0 0.0000100005500421885
37 0 0.0000116674153447516
38 0 0.000012500859457365
39 0 0.0000133343112110884
40 0 0.0000133343112110884
41 0 0.0000141677706060328
42 0 0.0000158347123201397
43 0 0.0000183351822042876
44 0 0.0000200022003373768
45 0 0.0000233363283135279
46 0 0.0000266705785775256
47 0 0.0000316721832838152
48 0 0.0000366740631904117
49 0 0.0000458448912142861
50 0 0.0000541828105240505
51 0 0.0000650232490866376
52 0 0.0000750309553007034
53 0 0.0000817033715945215
54 0 0.0000892104254029968
55 0 0.0000992207949763735
56 0 0.000111735307382288
57 0 0.000126754996901401
58 0 0.000138438693701781
59 0 0.000153462796661064
60 0 0.000164315082316957
61 0 0.000186858585824345
62 0 0.000206066722202247
63 0 0.000218595954981304
64 0 0.000243659603279878
65 0 0.000262879748837208
66 0 0.000292971617312565
67 0 0.000315547059099419
68 0 0.000344819869678825
69 0 0.000378286060297106
70 0 0.000410090361018356
71 0 0.000460330352360039
72 0 0.000504732128525753
73 0 0.000557539838629828
74 0 0.000622124304335503
75 0 0.000697670879599266
76 0 0.00077916370478559
77 0 0.000876715131893802
78 0 0.000997116863376224
79 0 0.00112442786119471
80 0 0.00129417222603856
81 0 0.0014828676844445
82 0 0.00172035153326
83 0 0.0019482410583076
84 0 0.00226380826964467
85 0 0.00261992426117175
86 0 0.00323096813449453
87 0 0.00394097652717995
88 0 0.00479091285946276
89 0 0.00583357615067381
90 0 0.00705670974162798
91 0 0.00841179571712192
92 0 0.0102661093690504
93 0 0.0120479690688129
94 0 0.0142759104151610
95 0 0.0165416356803029
96 0 0.0194218601980969
97 0 0.0224945387198211
98 0 0.0263554967554771
99 0 0.0303563221544078
100 0 0.0334332048064211

death 1 F single
1 0 0.000114238416628387
2 0 0.000012500859457365
3 0 0.00000416676215586609
4 0 0.00000250003437562984
5 0 0.00000250003437562984
6 0 0.00000250003437562984
7 0 0.00000250003437562984
8 0 0.00000166668194467867
9 0 0.00000166668194467867
10 0 0.00000166668194467867
11 0 0.00000166668194467867
12 0 0.00000166668194467867
13 0 0.00000166668194467867
14 0 0.00000166668194467867
15 0 0.00000250003437562984
16 0 0.00000333339444602565
17 0 0.00000416676215586609
18 0 0.00000500013750526218
19 0 0.00000500013750526218
20 0 0.00000583352049443597
21 0 0.00000666691112360951
22 0 0.00000666691112360951
23 0 0.00000666691112360951
24 0 0.00000666691112360951
25 0 0.00000583352049443597
26 0 0.00000583352049443597
27 0 0.00000666691112360951
28 0 0.00000583352049443597
29 0 0.00000583352049443597
30 0 0.00000666691112360951
31 0 0.00000750030939278279
32 0 0.00000750030939278279
33 0 0.00000750030939278279
34 0 0.00000833371530217786
35 0 0.00000833371530217786
36 0 0.0000100005500421885
37 0 0.0000116674153447516
38 0 0.000012500859457365
39 0 0.0000133343112110884
40 0 0.0000133343112110884
41 0 0.0000141677706060328
42 0 0.0000158347123201397
43 0 0.0000183351822042876
44 0 0.0000200022003373768
45 0 0.0000233363283135279
46 0 0.0000266705785775256
47 0 0.0000316721832838152
48 0 0.0000366740631904117
49 0 0.0000458448912142861
50 0 0.0000541828105240505
51 0 0.0000650232490866376
52 0 0.0000750309553007034
53 0 0.0000817033715945215
54 0 0.0000892104254029968
55 0 0.0000992207949763735
56 0 0.000111735307382288
57 0 0.000126754996901401
58 0 0.000138438693701781
59 0 0.000153462796661064
60 0 0.000164315082316957
61 0 0.000186858585824345
62 0 0.000206066722202247
63 0 0.000218595954981304
64 0 0.000243659603279878
65 0 0.000262879748837208
66 0 0.000292971617312565
67 0 0.000315547059099419
68 0 0.000344819869678825
69 0 0.000378286060297106
70 0 0.000410090361018356
71 0 0.000460330352360039
72 0 0.000504732128525753
73 0 0.000557539838629828
74 0 0.000622124304335503
75 0 0.000697670879599266
76 0 0.00077916370478559
77 0 0.000876715131893802
78 0 0.000997116863376224
79 0 0.00112442786119471
80 0 0.00129417222603856
81 0 0.0014828676844445
82 0 0.00172035153326
83 0 0.0019482410583076
84 0 0.00226380826964467
85 0 0.00261992426117175
86 0 0.00323096813449453
87 0 0.00394097652717995
88 0 0.00479091285946276
89 0 0.00583357615067381
90 0 0.00705670974162798
91 0 0.00841179571712192
92 0 0.0102661093690504
93 0 0.0120479690688129
94 0 0.0142759104151610
95 0 0.0165416356803029
96 0 0.0194218601980969
97 0 0.0224945387198211
98 0 0.0263554967554771
99 0 0.0303563221544078
100 0 0.0334332048064211

death 1 F divorced
1 0 0.000114238416628387
2 0 0.000012500859457365
3 0 0.00000416676215586609
4 0 0.00000250003437562984
5 0 0.00000250003437562984
6 0 0.00000250003437562984
7 0 0.00000250003437562984
8 0 0.00000166668194467867
9 0 0.00000166668194467867
10 0 0.00000166668194467867
11 0 0.00000166668194467867
12 0 0.00000166668194467867
13 0 0.00000166668194467867
14 0 0.00000166668194467867
15 0 0.00000250003437562984
16 0 0.00000333339444602565
17 0 0.00000416676215586609
18 0 0.00000500013750526218
19 0 0.00000500013750526218
20 0 0.00000583352049443597
21 0 0.00000666691112360951
22 0 0.00000666691112360951
23 0 0.00000666691112360951
24 0 0.00000666691112360951
25 0 0.00000583352049443597
26 0 0.00000583352049443597
27 0 0.00000666691112360951
28 0 0.00000583352049443597
29 0 0.00000583352049443597
30 0 0.00000666691112360951
31 0 0.00000750030939278279
32 0 0.00000750030939278279
33 0 0.00000750030939278279
34 0 0.00000833371530217786
35 0 0.00000833371530217786
36 0 0.0000100005500421885
37 0 0.0000116674153447516
38 0 0.000012500859457365
39 0 0.0000133343112110884
40 0 0.0000133343112110884
41 0 0.0000141677706060328
42 0 0.0000158347123201397
43 0 0.0000183351822042876
44 0 0.0000200022003373768
45 0 0.0000233363283135279
46 0 0.0000266705785775256
47 0 0.0000316721832838152
48 0 0.0000366740631904117
49 0 0.0000458448912142861
50 0 0.0000541828105240505
51 0 0.0000650232490866376
52 0 0.0000750309553007034
53 0 0.0000817033715945215
54 0 0.0000892104254029968
55 0 0.0000992207949763735
56 0 0.000111735307382288
57 0 0.000126754996901401
58 0 0.000138438693701781
59 0 0.000153462796661064
60 0 0.000164315082316957
61 0 0.000186858585824345
62 0 0.000206066722202247
63 0 0.000218595954981304
64 0 0.000243659603279878
65 0 0.000262879748837208
66 0 0.000292971617312565
67 0 0.000315547059099419
68 0 0.000344819869678825
69 0 0.000378286060297106
70 0 0.000410090361018356
71 0 0.000460330352360039
72 0 0.000504732128525753
73 0 0.000557539838629828
74 0 0.000622124304335503
75 0 0.000697670879599266
76 0 0.00077916370478559
77 0 0.000876715131893802
78 0 0.000997116863376224
79 0 0.00112442786119471
80 0 0.00129417222603856
81 0 0.0014828676844445
82 0 0.00172035153326
83 0 0.0019482410583076
84 0 0.00226380826964467
85 0 0.00261992426117175
86 0 0.00323096813449453
87 0 0.00394097652717995
88 0 0.00479091285946276
89 0 0.00583357615067381
90 0 0.00705670974162798
91 0 0.00841179571712192
92 0 0.0102661093690504
93 0 0.0120479690688129
94 0 0.0142759104151610
95 0 0.0165416356803029
96 0 0.0194218601980969
97 0 0.0224945387198211
98 0 0.0263554967554771
99 0 0.0303563221544078
100 0 0.0334332048064211

death 1 F widowed
1 0 0.000114238416628387
2 0 0.000012500859457365
3 0 0.00000416676215586609
4 0 0.00000250003437562984
5 0 0.00000250003437562984
6 0 0.00000250003437562984
7 0 0.00000250003437562984
8 0 0.00000166668194467867
9 0 0.00000166668194467867
10 0 0.00000166668194467867
11 0 0.00000166668194467867
12 0 0.00000166668194467867
13 0 0.00000166668194467867
14 0 0.00000166668194467867
15 0 0.00000250003437562984
16 0 0.00000333339444602565
17 0 0.00000416676215586609
18 0 0.00000500013750526218
19 0 0.00000500013750526218
20 0 0.00000583352049443597
21 0 0.00000666691112360951
22 0 0.00000666691112360951
23 0 0.00000666691112360951
24 0 0.00000666691112360951
25 0 0.00000583352049443597
26 0 0.00000583352049443597
27 0 0.00000666691112360951
28 0 0.00000583352049443597
29 0 0.00000583352049443597
30 0 0.00000666691112360951
31 0 0.00000750030939278279
32 0 0.00000750030939278279
33 0 0.00000750030939278279
34 0 0.00000833371530217786
35 0 0.00000833371530217786
36 0 0.0000100005500421885
37 0 0.0000116674153447516
38 0 0.000012500859457365
39 0 0.0000133343112110884
40 0 0.0000133343112110884
41 0 0.0000141677706060328
42 0 0.0000158347123201397
43 0 0.0000183351822042876
44 0 0.0000200022003373768
45 0 0.0000233363283135279
46 0 0.0000266705785775256
47 0 0.0000316721832838152
48 0 0.0000366740631904117
49 0 0.0000458448912142861
50 0 0.0000541828105240505
51 0 0.0000650232490866376
52 0 0.0000750309553007034
53 0 0.0000817033715945215
54 0 0.0000892104254029968
55 0 0.0000992207949763735
56 0 0.000111735307382288
57 0 0.000126754996901401
58 0 0.000138438693701781
59 0 0.000153462796661064
60 0 0.000164315082316957
61 0 0.000186858585824345
62 0 0.000206066722202247
63 0 0.000218595954981304
64 0 0.000243659603279878
65 0 0.000262879748837208
66 0 0.000292971617312565
67 0 0.000315547059099419
68 0 0.000344819869678825
69 0 0.000378286060297106
70 0 0.000410090361018356
71 0 0.000460330352360039
72 0 0.000504732128525753
73 0 0.000557539838629828
74 0 0.000622124304335503
75 0 0.000697670879599266
76 0 0.00077916370478559
77 0 0.000876715131893802
78 0 0.000997116863376224
79 0 0.00112442786119471
80 0 0.00129417222603856
81 0 0.0014828676844445
82 0 0.00172035153326
83 0 0.0019482410583076
84 0 0.00226380826964467
85 0 0.00261992426117175
86 0 0.00323096813449453
87 0 0.00394097652717995
88 0 0.00479091285946276
89 0 0.00583357615067381
90 0 0.00705670974162798
91 0 0.00841179571712192
92 0 0.0102661093690504
93 0 0.0120479690688129
94 0 0.0142759104151610
95 0 0.0165416356803029
96 0 0.0194218601980969
97 0 0.0224945387198211
98 0 0.0263554967554771
99 0 0.0303563221544078
100 0 0.0334332048064211
