*Period monthly mortality rates for SWE in 2106 
* Mon Dec 20 14:21:52 2010
death 1 M married
1 0 0.000112569669472262
2 0 0.0000116674153447516
3 0 0.00000333339444602565
4 0 0.00000250003437562984
5 0 0.00000250003437562984
6 0 0.00000166668194467867
7 0 0.00000166668194467867
8 0 0.00000166668194467867
9 0 0.00000166668194467867
10 0 0.00000166668194467867
11 0 0.00000166668194467867
12 0 0.00000250003437562984
13 0 0.00000166668194467867
14 0 0.00000250003437562984
15 0 0.00000333339444602565
16 0 0.00000416676215586609
17 0 0.00000583352049443597
18 0 0.00000750030939278279
19 0 0.0000100005500421885
20 0 0.0000133343112110884
21 0 0.0000158347123201397
22 0 0.0000166681946396352
23 0 0.0000175016846010179
24 0 0.0000166681946396352
25 0 0.0000166681946396352
26 0 0.0000166681946396352
27 0 0.0000158347123201397
28 0 0.0000150012376423092
29 0 0.0000150012376423092
30 0 0.0000150012376423092
31 0 0.0000150012376423092
32 0 0.0000141677706060328
33 0 0.0000150012376423092
34 0 0.0000158347123201397
35 0 0.0000158347123201397
36 0 0.0000175016846010179
37 0 0.0000191686874497776
38 0 0.0000191686874497776
39 0 0.0000216692490401238
40 0 0.0000233363283135279
41 0 0.0000250034381590325
42 0 0.0000266705785775256
43 0 0.0000300049511388067
44 0 0.0000333394460065861
45 0 0.0000358403974268784
46 0 0.0000400088026996093
47 0 0.0000441773991204375
48 0 0.0000483461867075707
49 0 0.0000541828105240505
50 0 0.0000583520569852336
51 0 0.000064189323299324
52 0 0.0000733629277510639
53 0 0.0000800352216044908
54 0 0.0000917129144495377
55 0 0.0000983865554056162
56 0 0.000107563611807859
57 0 0.000120079272940554
58 0 0.000134265772442244
59 0 0.000141777168646939
60 0 0.000159306174086660
61 0 0.000170994056027163
62 0 0.000189363764725003
63 0 0.000211078208056104
64 0 0.000231962373952066
65 0 0.000257029709030077
66 0 0.000276252682558709
67 0 0.000303840574450209
68 0 0.000339801003879758
69 0 0.00037242858720421
70 0 0.000412601701002879
71 0 0.000460330352360039
72 0 0.000505570106476561
73 0 0.000566763380568935
74 0 0.000632193552116744
75 0 0.000707748504564121
76 0 0.000809427075640912
77 0 0.000896911272859957
78 0 0.00106032849395321
79 0 0.00122066183082636
80 0 0.00142782625433702
81 0 0.00168129364696701
82 0 0.00200700687484368
83 0 0.00242371625963012
84 0 0.00290858096370261
85 0 0.00358917789252422
86 0 0.00438418619200875
87 0 0.00537968899589059
88 0 0.0065187100111308
89 0 0.00801760367922932
90 0 0.00968640788113195
91 0 0.0117342942002724
92 0 0.0144302725538800
93 0 0.0176710410792803
94 0 0.0207783832636117
95 0 0.0247458628541521
96 0 0.0280553249906982
97 0 0.0334840960680646
98 0 0.0380733110918750
99 0 0.0422269188804848
100 0 0.047924227434123

death 1 M single
1 0 0.000112569669472262
2 0 0.0000116674153447516
3 0 0.00000333339444602565
4 0 0.00000250003437562984
5 0 0.00000250003437562984
6 0 0.00000166668194467867
7 0 0.00000166668194467867
8 0 0.00000166668194467867
9 0 0.00000166668194467867
10 0 0.00000166668194467867
11 0 0.00000166668194467867
12 0 0.00000250003437562984
13 0 0.00000166668194467867
14 0 0.00000250003437562984
15 0 0.00000333339444602565
16 0 0.00000416676215586609
17 0 0.00000583352049443597
18 0 0.00000750030939278279
19 0 0.0000100005500421885
20 0 0.0000133343112110884
21 0 0.0000158347123201397
22 0 0.0000166681946396352
23 0 0.0000175016846010179
24 0 0.0000166681946396352
25 0 0.0000166681946396352
26 0 0.0000166681946396352
27 0 0.0000158347123201397
28 0 0.0000150012376423092
29 0 0.0000150012376423092
30 0 0.0000150012376423092
31 0 0.0000150012376423092
32 0 0.0000141677706060328
33 0 0.0000150012376423092
34 0 0.0000158347123201397
35 0 0.0000158347123201397
36 0 0.0000175016846010179
37 0 0.0000191686874497776
38 0 0.0000191686874497776
39 0 0.0000216692490401238
40 0 0.0000233363283135279
41 0 0.0000250034381590325
42 0 0.0000266705785775256
43 0 0.0000300049511388067
44 0 0.0000333394460065861
45 0 0.0000358403974268784
46 0 0.0000400088026996093
47 0 0.0000441773991204375
48 0 0.0000483461867075707
49 0 0.0000541828105240505
50 0 0.0000583520569852336
51 0 0.000064189323299324
52 0 0.0000733629277510639
53 0 0.0000800352216044908
54 0 0.0000917129144495377
55 0 0.0000983865554056162
56 0 0.000107563611807859
57 0 0.000120079272940554
58 0 0.000134265772442244
59 0 0.000141777168646939
60 0 0.000159306174086660
61 0 0.000170994056027163
62 0 0.000189363764725003
63 0 0.000211078208056104
64 0 0.000231962373952066
65 0 0.000257029709030077
66 0 0.000276252682558709
67 0 0.000303840574450209
68 0 0.000339801003879758
69 0 0.00037242858720421
70 0 0.000412601701002879
71 0 0.000460330352360039
72 0 0.000505570106476561
73 0 0.000566763380568935
74 0 0.000632193552116744
75 0 0.000707748504564121
76 0 0.000809427075640912
77 0 0.000896911272859957
78 0 0.00106032849395321
79 0 0.00122066183082636
80 0 0.00142782625433702
81 0 0.00168129364696701
82 0 0.00200700687484368
83 0 0.00242371625963012
84 0 0.00290858096370261
85 0 0.00358917789252422
86 0 0.00438418619200875
87 0 0.00537968899589059
88 0 0.0065187100111308
89 0 0.00801760367922932
90 0 0.00968640788113195
91 0 0.0117342942002724
92 0 0.0144302725538800
93 0 0.0176710410792803
94 0 0.0207783832636117
95 0 0.0247458628541521
96 0 0.0280553249906982
97 0 0.0334840960680646
98 0 0.0380733110918750
99 0 0.0422269188804848
100 0 0.047924227434123

death 1 M divorced
1 0 0.000112569669472262
2 0 0.0000116674153447516
3 0 0.00000333339444602565
4 0 0.00000250003437562984
5 0 0.00000250003437562984
6 0 0.00000166668194467867
7 0 0.00000166668194467867
8 0 0.00000166668194467867
9 0 0.00000166668194467867
10 0 0.00000166668194467867
11 0 0.00000166668194467867
12 0 0.00000250003437562984
13 0 0.00000166668194467867
14 0 0.00000250003437562984
15 0 0.00000333339444602565
16 0 0.00000416676215586609
17 0 0.00000583352049443597
18 0 0.00000750030939278279
19 0 0.0000100005500421885
20 0 0.0000133343112110884
21 0 0.0000158347123201397
22 0 0.0000166681946396352
23 0 0.0000175016846010179
24 0 0.0000166681946396352
25 0 0.0000166681946396352
26 0 0.0000166681946396352
27 0 0.0000158347123201397
28 0 0.0000150012376423092
29 0 0.0000150012376423092
30 0 0.0000150012376423092
31 0 0.0000150012376423092
32 0 0.0000141677706060328
33 0 0.0000150012376423092
34 0 0.0000158347123201397
35 0 0.0000158347123201397
36 0 0.0000175016846010179
37 0 0.0000191686874497776
38 0 0.0000191686874497776
39 0 0.0000216692490401238
40 0 0.0000233363283135279
41 0 0.0000250034381590325
42 0 0.0000266705785775256
43 0 0.0000300049511388067
44 0 0.0000333394460065861
45 0 0.0000358403974268784
46 0 0.0000400088026996093
47 0 0.0000441773991204375
48 0 0.0000483461867075707
49 0 0.0000541828105240505
50 0 0.0000583520569852336
51 0 0.000064189323299324
52 0 0.0000733629277510639
53 0 0.0000800352216044908
54 0 0.0000917129144495377
55 0 0.0000983865554056162
56 0 0.000107563611807859
57 0 0.000120079272940554
58 0 0.000134265772442244
59 0 0.000141777168646939
60 0 0.000159306174086660
61 0 0.000170994056027163
62 0 0.000189363764725003
63 0 0.000211078208056104
64 0 0.000231962373952066
65 0 0.000257029709030077
66 0 0.000276252682558709
67 0 0.000303840574450209
68 0 0.000339801003879758
69 0 0.00037242858720421
70 0 0.000412601701002879
71 0 0.000460330352360039
72 0 0.000505570106476561
73 0 0.000566763380568935
74 0 0.000632193552116744
75 0 0.000707748504564121
76 0 0.000809427075640912
77 0 0.000896911272859957
78 0 0.00106032849395321
79 0 0.00122066183082636
80 0 0.00142782625433702
81 0 0.00168129364696701
82 0 0.00200700687484368
83 0 0.00242371625963012
84 0 0.00290858096370261
85 0 0.00358917789252422
86 0 0.00438418619200875
87 0 0.00537968899589059
88 0 0.0065187100111308
89 0 0.00801760367922932
90 0 0.00968640788113195
91 0 0.0117342942002724
92 0 0.0144302725538800
93 0 0.0176710410792803
94 0 0.0207783832636117
95 0 0.0247458628541521
96 0 0.0280553249906982
97 0 0.0334840960680646
98 0 0.0380733110918750
99 0 0.0422269188804848
100 0 0.047924227434123

death 1 M widowed
1 0 0.000112569669472262
2 0 0.0000116674153447516
3 0 0.00000333339444602565
4 0 0.00000250003437562984
5 0 0.00000250003437562984
6 0 0.00000166668194467867
7 0 0.00000166668194467867
8 0 0.00000166668194467867
9 0 0.00000166668194467867
10 0 0.00000166668194467867
11 0 0.00000166668194467867
12 0 0.00000250003437562984
13 0 0.00000166668194467867
14 0 0.00000250003437562984
15 0 0.00000333339444602565
16 0 0.00000416676215586609
17 0 0.00000583352049443597
18 0 0.00000750030939278279
19 0 0.0000100005500421885
20 0 0.0000133343112110884
21 0 0.0000158347123201397
22 0 0.0000166681946396352
23 0 0.0000175016846010179
24 0 0.0000166681946396352
25 0 0.0000166681946396352
26 0 0.0000166681946396352
27 0 0.0000158347123201397
28 0 0.0000150012376423092
29 0 0.0000150012376423092
30 0 0.0000150012376423092
31 0 0.0000150012376423092
32 0 0.0000141677706060328
33 0 0.0000150012376423092
34 0 0.0000158347123201397
35 0 0.0000158347123201397
36 0 0.0000175016846010179
37 0 0.0000191686874497776
38 0 0.0000191686874497776
39 0 0.0000216692490401238
40 0 0.0000233363283135279
41 0 0.0000250034381590325
42 0 0.0000266705785775256
43 0 0.0000300049511388067
44 0 0.0000333394460065861
45 0 0.0000358403974268784
46 0 0.0000400088026996093
47 0 0.0000441773991204375
48 0 0.0000483461867075707
49 0 0.0000541828105240505
50 0 0.0000583520569852336
51 0 0.000064189323299324
52 0 0.0000733629277510639
53 0 0.0000800352216044908
54 0 0.0000917129144495377
55 0 0.0000983865554056162
56 0 0.000107563611807859
57 0 0.000120079272940554
58 0 0.000134265772442244
59 0 0.000141777168646939
60 0 0.000159306174086660
61 0 0.000170994056027163
62 0 0.000189363764725003
63 0 0.000211078208056104
64 0 0.000231962373952066
65 0 0.000257029709030077
66 0 0.000276252682558709
67 0 0.000303840574450209
68 0 0.000339801003879758
69 0 0.00037242858720421
70 0 0.000412601701002879
71 0 0.000460330352360039
72 0 0.000505570106476561
73 0 0.000566763380568935
74 0 0.000632193552116744
75 0 0.000707748504564121
76 0 0.000809427075640912
77 0 0.000896911272859957
78 0 0.00106032849395321
79 0 0.00122066183082636
80 0 0.00142782625433702
81 0 0.00168129364696701
82 0 0.00200700687484368
83 0 0.00242371625963012
84 0 0.00290858096370261
85 0 0.00358917789252422
86 0 0.00438418619200875
87 0 0.00537968899589059
88 0 0.0065187100111308
89 0 0.00801760367922932
90 0 0.00968640788113195
91 0 0.0117342942002724
92 0 0.0144302725538800
93 0 0.0176710410792803
94 0 0.0207783832636117
95 0 0.0247458628541521
96 0 0.0280553249906982
97 0 0.0334840960680646
98 0 0.0380733110918750
99 0 0.0422269188804848
100 0 0.047924227434123

death 1 F married
1 0 0.000110900952950965
2 0 0.0000116674153447516
3 0 0.00000416676215586609
4 0 0.00000250003437562984
5 0 0.00000250003437562984
6 0 0.00000250003437562984
7 0 0.00000166668194467867
8 0 0.00000166668194467867
9 0 0.00000166668194467867
10 0 0.00000166668194467867
11 0 0.00000166668194467867
12 0 0.00000166668194467867
13 0 0.00000166668194467867
14 0 0.00000166668194467867
15 0 0.00000250003437562984
16 0 0.00000333339444602565
17 0 0.00000416676215586609
18 0 0.00000416676215586609
19 0 0.00000500013750526218
20 0 0.00000583352049443597
21 0 0.00000666691112360951
22 0 0.00000666691112360951
23 0 0.00000583352049443597
24 0 0.00000666691112360951
25 0 0.00000583352049443597
26 0 0.00000583352049443597
27 0 0.00000583352049443597
28 0 0.00000583352049443597
29 0 0.00000583352049443597
30 0 0.00000666691112360951
31 0 0.00000666691112360951
32 0 0.00000750030939278279
33 0 0.00000750030939278279
34 0 0.00000833371530217786
35 0 0.00000833371530217786
36 0 0.0000100005500421885
37 0 0.0000116674153447516
38 0 0.0000116674153447516
39 0 0.000012500859457365
40 0 0.0000133343112110884
41 0 0.0000141677706060328
42 0 0.0000150012376423092
43 0 0.0000183351822042876
44 0 0.0000191686874497776
45 0 0.0000225027848553827
46 0 0.0000258370045466139
47 0 0.0000308385633891461
48 0 0.0000358403974268784
49 0 0.0000441773991204375
50 0 0.0000533489841776369
51 0 0.0000633554051622243
52 0 0.0000733629277510639
53 0 0.0000800352216044908
54 0 0.000087542137645058
55 0 0.000097552323490957
56 0 0.000109232267063164
57 0 0.000124251542961140
58 0 0.000135934917957492
59 0 0.000150123892499576
60 0 0.000160975779494144
61 0 0.000183518454694553
62 0 0.000201890695059714
63 0 0.000214419352144724
64 0 0.000238646320656399
65 0 0.000257029709030077
66 0 0.000287955613937352
67 0 0.00030885745465703
68 0 0.000338128110205616
69 0 0.000370755092807151
70 0 0.000401719728948313
71 0 0.000451117607631391
72 0 0.000495514881089343
73 0 0.000546640496100648
74 0 0.000610378258893096
75 0 0.000684235785067489
76 0 0.000764035799453722
77 0 0.000859888444115109
78 0 0.000977740775142899
79 0 0.00110249403822194
80 0 0.00126966214741298
81 0 0.00145407261975428
82 0 0.00168638720071246
83 0 0.00190993602160527
84 0 0.00221939192912712
85 0 0.00256933224013822
86 0 0.00317312989735519
87 0 0.0038765951502332
88 0 0.00471890131900343
89 0 0.00575362602397611
90 0 0.00696757015748051
91 0 0.00831491298971643
92 0 0.0101588204700398
93 0 0.0119347296919372
94 0 0.0141539765889113
95 0 0.0164115796660165
96 0 0.0192885757470681
97 0 0.0223608511752503
98 0 0.026222563088093
99 0 0.0302265778733196
100 0 0.0333048958641471

death 1 F single
1 0 0.000110900952950965
2 0 0.0000116674153447516
3 0 0.00000416676215586609
4 0 0.00000250003437562984
5 0 0.00000250003437562984
6 0 0.00000250003437562984
7 0 0.00000166668194467867
8 0 0.00000166668194467867
9 0 0.00000166668194467867
10 0 0.00000166668194467867
11 0 0.00000166668194467867
12 0 0.00000166668194467867
13 0 0.00000166668194467867
14 0 0.00000166668194467867
15 0 0.00000250003437562984
16 0 0.00000333339444602565
17 0 0.00000416676215586609
18 0 0.00000416676215586609
19 0 0.00000500013750526218
20 0 0.00000583352049443597
21 0 0.00000666691112360951
22 0 0.00000666691112360951
23 0 0.00000583352049443597
24 0 0.00000666691112360951
25 0 0.00000583352049443597
26 0 0.00000583352049443597
27 0 0.00000583352049443597
28 0 0.00000583352049443597
29 0 0.00000583352049443597
30 0 0.00000666691112360951
31 0 0.00000666691112360951
32 0 0.00000750030939278279
33 0 0.00000750030939278279
34 0 0.00000833371530217786
35 0 0.00000833371530217786
36 0 0.0000100005500421885
37 0 0.0000116674153447516
38 0 0.0000116674153447516
39 0 0.000012500859457365
40 0 0.0000133343112110884
41 0 0.0000141677706060328
42 0 0.0000150012376423092
43 0 0.0000183351822042876
44 0 0.0000191686874497776
45 0 0.0000225027848553827
46 0 0.0000258370045466139
47 0 0.0000308385633891461
48 0 0.0000358403974268784
49 0 0.0000441773991204375
50 0 0.0000533489841776369
51 0 0.0000633554051622243
52 0 0.0000733629277510639
53 0 0.0000800352216044908
54 0 0.000087542137645058
55 0 0.000097552323490957
56 0 0.000109232267063164
57 0 0.000124251542961140
58 0 0.000135934917957492
59 0 0.000150123892499576
60 0 0.000160975779494144
61 0 0.000183518454694553
62 0 0.000201890695059714
63 0 0.000214419352144724
64 0 0.000238646320656399
65 0 0.000257029709030077
66 0 0.000287955613937352
67 0 0.00030885745465703
68 0 0.000338128110205616
69 0 0.000370755092807151
70 0 0.000401719728948313
71 0 0.000451117607631391
72 0 0.000495514881089343
73 0 0.000546640496100648
74 0 0.000610378258893096
75 0 0.000684235785067489
76 0 0.000764035799453722
77 0 0.000859888444115109
78 0 0.000977740775142899
79 0 0.00110249403822194
80 0 0.00126966214741298
81 0 0.00145407261975428
82 0 0.00168638720071246
83 0 0.00190993602160527
84 0 0.00221939192912712
85 0 0.00256933224013822
86 0 0.00317312989735519
87 0 0.0038765951502332
88 0 0.00471890131900343
89 0 0.00575362602397611
90 0 0.00696757015748051
91 0 0.00831491298971643
92 0 0.0101588204700398
93 0 0.0119347296919372
94 0 0.0141539765889113
95 0 0.0164115796660165
96 0 0.0192885757470681
97 0 0.0223608511752503
98 0 0.026222563088093
99 0 0.0302265778733196
100 0 0.0333048958641471

death 1 F divorced
1 0 0.000110900952950965
2 0 0.0000116674153447516
3 0 0.00000416676215586609
4 0 0.00000250003437562984
5 0 0.00000250003437562984
6 0 0.00000250003437562984
7 0 0.00000166668194467867
8 0 0.00000166668194467867
9 0 0.00000166668194467867
10 0 0.00000166668194467867
11 0 0.00000166668194467867
12 0 0.00000166668194467867
13 0 0.00000166668194467867
14 0 0.00000166668194467867
15 0 0.00000250003437562984
16 0 0.00000333339444602565
17 0 0.00000416676215586609
18 0 0.00000416676215586609
19 0 0.00000500013750526218
20 0 0.00000583352049443597
21 0 0.00000666691112360951
22 0 0.00000666691112360951
23 0 0.00000583352049443597
24 0 0.00000666691112360951
25 0 0.00000583352049443597
26 0 0.00000583352049443597
27 0 0.00000583352049443597
28 0 0.00000583352049443597
29 0 0.00000583352049443597
30 0 0.00000666691112360951
31 0 0.00000666691112360951
32 0 0.00000750030939278279
33 0 0.00000750030939278279
34 0 0.00000833371530217786
35 0 0.00000833371530217786
36 0 0.0000100005500421885
37 0 0.0000116674153447516
38 0 0.0000116674153447516
39 0 0.000012500859457365
40 0 0.0000133343112110884
41 0 0.0000141677706060328
42 0 0.0000150012376423092
43 0 0.0000183351822042876
44 0 0.0000191686874497776
45 0 0.0000225027848553827
46 0 0.0000258370045466139
47 0 0.0000308385633891461
48 0 0.0000358403974268784
49 0 0.0000441773991204375
50 0 0.0000533489841776369
51 0 0.0000633554051622243
52 0 0.0000733629277510639
53 0 0.0000800352216044908
54 0 0.000087542137645058
55 0 0.000097552323490957
56 0 0.000109232267063164
57 0 0.000124251542961140
58 0 0.000135934917957492
59 0 0.000150123892499576
60 0 0.000160975779494144
61 0 0.000183518454694553
62 0 0.000201890695059714
63 0 0.000214419352144724
64 0 0.000238646320656399
65 0 0.000257029709030077
66 0 0.000287955613937352
67 0 0.00030885745465703
68 0 0.000338128110205616
69 0 0.000370755092807151
70 0 0.000401719728948313
71 0 0.000451117607631391
72 0 0.000495514881089343
73 0 0.000546640496100648
74 0 0.000610378258893096
75 0 0.000684235785067489
76 0 0.000764035799453722
77 0 0.000859888444115109
78 0 0.000977740775142899
79 0 0.00110249403822194
80 0 0.00126966214741298
81 0 0.00145407261975428
82 0 0.00168638720071246
83 0 0.00190993602160527
84 0 0.00221939192912712
85 0 0.00256933224013822
86 0 0.00317312989735519
87 0 0.0038765951502332
88 0 0.00471890131900343
89 0 0.00575362602397611
90 0 0.00696757015748051
91 0 0.00831491298971643
92 0 0.0101588204700398
93 0 0.0119347296919372
94 0 0.0141539765889113
95 0 0.0164115796660165
96 0 0.0192885757470681
97 0 0.0223608511752503
98 0 0.026222563088093
99 0 0.0302265778733196
100 0 0.0333048958641471

death 1 F widowed
1 0 0.000110900952950965
2 0 0.0000116674153447516
3 0 0.00000416676215586609
4 0 0.00000250003437562984
5 0 0.00000250003437562984
6 0 0.00000250003437562984
7 0 0.00000166668194467867
8 0 0.00000166668194467867
9 0 0.00000166668194467867
10 0 0.00000166668194467867
11 0 0.00000166668194467867
12 0 0.00000166668194467867
13 0 0.00000166668194467867
14 0 0.00000166668194467867
15 0 0.00000250003437562984
16 0 0.00000333339444602565
17 0 0.00000416676215586609
18 0 0.00000416676215586609
19 0 0.00000500013750526218
20 0 0.00000583352049443597
21 0 0.00000666691112360951
22 0 0.00000666691112360951
23 0 0.00000583352049443597
24 0 0.00000666691112360951
25 0 0.00000583352049443597
26 0 0.00000583352049443597
27 0 0.00000583352049443597
28 0 0.00000583352049443597
29 0 0.00000583352049443597
30 0 0.00000666691112360951
31 0 0.00000666691112360951
32 0 0.00000750030939278279
33 0 0.00000750030939278279
34 0 0.00000833371530217786
35 0 0.00000833371530217786
36 0 0.0000100005500421885
37 0 0.0000116674153447516
38 0 0.0000116674153447516
39 0 0.000012500859457365
40 0 0.0000133343112110884
41 0 0.0000141677706060328
42 0 0.0000150012376423092
43 0 0.0000183351822042876
44 0 0.0000191686874497776
45 0 0.0000225027848553827
46 0 0.0000258370045466139
47 0 0.0000308385633891461
48 0 0.0000358403974268784
49 0 0.0000441773991204375
50 0 0.0000533489841776369
51 0 0.0000633554051622243
52 0 0.0000733629277510639
53 0 0.0000800352216044908
54 0 0.000087542137645058
55 0 0.000097552323490957
56 0 0.000109232267063164
57 0 0.000124251542961140
58 0 0.000135934917957492
59 0 0.000150123892499576
60 0 0.000160975779494144
61 0 0.000183518454694553
62 0 0.000201890695059714
63 0 0.000214419352144724
64 0 0.000238646320656399
65 0 0.000257029709030077
66 0 0.000287955613937352
67 0 0.00030885745465703
68 0 0.000338128110205616
69 0 0.000370755092807151
70 0 0.000401719728948313
71 0 0.000451117607631391
72 0 0.000495514881089343
73 0 0.000546640496100648
74 0 0.000610378258893096
75 0 0.000684235785067489
76 0 0.000764035799453722
77 0 0.000859888444115109
78 0 0.000977740775142899
79 0 0.00110249403822194
80 0 0.00126966214741298
81 0 0.00145407261975428
82 0 0.00168638720071246
83 0 0.00190993602160527
84 0 0.00221939192912712
85 0 0.00256933224013822
86 0 0.00317312989735519
87 0 0.0038765951502332
88 0 0.00471890131900343
89 0 0.00575362602397611
90 0 0.00696757015748051
91 0 0.00831491298971643
92 0 0.0101588204700398
93 0 0.0119347296919372
94 0 0.0141539765889113
95 0 0.0164115796660165
96 0 0.0192885757470681
97 0 0.0223608511752503
98 0 0.026222563088093
99 0 0.0302265778733196
100 0 0.0333048958641471
