*Period monthly mortality rates for SWE in 2006 
* Mon Dec 20 14:21:50 2010
death 1 M married
1 0 0.000257698265950346
2 0 0.0000237531029086968
3 0 0.0000111673525448053
4 0 0.0000146678499107766
5 0 0.00000508347546035459
6 0 0.0000138343859310552
7 0 0.00000525015159980047
8 0 0.0000123341700235535
9 0 0.00000866707980518022
10 0 0.0000118341035559855
11 0 0.0000127508941811794
12 0 0.000008833762515148
13 0 0.00000416676215586609
14 0 0.0000131676202490549
15 0 0.0000101672351970894
16 0 0.0000162514525247071
17 0 0.0000357570312710109
18 0 0.0000318389081800374
19 0 0.0000332560821442174
20 0 0.000051931496941382
21 0 0.0000499303761183345
22 0 0.0000591025416561974
23 0 0.0000529320738724692
24 0 0.0000744471421767479
25 0 0.0000459282666218641
26 0 0.0000571012629687617
27 0 0.0000445108950922757
28 0 0.0000500137552731372
29 0 0.000042426565340703
30 0 0.0000649398561636261
31 0 0.0000456781406285023
32 0 0.0000395085839746123
33 0 0.0000453446403744229
34 0 0.0000731127262585396
35 0 0.0000419263333114595
36 0 0.000053015455780514
37 0 0.0000728625254545756
38 0 0.0000754479669706765
39 0 0.0000714447339069668
40 0 0.0000942154723914124
41 0 0.0000766990134587475
42 0 0.000110316909405661
43 0 0.000127923299003019
44 0 0.000109315700629997
45 0 0.000129175067918319
46 0 0.000132513202638407
47 0 0.000166569181077159
48 0 0.000180094947666687
49 0 0.000173164828158101
50 0 0.000202224770170290
51 0 0.000239732508425128
52 0 0.000275333230372432
53 0 0.000303255289798909
54 0 0.000385399213810533
55 0 0.000377030855707394
56 0 0.000402221945129289
57 0 0.000447014049304917
58 0 0.000514117923038682
59 0 0.000487387720418786
60 0 0.000595949481674074
61 0 0.000644362049000424
62 0 0.000745549558013647
63 0 0.000768573906529513
64 0 0.000889084735305579
65 0 0.000960726923943445
66 0 0.00118840364611572
67 0 0.00129603188135941
68 0 0.00124634145752234
69 0 0.00139964102919510
70 0 0.0015869448238075
71 0 0.00186552242845728
72 0 0.00205174550883402
73 0 0.00223049397539810
74 0 0.00246061207338732
75 0 0.00282996841954020
76 0 0.00309471878041312
77 0 0.00356707326759764
78 0 0.00394263016541163
79 0 0.00438969633508712
80 0 0.00502887036544430
81 0 0.00578275521368943
82 0 0.00664004121175366
83 0 0.00710699086887068
84 0 0.00812355587463065
85 0 0.0097104335965673
86 0 0.0105543697711908
87 0 0.0128837768744037
88 0 0.0131772951345108
89 0 0.0159042720625884
90 0 0.0180218266346236
91 0 0.0199018858436205
92 0 0.0222552199010236
93 0 0.0258200661500316
94 0 0.027987998841145
95 0 0.0313441762014054
96 0 0.031338971519843
97 0 0.0419173846005219
98 0 0.0418246717695961
99 0 0.0488163218029211
100 0 0.051466484086783

death 1 M single
1 0 0.000257698265950346
2 0 0.0000237531029086968
3 0 0.0000111673525448053
4 0 0.0000146678499107766
5 0 0.00000508347546035459
6 0 0.0000138343859310552
7 0 0.00000525015159980047
8 0 0.0000123341700235535
9 0 0.00000866707980518022
10 0 0.0000118341035559855
11 0 0.0000127508941811794
12 0 0.000008833762515148
13 0 0.00000416676215586609
14 0 0.0000131676202490549
15 0 0.0000101672351970894
16 0 0.0000162514525247071
17 0 0.0000357570312710109
18 0 0.0000318389081800374
19 0 0.0000332560821442174
20 0 0.000051931496941382
21 0 0.0000499303761183345
22 0 0.0000591025416561974
23 0 0.0000529320738724692
24 0 0.0000744471421767479
25 0 0.0000459282666218641
26 0 0.0000571012629687617
27 0 0.0000445108950922757
28 0 0.0000500137552731372
29 0 0.000042426565340703
30 0 0.0000649398561636261
31 0 0.0000456781406285023
32 0 0.0000395085839746123
33 0 0.0000453446403744229
34 0 0.0000731127262585396
35 0 0.0000419263333114595
36 0 0.000053015455780514
37 0 0.0000728625254545756
38 0 0.0000754479669706765
39 0 0.0000714447339069668
40 0 0.0000942154723914124
41 0 0.0000766990134587475
42 0 0.000110316909405661
43 0 0.000127923299003019
44 0 0.000109315700629997
45 0 0.000129175067918319
46 0 0.000132513202638407
47 0 0.000166569181077159
48 0 0.000180094947666687
49 0 0.000173164828158101
50 0 0.000202224770170290
51 0 0.000239732508425128
52 0 0.000275333230372432
53 0 0.000303255289798909
54 0 0.000385399213810533
55 0 0.000377030855707394
56 0 0.000402221945129289
57 0 0.000447014049304917
58 0 0.000514117923038682
59 0 0.000487387720418786
60 0 0.000595949481674074
61 0 0.000644362049000424
62 0 0.000745549558013647
63 0 0.000768573906529513
64 0 0.000889084735305579
65 0 0.000960726923943445
66 0 0.00118840364611572
67 0 0.00129603188135941
68 0 0.00124634145752234
69 0 0.00139964102919510
70 0 0.0015869448238075
71 0 0.00186552242845728
72 0 0.00205174550883402
73 0 0.00223049397539810
74 0 0.00246061207338732
75 0 0.00282996841954020
76 0 0.00309471878041312
77 0 0.00356707326759764
78 0 0.00394263016541163
79 0 0.00438969633508712
80 0 0.00502887036544430
81 0 0.00578275521368943
82 0 0.00664004121175366
83 0 0.00710699086887068
84 0 0.00812355587463065
85 0 0.0097104335965673
86 0 0.0105543697711908
87 0 0.0128837768744037
88 0 0.0131772951345108
89 0 0.0159042720625884
90 0 0.0180218266346236
91 0 0.0199018858436205
92 0 0.0222552199010236
93 0 0.0258200661500316
94 0 0.027987998841145
95 0 0.0313441762014054
96 0 0.031338971519843
97 0 0.0419173846005219
98 0 0.0418246717695961
99 0 0.0488163218029211
100 0 0.051466484086783

death 1 M divorced
1 0 0.000257698265950346
2 0 0.0000237531029086968
3 0 0.0000111673525448053
4 0 0.0000146678499107766
5 0 0.00000508347546035459
6 0 0.0000138343859310552
7 0 0.00000525015159980047
8 0 0.0000123341700235535
9 0 0.00000866707980518022
10 0 0.0000118341035559855
11 0 0.0000127508941811794
12 0 0.000008833762515148
13 0 0.00000416676215586609
14 0 0.0000131676202490549
15 0 0.0000101672351970894
16 0 0.0000162514525247071
17 0 0.0000357570312710109
18 0 0.0000318389081800374
19 0 0.0000332560821442174
20 0 0.000051931496941382
21 0 0.0000499303761183345
22 0 0.0000591025416561974
23 0 0.0000529320738724692
24 0 0.0000744471421767479
25 0 0.0000459282666218641
26 0 0.0000571012629687617
27 0 0.0000445108950922757
28 0 0.0000500137552731372
29 0 0.000042426565340703
30 0 0.0000649398561636261
31 0 0.0000456781406285023
32 0 0.0000395085839746123
33 0 0.0000453446403744229
34 0 0.0000731127262585396
35 0 0.0000419263333114595
36 0 0.000053015455780514
37 0 0.0000728625254545756
38 0 0.0000754479669706765
39 0 0.0000714447339069668
40 0 0.0000942154723914124
41 0 0.0000766990134587475
42 0 0.000110316909405661
43 0 0.000127923299003019
44 0 0.000109315700629997
45 0 0.000129175067918319
46 0 0.000132513202638407
47 0 0.000166569181077159
48 0 0.000180094947666687
49 0 0.000173164828158101
50 0 0.000202224770170290
51 0 0.000239732508425128
52 0 0.000275333230372432
53 0 0.000303255289798909
54 0 0.000385399213810533
55 0 0.000377030855707394
56 0 0.000402221945129289
57 0 0.000447014049304917
58 0 0.000514117923038682
59 0 0.000487387720418786
60 0 0.000595949481674074
61 0 0.000644362049000424
62 0 0.000745549558013647
63 0 0.000768573906529513
64 0 0.000889084735305579
65 0 0.000960726923943445
66 0 0.00118840364611572
67 0 0.00129603188135941
68 0 0.00124634145752234
69 0 0.00139964102919510
70 0 0.0015869448238075
71 0 0.00186552242845728
72 0 0.00205174550883402
73 0 0.00223049397539810
74 0 0.00246061207338732
75 0 0.00282996841954020
76 0 0.00309471878041312
77 0 0.00356707326759764
78 0 0.00394263016541163
79 0 0.00438969633508712
80 0 0.00502887036544430
81 0 0.00578275521368943
82 0 0.00664004121175366
83 0 0.00710699086887068
84 0 0.00812355587463065
85 0 0.0097104335965673
86 0 0.0105543697711908
87 0 0.0128837768744037
88 0 0.0131772951345108
89 0 0.0159042720625884
90 0 0.0180218266346236
91 0 0.0199018858436205
92 0 0.0222552199010236
93 0 0.0258200661500316
94 0 0.027987998841145
95 0 0.0313441762014054
96 0 0.031338971519843
97 0 0.0419173846005219
98 0 0.0418246717695961
99 0 0.0488163218029211
100 0 0.051466484086783

death 1 M widowed
1 0 0.000257698265950346
2 0 0.0000237531029086968
3 0 0.0000111673525448053
4 0 0.0000146678499107766
5 0 0.00000508347546035459
6 0 0.0000138343859310552
7 0 0.00000525015159980047
8 0 0.0000123341700235535
9 0 0.00000866707980518022
10 0 0.0000118341035559855
11 0 0.0000127508941811794
12 0 0.000008833762515148
13 0 0.00000416676215586609
14 0 0.0000131676202490549
15 0 0.0000101672351970894
16 0 0.0000162514525247071
17 0 0.0000357570312710109
18 0 0.0000318389081800374
19 0 0.0000332560821442174
20 0 0.000051931496941382
21 0 0.0000499303761183345
22 0 0.0000591025416561974
23 0 0.0000529320738724692
24 0 0.0000744471421767479
25 0 0.0000459282666218641
26 0 0.0000571012629687617
27 0 0.0000445108950922757
28 0 0.0000500137552731372
29 0 0.000042426565340703
30 0 0.0000649398561636261
31 0 0.0000456781406285023
32 0 0.0000395085839746123
33 0 0.0000453446403744229
34 0 0.0000731127262585396
35 0 0.0000419263333114595
36 0 0.000053015455780514
37 0 0.0000728625254545756
38 0 0.0000754479669706765
39 0 0.0000714447339069668
40 0 0.0000942154723914124
41 0 0.0000766990134587475
42 0 0.000110316909405661
43 0 0.000127923299003019
44 0 0.000109315700629997
45 0 0.000129175067918319
46 0 0.000132513202638407
47 0 0.000166569181077159
48 0 0.000180094947666687
49 0 0.000173164828158101
50 0 0.000202224770170290
51 0 0.000239732508425128
52 0 0.000275333230372432
53 0 0.000303255289798909
54 0 0.000385399213810533
55 0 0.000377030855707394
56 0 0.000402221945129289
57 0 0.000447014049304917
58 0 0.000514117923038682
59 0 0.000487387720418786
60 0 0.000595949481674074
61 0 0.000644362049000424
62 0 0.000745549558013647
63 0 0.000768573906529513
64 0 0.000889084735305579
65 0 0.000960726923943445
66 0 0.00118840364611572
67 0 0.00129603188135941
68 0 0.00124634145752234
69 0 0.00139964102919510
70 0 0.0015869448238075
71 0 0.00186552242845728
72 0 0.00205174550883402
73 0 0.00223049397539810
74 0 0.00246061207338732
75 0 0.00282996841954020
76 0 0.00309471878041312
77 0 0.00356707326759764
78 0 0.00394263016541163
79 0 0.00438969633508712
80 0 0.00502887036544430
81 0 0.00578275521368943
82 0 0.00664004121175366
83 0 0.00710699086887068
84 0 0.00812355587463065
85 0 0.0097104335965673
86 0 0.0105543697711908
87 0 0.0128837768744037
88 0 0.0131772951345108
89 0 0.0159042720625884
90 0 0.0180218266346236
91 0 0.0199018858436205
92 0 0.0222552199010236
93 0 0.0258200661500316
94 0 0.027987998841145
95 0 0.0313441762014054
96 0 0.031338971519843
97 0 0.0419173846005219
98 0 0.0418246717695961
99 0 0.0488163218029211
100 0 0.051466484086783

death 1 F married
1 0 0.000218011219030201
2 0 0.0000250034381590325
3 0 0.0000117507594121768
4 0 0.0000102505778891704
5 0 0.0000141677706060328
6 0 0.00000366674061313965
7 0 0.0000055001663820109
8 0 0
9 0 0.00000733362912774815
10 0 0.0000070836093031268
11 0 0.00000500013750526218
12 0 0.00000766698996346182
13 0 0.00000433343661454533
14 0 0.0000055001663820109
15 0 0.00000400008800272023
16 0 0.0000225027848553827
17 0 0.0000121674808953864
18 0 0.0000210857785167828
19 0 0.0000116674153447516
20 0 0.0000241698794146705
21 0 0.0000262537906066118
22 0 0.0000350067393084519
23 0 0.0000195020916876620
24 0 0.0000292547066492732
25 0 0.0000223360770809089
26 0 0.0000202522556939089
27 0 0.0000200022003373768
28 0 0.0000110006655561490
29 0 0.0000220026624491165
30 0 0.0000245866578314491
31 0 0.0000311720104296809
32 0 0.0000268372943009743
33 0 0.000040092172754691
34 0 0.0000356736651915268
35 0 0.0000352568359411887
36 0 0.0000355069332620417
37 0 0.0000459282666218641
38 0 0.00004100924840722
39 0 0.0000508475510273554
40 0 0.0000405090241771822
41 0 0.0000591025416561974
42 0 0.000061354032845129
43 0 0.0000545163432041917
44 0 0.0000743637406079856
45 0 0.0000927139293587231
46 0 0.0000901279967208124
47 0 0.0000976357463379207
48 0 0.000103308679548664
49 0 0.000149873479631690
50 0 0.000144531502787371
51 0 0.000154047117499445
52 0 0.000178007506664524
53 0 0.000204396288320696
54 0 0.000224192903701348
55 0 0.000243158262573484
56 0 0.000236724635633734
57 0 0.000325833286580979
58 0 0.000297987897547314
59 0 0.000344401620275603
60 0 0.000387826181811657
61 0 0.000445841638105238
62 0 0.000450447626267003
63 0 0.000549407128460411
64 0 0.000536496898129513
65 0 0.000650153147478183
66 0 0.000670886627877509
67 0 0.000693640142611751
68 0 0.000771767525195144
69 0 0.000857448833133767
70 0 0.0009251934168234
71 0 0.00114535429186657
72 0 0.00117067496961032
73 0 0.00131894257880372
74 0 0.00145720575744368
75 0 0.00174455887734815
76 0 0.00180387292358364
77 0 0.00207177852371487
78 0 0.00236716041179541
79 0 0.00281372115538825
80 0 0.00311239633172700
81 0 0.00331511529100348
82 0 0.00409576603820128
83 0 0.00454034934887038
84 0 0.00529218795075526
85 0 0.00666891946453962
86 0 0.00707085410913266
87 0 0.00838957660844142
88 0 0.00900863637221838
89 0 0.0113141683650128
90 0 0.0126731593627493
91 0 0.0138581239767502
92 0 0.0177055201132386
93 0 0.0187957109153067
94 0 0.0210903151290295
95 0 0.0249312553025587
96 0 0.0279736516744489
97 0 0.0318675132426939
98 0 0.0340953932178975
99 0 0.0394886000670167
100 0 0.0459479369443614

death 1 F single
1 0 0.000218011219030201
2 0 0.0000250034381590325
3 0 0.0000117507594121768
4 0 0.0000102505778891704
5 0 0.0000141677706060328
6 0 0.00000366674061313965
7 0 0.0000055001663820109
8 0 0
9 0 0.00000733362912774815
10 0 0.0000070836093031268
11 0 0.00000500013750526218
12 0 0.00000766698996346182
13 0 0.00000433343661454533
14 0 0.0000055001663820109
15 0 0.00000400008800272023
16 0 0.0000225027848553827
17 0 0.0000121674808953864
18 0 0.0000210857785167828
19 0 0.0000116674153447516
20 0 0.0000241698794146705
21 0 0.0000262537906066118
22 0 0.0000350067393084519
23 0 0.0000195020916876620
24 0 0.0000292547066492732
25 0 0.0000223360770809089
26 0 0.0000202522556939089
27 0 0.0000200022003373768
28 0 0.0000110006655561490
29 0 0.0000220026624491165
30 0 0.0000245866578314491
31 0 0.0000311720104296809
32 0 0.0000268372943009743
33 0 0.000040092172754691
34 0 0.0000356736651915268
35 0 0.0000352568359411887
36 0 0.0000355069332620417
37 0 0.0000459282666218641
38 0 0.00004100924840722
39 0 0.0000508475510273554
40 0 0.0000405090241771822
41 0 0.0000591025416561974
42 0 0.000061354032845129
43 0 0.0000545163432041917
44 0 0.0000743637406079856
45 0 0.0000927139293587231
46 0 0.0000901279967208124
47 0 0.0000976357463379207
48 0 0.000103308679548664
49 0 0.000149873479631690
50 0 0.000144531502787371
51 0 0.000154047117499445
52 0 0.000178007506664524
53 0 0.000204396288320696
54 0 0.000224192903701348
55 0 0.000243158262573484
56 0 0.000236724635633734
57 0 0.000325833286580979
58 0 0.000297987897547314
59 0 0.000344401620275603
60 0 0.000387826181811657
61 0 0.000445841638105238
62 0 0.000450447626267003
63 0 0.000549407128460411
64 0 0.000536496898129513
65 0 0.000650153147478183
66 0 0.000670886627877509
67 0 0.000693640142611751
68 0 0.000771767525195144
69 0 0.000857448833133767
70 0 0.0009251934168234
71 0 0.00114535429186657
72 0 0.00117067496961032
73 0 0.00131894257880372
74 0 0.00145720575744368
75 0 0.00174455887734815
76 0 0.00180387292358364
77 0 0.00207177852371487
78 0 0.00236716041179541
79 0 0.00281372115538825
80 0 0.00311239633172700
81 0 0.00331511529100348
82 0 0.00409576603820128
83 0 0.00454034934887038
84 0 0.00529218795075526
85 0 0.00666891946453962
86 0 0.00707085410913266
87 0 0.00838957660844142
88 0 0.00900863637221838
89 0 0.0113141683650128
90 0 0.0126731593627493
91 0 0.0138581239767502
92 0 0.0177055201132386
93 0 0.0187957109153067
94 0 0.0210903151290295
95 0 0.0249312553025587
96 0 0.0279736516744489
97 0 0.0318675132426939
98 0 0.0340953932178975
99 0 0.0394886000670167
100 0 0.0459479369443614

death 1 F divorced
1 0 0.000218011219030201
2 0 0.0000250034381590325
3 0 0.0000117507594121768
4 0 0.0000102505778891704
5 0 0.0000141677706060328
6 0 0.00000366674061313965
7 0 0.0000055001663820109
8 0 0
9 0 0.00000733362912774815
10 0 0.0000070836093031268
11 0 0.00000500013750526218
12 0 0.00000766698996346182
13 0 0.00000433343661454533
14 0 0.0000055001663820109
15 0 0.00000400008800272023
16 0 0.0000225027848553827
17 0 0.0000121674808953864
18 0 0.0000210857785167828
19 0 0.0000116674153447516
20 0 0.0000241698794146705
21 0 0.0000262537906066118
22 0 0.0000350067393084519
23 0 0.0000195020916876620
24 0 0.0000292547066492732
25 0 0.0000223360770809089
26 0 0.0000202522556939089
27 0 0.0000200022003373768
28 0 0.0000110006655561490
29 0 0.0000220026624491165
30 0 0.0000245866578314491
31 0 0.0000311720104296809
32 0 0.0000268372943009743
33 0 0.000040092172754691
34 0 0.0000356736651915268
35 0 0.0000352568359411887
36 0 0.0000355069332620417
37 0 0.0000459282666218641
38 0 0.00004100924840722
39 0 0.0000508475510273554
40 0 0.0000405090241771822
41 0 0.0000591025416561974
42 0 0.000061354032845129
43 0 0.0000545163432041917
44 0 0.0000743637406079856
45 0 0.0000927139293587231
46 0 0.0000901279967208124
47 0 0.0000976357463379207
48 0 0.000103308679548664
49 0 0.000149873479631690
50 0 0.000144531502787371
51 0 0.000154047117499445
52 0 0.000178007506664524
53 0 0.000204396288320696
54 0 0.000224192903701348
55 0 0.000243158262573484
56 0 0.000236724635633734
57 0 0.000325833286580979
58 0 0.000297987897547314
59 0 0.000344401620275603
60 0 0.000387826181811657
61 0 0.000445841638105238
62 0 0.000450447626267003
63 0 0.000549407128460411
64 0 0.000536496898129513
65 0 0.000650153147478183
66 0 0.000670886627877509
67 0 0.000693640142611751
68 0 0.000771767525195144
69 0 0.000857448833133767
70 0 0.0009251934168234
71 0 0.00114535429186657
72 0 0.00117067496961032
73 0 0.00131894257880372
74 0 0.00145720575744368
75 0 0.00174455887734815
76 0 0.00180387292358364
77 0 0.00207177852371487
78 0 0.00236716041179541
79 0 0.00281372115538825
80 0 0.00311239633172700
81 0 0.00331511529100348
82 0 0.00409576603820128
83 0 0.00454034934887038
84 0 0.00529218795075526
85 0 0.00666891946453962
86 0 0.00707085410913266
87 0 0.00838957660844142
88 0 0.00900863637221838
89 0 0.0113141683650128
90 0 0.0126731593627493
91 0 0.0138581239767502
92 0 0.0177055201132386
93 0 0.0187957109153067
94 0 0.0210903151290295
95 0 0.0249312553025587
96 0 0.0279736516744489
97 0 0.0318675132426939
98 0 0.0340953932178975
99 0 0.0394886000670167
100 0 0.0459479369443614

death 1 F widowed
1 0 0.000218011219030201
2 0 0.0000250034381590325
3 0 0.0000117507594121768
4 0 0.0000102505778891704
5 0 0.0000141677706060328
6 0 0.00000366674061313965
7 0 0.0000055001663820109
8 0 0
9 0 0.00000733362912774815
10 0 0.0000070836093031268
11 0 0.00000500013750526218
12 0 0.00000766698996346182
13 0 0.00000433343661454533
14 0 0.0000055001663820109
15 0 0.00000400008800272023
16 0 0.0000225027848553827
17 0 0.0000121674808953864
18 0 0.0000210857785167828
19 0 0.0000116674153447516
20 0 0.0000241698794146705
21 0 0.0000262537906066118
22 0 0.0000350067393084519
23 0 0.0000195020916876620
24 0 0.0000292547066492732
25 0 0.0000223360770809089
26 0 0.0000202522556939089
27 0 0.0000200022003373768
28 0 0.0000110006655561490
29 0 0.0000220026624491165
30 0 0.0000245866578314491
31 0 0.0000311720104296809
32 0 0.0000268372943009743
33 0 0.000040092172754691
34 0 0.0000356736651915268
35 0 0.0000352568359411887
36 0 0.0000355069332620417
37 0 0.0000459282666218641
38 0 0.00004100924840722
39 0 0.0000508475510273554
40 0 0.0000405090241771822
41 0 0.0000591025416561974
42 0 0.000061354032845129
43 0 0.0000545163432041917
44 0 0.0000743637406079856
45 0 0.0000927139293587231
46 0 0.0000901279967208124
47 0 0.0000976357463379207
48 0 0.000103308679548664
49 0 0.000149873479631690
50 0 0.000144531502787371
51 0 0.000154047117499445
52 0 0.000178007506664524
53 0 0.000204396288320696
54 0 0.000224192903701348
55 0 0.000243158262573484
56 0 0.000236724635633734
57 0 0.000325833286580979
58 0 0.000297987897547314
59 0 0.000344401620275603
60 0 0.000387826181811657
61 0 0.000445841638105238
62 0 0.000450447626267003
63 0 0.000549407128460411
64 0 0.000536496898129513
65 0 0.000650153147478183
66 0 0.000670886627877509
67 0 0.000693640142611751
68 0 0.000771767525195144
69 0 0.000857448833133767
70 0 0.0009251934168234
71 0 0.00114535429186657
72 0 0.00117067496961032
73 0 0.00131894257880372
74 0 0.00145720575744368
75 0 0.00174455887734815
76 0 0.00180387292358364
77 0 0.00207177852371487
78 0 0.00236716041179541
79 0 0.00281372115538825
80 0 0.00311239633172700
81 0 0.00331511529100348
82 0 0.00409576603820128
83 0 0.00454034934887038
84 0 0.00529218795075526
85 0 0.00666891946453962
86 0 0.00707085410913266
87 0 0.00838957660844142
88 0 0.00900863637221838
89 0 0.0113141683650128
90 0 0.0126731593627493
91 0 0.0138581239767502
92 0 0.0177055201132386
93 0 0.0187957109153067
94 0 0.0210903151290295
95 0 0.0249312553025587
96 0 0.0279736516744489
97 0 0.0318675132426939
98 0 0.0340953932178975
99 0 0.0394886000670167
100 0 0.0459479369443614
