*Period monthly mortality rates for SWE in 2105 
* Mon Dec 20 14:21:52 2010
death 1 M married
1 0 0.000113404039220888
2 0 0.0000116674153447516
3 0 0.00000333339444602565
4 0 0.00000250003437562984
5 0 0.00000250003437562984
6 0 0.00000166668194467867
7 0 0.00000166668194467867
8 0 0.00000166668194467867
9 0 0.00000166668194467867
10 0 0.00000166668194467867
11 0 0.00000166668194467867
12 0 0.00000250003437562984
13 0 0.00000166668194467867
14 0 0.00000250003437562984
15 0 0.00000333339444602565
16 0 0.00000416676215586609
17 0 0.00000583352049443597
18 0 0.00000750030939278279
19 0 0.0000100005500421885
20 0 0.0000133343112110884
21 0 0.0000158347123201397
22 0 0.0000166681946396352
23 0 0.0000175016846010179
24 0 0.0000166681946396352
25 0 0.0000166681946396352
26 0 0.0000166681946396352
27 0 0.0000166681946396352
28 0 0.0000150012376423092
29 0 0.0000150012376423092
30 0 0.0000150012376423092
31 0 0.0000158347123201397
32 0 0.0000141677706060328
33 0 0.0000150012376423092
34 0 0.0000158347123201397
35 0 0.0000158347123201397
36 0 0.0000175016846010179
37 0 0.0000191686874497776
38 0 0.0000191686874497776
39 0 0.0000216692490401238
40 0 0.0000233363283135279
41 0 0.0000250034381590325
42 0 0.0000275041602521009
43 0 0.0000300049511388067
44 0 0.0000341730888351321
45 0 0.0000366740631904117
46 0 0.0000408425066913409
47 0 0.0000441773991204375
48 0 0.0000483461867075707
49 0 0.0000541828105240505
50 0 0.0000591859292243813
51 0 0.0000650232490866376
52 0 0.0000741969376999441
53 0 0.000080869292772956
54 0 0.0000925470927749528
55 0 0.000100055042203562
56 0 0.000109232267063164
57 0 0.000120913711624038
58 0 0.000135934917957492
59 0 0.000143446452102070
60 0 0.000160975779494144
61 0 0.000172663876141788
62 0 0.000191869012675761
63 0 0.000212748764747639
64 0 0.000233633314546733
65 0 0.000259536822839412
66 0 0.000279596223468848
67 0 0.000306348979935533
68 0 0.000343146883615142
69 0 0.000375775668454925
70 0 0.00041678742188056
71 0 0.000465355879566642
72 0 0.000511436168531554
73 0 0.000572633394811173
74 0 0.000638907004019584
75 0 0.00071530745699988
76 0 0.000817835357218133
77 0 0.000906169338493079
78 0 0.00107128965216374
79 0 0.00123333179156593
80 0 0.00144137181793869
81 0 0.00169742421461772
82 0 0.00202489968111841
83 0 0.00244425964020001
84 0 0.00293095585510561
85 0 0.00361519024147328
86 0 0.00441305257039648
87 0 0.00541152856319216
88 0 0.00655364098754263
89 0 0.00805585236563178
90 0 0.00972722757530176
91 0 0.0117770036049560
92 0 0.0144742851538947
93 0 0.0177166779456159
94 0 0.0208214375818879
95 0 0.0247864907348084
96 0 0.0280929406035996
97 0 0.0335204650242096
98 0 0.0381090798517630
99 0 0.0422617518160964
100 0 0.0479571309636243

death 1 M single
1 0 0.000113404039220888
2 0 0.0000116674153447516
3 0 0.00000333339444602565
4 0 0.00000250003437562984
5 0 0.00000250003437562984
6 0 0.00000166668194467867
7 0 0.00000166668194467867
8 0 0.00000166668194467867
9 0 0.00000166668194467867
10 0 0.00000166668194467867
11 0 0.00000166668194467867
12 0 0.00000250003437562984
13 0 0.00000166668194467867
14 0 0.00000250003437562984
15 0 0.00000333339444602565
16 0 0.00000416676215586609
17 0 0.00000583352049443597
18 0 0.00000750030939278279
19 0 0.0000100005500421885
20 0 0.0000133343112110884
21 0 0.0000158347123201397
22 0 0.0000166681946396352
23 0 0.0000175016846010179
24 0 0.0000166681946396352
25 0 0.0000166681946396352
26 0 0.0000166681946396352
27 0 0.0000166681946396352
28 0 0.0000150012376423092
29 0 0.0000150012376423092
30 0 0.0000150012376423092
31 0 0.0000158347123201397
32 0 0.0000141677706060328
33 0 0.0000150012376423092
34 0 0.0000158347123201397
35 0 0.0000158347123201397
36 0 0.0000175016846010179
37 0 0.0000191686874497776
38 0 0.0000191686874497776
39 0 0.0000216692490401238
40 0 0.0000233363283135279
41 0 0.0000250034381590325
42 0 0.0000275041602521009
43 0 0.0000300049511388067
44 0 0.0000341730888351321
45 0 0.0000366740631904117
46 0 0.0000408425066913409
47 0 0.0000441773991204375
48 0 0.0000483461867075707
49 0 0.0000541828105240505
50 0 0.0000591859292243813
51 0 0.0000650232490866376
52 0 0.0000741969376999441
53 0 0.000080869292772956
54 0 0.0000925470927749528
55 0 0.000100055042203562
56 0 0.000109232267063164
57 0 0.000120913711624038
58 0 0.000135934917957492
59 0 0.000143446452102070
60 0 0.000160975779494144
61 0 0.000172663876141788
62 0 0.000191869012675761
63 0 0.000212748764747639
64 0 0.000233633314546733
65 0 0.000259536822839412
66 0 0.000279596223468848
67 0 0.000306348979935533
68 0 0.000343146883615142
69 0 0.000375775668454925
70 0 0.00041678742188056
71 0 0.000465355879566642
72 0 0.000511436168531554
73 0 0.000572633394811173
74 0 0.000638907004019584
75 0 0.00071530745699988
76 0 0.000817835357218133
77 0 0.000906169338493079
78 0 0.00107128965216374
79 0 0.00123333179156593
80 0 0.00144137181793869
81 0 0.00169742421461772
82 0 0.00202489968111841
83 0 0.00244425964020001
84 0 0.00293095585510561
85 0 0.00361519024147328
86 0 0.00441305257039648
87 0 0.00541152856319216
88 0 0.00655364098754263
89 0 0.00805585236563178
90 0 0.00972722757530176
91 0 0.0117770036049560
92 0 0.0144742851538947
93 0 0.0177166779456159
94 0 0.0208214375818879
95 0 0.0247864907348084
96 0 0.0280929406035996
97 0 0.0335204650242096
98 0 0.0381090798517630
99 0 0.0422617518160964
100 0 0.0479571309636243

death 1 M divorced
1 0 0.000113404039220888
2 0 0.0000116674153447516
3 0 0.00000333339444602565
4 0 0.00000250003437562984
5 0 0.00000250003437562984
6 0 0.00000166668194467867
7 0 0.00000166668194467867
8 0 0.00000166668194467867
9 0 0.00000166668194467867
10 0 0.00000166668194467867
11 0 0.00000166668194467867
12 0 0.00000250003437562984
13 0 0.00000166668194467867
14 0 0.00000250003437562984
15 0 0.00000333339444602565
16 0 0.00000416676215586609
17 0 0.00000583352049443597
18 0 0.00000750030939278279
19 0 0.0000100005500421885
20 0 0.0000133343112110884
21 0 0.0000158347123201397
22 0 0.0000166681946396352
23 0 0.0000175016846010179
24 0 0.0000166681946396352
25 0 0.0000166681946396352
26 0 0.0000166681946396352
27 0 0.0000166681946396352
28 0 0.0000150012376423092
29 0 0.0000150012376423092
30 0 0.0000150012376423092
31 0 0.0000158347123201397
32 0 0.0000141677706060328
33 0 0.0000150012376423092
34 0 0.0000158347123201397
35 0 0.0000158347123201397
36 0 0.0000175016846010179
37 0 0.0000191686874497776
38 0 0.0000191686874497776
39 0 0.0000216692490401238
40 0 0.0000233363283135279
41 0 0.0000250034381590325
42 0 0.0000275041602521009
43 0 0.0000300049511388067
44 0 0.0000341730888351321
45 0 0.0000366740631904117
46 0 0.0000408425066913409
47 0 0.0000441773991204375
48 0 0.0000483461867075707
49 0 0.0000541828105240505
50 0 0.0000591859292243813
51 0 0.0000650232490866376
52 0 0.0000741969376999441
53 0 0.000080869292772956
54 0 0.0000925470927749528
55 0 0.000100055042203562
56 0 0.000109232267063164
57 0 0.000120913711624038
58 0 0.000135934917957492
59 0 0.000143446452102070
60 0 0.000160975779494144
61 0 0.000172663876141788
62 0 0.000191869012675761
63 0 0.000212748764747639
64 0 0.000233633314546733
65 0 0.000259536822839412
66 0 0.000279596223468848
67 0 0.000306348979935533
68 0 0.000343146883615142
69 0 0.000375775668454925
70 0 0.00041678742188056
71 0 0.000465355879566642
72 0 0.000511436168531554
73 0 0.000572633394811173
74 0 0.000638907004019584
75 0 0.00071530745699988
76 0 0.000817835357218133
77 0 0.000906169338493079
78 0 0.00107128965216374
79 0 0.00123333179156593
80 0 0.00144137181793869
81 0 0.00169742421461772
82 0 0.00202489968111841
83 0 0.00244425964020001
84 0 0.00293095585510561
85 0 0.00361519024147328
86 0 0.00441305257039648
87 0 0.00541152856319216
88 0 0.00655364098754263
89 0 0.00805585236563178
90 0 0.00972722757530176
91 0 0.0117770036049560
92 0 0.0144742851538947
93 0 0.0177166779456159
94 0 0.0208214375818879
95 0 0.0247864907348084
96 0 0.0280929406035996
97 0 0.0335204650242096
98 0 0.0381090798517630
99 0 0.0422617518160964
100 0 0.0479571309636243

death 1 M widowed
1 0 0.000113404039220888
2 0 0.0000116674153447516
3 0 0.00000333339444602565
4 0 0.00000250003437562984
5 0 0.00000250003437562984
6 0 0.00000166668194467867
7 0 0.00000166668194467867
8 0 0.00000166668194467867
9 0 0.00000166668194467867
10 0 0.00000166668194467867
11 0 0.00000166668194467867
12 0 0.00000250003437562984
13 0 0.00000166668194467867
14 0 0.00000250003437562984
15 0 0.00000333339444602565
16 0 0.00000416676215586609
17 0 0.00000583352049443597
18 0 0.00000750030939278279
19 0 0.0000100005500421885
20 0 0.0000133343112110884
21 0 0.0000158347123201397
22 0 0.0000166681946396352
23 0 0.0000175016846010179
24 0 0.0000166681946396352
25 0 0.0000166681946396352
26 0 0.0000166681946396352
27 0 0.0000166681946396352
28 0 0.0000150012376423092
29 0 0.0000150012376423092
30 0 0.0000150012376423092
31 0 0.0000158347123201397
32 0 0.0000141677706060328
33 0 0.0000150012376423092
34 0 0.0000158347123201397
35 0 0.0000158347123201397
36 0 0.0000175016846010179
37 0 0.0000191686874497776
38 0 0.0000191686874497776
39 0 0.0000216692490401238
40 0 0.0000233363283135279
41 0 0.0000250034381590325
42 0 0.0000275041602521009
43 0 0.0000300049511388067
44 0 0.0000341730888351321
45 0 0.0000366740631904117
46 0 0.0000408425066913409
47 0 0.0000441773991204375
48 0 0.0000483461867075707
49 0 0.0000541828105240505
50 0 0.0000591859292243813
51 0 0.0000650232490866376
52 0 0.0000741969376999441
53 0 0.000080869292772956
54 0 0.0000925470927749528
55 0 0.000100055042203562
56 0 0.000109232267063164
57 0 0.000120913711624038
58 0 0.000135934917957492
59 0 0.000143446452102070
60 0 0.000160975779494144
61 0 0.000172663876141788
62 0 0.000191869012675761
63 0 0.000212748764747639
64 0 0.000233633314546733
65 0 0.000259536822839412
66 0 0.000279596223468848
67 0 0.000306348979935533
68 0 0.000343146883615142
69 0 0.000375775668454925
70 0 0.00041678742188056
71 0 0.000465355879566642
72 0 0.000511436168531554
73 0 0.000572633394811173
74 0 0.000638907004019584
75 0 0.00071530745699988
76 0 0.000817835357218133
77 0 0.000906169338493079
78 0 0.00107128965216374
79 0 0.00123333179156593
80 0 0.00144137181793869
81 0 0.00169742421461772
82 0 0.00202489968111841
83 0 0.00244425964020001
84 0 0.00293095585510561
85 0 0.00361519024147328
86 0 0.00441305257039648
87 0 0.00541152856319216
88 0 0.00655364098754263
89 0 0.00805585236563178
90 0 0.00972722757530176
91 0 0.0117770036049560
92 0 0.0144742851538947
93 0 0.0177166779456159
94 0 0.0208214375818879
95 0 0.0247864907348084
96 0 0.0280929406035996
97 0 0.0335204650242096
98 0 0.0381090798517630
99 0 0.0422617518160964
100 0 0.0479571309636243

death 1 F married
1 0 0.000112569669472262
2 0 0.000012500859457365
3 0 0.00000416676215586609
4 0 0.00000250003437562984
5 0 0.00000250003437562984
6 0 0.00000250003437562984
7 0 0.00000166668194467867
8 0 0.00000166668194467867
9 0 0.00000166668194467867
10 0 0.00000166668194467867
11 0 0.00000166668194467867
12 0 0.00000166668194467867
13 0 0.00000166668194467867
14 0 0.00000166668194467867
15 0 0.00000250003437562984
16 0 0.00000333339444602565
17 0 0.00000416676215586609
18 0 0.00000416676215586609
19 0 0.00000500013750526218
20 0 0.00000583352049443597
21 0 0.00000666691112360951
22 0 0.00000666691112360951
23 0 0.00000666691112360951
24 0 0.00000666691112360951
25 0 0.00000583352049443597
26 0 0.00000583352049443597
27 0 0.00000666691112360951
28 0 0.00000583352049443597
29 0 0.00000583352049443597
30 0 0.00000666691112360951
31 0 0.00000666691112360951
32 0 0.00000750030939278279
33 0 0.00000750030939278279
34 0 0.00000833371530217786
35 0 0.00000833371530217786
36 0 0.0000100005500421885
37 0 0.0000116674153447516
38 0 0.0000116674153447516
39 0 0.000012500859457365
40 0 0.0000133343112110884
41 0 0.0000141677706060328
42 0 0.0000150012376423092
43 0 0.0000183351822042876
44 0 0.0000200022003373768
45 0 0.0000225027848553827
46 0 0.0000266705785775256
47 0 0.0000308385633891461
48 0 0.0000358403974268784
49 0 0.0000450111413439203
50 0 0.0000533489841776369
51 0 0.0000633554051622243
52 0 0.0000741969376999441
53 0 0.000080869292772956
54 0 0.000087542137645058
55 0 0.0000983865554056162
56 0 0.000110066606177961
57 0 0.000125086019946985
58 0 0.000136769502209200
59 0 0.000150958607041618
60 0 0.000162645415570539
61 0 0.000184353475969790
62 0 0.000203561082892323
63 0 0.000216089970248357
64 0 0.000240317384138877
65 0 0.000259536822839412
66 0 0.000289627584302288
67 0 0.000311365998618696
68 0 0.000340637462264981
69 0 0.000373265345959606
70 0 0.000404230837609543
71 0 0.000454467588553054
72 0 0.000498866499248907
73 0 0.000550832396190359
74 0 0.00061457310079549
75 0 0.000689273712680905
76 0 0.000769078154643887
77 0 0.000864936123149307
78 0 0.000984479815237416
79 0 0.00110924234257193
80 0 0.00127726801547789
81 0 0.00146423454079936
82 0 0.00169742421461772
83 0 0.00192270257045746
84 0 0.00223391026302888
85 0 0.00258562150459074
86 0 0.00319211748690218
87 0 0.00389747058188950
88 0 0.00474260610757615
89 0 0.00578026820901789
90 0 0.00699727357312507
91 0 0.00834689105721642
92 0 0.0101942583043453
93 0 0.0119718260315865
94 0 0.0141949278504022
95 0 0.0164555774492727
96 0 0.0193329817602478
97 0 0.0224046785303441
98 0 0.0262672244037162
99 0 0.030269804753575
100 0 0.0333472413107397

death 1 F single
1 0 0.000112569669472262
2 0 0.000012500859457365
3 0 0.00000416676215586609
4 0 0.00000250003437562984
5 0 0.00000250003437562984
6 0 0.00000250003437562984
7 0 0.00000166668194467867
8 0 0.00000166668194467867
9 0 0.00000166668194467867
10 0 0.00000166668194467867
11 0 0.00000166668194467867
12 0 0.00000166668194467867
13 0 0.00000166668194467867
14 0 0.00000166668194467867
15 0 0.00000250003437562984
16 0 0.00000333339444602565
17 0 0.00000416676215586609
18 0 0.00000416676215586609
19 0 0.00000500013750526218
20 0 0.00000583352049443597
21 0 0.00000666691112360951
22 0 0.00000666691112360951
23 0 0.00000666691112360951
24 0 0.00000666691112360951
25 0 0.00000583352049443597
26 0 0.00000583352049443597
27 0 0.00000666691112360951
28 0 0.00000583352049443597
29 0 0.00000583352049443597
30 0 0.00000666691112360951
31 0 0.00000666691112360951
32 0 0.00000750030939278279
33 0 0.00000750030939278279
34 0 0.00000833371530217786
35 0 0.00000833371530217786
36 0 0.0000100005500421885
37 0 0.0000116674153447516
38 0 0.0000116674153447516
39 0 0.000012500859457365
40 0 0.0000133343112110884
41 0 0.0000141677706060328
42 0 0.0000150012376423092
43 0 0.0000183351822042876
44 0 0.0000200022003373768
45 0 0.0000225027848553827
46 0 0.0000266705785775256
47 0 0.0000308385633891461
48 0 0.0000358403974268784
49 0 0.0000450111413439203
50 0 0.0000533489841776369
51 0 0.0000633554051622243
52 0 0.0000741969376999441
53 0 0.000080869292772956
54 0 0.000087542137645058
55 0 0.0000983865554056162
56 0 0.000110066606177961
57 0 0.000125086019946985
58 0 0.000136769502209200
59 0 0.000150958607041618
60 0 0.000162645415570539
61 0 0.000184353475969790
62 0 0.000203561082892323
63 0 0.000216089970248357
64 0 0.000240317384138877
65 0 0.000259536822839412
66 0 0.000289627584302288
67 0 0.000311365998618696
68 0 0.000340637462264981
69 0 0.000373265345959606
70 0 0.000404230837609543
71 0 0.000454467588553054
72 0 0.000498866499248907
73 0 0.000550832396190359
74 0 0.00061457310079549
75 0 0.000689273712680905
76 0 0.000769078154643887
77 0 0.000864936123149307
78 0 0.000984479815237416
79 0 0.00110924234257193
80 0 0.00127726801547789
81 0 0.00146423454079936
82 0 0.00169742421461772
83 0 0.00192270257045746
84 0 0.00223391026302888
85 0 0.00258562150459074
86 0 0.00319211748690218
87 0 0.00389747058188950
88 0 0.00474260610757615
89 0 0.00578026820901789
90 0 0.00699727357312507
91 0 0.00834689105721642
92 0 0.0101942583043453
93 0 0.0119718260315865
94 0 0.0141949278504022
95 0 0.0164555774492727
96 0 0.0193329817602478
97 0 0.0224046785303441
98 0 0.0262672244037162
99 0 0.030269804753575
100 0 0.0333472413107397

death 1 F divorced
1 0 0.000112569669472262
2 0 0.000012500859457365
3 0 0.00000416676215586609
4 0 0.00000250003437562984
5 0 0.00000250003437562984
6 0 0.00000250003437562984
7 0 0.00000166668194467867
8 0 0.00000166668194467867
9 0 0.00000166668194467867
10 0 0.00000166668194467867
11 0 0.00000166668194467867
12 0 0.00000166668194467867
13 0 0.00000166668194467867
14 0 0.00000166668194467867
15 0 0.00000250003437562984
16 0 0.00000333339444602565
17 0 0.00000416676215586609
18 0 0.00000416676215586609
19 0 0.00000500013750526218
20 0 0.00000583352049443597
21 0 0.00000666691112360951
22 0 0.00000666691112360951
23 0 0.00000666691112360951
24 0 0.00000666691112360951
25 0 0.00000583352049443597
26 0 0.00000583352049443597
27 0 0.00000666691112360951
28 0 0.00000583352049443597
29 0 0.00000583352049443597
30 0 0.00000666691112360951
31 0 0.00000666691112360951
32 0 0.00000750030939278279
33 0 0.00000750030939278279
34 0 0.00000833371530217786
35 0 0.00000833371530217786
36 0 0.0000100005500421885
37 0 0.0000116674153447516
38 0 0.0000116674153447516
39 0 0.000012500859457365
40 0 0.0000133343112110884
41 0 0.0000141677706060328
42 0 0.0000150012376423092
43 0 0.0000183351822042876
44 0 0.0000200022003373768
45 0 0.0000225027848553827
46 0 0.0000266705785775256
47 0 0.0000308385633891461
48 0 0.0000358403974268784
49 0 0.0000450111413439203
50 0 0.0000533489841776369
51 0 0.0000633554051622243
52 0 0.0000741969376999441
53 0 0.000080869292772956
54 0 0.000087542137645058
55 0 0.0000983865554056162
56 0 0.000110066606177961
57 0 0.000125086019946985
58 0 0.000136769502209200
59 0 0.000150958607041618
60 0 0.000162645415570539
61 0 0.000184353475969790
62 0 0.000203561082892323
63 0 0.000216089970248357
64 0 0.000240317384138877
65 0 0.000259536822839412
66 0 0.000289627584302288
67 0 0.000311365998618696
68 0 0.000340637462264981
69 0 0.000373265345959606
70 0 0.000404230837609543
71 0 0.000454467588553054
72 0 0.000498866499248907
73 0 0.000550832396190359
74 0 0.00061457310079549
75 0 0.000689273712680905
76 0 0.000769078154643887
77 0 0.000864936123149307
78 0 0.000984479815237416
79 0 0.00110924234257193
80 0 0.00127726801547789
81 0 0.00146423454079936
82 0 0.00169742421461772
83 0 0.00192270257045746
84 0 0.00223391026302888
85 0 0.00258562150459074
86 0 0.00319211748690218
87 0 0.00389747058188950
88 0 0.00474260610757615
89 0 0.00578026820901789
90 0 0.00699727357312507
91 0 0.00834689105721642
92 0 0.0101942583043453
93 0 0.0119718260315865
94 0 0.0141949278504022
95 0 0.0164555774492727
96 0 0.0193329817602478
97 0 0.0224046785303441
98 0 0.0262672244037162
99 0 0.030269804753575
100 0 0.0333472413107397

death 1 F widowed
1 0 0.000112569669472262
2 0 0.000012500859457365
3 0 0.00000416676215586609
4 0 0.00000250003437562984
5 0 0.00000250003437562984
6 0 0.00000250003437562984
7 0 0.00000166668194467867
8 0 0.00000166668194467867
9 0 0.00000166668194467867
10 0 0.00000166668194467867
11 0 0.00000166668194467867
12 0 0.00000166668194467867
13 0 0.00000166668194467867
14 0 0.00000166668194467867
15 0 0.00000250003437562984
16 0 0.00000333339444602565
17 0 0.00000416676215586609
18 0 0.00000416676215586609
19 0 0.00000500013750526218
20 0 0.00000583352049443597
21 0 0.00000666691112360951
22 0 0.00000666691112360951
23 0 0.00000666691112360951
24 0 0.00000666691112360951
25 0 0.00000583352049443597
26 0 0.00000583352049443597
27 0 0.00000666691112360951
28 0 0.00000583352049443597
29 0 0.00000583352049443597
30 0 0.00000666691112360951
31 0 0.00000666691112360951
32 0 0.00000750030939278279
33 0 0.00000750030939278279
34 0 0.00000833371530217786
35 0 0.00000833371530217786
36 0 0.0000100005500421885
37 0 0.0000116674153447516
38 0 0.0000116674153447516
39 0 0.000012500859457365
40 0 0.0000133343112110884
41 0 0.0000141677706060328
42 0 0.0000150012376423092
43 0 0.0000183351822042876
44 0 0.0000200022003373768
45 0 0.0000225027848553827
46 0 0.0000266705785775256
47 0 0.0000308385633891461
48 0 0.0000358403974268784
49 0 0.0000450111413439203
50 0 0.0000533489841776369
51 0 0.0000633554051622243
52 0 0.0000741969376999441
53 0 0.000080869292772956
54 0 0.000087542137645058
55 0 0.0000983865554056162
56 0 0.000110066606177961
57 0 0.000125086019946985
58 0 0.000136769502209200
59 0 0.000150958607041618
60 0 0.000162645415570539
61 0 0.000184353475969790
62 0 0.000203561082892323
63 0 0.000216089970248357
64 0 0.000240317384138877
65 0 0.000259536822839412
66 0 0.000289627584302288
67 0 0.000311365998618696
68 0 0.000340637462264981
69 0 0.000373265345959606
70 0 0.000404230837609543
71 0 0.000454467588553054
72 0 0.000498866499248907
73 0 0.000550832396190359
74 0 0.00061457310079549
75 0 0.000689273712680905
76 0 0.000769078154643887
77 0 0.000864936123149307
78 0 0.000984479815237416
79 0 0.00110924234257193
80 0 0.00127726801547789
81 0 0.00146423454079936
82 0 0.00169742421461772
83 0 0.00192270257045746
84 0 0.00223391026302888
85 0 0.00258562150459074
86 0 0.00319211748690218
87 0 0.00389747058188950
88 0 0.00474260610757615
89 0 0.00578026820901789
90 0 0.00699727357312507
91 0 0.00834689105721642
92 0 0.0101942583043453
93 0 0.0119718260315865
94 0 0.0141949278504022
95 0 0.0164555774492727
96 0 0.0193329817602478
97 0 0.0224046785303441
98 0 0.0262672244037162
99 0 0.030269804753575
100 0 0.0333472413107397
