*Period monthly mortality rates for SWE in 1902 
* Mon Dec 20 14:20:31 2010
death 1 M married
1 0 0.00880055503285626
2 0 0.00232842161751357
3 0 0.0011152318827502
4 0 0.000830028748177725
5 0 0.000558965233941389
6 0 0.000497944791930771
7 0 0.000406239774500827
8 0 0.000369165301674523
9 0 0.000381549673372117
10 0 0.000267225736466314
11 0 0.000283775822591648
12 0 0.000268980905766991
13 0 0.000251597866353981
14 0 0.000252015688880669
15 0 0.000241487146857899
16 0 0.000277422907885350
17 0 0.000360882103110804
18 0 0.000385566588833153
19 0 0.000413187690319172
20 0 0.000488393102957008
21 0 0.000571878657448566
22 0 0.000555192177450925
23 0 0.000566763380568935
24 0 0.00056567327682111
25 0 0.000497861000819944
26 0 0.000526186797908279
27 0 0.000565924838063614
28 0 0.000539430880311498
29 0 0.000547562697526871
30 0 0.000503223787689078
31 0 0.000509424904592382
32 0 0.000446260354654338
33 0 0.00052610298074951
34 0 0.000540520669252476
35 0 0.00052962336799478
36 0 0.000546137481085895
37 0 0.000564080071792761
38 0 0.000551838480990274
39 0 0.000610965525099871
40 0 0.000587981081133226
41 0 0.000662995595820726
42 0 0.000595781718671473
43 0 0.000664506591455449
44 0 0.000683983896020313
45 0 0.000727403089299195
46 0 0.000780256373279054
47 0 0.000751767237535117
48 0 0.000890767804740733
49 0 0.000882016184227008
50 0 0.000993999561457626
51 0 0.00112484971740834
52 0 0.000960221610764922
53 0 0.00126349341127274
54 0 0.00118156503223865
55 0 0.00109456542136555
56 0 0.00128783277824551
57 0 0.00134896349707969
58 0 0.00154090902527082
59 0 0.00161493379215794
60 0 0.00165260530072298
61 0 0.00184213320275040
62 0 0.00194057875715459
63 0 0.00214589650437624
64 0 0.00236194296541792
65 0 0.00241627043325354
66 0 0.00261880921753099
67 0 0.00277238542845148
68 0 0.00343905925183396
69 0 0.00335427813460121
70 0 0.0035400349441278
71 0 0.00385737661188734
72 0 0.00450951554144319
73 0 0.00472908483761691
74 0 0.00587580058148307
75 0 0.005598812802463
76 0 0.00672401105731468
77 0 0.00803581531616337
78 0 0.00791459507298853
79 0 0.00947731185606138
80 0 0.0103992320367522
81 0 0.0126341428553743
82 0 0.0125296391916228
83 0 0.0141435467576514
84 0 0.0164291761814519
85 0 0.0187488007529034
86 0 0.0182916681615984
87 0 0.0216055085413746
88 0 0.0236053681319146
89 0 0.0266128824980917
90 0 0.0298918789304724
91 0 0.0373756870567975
92 0 0.0348695502119080
93 0 0.0448025499131074
94 0 0.0523962875215312
95 0 0.0488319307433376
96 0 0.0815278311459124
97 0 0.0502785323005166
98 0 0.0919486265573692
99 0 0.0698596484106833
100 0 0.149694228000247

death 1 M single
1 0 0.00880055503285626
2 0 0.00232842161751357
3 0 0.0011152318827502
4 0 0.000830028748177725
5 0 0.000558965233941389
6 0 0.000497944791930771
7 0 0.000406239774500827
8 0 0.000369165301674523
9 0 0.000381549673372117
10 0 0.000267225736466314
11 0 0.000283775822591648
12 0 0.000268980905766991
13 0 0.000251597866353981
14 0 0.000252015688880669
15 0 0.000241487146857899
16 0 0.000277422907885350
17 0 0.000360882103110804
18 0 0.000385566588833153
19 0 0.000413187690319172
20 0 0.000488393102957008
21 0 0.000571878657448566
22 0 0.000555192177450925
23 0 0.000566763380568935
24 0 0.00056567327682111
25 0 0.000497861000819944
26 0 0.000526186797908279
27 0 0.000565924838063614
28 0 0.000539430880311498
29 0 0.000547562697526871
30 0 0.000503223787689078
31 0 0.000509424904592382
32 0 0.000446260354654338
33 0 0.00052610298074951
34 0 0.000540520669252476
35 0 0.00052962336799478
36 0 0.000546137481085895
37 0 0.000564080071792761
38 0 0.000551838480990274
39 0 0.000610965525099871
40 0 0.000587981081133226
41 0 0.000662995595820726
42 0 0.000595781718671473
43 0 0.000664506591455449
44 0 0.000683983896020313
45 0 0.000727403089299195
46 0 0.000780256373279054
47 0 0.000751767237535117
48 0 0.000890767804740733
49 0 0.000882016184227008
50 0 0.000993999561457626
51 0 0.00112484971740834
52 0 0.000960221610764922
53 0 0.00126349341127274
54 0 0.00118156503223865
55 0 0.00109456542136555
56 0 0.00128783277824551
57 0 0.00134896349707969
58 0 0.00154090902527082
59 0 0.00161493379215794
60 0 0.00165260530072298
61 0 0.00184213320275040
62 0 0.00194057875715459
63 0 0.00214589650437624
64 0 0.00236194296541792
65 0 0.00241627043325354
66 0 0.00261880921753099
67 0 0.00277238542845148
68 0 0.00343905925183396
69 0 0.00335427813460121
70 0 0.0035400349441278
71 0 0.00385737661188734
72 0 0.00450951554144319
73 0 0.00472908483761691
74 0 0.00587580058148307
75 0 0.005598812802463
76 0 0.00672401105731468
77 0 0.00803581531616337
78 0 0.00791459507298853
79 0 0.00947731185606138
80 0 0.0103992320367522
81 0 0.0126341428553743
82 0 0.0125296391916228
83 0 0.0141435467576514
84 0 0.0164291761814519
85 0 0.0187488007529034
86 0 0.0182916681615984
87 0 0.0216055085413746
88 0 0.0236053681319146
89 0 0.0266128824980917
90 0 0.0298918789304724
91 0 0.0373756870567975
92 0 0.0348695502119080
93 0 0.0448025499131074
94 0 0.0523962875215312
95 0 0.0488319307433376
96 0 0.0815278311459124
97 0 0.0502785323005166
98 0 0.0919486265573692
99 0 0.0698596484106833
100 0 0.149694228000247

death 1 M divorced
1 0 0.00880055503285626
2 0 0.00232842161751357
3 0 0.0011152318827502
4 0 0.000830028748177725
5 0 0.000558965233941389
6 0 0.000497944791930771
7 0 0.000406239774500827
8 0 0.000369165301674523
9 0 0.000381549673372117
10 0 0.000267225736466314
11 0 0.000283775822591648
12 0 0.000268980905766991
13 0 0.000251597866353981
14 0 0.000252015688880669
15 0 0.000241487146857899
16 0 0.000277422907885350
17 0 0.000360882103110804
18 0 0.000385566588833153
19 0 0.000413187690319172
20 0 0.000488393102957008
21 0 0.000571878657448566
22 0 0.000555192177450925
23 0 0.000566763380568935
24 0 0.00056567327682111
25 0 0.000497861000819944
26 0 0.000526186797908279
27 0 0.000565924838063614
28 0 0.000539430880311498
29 0 0.000547562697526871
30 0 0.000503223787689078
31 0 0.000509424904592382
32 0 0.000446260354654338
33 0 0.00052610298074951
34 0 0.000540520669252476
35 0 0.00052962336799478
36 0 0.000546137481085895
37 0 0.000564080071792761
38 0 0.000551838480990274
39 0 0.000610965525099871
40 0 0.000587981081133226
41 0 0.000662995595820726
42 0 0.000595781718671473
43 0 0.000664506591455449
44 0 0.000683983896020313
45 0 0.000727403089299195
46 0 0.000780256373279054
47 0 0.000751767237535117
48 0 0.000890767804740733
49 0 0.000882016184227008
50 0 0.000993999561457626
51 0 0.00112484971740834
52 0 0.000960221610764922
53 0 0.00126349341127274
54 0 0.00118156503223865
55 0 0.00109456542136555
56 0 0.00128783277824551
57 0 0.00134896349707969
58 0 0.00154090902527082
59 0 0.00161493379215794
60 0 0.00165260530072298
61 0 0.00184213320275040
62 0 0.00194057875715459
63 0 0.00214589650437624
64 0 0.00236194296541792
65 0 0.00241627043325354
66 0 0.00261880921753099
67 0 0.00277238542845148
68 0 0.00343905925183396
69 0 0.00335427813460121
70 0 0.0035400349441278
71 0 0.00385737661188734
72 0 0.00450951554144319
73 0 0.00472908483761691
74 0 0.00587580058148307
75 0 0.005598812802463
76 0 0.00672401105731468
77 0 0.00803581531616337
78 0 0.00791459507298853
79 0 0.00947731185606138
80 0 0.0103992320367522
81 0 0.0126341428553743
82 0 0.0125296391916228
83 0 0.0141435467576514
84 0 0.0164291761814519
85 0 0.0187488007529034
86 0 0.0182916681615984
87 0 0.0216055085413746
88 0 0.0236053681319146
89 0 0.0266128824980917
90 0 0.0298918789304724
91 0 0.0373756870567975
92 0 0.0348695502119080
93 0 0.0448025499131074
94 0 0.0523962875215312
95 0 0.0488319307433376
96 0 0.0815278311459124
97 0 0.0502785323005166
98 0 0.0919486265573692
99 0 0.0698596484106833
100 0 0.149694228000247

death 1 M widowed
1 0 0.00880055503285626
2 0 0.00232842161751357
3 0 0.0011152318827502
4 0 0.000830028748177725
5 0 0.000558965233941389
6 0 0.000497944791930771
7 0 0.000406239774500827
8 0 0.000369165301674523
9 0 0.000381549673372117
10 0 0.000267225736466314
11 0 0.000283775822591648
12 0 0.000268980905766991
13 0 0.000251597866353981
14 0 0.000252015688880669
15 0 0.000241487146857899
16 0 0.000277422907885350
17 0 0.000360882103110804
18 0 0.000385566588833153
19 0 0.000413187690319172
20 0 0.000488393102957008
21 0 0.000571878657448566
22 0 0.000555192177450925
23 0 0.000566763380568935
24 0 0.00056567327682111
25 0 0.000497861000819944
26 0 0.000526186797908279
27 0 0.000565924838063614
28 0 0.000539430880311498
29 0 0.000547562697526871
30 0 0.000503223787689078
31 0 0.000509424904592382
32 0 0.000446260354654338
33 0 0.00052610298074951
34 0 0.000540520669252476
35 0 0.00052962336799478
36 0 0.000546137481085895
37 0 0.000564080071792761
38 0 0.000551838480990274
39 0 0.000610965525099871
40 0 0.000587981081133226
41 0 0.000662995595820726
42 0 0.000595781718671473
43 0 0.000664506591455449
44 0 0.000683983896020313
45 0 0.000727403089299195
46 0 0.000780256373279054
47 0 0.000751767237535117
48 0 0.000890767804740733
49 0 0.000882016184227008
50 0 0.000993999561457626
51 0 0.00112484971740834
52 0 0.000960221610764922
53 0 0.00126349341127274
54 0 0.00118156503223865
55 0 0.00109456542136555
56 0 0.00128783277824551
57 0 0.00134896349707969
58 0 0.00154090902527082
59 0 0.00161493379215794
60 0 0.00165260530072298
61 0 0.00184213320275040
62 0 0.00194057875715459
63 0 0.00214589650437624
64 0 0.00236194296541792
65 0 0.00241627043325354
66 0 0.00261880921753099
67 0 0.00277238542845148
68 0 0.00343905925183396
69 0 0.00335427813460121
70 0 0.0035400349441278
71 0 0.00385737661188734
72 0 0.00450951554144319
73 0 0.00472908483761691
74 0 0.00587580058148307
75 0 0.005598812802463
76 0 0.00672401105731468
77 0 0.00803581531616337
78 0 0.00791459507298853
79 0 0.00947731185606138
80 0 0.0103992320367522
81 0 0.0126341428553743
82 0 0.0125296391916228
83 0 0.0141435467576514
84 0 0.0164291761814519
85 0 0.0187488007529034
86 0 0.0182916681615984
87 0 0.0216055085413746
88 0 0.0236053681319146
89 0 0.0266128824980917
90 0 0.0298918789304724
91 0 0.0373756870567975
92 0 0.0348695502119080
93 0 0.0448025499131074
94 0 0.0523962875215312
95 0 0.0488319307433376
96 0 0.0815278311459124
97 0 0.0502785323005166
98 0 0.0919486265573692
99 0 0.0698596484106833
100 0 0.149694228000247

death 1 F married
1 0 0.00704391865535814
2 0 0.0021082755540206
3 0 0.00115522851633665
4 0 0.000774625068649892
5 0 0.000645537024638099
6 0 0.000501966856118252
7 0 0.000418545482144705
8 0 0.000347162101910437
9 0 0.000358204867048073
10 0 0.000305930907546714
11 0 0.000281017265604366
12 0 0.000328425934119081
13 0 0.000272658513264967
14 0 0.000348918815701094
15 0 0.000330015012718121
16 0 0.000362220750719677
17 0 0.000417122287880045
18 0 0.00041921522833499
19 0 0.000425912961744546
20 0 0.000398790189875542
21 0 0.000422564033331740
22 0 0.000446762817060131
23 0 0.000433029844445487
24 0 0.00048520942974728
25 0 0.000450531373667462
26 0 0.000559300624323411
27 0 0.000477418279000164
28 0 0.000505234914368824
29 0 0.000547059677406758
30 0 0.000496604143430779
31 0 0.000568692057701714
32 0 0.000523337057882545
33 0 0.000510514333699752
34 0 0.000471805713402773
35 0 0.000558629844797487
36 0 0.000541694302730322
37 0 0.000571543220633131
38 0 0.000603499137427632
39 0 0.000575736269838756
40 0 0.000593684707274944
41 0 0.000572465674855471
42 0 0.000547730371519117
43 0 0.000624725419770988
44 0 0.000647803091996413
45 0 0.000620781822279648
46 0 0.000685831098584555
47 0 0.000682136731014693
48 0 0.000761934900728956
49 0 0.000616922296864275
50 0 0.000831374326078604
51 0 0.000826748985550019
52 0 0.000839532318859582
53 0 0.000890347034458117
54 0 0.000976224560032435
55 0 0.00104186614937285
56 0 0.00100646941118465
57 0 0.00102551451289734
58 0 0.00115987061682765
59 0 0.00123620389513901
60 0 0.00132689081347392
61 0 0.00153506084404120
62 0 0.0015487071864142
63 0 0.00163300398348987
64 0 0.00173793306768677
65 0 0.00214120369745519
66 0 0.00235869290464175
67 0 0.00229457078997186
68 0 0.00268101529550624
69 0 0.00310955044425631
70 0 0.00317666819197016
71 0 0.00363158185763679
72 0 0.00359229898001345
73 0 0.00459538576933083
74 0 0.00494223592261056
75 0 0.0052200412062543
76 0 0.00591635460345064
77 0 0.00667753091734791
78 0 0.00811197980162892
79 0 0.00812674639220434
80 0 0.00940839901818225
81 0 0.0104510396164482
82 0 0.0114725025320608
83 0 0.0120334017198988
84 0 0.0143558915175694
85 0 0.0168057306291474
86 0 0.0181622014559935
87 0 0.0210121769817877
88 0 0.0201843684995227
89 0 0.0219161055214019
90 0 0.0246354929713622
91 0 0.0270288091033811
92 0 0.0310653313782636
93 0 0.0362896214179321
94 0 0.0469730192177604
95 0 0.0374151011782617
96 0 0.0252609067304195
97 0 0.0699983888081993
98 0 0.0337934698886764
99 0 0.0537745694934831
100 0 0.0874853212824371

death 1 F single
1 0 0.00704391865535814
2 0 0.0021082755540206
3 0 0.00115522851633665
4 0 0.000774625068649892
5 0 0.000645537024638099
6 0 0.000501966856118252
7 0 0.000418545482144705
8 0 0.000347162101910437
9 0 0.000358204867048073
10 0 0.000305930907546714
11 0 0.000281017265604366
12 0 0.000328425934119081
13 0 0.000272658513264967
14 0 0.000348918815701094
15 0 0.000330015012718121
16 0 0.000362220750719677
17 0 0.000417122287880045
18 0 0.00041921522833499
19 0 0.000425912961744546
20 0 0.000398790189875542
21 0 0.000422564033331740
22 0 0.000446762817060131
23 0 0.000433029844445487
24 0 0.00048520942974728
25 0 0.000450531373667462
26 0 0.000559300624323411
27 0 0.000477418279000164
28 0 0.000505234914368824
29 0 0.000547059677406758
30 0 0.000496604143430779
31 0 0.000568692057701714
32 0 0.000523337057882545
33 0 0.000510514333699752
34 0 0.000471805713402773
35 0 0.000558629844797487
36 0 0.000541694302730322
37 0 0.000571543220633131
38 0 0.000603499137427632
39 0 0.000575736269838756
40 0 0.000593684707274944
41 0 0.000572465674855471
42 0 0.000547730371519117
43 0 0.000624725419770988
44 0 0.000647803091996413
45 0 0.000620781822279648
46 0 0.000685831098584555
47 0 0.000682136731014693
48 0 0.000761934900728956
49 0 0.000616922296864275
50 0 0.000831374326078604
51 0 0.000826748985550019
52 0 0.000839532318859582
53 0 0.000890347034458117
54 0 0.000976224560032435
55 0 0.00104186614937285
56 0 0.00100646941118465
57 0 0.00102551451289734
58 0 0.00115987061682765
59 0 0.00123620389513901
60 0 0.00132689081347392
61 0 0.00153506084404120
62 0 0.0015487071864142
63 0 0.00163300398348987
64 0 0.00173793306768677
65 0 0.00214120369745519
66 0 0.00235869290464175
67 0 0.00229457078997186
68 0 0.00268101529550624
69 0 0.00310955044425631
70 0 0.00317666819197016
71 0 0.00363158185763679
72 0 0.00359229898001345
73 0 0.00459538576933083
74 0 0.00494223592261056
75 0 0.0052200412062543
76 0 0.00591635460345064
77 0 0.00667753091734791
78 0 0.00811197980162892
79 0 0.00812674639220434
80 0 0.00940839901818225
81 0 0.0104510396164482
82 0 0.0114725025320608
83 0 0.0120334017198988
84 0 0.0143558915175694
85 0 0.0168057306291474
86 0 0.0181622014559935
87 0 0.0210121769817877
88 0 0.0201843684995227
89 0 0.0219161055214019
90 0 0.0246354929713622
91 0 0.0270288091033811
92 0 0.0310653313782636
93 0 0.0362896214179321
94 0 0.0469730192177604
95 0 0.0374151011782617
96 0 0.0252609067304195
97 0 0.0699983888081993
98 0 0.0337934698886764
99 0 0.0537745694934831
100 0 0.0874853212824371

death 1 F divorced
1 0 0.00704391865535814
2 0 0.0021082755540206
3 0 0.00115522851633665
4 0 0.000774625068649892
5 0 0.000645537024638099
6 0 0.000501966856118252
7 0 0.000418545482144705
8 0 0.000347162101910437
9 0 0.000358204867048073
10 0 0.000305930907546714
11 0 0.000281017265604366
12 0 0.000328425934119081
13 0 0.000272658513264967
14 0 0.000348918815701094
15 0 0.000330015012718121
16 0 0.000362220750719677
17 0 0.000417122287880045
18 0 0.00041921522833499
19 0 0.000425912961744546
20 0 0.000398790189875542
21 0 0.000422564033331740
22 0 0.000446762817060131
23 0 0.000433029844445487
24 0 0.00048520942974728
25 0 0.000450531373667462
26 0 0.000559300624323411
27 0 0.000477418279000164
28 0 0.000505234914368824
29 0 0.000547059677406758
30 0 0.000496604143430779
31 0 0.000568692057701714
32 0 0.000523337057882545
33 0 0.000510514333699752
34 0 0.000471805713402773
35 0 0.000558629844797487
36 0 0.000541694302730322
37 0 0.000571543220633131
38 0 0.000603499137427632
39 0 0.000575736269838756
40 0 0.000593684707274944
41 0 0.000572465674855471
42 0 0.000547730371519117
43 0 0.000624725419770988
44 0 0.000647803091996413
45 0 0.000620781822279648
46 0 0.000685831098584555
47 0 0.000682136731014693
48 0 0.000761934900728956
49 0 0.000616922296864275
50 0 0.000831374326078604
51 0 0.000826748985550019
52 0 0.000839532318859582
53 0 0.000890347034458117
54 0 0.000976224560032435
55 0 0.00104186614937285
56 0 0.00100646941118465
57 0 0.00102551451289734
58 0 0.00115987061682765
59 0 0.00123620389513901
60 0 0.00132689081347392
61 0 0.00153506084404120
62 0 0.0015487071864142
63 0 0.00163300398348987
64 0 0.00173793306768677
65 0 0.00214120369745519
66 0 0.00235869290464175
67 0 0.00229457078997186
68 0 0.00268101529550624
69 0 0.00310955044425631
70 0 0.00317666819197016
71 0 0.00363158185763679
72 0 0.00359229898001345
73 0 0.00459538576933083
74 0 0.00494223592261056
75 0 0.0052200412062543
76 0 0.00591635460345064
77 0 0.00667753091734791
78 0 0.00811197980162892
79 0 0.00812674639220434
80 0 0.00940839901818225
81 0 0.0104510396164482
82 0 0.0114725025320608
83 0 0.0120334017198988
84 0 0.0143558915175694
85 0 0.0168057306291474
86 0 0.0181622014559935
87 0 0.0210121769817877
88 0 0.0201843684995227
89 0 0.0219161055214019
90 0 0.0246354929713622
91 0 0.0270288091033811
92 0 0.0310653313782636
93 0 0.0362896214179321
94 0 0.0469730192177604
95 0 0.0374151011782617
96 0 0.0252609067304195
97 0 0.0699983888081993
98 0 0.0337934698886764
99 0 0.0537745694934831
100 0 0.0874853212824371

death 1 F widowed
1 0 0.00704391865535814
2 0 0.0021082755540206
3 0 0.00115522851633665
4 0 0.000774625068649892
5 0 0.000645537024638099
6 0 0.000501966856118252
7 0 0.000418545482144705
8 0 0.000347162101910437
9 0 0.000358204867048073
10 0 0.000305930907546714
11 0 0.000281017265604366
12 0 0.000328425934119081
13 0 0.000272658513264967
14 0 0.000348918815701094
15 0 0.000330015012718121
16 0 0.000362220750719677
17 0 0.000417122287880045
18 0 0.00041921522833499
19 0 0.000425912961744546
20 0 0.000398790189875542
21 0 0.000422564033331740
22 0 0.000446762817060131
23 0 0.000433029844445487
24 0 0.00048520942974728
25 0 0.000450531373667462
26 0 0.000559300624323411
27 0 0.000477418279000164
28 0 0.000505234914368824
29 0 0.000547059677406758
30 0 0.000496604143430779
31 0 0.000568692057701714
32 0 0.000523337057882545
33 0 0.000510514333699752
34 0 0.000471805713402773
35 0 0.000558629844797487
36 0 0.000541694302730322
37 0 0.000571543220633131
38 0 0.000603499137427632
39 0 0.000575736269838756
40 0 0.000593684707274944
41 0 0.000572465674855471
42 0 0.000547730371519117
43 0 0.000624725419770988
44 0 0.000647803091996413
45 0 0.000620781822279648
46 0 0.000685831098584555
47 0 0.000682136731014693
48 0 0.000761934900728956
49 0 0.000616922296864275
50 0 0.000831374326078604
51 0 0.000826748985550019
52 0 0.000839532318859582
53 0 0.000890347034458117
54 0 0.000976224560032435
55 0 0.00104186614937285
56 0 0.00100646941118465
57 0 0.00102551451289734
58 0 0.00115987061682765
59 0 0.00123620389513901
60 0 0.00132689081347392
61 0 0.00153506084404120
62 0 0.0015487071864142
63 0 0.00163300398348987
64 0 0.00173793306768677
65 0 0.00214120369745519
66 0 0.00235869290464175
67 0 0.00229457078997186
68 0 0.00268101529550624
69 0 0.00310955044425631
70 0 0.00317666819197016
71 0 0.00363158185763679
72 0 0.00359229898001345
73 0 0.00459538576933083
74 0 0.00494223592261056
75 0 0.0052200412062543
76 0 0.00591635460345064
77 0 0.00667753091734791
78 0 0.00811197980162892
79 0 0.00812674639220434
80 0 0.00940839901818225
81 0 0.0104510396164482
82 0 0.0114725025320608
83 0 0.0120334017198988
84 0 0.0143558915175694
85 0 0.0168057306291474
86 0 0.0181622014559935
87 0 0.0210121769817877
88 0 0.0201843684995227
89 0 0.0219161055214019
90 0 0.0246354929713622
91 0 0.0270288091033811
92 0 0.0310653313782636
93 0 0.0362896214179321
94 0 0.0469730192177604
95 0 0.0374151011782617
96 0 0.0252609067304195
97 0 0.0699983888081993
98 0 0.0337934698886764
99 0 0.0537745694934831
100 0 0.0874853212824371
