*Period monthly mortality rates for SWE in 1991 
* Mon Dec 20 14:21:39 2010
death 1 M married
1 0 0.000553766841329684
2 0 0.0000310052867564803
3 0 0.0000168348920206451
4 0 0.0000190853365812371
5 0 0.0000153346265964194
6 0 0.0000062502148540089
7 0 0.0000178350827253482
8 0 0.0000117507594121768
9 0 0.00000675025060670187
10 0 0.0000117507594121768
11 0 0.0000115007274391621
12 0 0.00000816703350903225
13 0 0.00000666691112360951
14 0 0.0000150012376423092
15 0 0.000011334039839217
16 0 0.0000265872208304874
17 0 0.0000429268001225225
18 0 0.0000561840249612144
19 0 0.000065857182524165
20 0 0.0000716949308086079
21 0 0.000066857912747853
22 0 0.0000535991312784478
23 0 0.000054933260775214
24 0 0.0000817033715945215
25 0 0.0000691095960323462
26 0 0.0000644395002322717
27 0 0.0000715281327976491
28 0 0.0000954667771991824
29 0 0.0000713613350927789
30 0 0.000094966253209039
31 0 0.0000914626624447523
32 0 0.0000998047672314817
33 0 0.0000902948288645788
34 0 0.0000969683657060516
35 0 0.0000970517880171107
36 0 0.000112319360041080
37 0 0.000105811556756596
38 0 0.000130176495462431
39 0 0.00011882762927784
40 0 0.000126421199058924
41 0 0.000160474894651652
42 0 0.000152878479579011
43 0 0.000164064630349681
44 0 0.000184520481145478
45 0 0.000222522136653747
46 0 0.000250845790646381
47 0 0.000250093721162248
48 0 0.000303673349879463
49 0 0.00027466454371583
50 0 0.000294309264969761
51 0 0.000312285815420643
52 0 0.000386905600112120
53 0 0.000441905796850772
54 0 0.000429596925555664
55 0 0.000488812015631224
56 0 0.000619774973755649
57 0 0.000680205644119969
58 0 0.000770843045087455
59 0 0.000845672322430824
60 0 0.000925361789287815
61 0 0.000942116410307725
62 0 0.0010943123918008
63 0 0.00121787467670942
64 0 0.00128157829022413
65 0 0.00149633674698824
66 0 0.00159805456304718
67 0 0.00178500379301261
68 0 0.00202822301941885
69 0 0.00211637852201907
70 0 0.00244134904500037
71 0 0.00258656465688822
72 0 0.00302378456699481
73 0 0.00316752068900461
74 0 0.00373450918419571
75 0 0.00405636847799973
76 0 0.00465615750896331
77 0 0.00507918106622429
78 0 0.00591840057357851
79 0 0.00630020561101097
80 0 0.00689569233953302
81 0 0.00761089571769957
82 0 0.00888839997769508
83 0 0.00990491596727172
84 0 0.0110097227492487
85 0 0.0121026414997289
86 0 0.0136425919697537
87 0 0.0144199082869007
88 0 0.0161734676415710
89 0 0.0182395120144699
90 0 0.0205465631975998
91 0 0.023486557448794
92 0 0.0261761392091970
93 0 0.0282923426267704
94 0 0.032412537960697
95 0 0.0338657492365680
96 0 0.0393172959644678
97 0 0.0492805895545929
98 0 0.0428336608366476
99 0 0.0423519803059301
100 0 0.0647842943039328

death 1 M single
1 0 0.000553766841329684
2 0 0.0000310052867564803
3 0 0.0000168348920206451
4 0 0.0000190853365812371
5 0 0.0000153346265964194
6 0 0.0000062502148540089
7 0 0.0000178350827253482
8 0 0.0000117507594121768
9 0 0.00000675025060670187
10 0 0.0000117507594121768
11 0 0.0000115007274391621
12 0 0.00000816703350903225
13 0 0.00000666691112360951
14 0 0.0000150012376423092
15 0 0.000011334039839217
16 0 0.0000265872208304874
17 0 0.0000429268001225225
18 0 0.0000561840249612144
19 0 0.000065857182524165
20 0 0.0000716949308086079
21 0 0.000066857912747853
22 0 0.0000535991312784478
23 0 0.000054933260775214
24 0 0.0000817033715945215
25 0 0.0000691095960323462
26 0 0.0000644395002322717
27 0 0.0000715281327976491
28 0 0.0000954667771991824
29 0 0.0000713613350927789
30 0 0.000094966253209039
31 0 0.0000914626624447523
32 0 0.0000998047672314817
33 0 0.0000902948288645788
34 0 0.0000969683657060516
35 0 0.0000970517880171107
36 0 0.000112319360041080
37 0 0.000105811556756596
38 0 0.000130176495462431
39 0 0.00011882762927784
40 0 0.000126421199058924
41 0 0.000160474894651652
42 0 0.000152878479579011
43 0 0.000164064630349681
44 0 0.000184520481145478
45 0 0.000222522136653747
46 0 0.000250845790646381
47 0 0.000250093721162248
48 0 0.000303673349879463
49 0 0.00027466454371583
50 0 0.000294309264969761
51 0 0.000312285815420643
52 0 0.000386905600112120
53 0 0.000441905796850772
54 0 0.000429596925555664
55 0 0.000488812015631224
56 0 0.000619774973755649
57 0 0.000680205644119969
58 0 0.000770843045087455
59 0 0.000845672322430824
60 0 0.000925361789287815
61 0 0.000942116410307725
62 0 0.0010943123918008
63 0 0.00121787467670942
64 0 0.00128157829022413
65 0 0.00149633674698824
66 0 0.00159805456304718
67 0 0.00178500379301261
68 0 0.00202822301941885
69 0 0.00211637852201907
70 0 0.00244134904500037
71 0 0.00258656465688822
72 0 0.00302378456699481
73 0 0.00316752068900461
74 0 0.00373450918419571
75 0 0.00405636847799973
76 0 0.00465615750896331
77 0 0.00507918106622429
78 0 0.00591840057357851
79 0 0.00630020561101097
80 0 0.00689569233953302
81 0 0.00761089571769957
82 0 0.00888839997769508
83 0 0.00990491596727172
84 0 0.0110097227492487
85 0 0.0121026414997289
86 0 0.0136425919697537
87 0 0.0144199082869007
88 0 0.0161734676415710
89 0 0.0182395120144699
90 0 0.0205465631975998
91 0 0.023486557448794
92 0 0.0261761392091970
93 0 0.0282923426267704
94 0 0.032412537960697
95 0 0.0338657492365680
96 0 0.0393172959644678
97 0 0.0492805895545929
98 0 0.0428336608366476
99 0 0.0423519803059301
100 0 0.0647842943039328

death 1 M divorced
1 0 0.000553766841329684
2 0 0.0000310052867564803
3 0 0.0000168348920206451
4 0 0.0000190853365812371
5 0 0.0000153346265964194
6 0 0.0000062502148540089
7 0 0.0000178350827253482
8 0 0.0000117507594121768
9 0 0.00000675025060670187
10 0 0.0000117507594121768
11 0 0.0000115007274391621
12 0 0.00000816703350903225
13 0 0.00000666691112360951
14 0 0.0000150012376423092
15 0 0.000011334039839217
16 0 0.0000265872208304874
17 0 0.0000429268001225225
18 0 0.0000561840249612144
19 0 0.000065857182524165
20 0 0.0000716949308086079
21 0 0.000066857912747853
22 0 0.0000535991312784478
23 0 0.000054933260775214
24 0 0.0000817033715945215
25 0 0.0000691095960323462
26 0 0.0000644395002322717
27 0 0.0000715281327976491
28 0 0.0000954667771991824
29 0 0.0000713613350927789
30 0 0.000094966253209039
31 0 0.0000914626624447523
32 0 0.0000998047672314817
33 0 0.0000902948288645788
34 0 0.0000969683657060516
35 0 0.0000970517880171107
36 0 0.000112319360041080
37 0 0.000105811556756596
38 0 0.000130176495462431
39 0 0.00011882762927784
40 0 0.000126421199058924
41 0 0.000160474894651652
42 0 0.000152878479579011
43 0 0.000164064630349681
44 0 0.000184520481145478
45 0 0.000222522136653747
46 0 0.000250845790646381
47 0 0.000250093721162248
48 0 0.000303673349879463
49 0 0.00027466454371583
50 0 0.000294309264969761
51 0 0.000312285815420643
52 0 0.000386905600112120
53 0 0.000441905796850772
54 0 0.000429596925555664
55 0 0.000488812015631224
56 0 0.000619774973755649
57 0 0.000680205644119969
58 0 0.000770843045087455
59 0 0.000845672322430824
60 0 0.000925361789287815
61 0 0.000942116410307725
62 0 0.0010943123918008
63 0 0.00121787467670942
64 0 0.00128157829022413
65 0 0.00149633674698824
66 0 0.00159805456304718
67 0 0.00178500379301261
68 0 0.00202822301941885
69 0 0.00211637852201907
70 0 0.00244134904500037
71 0 0.00258656465688822
72 0 0.00302378456699481
73 0 0.00316752068900461
74 0 0.00373450918419571
75 0 0.00405636847799973
76 0 0.00465615750896331
77 0 0.00507918106622429
78 0 0.00591840057357851
79 0 0.00630020561101097
80 0 0.00689569233953302
81 0 0.00761089571769957
82 0 0.00888839997769508
83 0 0.00990491596727172
84 0 0.0110097227492487
85 0 0.0121026414997289
86 0 0.0136425919697537
87 0 0.0144199082869007
88 0 0.0161734676415710
89 0 0.0182395120144699
90 0 0.0205465631975998
91 0 0.023486557448794
92 0 0.0261761392091970
93 0 0.0282923426267704
94 0 0.032412537960697
95 0 0.0338657492365680
96 0 0.0393172959644678
97 0 0.0492805895545929
98 0 0.0428336608366476
99 0 0.0423519803059301
100 0 0.0647842943039328

death 1 M widowed
1 0 0.000553766841329684
2 0 0.0000310052867564803
3 0 0.0000168348920206451
4 0 0.0000190853365812371
5 0 0.0000153346265964194
6 0 0.0000062502148540089
7 0 0.0000178350827253482
8 0 0.0000117507594121768
9 0 0.00000675025060670187
10 0 0.0000117507594121768
11 0 0.0000115007274391621
12 0 0.00000816703350903225
13 0 0.00000666691112360951
14 0 0.0000150012376423092
15 0 0.000011334039839217
16 0 0.0000265872208304874
17 0 0.0000429268001225225
18 0 0.0000561840249612144
19 0 0.000065857182524165
20 0 0.0000716949308086079
21 0 0.000066857912747853
22 0 0.0000535991312784478
23 0 0.000054933260775214
24 0 0.0000817033715945215
25 0 0.0000691095960323462
26 0 0.0000644395002322717
27 0 0.0000715281327976491
28 0 0.0000954667771991824
29 0 0.0000713613350927789
30 0 0.000094966253209039
31 0 0.0000914626624447523
32 0 0.0000998047672314817
33 0 0.0000902948288645788
34 0 0.0000969683657060516
35 0 0.0000970517880171107
36 0 0.000112319360041080
37 0 0.000105811556756596
38 0 0.000130176495462431
39 0 0.00011882762927784
40 0 0.000126421199058924
41 0 0.000160474894651652
42 0 0.000152878479579011
43 0 0.000164064630349681
44 0 0.000184520481145478
45 0 0.000222522136653747
46 0 0.000250845790646381
47 0 0.000250093721162248
48 0 0.000303673349879463
49 0 0.00027466454371583
50 0 0.000294309264969761
51 0 0.000312285815420643
52 0 0.000386905600112120
53 0 0.000441905796850772
54 0 0.000429596925555664
55 0 0.000488812015631224
56 0 0.000619774973755649
57 0 0.000680205644119969
58 0 0.000770843045087455
59 0 0.000845672322430824
60 0 0.000925361789287815
61 0 0.000942116410307725
62 0 0.0010943123918008
63 0 0.00121787467670942
64 0 0.00128157829022413
65 0 0.00149633674698824
66 0 0.00159805456304718
67 0 0.00178500379301261
68 0 0.00202822301941885
69 0 0.00211637852201907
70 0 0.00244134904500037
71 0 0.00258656465688822
72 0 0.00302378456699481
73 0 0.00316752068900461
74 0 0.00373450918419571
75 0 0.00405636847799973
76 0 0.00465615750896331
77 0 0.00507918106622429
78 0 0.00591840057357851
79 0 0.00630020561101097
80 0 0.00689569233953302
81 0 0.00761089571769957
82 0 0.00888839997769508
83 0 0.00990491596727172
84 0 0.0110097227492487
85 0 0.0121026414997289
86 0 0.0136425919697537
87 0 0.0144199082869007
88 0 0.0161734676415710
89 0 0.0182395120144699
90 0 0.0205465631975998
91 0 0.023486557448794
92 0 0.0261761392091970
93 0 0.0282923426267704
94 0 0.032412537960697
95 0 0.0338657492365680
96 0 0.0393172959644678
97 0 0.0492805895545929
98 0 0.0428336608366476
99 0 0.0423519803059301
100 0 0.0647842943039328

death 1 F married
1 0 0.000471721946392667
2 0 0.0000340063596577789
3 0 0.0000208357208674181
4 0 0.0000108339788730261
5 0 0.000020919073340786
6 0 0.00000500013750526218
7 0 0.0000103339206576347
8 0 0.00000891710398476242
9 0 0.0000071669491682469
10 0 0.000008833762515148
11 0 0.0000120841364459334
12 0 0.0000136676940520886
13 0 0.0000105006064238244
14 0 0.0000105006064238244
15 0 0.0000240031685829756
16 0 0.00000658357171690049
17 0 0.00000775033036337636
18 0 0.0000347566433637203
19 0 0.0000345065481069939
20 0 0.0000161681043310269
21 0 0.0000192520383945904
22 0 0.0000180851321208708
23 0 0.0000265038631599435
24 0 0.0000124175147022676
25 0 0.0000306718403275674
26 0 0.00004342703765714
27 0 0.0000313387344086369
28 0 0.0000351734703205597
29 0 0.0000344231831743702
30 0 0.0000280876719723766
31 0 0.0000450945159868876
32 0 0.0000420930770154149
33 0 0.0000402589130943376
34 0 0.0000455113903485849
35 0 0.0000450111413439203
36 0 0.0000538492790677081
37 0 0.000055850486162301
38 0 0.0000701103620619481
39 0 0.0000776998630460657
40 0 0.000080785885311685
41 0 0.0000835383719416383
42 0 0.0000907119105637566
43 0 0.000115406557866016
44 0 0.000111568435883336
45 0 0.000133013933420023
46 0 0.000140274839747767
47 0 0.000147369388895369
48 0 0.000147703263674415
49 0 0.000191952522130112
50 0 0.000196796201762273
51 0 0.000212247594516213
52 0 0.000271655514643476
53 0 0.000224861219120021
54 0 0.000258032546254672
55 0 0.000277506495985236
56 0 0.000349086123547449
57 0 0.000358957831718798
58 0 0.000401636026521213
59 0 0.000453965083541563
60 0 0.000474234990288203
61 0 0.000532640951340757
62 0 0.000596201126758844
63 0 0.000598717615942324
64 0 0.000703213434985583
65 0 0.00076588463052496
66 0 0.000818171704670911
67 0 0.000967970055133494
68 0 0.0009738660535058
69 0 0.0010734820425784
70 0 0.00122733445644685
71 0 0.00138153261932283
72 0 0.00158499439923054
73 0 0.00158100887933499
74 0 0.00182181073472776
75 0 0.00216407275668495
76 0 0.00229320334527283
77 0 0.00280289126345479
78 0 0.00312947353354298
79 0 0.00363930168843318
80 0 0.00411808730759167
81 0 0.00476974254431073
82 0 0.00506261333191005
83 0 0.00606422847879529
84 0 0.00708590182477975
85 0 0.00778055077407303
86 0 0.00860312480764802
87 0 0.0097127530204243
88 0 0.0112051509389016
89 0 0.0126357721981455
90 0 0.0147894595819869
91 0 0.0172086877435537
92 0 0.0198336122698443
93 0 0.0215259639790347
94 0 0.0248085693633102
95 0 0.0255123575635882
96 0 0.0307195683572864
97 0 0.0309956695210489
98 0 0.0354011196320774
99 0 0.0438027782793726
100 0 0.046684055806115

death 1 F single
1 0 0.000471721946392667
2 0 0.0000340063596577789
3 0 0.0000208357208674181
4 0 0.0000108339788730261
5 0 0.000020919073340786
6 0 0.00000500013750526218
7 0 0.0000103339206576347
8 0 0.00000891710398476242
9 0 0.0000071669491682469
10 0 0.000008833762515148
11 0 0.0000120841364459334
12 0 0.0000136676940520886
13 0 0.0000105006064238244
14 0 0.0000105006064238244
15 0 0.0000240031685829756
16 0 0.00000658357171690049
17 0 0.00000775033036337636
18 0 0.0000347566433637203
19 0 0.0000345065481069939
20 0 0.0000161681043310269
21 0 0.0000192520383945904
22 0 0.0000180851321208708
23 0 0.0000265038631599435
24 0 0.0000124175147022676
25 0 0.0000306718403275674
26 0 0.00004342703765714
27 0 0.0000313387344086369
28 0 0.0000351734703205597
29 0 0.0000344231831743702
30 0 0.0000280876719723766
31 0 0.0000450945159868876
32 0 0.0000420930770154149
33 0 0.0000402589130943376
34 0 0.0000455113903485849
35 0 0.0000450111413439203
36 0 0.0000538492790677081
37 0 0.000055850486162301
38 0 0.0000701103620619481
39 0 0.0000776998630460657
40 0 0.000080785885311685
41 0 0.0000835383719416383
42 0 0.0000907119105637566
43 0 0.000115406557866016
44 0 0.000111568435883336
45 0 0.000133013933420023
46 0 0.000140274839747767
47 0 0.000147369388895369
48 0 0.000147703263674415
49 0 0.000191952522130112
50 0 0.000196796201762273
51 0 0.000212247594516213
52 0 0.000271655514643476
53 0 0.000224861219120021
54 0 0.000258032546254672
55 0 0.000277506495985236
56 0 0.000349086123547449
57 0 0.000358957831718798
58 0 0.000401636026521213
59 0 0.000453965083541563
60 0 0.000474234990288203
61 0 0.000532640951340757
62 0 0.000596201126758844
63 0 0.000598717615942324
64 0 0.000703213434985583
65 0 0.00076588463052496
66 0 0.000818171704670911
67 0 0.000967970055133494
68 0 0.0009738660535058
69 0 0.0010734820425784
70 0 0.00122733445644685
71 0 0.00138153261932283
72 0 0.00158499439923054
73 0 0.00158100887933499
74 0 0.00182181073472776
75 0 0.00216407275668495
76 0 0.00229320334527283
77 0 0.00280289126345479
78 0 0.00312947353354298
79 0 0.00363930168843318
80 0 0.00411808730759167
81 0 0.00476974254431073
82 0 0.00506261333191005
83 0 0.00606422847879529
84 0 0.00708590182477975
85 0 0.00778055077407303
86 0 0.00860312480764802
87 0 0.0097127530204243
88 0 0.0112051509389016
89 0 0.0126357721981455
90 0 0.0147894595819869
91 0 0.0172086877435537
92 0 0.0198336122698443
93 0 0.0215259639790347
94 0 0.0248085693633102
95 0 0.0255123575635882
96 0 0.0307195683572864
97 0 0.0309956695210489
98 0 0.0354011196320774
99 0 0.0438027782793726
100 0 0.046684055806115

death 1 F divorced
1 0 0.000471721946392667
2 0 0.0000340063596577789
3 0 0.0000208357208674181
4 0 0.0000108339788730261
5 0 0.000020919073340786
6 0 0.00000500013750526218
7 0 0.0000103339206576347
8 0 0.00000891710398476242
9 0 0.0000071669491682469
10 0 0.000008833762515148
11 0 0.0000120841364459334
12 0 0.0000136676940520886
13 0 0.0000105006064238244
14 0 0.0000105006064238244
15 0 0.0000240031685829756
16 0 0.00000658357171690049
17 0 0.00000775033036337636
18 0 0.0000347566433637203
19 0 0.0000345065481069939
20 0 0.0000161681043310269
21 0 0.0000192520383945904
22 0 0.0000180851321208708
23 0 0.0000265038631599435
24 0 0.0000124175147022676
25 0 0.0000306718403275674
26 0 0.00004342703765714
27 0 0.0000313387344086369
28 0 0.0000351734703205597
29 0 0.0000344231831743702
30 0 0.0000280876719723766
31 0 0.0000450945159868876
32 0 0.0000420930770154149
33 0 0.0000402589130943376
34 0 0.0000455113903485849
35 0 0.0000450111413439203
36 0 0.0000538492790677081
37 0 0.000055850486162301
38 0 0.0000701103620619481
39 0 0.0000776998630460657
40 0 0.000080785885311685
41 0 0.0000835383719416383
42 0 0.0000907119105637566
43 0 0.000115406557866016
44 0 0.000111568435883336
45 0 0.000133013933420023
46 0 0.000140274839747767
47 0 0.000147369388895369
48 0 0.000147703263674415
49 0 0.000191952522130112
50 0 0.000196796201762273
51 0 0.000212247594516213
52 0 0.000271655514643476
53 0 0.000224861219120021
54 0 0.000258032546254672
55 0 0.000277506495985236
56 0 0.000349086123547449
57 0 0.000358957831718798
58 0 0.000401636026521213
59 0 0.000453965083541563
60 0 0.000474234990288203
61 0 0.000532640951340757
62 0 0.000596201126758844
63 0 0.000598717615942324
64 0 0.000703213434985583
65 0 0.00076588463052496
66 0 0.000818171704670911
67 0 0.000967970055133494
68 0 0.0009738660535058
69 0 0.0010734820425784
70 0 0.00122733445644685
71 0 0.00138153261932283
72 0 0.00158499439923054
73 0 0.00158100887933499
74 0 0.00182181073472776
75 0 0.00216407275668495
76 0 0.00229320334527283
77 0 0.00280289126345479
78 0 0.00312947353354298
79 0 0.00363930168843318
80 0 0.00411808730759167
81 0 0.00476974254431073
82 0 0.00506261333191005
83 0 0.00606422847879529
84 0 0.00708590182477975
85 0 0.00778055077407303
86 0 0.00860312480764802
87 0 0.0097127530204243
88 0 0.0112051509389016
89 0 0.0126357721981455
90 0 0.0147894595819869
91 0 0.0172086877435537
92 0 0.0198336122698443
93 0 0.0215259639790347
94 0 0.0248085693633102
95 0 0.0255123575635882
96 0 0.0307195683572864
97 0 0.0309956695210489
98 0 0.0354011196320774
99 0 0.0438027782793726
100 0 0.046684055806115

death 1 F widowed
1 0 0.000471721946392667
2 0 0.0000340063596577789
3 0 0.0000208357208674181
4 0 0.0000108339788730261
5 0 0.000020919073340786
6 0 0.00000500013750526218
7 0 0.0000103339206576347
8 0 0.00000891710398476242
9 0 0.0000071669491682469
10 0 0.000008833762515148
11 0 0.0000120841364459334
12 0 0.0000136676940520886
13 0 0.0000105006064238244
14 0 0.0000105006064238244
15 0 0.0000240031685829756
16 0 0.00000658357171690049
17 0 0.00000775033036337636
18 0 0.0000347566433637203
19 0 0.0000345065481069939
20 0 0.0000161681043310269
21 0 0.0000192520383945904
22 0 0.0000180851321208708
23 0 0.0000265038631599435
24 0 0.0000124175147022676
25 0 0.0000306718403275674
26 0 0.00004342703765714
27 0 0.0000313387344086369
28 0 0.0000351734703205597
29 0 0.0000344231831743702
30 0 0.0000280876719723766
31 0 0.0000450945159868876
32 0 0.0000420930770154149
33 0 0.0000402589130943376
34 0 0.0000455113903485849
35 0 0.0000450111413439203
36 0 0.0000538492790677081
37 0 0.000055850486162301
38 0 0.0000701103620619481
39 0 0.0000776998630460657
40 0 0.000080785885311685
41 0 0.0000835383719416383
42 0 0.0000907119105637566
43 0 0.000115406557866016
44 0 0.000111568435883336
45 0 0.000133013933420023
46 0 0.000140274839747767
47 0 0.000147369388895369
48 0 0.000147703263674415
49 0 0.000191952522130112
50 0 0.000196796201762273
51 0 0.000212247594516213
52 0 0.000271655514643476
53 0 0.000224861219120021
54 0 0.000258032546254672
55 0 0.000277506495985236
56 0 0.000349086123547449
57 0 0.000358957831718798
58 0 0.000401636026521213
59 0 0.000453965083541563
60 0 0.000474234990288203
61 0 0.000532640951340757
62 0 0.000596201126758844
63 0 0.000598717615942324
64 0 0.000703213434985583
65 0 0.00076588463052496
66 0 0.000818171704670911
67 0 0.000967970055133494
68 0 0.0009738660535058
69 0 0.0010734820425784
70 0 0.00122733445644685
71 0 0.00138153261932283
72 0 0.00158499439923054
73 0 0.00158100887933499
74 0 0.00182181073472776
75 0 0.00216407275668495
76 0 0.00229320334527283
77 0 0.00280289126345479
78 0 0.00312947353354298
79 0 0.00363930168843318
80 0 0.00411808730759167
81 0 0.00476974254431073
82 0 0.00506261333191005
83 0 0.00606422847879529
84 0 0.00708590182477975
85 0 0.00778055077407303
86 0 0.00860312480764802
87 0 0.0097127530204243
88 0 0.0112051509389016
89 0 0.0126357721981455
90 0 0.0147894595819869
91 0 0.0172086877435537
92 0 0.0198336122698443
93 0 0.0215259639790347
94 0 0.0248085693633102
95 0 0.0255123575635882
96 0 0.0307195683572864
97 0 0.0309956695210489
98 0 0.0354011196320774
99 0 0.0438027782793726
100 0 0.046684055806115
