*Period monthly mortality rates for SWE in 1872 
* Mon Dec 20 14:20:09 2010
death 1 M married
1 0 0.0136335782830943
2 0 0.00279859404583394
3 0 0.00157142738804483
4 0 0.00116257158450339
5 0 0.000876546849584825
6 0 0.000684403711486925
7 0 0.00051872737353531
8 0 0.000411848291720140
9 0 0.000426833938695692
10 0 0.000337542604694874
11 0 0.000301833899909343
12 0 0.000308021288723315
13 0 0.000274831714918822
14 0 0.000209073580555774
15 0 0.000241069372729941
16 0 0.000266640687565101
17 0 0.000313790990268736
18 0 0.000340804754865975
19 0 0.000373934758511330
20 0 0.000459911570971916
21 0 0.000575736269838756
22 0 0.000515626444732575
23 0 0.000492330958344223
24 0 0.000601989156088334
25 0 0.000509760112157309
26 0 0.000556533690696859
27 0 0.000584961659302885
28 0 0.000597962661868623
29 0 0.000615663791416088
30 0 0.000571291643834293
31 0 0.000642767463511884
32 0 0.000690281331730103
33 0 0.000660813090936352
34 0 0.00066786444951028
35 0 0.00072320303445228
36 0 0.00066761260585102
37 0 0.000637228594534855
38 0 0.000682556537945356
39 0 0.000796563911038661
40 0 0.000686418852731796
41 0 0.000784206899801965
42 0 0.000803289521523642
43 0 0.000789502555927468
44 0 0.000846765791263082
45 0 0.000888663972819836
46 0 0.00095676871262218
47 0 0.00105459549201647
48 0 0.000981110232683657
49 0 0.00104254050687280
50 0 0.00123544362358696
51 0 0.00123350073632011
52 0 0.00121162500576188
53 0 0.00144154115027484
54 0 0.00149650618188679
55 0 0.00159050657683868
56 0 0.00167594572318175
57 0 0.00172332401721542
58 0 0.00186424649704409
59 0 0.00181322394668360
60 0 0.00202132083754847
61 0 0.00236673274096322
62 0 0.00284054360029729
63 0 0.00227927367711322
64 0 0.00258476410192421
65 0 0.00273390256929751
66 0 0.00343213536964382
67 0 0.00350945323529051
68 0 0.00396508782163618
69 0 0.00400871337245701
70 0 0.00441331503425091
71 0 0.00457618933100123
72 0 0.00586593163219806
73 0 0.00634273809455288
74 0 0.00656716917402633
75 0 0.00796308181840866
76 0 0.00865702656705158
77 0 0.0088619272136119
78 0 0.0102616286643907
79 0 0.0113183240254557
80 0 0.0125833605270281
81 0 0.0144388777618923
82 0 0.0142082898103374
83 0 0.0163357343345133
84 0 0.0183772661949729
85 0 0.0204966295127931
86 0 0.0215062741808498
87 0 0.0235597528837769
88 0 0.0240733823279033
89 0 0.0309989686707370
90 0 0.0323709992389021
91 0 0.0331483948790930
92 0 0.0252758146426051
93 0 0.0550728291342761
94 0 0.032919282685283
95 0 0.0365978900299583
96 0 0.0570673174583176
97 0 0.0420335816555604
98 0 0.127093451797903
99 0 0
100 0 1

death 1 M single
1 0 0.0136335782830943
2 0 0.00279859404583394
3 0 0.00157142738804483
4 0 0.00116257158450339
5 0 0.000876546849584825
6 0 0.000684403711486925
7 0 0.00051872737353531
8 0 0.000411848291720140
9 0 0.000426833938695692
10 0 0.000337542604694874
11 0 0.000301833899909343
12 0 0.000308021288723315
13 0 0.000274831714918822
14 0 0.000209073580555774
15 0 0.000241069372729941
16 0 0.000266640687565101
17 0 0.000313790990268736
18 0 0.000340804754865975
19 0 0.000373934758511330
20 0 0.000459911570971916
21 0 0.000575736269838756
22 0 0.000515626444732575
23 0 0.000492330958344223
24 0 0.000601989156088334
25 0 0.000509760112157309
26 0 0.000556533690696859
27 0 0.000584961659302885
28 0 0.000597962661868623
29 0 0.000615663791416088
30 0 0.000571291643834293
31 0 0.000642767463511884
32 0 0.000690281331730103
33 0 0.000660813090936352
34 0 0.00066786444951028
35 0 0.00072320303445228
36 0 0.00066761260585102
37 0 0.000637228594534855
38 0 0.000682556537945356
39 0 0.000796563911038661
40 0 0.000686418852731796
41 0 0.000784206899801965
42 0 0.000803289521523642
43 0 0.000789502555927468
44 0 0.000846765791263082
45 0 0.000888663972819836
46 0 0.00095676871262218
47 0 0.00105459549201647
48 0 0.000981110232683657
49 0 0.00104254050687280
50 0 0.00123544362358696
51 0 0.00123350073632011
52 0 0.00121162500576188
53 0 0.00144154115027484
54 0 0.00149650618188679
55 0 0.00159050657683868
56 0 0.00167594572318175
57 0 0.00172332401721542
58 0 0.00186424649704409
59 0 0.00181322394668360
60 0 0.00202132083754847
61 0 0.00236673274096322
62 0 0.00284054360029729
63 0 0.00227927367711322
64 0 0.00258476410192421
65 0 0.00273390256929751
66 0 0.00343213536964382
67 0 0.00350945323529051
68 0 0.00396508782163618
69 0 0.00400871337245701
70 0 0.00441331503425091
71 0 0.00457618933100123
72 0 0.00586593163219806
73 0 0.00634273809455288
74 0 0.00656716917402633
75 0 0.00796308181840866
76 0 0.00865702656705158
77 0 0.0088619272136119
78 0 0.0102616286643907
79 0 0.0113183240254557
80 0 0.0125833605270281
81 0 0.0144388777618923
82 0 0.0142082898103374
83 0 0.0163357343345133
84 0 0.0183772661949729
85 0 0.0204966295127931
86 0 0.0215062741808498
87 0 0.0235597528837769
88 0 0.0240733823279033
89 0 0.0309989686707370
90 0 0.0323709992389021
91 0 0.0331483948790930
92 0 0.0252758146426051
93 0 0.0550728291342761
94 0 0.032919282685283
95 0 0.0365978900299583
96 0 0.0570673174583176
97 0 0.0420335816555604
98 0 0.127093451797903
99 0 0
100 0 1

death 1 M divorced
1 0 0.0136335782830943
2 0 0.00279859404583394
3 0 0.00157142738804483
4 0 0.00116257158450339
5 0 0.000876546849584825
6 0 0.000684403711486925
7 0 0.00051872737353531
8 0 0.000411848291720140
9 0 0.000426833938695692
10 0 0.000337542604694874
11 0 0.000301833899909343
12 0 0.000308021288723315
13 0 0.000274831714918822
14 0 0.000209073580555774
15 0 0.000241069372729941
16 0 0.000266640687565101
17 0 0.000313790990268736
18 0 0.000340804754865975
19 0 0.000373934758511330
20 0 0.000459911570971916
21 0 0.000575736269838756
22 0 0.000515626444732575
23 0 0.000492330958344223
24 0 0.000601989156088334
25 0 0.000509760112157309
26 0 0.000556533690696859
27 0 0.000584961659302885
28 0 0.000597962661868623
29 0 0.000615663791416088
30 0 0.000571291643834293
31 0 0.000642767463511884
32 0 0.000690281331730103
33 0 0.000660813090936352
34 0 0.00066786444951028
35 0 0.00072320303445228
36 0 0.00066761260585102
37 0 0.000637228594534855
38 0 0.000682556537945356
39 0 0.000796563911038661
40 0 0.000686418852731796
41 0 0.000784206899801965
42 0 0.000803289521523642
43 0 0.000789502555927468
44 0 0.000846765791263082
45 0 0.000888663972819836
46 0 0.00095676871262218
47 0 0.00105459549201647
48 0 0.000981110232683657
49 0 0.00104254050687280
50 0 0.00123544362358696
51 0 0.00123350073632011
52 0 0.00121162500576188
53 0 0.00144154115027484
54 0 0.00149650618188679
55 0 0.00159050657683868
56 0 0.00167594572318175
57 0 0.00172332401721542
58 0 0.00186424649704409
59 0 0.00181322394668360
60 0 0.00202132083754847
61 0 0.00236673274096322
62 0 0.00284054360029729
63 0 0.00227927367711322
64 0 0.00258476410192421
65 0 0.00273390256929751
66 0 0.00343213536964382
67 0 0.00350945323529051
68 0 0.00396508782163618
69 0 0.00400871337245701
70 0 0.00441331503425091
71 0 0.00457618933100123
72 0 0.00586593163219806
73 0 0.00634273809455288
74 0 0.00656716917402633
75 0 0.00796308181840866
76 0 0.00865702656705158
77 0 0.0088619272136119
78 0 0.0102616286643907
79 0 0.0113183240254557
80 0 0.0125833605270281
81 0 0.0144388777618923
82 0 0.0142082898103374
83 0 0.0163357343345133
84 0 0.0183772661949729
85 0 0.0204966295127931
86 0 0.0215062741808498
87 0 0.0235597528837769
88 0 0.0240733823279033
89 0 0.0309989686707370
90 0 0.0323709992389021
91 0 0.0331483948790930
92 0 0.0252758146426051
93 0 0.0550728291342761
94 0 0.032919282685283
95 0 0.0365978900299583
96 0 0.0570673174583176
97 0 0.0420335816555604
98 0 0.127093451797903
99 0 0
100 0 1

death 1 M widowed
1 0 0.0136335782830943
2 0 0.00279859404583394
3 0 0.00157142738804483
4 0 0.00116257158450339
5 0 0.000876546849584825
6 0 0.000684403711486925
7 0 0.00051872737353531
8 0 0.000411848291720140
9 0 0.000426833938695692
10 0 0.000337542604694874
11 0 0.000301833899909343
12 0 0.000308021288723315
13 0 0.000274831714918822
14 0 0.000209073580555774
15 0 0.000241069372729941
16 0 0.000266640687565101
17 0 0.000313790990268736
18 0 0.000340804754865975
19 0 0.000373934758511330
20 0 0.000459911570971916
21 0 0.000575736269838756
22 0 0.000515626444732575
23 0 0.000492330958344223
24 0 0.000601989156088334
25 0 0.000509760112157309
26 0 0.000556533690696859
27 0 0.000584961659302885
28 0 0.000597962661868623
29 0 0.000615663791416088
30 0 0.000571291643834293
31 0 0.000642767463511884
32 0 0.000690281331730103
33 0 0.000660813090936352
34 0 0.00066786444951028
35 0 0.00072320303445228
36 0 0.00066761260585102
37 0 0.000637228594534855
38 0 0.000682556537945356
39 0 0.000796563911038661
40 0 0.000686418852731796
41 0 0.000784206899801965
42 0 0.000803289521523642
43 0 0.000789502555927468
44 0 0.000846765791263082
45 0 0.000888663972819836
46 0 0.00095676871262218
47 0 0.00105459549201647
48 0 0.000981110232683657
49 0 0.00104254050687280
50 0 0.00123544362358696
51 0 0.00123350073632011
52 0 0.00121162500576188
53 0 0.00144154115027484
54 0 0.00149650618188679
55 0 0.00159050657683868
56 0 0.00167594572318175
57 0 0.00172332401721542
58 0 0.00186424649704409
59 0 0.00181322394668360
60 0 0.00202132083754847
61 0 0.00236673274096322
62 0 0.00284054360029729
63 0 0.00227927367711322
64 0 0.00258476410192421
65 0 0.00273390256929751
66 0 0.00343213536964382
67 0 0.00350945323529051
68 0 0.00396508782163618
69 0 0.00400871337245701
70 0 0.00441331503425091
71 0 0.00457618933100123
72 0 0.00586593163219806
73 0 0.00634273809455288
74 0 0.00656716917402633
75 0 0.00796308181840866
76 0 0.00865702656705158
77 0 0.0088619272136119
78 0 0.0102616286643907
79 0 0.0113183240254557
80 0 0.0125833605270281
81 0 0.0144388777618923
82 0 0.0142082898103374
83 0 0.0163357343345133
84 0 0.0183772661949729
85 0 0.0204966295127931
86 0 0.0215062741808498
87 0 0.0235597528837769
88 0 0.0240733823279033
89 0 0.0309989686707370
90 0 0.0323709992389021
91 0 0.0331483948790930
92 0 0.0252758146426051
93 0 0.0550728291342761
94 0 0.032919282685283
95 0 0.0365978900299583
96 0 0.0570673174583176
97 0 0.0420335816555604
98 0 0.127093451797903
99 0 0
100 0 1

death 1 F married
1 0 0.0110877865286394
2 0 0.00247337073125042
3 0 0.00144187981589472
4 0 0.00106058142884524
5 0 0.000817414924653481
6 0 0.00059938869149656
7 0 0.000524594285111646
8 0 0.000428759647938537
9 0 0.000330516832785399
10 0 0.000327924125597345
11 0 0.000281017265604366
12 0 0.000309024688766923
13 0 0.00026079040567939
14 0 0.000231544643603310
15 0 0.000285865694235499
16 0 0.000314209098817408
17 0 0.000318055787721261
18 0 0.000332607779559124
19 0 0.000338295398187305
20 0 0.000315630682271140
21 0 0.00035577868999126
22 0 0.000432862381978483
23 0 0.000452625083762759
24 0 0.000374687853526234
25 0 0.000453713832077818
26 0 0.000457231415790571
27 0 0.000507329885328867
28 0 0.000477585823600468
29 0 0.000501883061298392
30 0 0.000552844576930722
31 0 0.000472140782215469
32 0 0.000497023093962157
33 0 0.000552844576930722
34 0 0.000609371525655655
35 0 0.00058504553077654
36 0 0.000635130626282066
37 0 0.000492749889173472
38 0 0.000633704035542637
39 0 0.000648726320828796
40 0 0.000666773132029119
41 0 0.000702121692786828
42 0 0.000653258671178714
43 0 0.000774120789743704
44 0 0.000751767237535117
45 0 0.00072211105199893
46 0 0.000713207684898687
47 0 0.000733703535691577
48 0 0.00083650452469497
49 0 0.000831794823260457
50 0 0.000874359207939546
51 0 0.00104127609066818
52 0 0.00109852964326207
53 0 0.00110823006494887
54 0 0.00106327944486251
55 0 0.00110780828593626
56 0 0.00124279318193565
57 0 0.00134735649224582
58 0 0.00131141776382138
59 0 0.00155904925958061
60 0 0.00188236640481199
61 0 0.00168604762156888
62 0 0.00180727318413010
63 0 0.00195948027062587
64 0 0.00235125241455714
65 0 0.00269346163425443
66 0 0.00270041516049202
67 0 0.00301680619237543
68 0 0.00322690962110439
69 0 0.00362429632868699
70 0 0.00419843710788104
71 0 0.00383885762625547
72 0 0.00497691495735764
73 0 0.00536368500357975
74 0 0.00526153842127686
75 0 0.00665824599093001
76 0 0.00756096724132505
77 0 0.00727642266883433
78 0 0.00825181243126416
79 0 0.00888113757725717
80 0 0.0093166279794612
81 0 0.0125315538382088
82 0 0.0114691912017961
83 0 0.0123500355706123
84 0 0.0158888656244129
85 0 0.0143884317320047
86 0 0.0183256728247787
87 0 0.0185810704590852
88 0 0.0230534941775696
89 0 0.0245839755616657
90 0 0.0239506797934894
91 0 0.0364848116340039
92 0 0.0344582680586046
93 0 0.0302202708574169
94 0 0.0285306853789715
95 0 0.0271132218435741
96 0 0.0354178451529167
97 0 0.0368081190516834
98 0 0.0633071064053218
99 0 0.0732268668627694
100 0 0.0467001310829159

death 1 F single
1 0 0.0110877865286394
2 0 0.00247337073125042
3 0 0.00144187981589472
4 0 0.00106058142884524
5 0 0.000817414924653481
6 0 0.00059938869149656
7 0 0.000524594285111646
8 0 0.000428759647938537
9 0 0.000330516832785399
10 0 0.000327924125597345
11 0 0.000281017265604366
12 0 0.000309024688766923
13 0 0.00026079040567939
14 0 0.000231544643603310
15 0 0.000285865694235499
16 0 0.000314209098817408
17 0 0.000318055787721261
18 0 0.000332607779559124
19 0 0.000338295398187305
20 0 0.000315630682271140
21 0 0.00035577868999126
22 0 0.000432862381978483
23 0 0.000452625083762759
24 0 0.000374687853526234
25 0 0.000453713832077818
26 0 0.000457231415790571
27 0 0.000507329885328867
28 0 0.000477585823600468
29 0 0.000501883061298392
30 0 0.000552844576930722
31 0 0.000472140782215469
32 0 0.000497023093962157
33 0 0.000552844576930722
34 0 0.000609371525655655
35 0 0.00058504553077654
36 0 0.000635130626282066
37 0 0.000492749889173472
38 0 0.000633704035542637
39 0 0.000648726320828796
40 0 0.000666773132029119
41 0 0.000702121692786828
42 0 0.000653258671178714
43 0 0.000774120789743704
44 0 0.000751767237535117
45 0 0.00072211105199893
46 0 0.000713207684898687
47 0 0.000733703535691577
48 0 0.00083650452469497
49 0 0.000831794823260457
50 0 0.000874359207939546
51 0 0.00104127609066818
52 0 0.00109852964326207
53 0 0.00110823006494887
54 0 0.00106327944486251
55 0 0.00110780828593626
56 0 0.00124279318193565
57 0 0.00134735649224582
58 0 0.00131141776382138
59 0 0.00155904925958061
60 0 0.00188236640481199
61 0 0.00168604762156888
62 0 0.00180727318413010
63 0 0.00195948027062587
64 0 0.00235125241455714
65 0 0.00269346163425443
66 0 0.00270041516049202
67 0 0.00301680619237543
68 0 0.00322690962110439
69 0 0.00362429632868699
70 0 0.00419843710788104
71 0 0.00383885762625547
72 0 0.00497691495735764
73 0 0.00536368500357975
74 0 0.00526153842127686
75 0 0.00665824599093001
76 0 0.00756096724132505
77 0 0.00727642266883433
78 0 0.00825181243126416
79 0 0.00888113757725717
80 0 0.0093166279794612
81 0 0.0125315538382088
82 0 0.0114691912017961
83 0 0.0123500355706123
84 0 0.0158888656244129
85 0 0.0143884317320047
86 0 0.0183256728247787
87 0 0.0185810704590852
88 0 0.0230534941775696
89 0 0.0245839755616657
90 0 0.0239506797934894
91 0 0.0364848116340039
92 0 0.0344582680586046
93 0 0.0302202708574169
94 0 0.0285306853789715
95 0 0.0271132218435741
96 0 0.0354178451529167
97 0 0.0368081190516834
98 0 0.0633071064053218
99 0 0.0732268668627694
100 0 0.0467001310829159

death 1 F divorced
1 0 0.0110877865286394
2 0 0.00247337073125042
3 0 0.00144187981589472
4 0 0.00106058142884524
5 0 0.000817414924653481
6 0 0.00059938869149656
7 0 0.000524594285111646
8 0 0.000428759647938537
9 0 0.000330516832785399
10 0 0.000327924125597345
11 0 0.000281017265604366
12 0 0.000309024688766923
13 0 0.00026079040567939
14 0 0.000231544643603310
15 0 0.000285865694235499
16 0 0.000314209098817408
17 0 0.000318055787721261
18 0 0.000332607779559124
19 0 0.000338295398187305
20 0 0.000315630682271140
21 0 0.00035577868999126
22 0 0.000432862381978483
23 0 0.000452625083762759
24 0 0.000374687853526234
25 0 0.000453713832077818
26 0 0.000457231415790571
27 0 0.000507329885328867
28 0 0.000477585823600468
29 0 0.000501883061298392
30 0 0.000552844576930722
31 0 0.000472140782215469
32 0 0.000497023093962157
33 0 0.000552844576930722
34 0 0.000609371525655655
35 0 0.00058504553077654
36 0 0.000635130626282066
37 0 0.000492749889173472
38 0 0.000633704035542637
39 0 0.000648726320828796
40 0 0.000666773132029119
41 0 0.000702121692786828
42 0 0.000653258671178714
43 0 0.000774120789743704
44 0 0.000751767237535117
45 0 0.00072211105199893
46 0 0.000713207684898687
47 0 0.000733703535691577
48 0 0.00083650452469497
49 0 0.000831794823260457
50 0 0.000874359207939546
51 0 0.00104127609066818
52 0 0.00109852964326207
53 0 0.00110823006494887
54 0 0.00106327944486251
55 0 0.00110780828593626
56 0 0.00124279318193565
57 0 0.00134735649224582
58 0 0.00131141776382138
59 0 0.00155904925958061
60 0 0.00188236640481199
61 0 0.00168604762156888
62 0 0.00180727318413010
63 0 0.00195948027062587
64 0 0.00235125241455714
65 0 0.00269346163425443
66 0 0.00270041516049202
67 0 0.00301680619237543
68 0 0.00322690962110439
69 0 0.00362429632868699
70 0 0.00419843710788104
71 0 0.00383885762625547
72 0 0.00497691495735764
73 0 0.00536368500357975
74 0 0.00526153842127686
75 0 0.00665824599093001
76 0 0.00756096724132505
77 0 0.00727642266883433
78 0 0.00825181243126416
79 0 0.00888113757725717
80 0 0.0093166279794612
81 0 0.0125315538382088
82 0 0.0114691912017961
83 0 0.0123500355706123
84 0 0.0158888656244129
85 0 0.0143884317320047
86 0 0.0183256728247787
87 0 0.0185810704590852
88 0 0.0230534941775696
89 0 0.0245839755616657
90 0 0.0239506797934894
91 0 0.0364848116340039
92 0 0.0344582680586046
93 0 0.0302202708574169
94 0 0.0285306853789715
95 0 0.0271132218435741
96 0 0.0354178451529167
97 0 0.0368081190516834
98 0 0.0633071064053218
99 0 0.0732268668627694
100 0 0.0467001310829159

death 1 F widowed
1 0 0.0110877865286394
2 0 0.00247337073125042
3 0 0.00144187981589472
4 0 0.00106058142884524
5 0 0.000817414924653481
6 0 0.00059938869149656
7 0 0.000524594285111646
8 0 0.000428759647938537
9 0 0.000330516832785399
10 0 0.000327924125597345
11 0 0.000281017265604366
12 0 0.000309024688766923
13 0 0.00026079040567939
14 0 0.000231544643603310
15 0 0.000285865694235499
16 0 0.000314209098817408
17 0 0.000318055787721261
18 0 0.000332607779559124
19 0 0.000338295398187305
20 0 0.000315630682271140
21 0 0.00035577868999126
22 0 0.000432862381978483
23 0 0.000452625083762759
24 0 0.000374687853526234
25 0 0.000453713832077818
26 0 0.000457231415790571
27 0 0.000507329885328867
28 0 0.000477585823600468
29 0 0.000501883061298392
30 0 0.000552844576930722
31 0 0.000472140782215469
32 0 0.000497023093962157
33 0 0.000552844576930722
34 0 0.000609371525655655
35 0 0.00058504553077654
36 0 0.000635130626282066
37 0 0.000492749889173472
38 0 0.000633704035542637
39 0 0.000648726320828796
40 0 0.000666773132029119
41 0 0.000702121692786828
42 0 0.000653258671178714
43 0 0.000774120789743704
44 0 0.000751767237535117
45 0 0.00072211105199893
46 0 0.000713207684898687
47 0 0.000733703535691577
48 0 0.00083650452469497
49 0 0.000831794823260457
50 0 0.000874359207939546
51 0 0.00104127609066818
52 0 0.00109852964326207
53 0 0.00110823006494887
54 0 0.00106327944486251
55 0 0.00110780828593626
56 0 0.00124279318193565
57 0 0.00134735649224582
58 0 0.00131141776382138
59 0 0.00155904925958061
60 0 0.00188236640481199
61 0 0.00168604762156888
62 0 0.00180727318413010
63 0 0.00195948027062587
64 0 0.00235125241455714
65 0 0.00269346163425443
66 0 0.00270041516049202
67 0 0.00301680619237543
68 0 0.00322690962110439
69 0 0.00362429632868699
70 0 0.00419843710788104
71 0 0.00383885762625547
72 0 0.00497691495735764
73 0 0.00536368500357975
74 0 0.00526153842127686
75 0 0.00665824599093001
76 0 0.00756096724132505
77 0 0.00727642266883433
78 0 0.00825181243126416
79 0 0.00888113757725717
80 0 0.0093166279794612
81 0 0.0125315538382088
82 0 0.0114691912017961
83 0 0.0123500355706123
84 0 0.0158888656244129
85 0 0.0143884317320047
86 0 0.0183256728247787
87 0 0.0185810704590852
88 0 0.0230534941775696
89 0 0.0245839755616657
90 0 0.0239506797934894
91 0 0.0364848116340039
92 0 0.0344582680586046
93 0 0.0302202708574169
94 0 0.0285306853789715
95 0 0.0271132218435741
96 0 0.0354178451529167
97 0 0.0368081190516834
98 0 0.0633071064053218
99 0 0.0732268668627694
100 0 0.0467001310829159
