*Period monthly mortality rates for SWE in 1952 
* Mon Dec 20 14:21:09 2010
death 1 M married
1 0 0.00190542560377749
2 0 0.000145616566425311
3 0 0.000118076651352772
4 0 0.0000836217819284446
5 0 0.0000917963319376769
6 0 0.0000832047327596896
7 0 0.0000626882761606273
8 0 0.0000624381040472688
9 0 0.0000440106515933181
10 0 0.0000363405959675767
11 0 0.0000312553723809117
12 0 0.0000445108950922757
13 0 0.0000347566433637203
14 0 0.0000334228099454492
15 0 0.000054933260775214
16 0 0.0000623547134958047
17 0 0.0000756147721743261
18 0 0.0000815365552179204
19 0 0.000118577302613443
20 0 0.000106395571354834
21 0 0.0000958004613904606
22 0 0.000103642392528025
23 0 0.000128924712756162
24 0 0.000118744186979769
25 0 0.000101723559627565
26 0 0.000101640133028935
27 0 0.000117742885377581
28 0 0.000117158797869998
29 0 0.000098052861721043
30 0 0.000109732869613022
31 0 0.000143029128364280
32 0 0.000116324393655498
33 0 0.000118660744758303
34 0 0.000162812380864907
35 0 0.000139022917965859
36 0 0.00014895530501835
37 0 0.000151292495004784
38 0 0.000173582290280749
39 0 0.000167737995034556
40 0 0.000195710526986748
41 0 0.000206317289932367
42 0 0.000219681903157132
43 0 0.000237727248837083
44 0 0.00022193737544296
45 0 0.00029422566141446
46 0 0.000322153526741586
47 0 0.000302670008916817
48 0 0.000379122872988913
49 0 0.000386487156967985
50 0 0.000431438963469644
51 0 0.000507329885328867
52 0 0.000547143513900061
53 0 0.000604505805596012
54 0 0.0006394105329115
55 0 0.000749078459030161
56 0 0.000860897957481233
57 0 0.000868553799018845
58 0 0.000987596790408607
59 0 0.00099366256225375
60 0 0.00113607181215525
61 0 0.00123679522185838
62 0 0.00140928904012250
63 0 0.00156082957138359
64 0 0.00174141580476217
65 0 0.00190185146963540
66 0 0.00202140604646905
67 0 0.00232354837146287
68 0 0.00250137756991431
69 0 0.00272076372677776
70 0 0.0031970376477386
71 0 0.00341543368171660
72 0 0.00368624201170653
73 0 0.00414547325652037
74 0 0.00439450705173239
75 0 0.0049552610061051
76 0 0.00571163612398673
77 0 0.00638225048316488
78 0 0.0072724493797145
79 0 0.00767019335124097
80 0 0.00944215509433366
81 0 0.00949628370513267
82 0 0.0105292750899878
83 0 0.0134484651451529
84 0 0.0129499247750475
85 0 0.0155523756641832
86 0 0.0199633456128581
87 0 0.0211128636816149
88 0 0.0231036993883583
89 0 0.0244164769456103
90 0 0.0254720597335130
91 0 0.0287485362665715
92 0 0.0343113230280497
93 0 0.0361089760152657
94 0 0.0375251998758586
95 0 0.0350338395084131
96 0 0.0485139493048705
97 0 0.0655211197675012
98 0 0.0338321574951851
99 0 0.0755011732859273
100 0 0.0874853212824371

death 1 M single
1 0 0.00190542560377749
2 0 0.000145616566425311
3 0 0.000118076651352772
4 0 0.0000836217819284446
5 0 0.0000917963319376769
6 0 0.0000832047327596896
7 0 0.0000626882761606273
8 0 0.0000624381040472688
9 0 0.0000440106515933181
10 0 0.0000363405959675767
11 0 0.0000312553723809117
12 0 0.0000445108950922757
13 0 0.0000347566433637203
14 0 0.0000334228099454492
15 0 0.000054933260775214
16 0 0.0000623547134958047
17 0 0.0000756147721743261
18 0 0.0000815365552179204
19 0 0.000118577302613443
20 0 0.000106395571354834
21 0 0.0000958004613904606
22 0 0.000103642392528025
23 0 0.000128924712756162
24 0 0.000118744186979769
25 0 0.000101723559627565
26 0 0.000101640133028935
27 0 0.000117742885377581
28 0 0.000117158797869998
29 0 0.000098052861721043
30 0 0.000109732869613022
31 0 0.000143029128364280
32 0 0.000116324393655498
33 0 0.000118660744758303
34 0 0.000162812380864907
35 0 0.000139022917965859
36 0 0.00014895530501835
37 0 0.000151292495004784
38 0 0.000173582290280749
39 0 0.000167737995034556
40 0 0.000195710526986748
41 0 0.000206317289932367
42 0 0.000219681903157132
43 0 0.000237727248837083
44 0 0.00022193737544296
45 0 0.00029422566141446
46 0 0.000322153526741586
47 0 0.000302670008916817
48 0 0.000379122872988913
49 0 0.000386487156967985
50 0 0.000431438963469644
51 0 0.000507329885328867
52 0 0.000547143513900061
53 0 0.000604505805596012
54 0 0.0006394105329115
55 0 0.000749078459030161
56 0 0.000860897957481233
57 0 0.000868553799018845
58 0 0.000987596790408607
59 0 0.00099366256225375
60 0 0.00113607181215525
61 0 0.00123679522185838
62 0 0.00140928904012250
63 0 0.00156082957138359
64 0 0.00174141580476217
65 0 0.00190185146963540
66 0 0.00202140604646905
67 0 0.00232354837146287
68 0 0.00250137756991431
69 0 0.00272076372677776
70 0 0.0031970376477386
71 0 0.00341543368171660
72 0 0.00368624201170653
73 0 0.00414547325652037
74 0 0.00439450705173239
75 0 0.0049552610061051
76 0 0.00571163612398673
77 0 0.00638225048316488
78 0 0.0072724493797145
79 0 0.00767019335124097
80 0 0.00944215509433366
81 0 0.00949628370513267
82 0 0.0105292750899878
83 0 0.0134484651451529
84 0 0.0129499247750475
85 0 0.0155523756641832
86 0 0.0199633456128581
87 0 0.0211128636816149
88 0 0.0231036993883583
89 0 0.0244164769456103
90 0 0.0254720597335130
91 0 0.0287485362665715
92 0 0.0343113230280497
93 0 0.0361089760152657
94 0 0.0375251998758586
95 0 0.0350338395084131
96 0 0.0485139493048705
97 0 0.0655211197675012
98 0 0.0338321574951851
99 0 0.0755011732859273
100 0 0.0874853212824371

death 1 M divorced
1 0 0.00190542560377749
2 0 0.000145616566425311
3 0 0.000118076651352772
4 0 0.0000836217819284446
5 0 0.0000917963319376769
6 0 0.0000832047327596896
7 0 0.0000626882761606273
8 0 0.0000624381040472688
9 0 0.0000440106515933181
10 0 0.0000363405959675767
11 0 0.0000312553723809117
12 0 0.0000445108950922757
13 0 0.0000347566433637203
14 0 0.0000334228099454492
15 0 0.000054933260775214
16 0 0.0000623547134958047
17 0 0.0000756147721743261
18 0 0.0000815365552179204
19 0 0.000118577302613443
20 0 0.000106395571354834
21 0 0.0000958004613904606
22 0 0.000103642392528025
23 0 0.000128924712756162
24 0 0.000118744186979769
25 0 0.000101723559627565
26 0 0.000101640133028935
27 0 0.000117742885377581
28 0 0.000117158797869998
29 0 0.000098052861721043
30 0 0.000109732869613022
31 0 0.000143029128364280
32 0 0.000116324393655498
33 0 0.000118660744758303
34 0 0.000162812380864907
35 0 0.000139022917965859
36 0 0.00014895530501835
37 0 0.000151292495004784
38 0 0.000173582290280749
39 0 0.000167737995034556
40 0 0.000195710526986748
41 0 0.000206317289932367
42 0 0.000219681903157132
43 0 0.000237727248837083
44 0 0.00022193737544296
45 0 0.00029422566141446
46 0 0.000322153526741586
47 0 0.000302670008916817
48 0 0.000379122872988913
49 0 0.000386487156967985
50 0 0.000431438963469644
51 0 0.000507329885328867
52 0 0.000547143513900061
53 0 0.000604505805596012
54 0 0.0006394105329115
55 0 0.000749078459030161
56 0 0.000860897957481233
57 0 0.000868553799018845
58 0 0.000987596790408607
59 0 0.00099366256225375
60 0 0.00113607181215525
61 0 0.00123679522185838
62 0 0.00140928904012250
63 0 0.00156082957138359
64 0 0.00174141580476217
65 0 0.00190185146963540
66 0 0.00202140604646905
67 0 0.00232354837146287
68 0 0.00250137756991431
69 0 0.00272076372677776
70 0 0.0031970376477386
71 0 0.00341543368171660
72 0 0.00368624201170653
73 0 0.00414547325652037
74 0 0.00439450705173239
75 0 0.0049552610061051
76 0 0.00571163612398673
77 0 0.00638225048316488
78 0 0.0072724493797145
79 0 0.00767019335124097
80 0 0.00944215509433366
81 0 0.00949628370513267
82 0 0.0105292750899878
83 0 0.0134484651451529
84 0 0.0129499247750475
85 0 0.0155523756641832
86 0 0.0199633456128581
87 0 0.0211128636816149
88 0 0.0231036993883583
89 0 0.0244164769456103
90 0 0.0254720597335130
91 0 0.0287485362665715
92 0 0.0343113230280497
93 0 0.0361089760152657
94 0 0.0375251998758586
95 0 0.0350338395084131
96 0 0.0485139493048705
97 0 0.0655211197675012
98 0 0.0338321574951851
99 0 0.0755011732859273
100 0 0.0874853212824371

death 1 M widowed
1 0 0.00190542560377749
2 0 0.000145616566425311
3 0 0.000118076651352772
4 0 0.0000836217819284446
5 0 0.0000917963319376769
6 0 0.0000832047327596896
7 0 0.0000626882761606273
8 0 0.0000624381040472688
9 0 0.0000440106515933181
10 0 0.0000363405959675767
11 0 0.0000312553723809117
12 0 0.0000445108950922757
13 0 0.0000347566433637203
14 0 0.0000334228099454492
15 0 0.000054933260775214
16 0 0.0000623547134958047
17 0 0.0000756147721743261
18 0 0.0000815365552179204
19 0 0.000118577302613443
20 0 0.000106395571354834
21 0 0.0000958004613904606
22 0 0.000103642392528025
23 0 0.000128924712756162
24 0 0.000118744186979769
25 0 0.000101723559627565
26 0 0.000101640133028935
27 0 0.000117742885377581
28 0 0.000117158797869998
29 0 0.000098052861721043
30 0 0.000109732869613022
31 0 0.000143029128364280
32 0 0.000116324393655498
33 0 0.000118660744758303
34 0 0.000162812380864907
35 0 0.000139022917965859
36 0 0.00014895530501835
37 0 0.000151292495004784
38 0 0.000173582290280749
39 0 0.000167737995034556
40 0 0.000195710526986748
41 0 0.000206317289932367
42 0 0.000219681903157132
43 0 0.000237727248837083
44 0 0.00022193737544296
45 0 0.00029422566141446
46 0 0.000322153526741586
47 0 0.000302670008916817
48 0 0.000379122872988913
49 0 0.000386487156967985
50 0 0.000431438963469644
51 0 0.000507329885328867
52 0 0.000547143513900061
53 0 0.000604505805596012
54 0 0.0006394105329115
55 0 0.000749078459030161
56 0 0.000860897957481233
57 0 0.000868553799018845
58 0 0.000987596790408607
59 0 0.00099366256225375
60 0 0.00113607181215525
61 0 0.00123679522185838
62 0 0.00140928904012250
63 0 0.00156082957138359
64 0 0.00174141580476217
65 0 0.00190185146963540
66 0 0.00202140604646905
67 0 0.00232354837146287
68 0 0.00250137756991431
69 0 0.00272076372677776
70 0 0.0031970376477386
71 0 0.00341543368171660
72 0 0.00368624201170653
73 0 0.00414547325652037
74 0 0.00439450705173239
75 0 0.0049552610061051
76 0 0.00571163612398673
77 0 0.00638225048316488
78 0 0.0072724493797145
79 0 0.00767019335124097
80 0 0.00944215509433366
81 0 0.00949628370513267
82 0 0.0105292750899878
83 0 0.0134484651451529
84 0 0.0129499247750475
85 0 0.0155523756641832
86 0 0.0199633456128581
87 0 0.0211128636816149
88 0 0.0231036993883583
89 0 0.0244164769456103
90 0 0.0254720597335130
91 0 0.0287485362665715
92 0 0.0343113230280497
93 0 0.0361089760152657
94 0 0.0375251998758586
95 0 0.0350338395084131
96 0 0.0485139493048705
97 0 0.0655211197675012
98 0 0.0338321574951851
99 0 0.0755011732859273
100 0 0.0874853212824371

death 1 F married
1 0 0.00150514778111044
2 0 0.00013893945712673
3 0 0.0000743637406079856
4 0 0.0000677752584643532
5 0 0.0000520982589984342
6 0 0.0000362572293529650
7 0 0.0000317555456936791
8 0 0.0000342564535383838
9 0 0.0000203356076323713
10 0 0.000024753369733177
11 0 0.0000292547066492732
12 0 0.0000230862644735597
13 0 0.0000270040103301783
14 0 0.0000181684820722561
15 0 0.0000398420628188179
16 0 0.0000292547066492732
17 0 0.0000362572293529650
18 0 0.0000289212666413352
19 0 0.0000538492790677081
20 0 0.0000441773991204375
21 0 0.000029087986492371
22 0 0.000053015455780514
23 0 0.0000486796979735082
24 0 0.0000495968602639563
25 0 0.0000755313695341986
26 0 0.0000654402148491107
27 0 0.0000647730705471972
28 0 0.0000595194802618382
29 0 0.0000581018968051072
30 0 0.0000741135363607759
31 0 0.0000795347825768289
32 0 0.0000824540490774739
33 0 0.000103725820964296
34 0 0.0000816199633679737
35 0 0.000106228709658152
36 0 0.000110650648114885
37 0 0.000112653106102423
38 0 0.000121164044722843
39 0 0.000112653106102423
40 0 0.000137854473192589
41 0 0.000168823335738644
42 0 0.000158053990156781
43 0 0.000198800558495416
44 0 0.000187944154870445
45 0 0.000228369955694530
46 0 0.000237977903866149
47 0 0.000239231189380407
48 0 0.000251096481857505
49 0 0.000284778954983245
50 0 0.000352516002279812
51 0 0.000387826181811657
52 0 0.000437467712274708
53 0 0.000456645142382084
54 0 0.000488476885337374
55 0 0.000589574705333384
56 0 0.000598801500115598
57 0 0.000689945457471919
58 0 0.000734291599650772
59 0 0.000743617122689222
60 0 0.000833308629233254
61 0 0.000955589704296878
62 0 0.00103916876944743
63 0 0.00124034326305067
64 0 0.00135344634512358
65 0 0.00140827341173755
66 0 0.00163402212949937
67 0 0.00180081279802302
68 0 0.00194338819244499
69 0 0.00227363405179548
70 0 0.00257953412121825
71 0 0.00298502261640221
72 0 0.00321723900267179
73 0 0.00362603092528635
74 0 0.0040154201613134
75 0 0.00456935322672669
76 0 0.0049336122371274
77 0 0.0058940298529242
78 0 0.00631333850556592
79 0 0.00751160961641872
80 0 0.00817835729981176
81 0 0.0090544917265839
82 0 0.0105415406452973
83 0 0.0114638933271474
84 0 0.0120088425207769
85 0 0.0144443542337012
86 0 0.0151739501937667
87 0 0.0185610991734226
88 0 0.0188955669403361
89 0 0.0214934675655589
90 0 0.0255222133939729
91 0 0.0250970850067442
92 0 0.0292226874396609
93 0 0.0330664488296758
94 0 0.0366653547585544
95 0 0.0331702520162879
96 0 0.0383439839518482
97 0 0.0520824854815811
98 0 0.0472914849455845
99 0 0.0317001247305443
100 0 0.039849814380299

death 1 F single
1 0 0.00150514778111044
2 0 0.00013893945712673
3 0 0.0000743637406079856
4 0 0.0000677752584643532
5 0 0.0000520982589984342
6 0 0.0000362572293529650
7 0 0.0000317555456936791
8 0 0.0000342564535383838
9 0 0.0000203356076323713
10 0 0.000024753369733177
11 0 0.0000292547066492732
12 0 0.0000230862644735597
13 0 0.0000270040103301783
14 0 0.0000181684820722561
15 0 0.0000398420628188179
16 0 0.0000292547066492732
17 0 0.0000362572293529650
18 0 0.0000289212666413352
19 0 0.0000538492790677081
20 0 0.0000441773991204375
21 0 0.000029087986492371
22 0 0.000053015455780514
23 0 0.0000486796979735082
24 0 0.0000495968602639563
25 0 0.0000755313695341986
26 0 0.0000654402148491107
27 0 0.0000647730705471972
28 0 0.0000595194802618382
29 0 0.0000581018968051072
30 0 0.0000741135363607759
31 0 0.0000795347825768289
32 0 0.0000824540490774739
33 0 0.000103725820964296
34 0 0.0000816199633679737
35 0 0.000106228709658152
36 0 0.000110650648114885
37 0 0.000112653106102423
38 0 0.000121164044722843
39 0 0.000112653106102423
40 0 0.000137854473192589
41 0 0.000168823335738644
42 0 0.000158053990156781
43 0 0.000198800558495416
44 0 0.000187944154870445
45 0 0.000228369955694530
46 0 0.000237977903866149
47 0 0.000239231189380407
48 0 0.000251096481857505
49 0 0.000284778954983245
50 0 0.000352516002279812
51 0 0.000387826181811657
52 0 0.000437467712274708
53 0 0.000456645142382084
54 0 0.000488476885337374
55 0 0.000589574705333384
56 0 0.000598801500115598
57 0 0.000689945457471919
58 0 0.000734291599650772
59 0 0.000743617122689222
60 0 0.000833308629233254
61 0 0.000955589704296878
62 0 0.00103916876944743
63 0 0.00124034326305067
64 0 0.00135344634512358
65 0 0.00140827341173755
66 0 0.00163402212949937
67 0 0.00180081279802302
68 0 0.00194338819244499
69 0 0.00227363405179548
70 0 0.00257953412121825
71 0 0.00298502261640221
72 0 0.00321723900267179
73 0 0.00362603092528635
74 0 0.0040154201613134
75 0 0.00456935322672669
76 0 0.0049336122371274
77 0 0.0058940298529242
78 0 0.00631333850556592
79 0 0.00751160961641872
80 0 0.00817835729981176
81 0 0.0090544917265839
82 0 0.0105415406452973
83 0 0.0114638933271474
84 0 0.0120088425207769
85 0 0.0144443542337012
86 0 0.0151739501937667
87 0 0.0185610991734226
88 0 0.0188955669403361
89 0 0.0214934675655589
90 0 0.0255222133939729
91 0 0.0250970850067442
92 0 0.0292226874396609
93 0 0.0330664488296758
94 0 0.0366653547585544
95 0 0.0331702520162879
96 0 0.0383439839518482
97 0 0.0520824854815811
98 0 0.0472914849455845
99 0 0.0317001247305443
100 0 0.039849814380299

death 1 F divorced
1 0 0.00150514778111044
2 0 0.00013893945712673
3 0 0.0000743637406079856
4 0 0.0000677752584643532
5 0 0.0000520982589984342
6 0 0.0000362572293529650
7 0 0.0000317555456936791
8 0 0.0000342564535383838
9 0 0.0000203356076323713
10 0 0.000024753369733177
11 0 0.0000292547066492732
12 0 0.0000230862644735597
13 0 0.0000270040103301783
14 0 0.0000181684820722561
15 0 0.0000398420628188179
16 0 0.0000292547066492732
17 0 0.0000362572293529650
18 0 0.0000289212666413352
19 0 0.0000538492790677081
20 0 0.0000441773991204375
21 0 0.000029087986492371
22 0 0.000053015455780514
23 0 0.0000486796979735082
24 0 0.0000495968602639563
25 0 0.0000755313695341986
26 0 0.0000654402148491107
27 0 0.0000647730705471972
28 0 0.0000595194802618382
29 0 0.0000581018968051072
30 0 0.0000741135363607759
31 0 0.0000795347825768289
32 0 0.0000824540490774739
33 0 0.000103725820964296
34 0 0.0000816199633679737
35 0 0.000106228709658152
36 0 0.000110650648114885
37 0 0.000112653106102423
38 0 0.000121164044722843
39 0 0.000112653106102423
40 0 0.000137854473192589
41 0 0.000168823335738644
42 0 0.000158053990156781
43 0 0.000198800558495416
44 0 0.000187944154870445
45 0 0.000228369955694530
46 0 0.000237977903866149
47 0 0.000239231189380407
48 0 0.000251096481857505
49 0 0.000284778954983245
50 0 0.000352516002279812
51 0 0.000387826181811657
52 0 0.000437467712274708
53 0 0.000456645142382084
54 0 0.000488476885337374
55 0 0.000589574705333384
56 0 0.000598801500115598
57 0 0.000689945457471919
58 0 0.000734291599650772
59 0 0.000743617122689222
60 0 0.000833308629233254
61 0 0.000955589704296878
62 0 0.00103916876944743
63 0 0.00124034326305067
64 0 0.00135344634512358
65 0 0.00140827341173755
66 0 0.00163402212949937
67 0 0.00180081279802302
68 0 0.00194338819244499
69 0 0.00227363405179548
70 0 0.00257953412121825
71 0 0.00298502261640221
72 0 0.00321723900267179
73 0 0.00362603092528635
74 0 0.0040154201613134
75 0 0.00456935322672669
76 0 0.0049336122371274
77 0 0.0058940298529242
78 0 0.00631333850556592
79 0 0.00751160961641872
80 0 0.00817835729981176
81 0 0.0090544917265839
82 0 0.0105415406452973
83 0 0.0114638933271474
84 0 0.0120088425207769
85 0 0.0144443542337012
86 0 0.0151739501937667
87 0 0.0185610991734226
88 0 0.0188955669403361
89 0 0.0214934675655589
90 0 0.0255222133939729
91 0 0.0250970850067442
92 0 0.0292226874396609
93 0 0.0330664488296758
94 0 0.0366653547585544
95 0 0.0331702520162879
96 0 0.0383439839518482
97 0 0.0520824854815811
98 0 0.0472914849455845
99 0 0.0317001247305443
100 0 0.039849814380299

death 1 F widowed
1 0 0.00150514778111044
2 0 0.00013893945712673
3 0 0.0000743637406079856
4 0 0.0000677752584643532
5 0 0.0000520982589984342
6 0 0.0000362572293529650
7 0 0.0000317555456936791
8 0 0.0000342564535383838
9 0 0.0000203356076323713
10 0 0.000024753369733177
11 0 0.0000292547066492732
12 0 0.0000230862644735597
13 0 0.0000270040103301783
14 0 0.0000181684820722561
15 0 0.0000398420628188179
16 0 0.0000292547066492732
17 0 0.0000362572293529650
18 0 0.0000289212666413352
19 0 0.0000538492790677081
20 0 0.0000441773991204375
21 0 0.000029087986492371
22 0 0.000053015455780514
23 0 0.0000486796979735082
24 0 0.0000495968602639563
25 0 0.0000755313695341986
26 0 0.0000654402148491107
27 0 0.0000647730705471972
28 0 0.0000595194802618382
29 0 0.0000581018968051072
30 0 0.0000741135363607759
31 0 0.0000795347825768289
32 0 0.0000824540490774739
33 0 0.000103725820964296
34 0 0.0000816199633679737
35 0 0.000106228709658152
36 0 0.000110650648114885
37 0 0.000112653106102423
38 0 0.000121164044722843
39 0 0.000112653106102423
40 0 0.000137854473192589
41 0 0.000168823335738644
42 0 0.000158053990156781
43 0 0.000198800558495416
44 0 0.000187944154870445
45 0 0.000228369955694530
46 0 0.000237977903866149
47 0 0.000239231189380407
48 0 0.000251096481857505
49 0 0.000284778954983245
50 0 0.000352516002279812
51 0 0.000387826181811657
52 0 0.000437467712274708
53 0 0.000456645142382084
54 0 0.000488476885337374
55 0 0.000589574705333384
56 0 0.000598801500115598
57 0 0.000689945457471919
58 0 0.000734291599650772
59 0 0.000743617122689222
60 0 0.000833308629233254
61 0 0.000955589704296878
62 0 0.00103916876944743
63 0 0.00124034326305067
64 0 0.00135344634512358
65 0 0.00140827341173755
66 0 0.00163402212949937
67 0 0.00180081279802302
68 0 0.00194338819244499
69 0 0.00227363405179548
70 0 0.00257953412121825
71 0 0.00298502261640221
72 0 0.00321723900267179
73 0 0.00362603092528635
74 0 0.0040154201613134
75 0 0.00456935322672669
76 0 0.0049336122371274
77 0 0.0058940298529242
78 0 0.00631333850556592
79 0 0.00751160961641872
80 0 0.00817835729981176
81 0 0.0090544917265839
82 0 0.0105415406452973
83 0 0.0114638933271474
84 0 0.0120088425207769
85 0 0.0144443542337012
86 0 0.0151739501937667
87 0 0.0185610991734226
88 0 0.0188955669403361
89 0 0.0214934675655589
90 0 0.0255222133939729
91 0 0.0250970850067442
92 0 0.0292226874396609
93 0 0.0330664488296758
94 0 0.0366653547585544
95 0 0.0331702520162879
96 0 0.0383439839518482
97 0 0.0520824854815811
98 0 0.0472914849455845
99 0 0.0317001247305443
100 0 0.039849814380299
