*Period monthly mortality rates for SWE in 1936 
* Mon Dec 20 14:20:57 2010
death 1 M married
1 0 0.00440395429395202
2 0 0.000628333541895953
3 0 0.000311449617943271
4 0 0.000228871214834281
5 0 0.000170159157473537
6 0 0.000165650837797404
7 0 0.000128590906945947
8 0 0.000131511749350333
9 0 0.000139690607437126
10 0 0.000124835676046819
11 0 0.000128340553392725
12 0 0.000110900952950965
13 0 0.000125503261312665
14 0 0.000114238416628387
15 0 0.000149873479631690
16 0 0.000169491244152109
17 0 0.000185689525966759
18 0 0.000242155589456949
19 0 0.000254522664378531
20 0 0.000273577938392
21 0 0.000350675563450809
22 0 0.000331102293032681
23 0 0.000249675907471048
24 0 0.000284862549848941
25 0 0.000255441906054421
26 0 0.000267225736466314
27 0 0.000232630746503593
28 0 0.000274330202232553
29 0 0.000267142157821310
30 0 0.000307352361515578
31 0 0.000269816712585746
32 0 0.000286200078158272
33 0 0.000253854130817577
34 0 0.000290630781285772
35 0 0.000302920843119003
36 0 0.000270903272941325
37 0 0.000318223038758392
38 0 0.000331771395076563
39 0 0.000351763090981061
40 0 0.000386236092006387
41 0 0.000378453422218983
42 0 0.000410257781524814
43 0 0.000370587745062489
44 0 0.000428341012022937
45 0 0.000479680157171702
46 0 0.000532808597798473
47 0 0.000494425631805573
48 0 0.000610797734367674
49 0 0.000571040067732009
50 0 0.000640669367350966
51 0 0.000785215572405074
52 0 0.000770843045087455
53 0 0.000882857649557867
54 0 0.0008792394039433
55 0 0.00096763315250148
56 0 0.00105704040446286
57 0 0.00118983897615010
58 0 0.00125850802665761
59 0 0.00130693699049178
60 0 0.00131860437148634
61 0 0.00151904384211698
62 0 0.00169793364766546
63 0 0.00185693150323074
64 0 0.00201791254634676
65 0 0.00235091033773605
66 0 0.00231517042012164
67 0 0.00285404379434373
68 0 0.00284123145966275
69 0 0.00320342562352482
70 0 0.00363591876024305
71 0 0.00381373698083465
72 0 0.00440570389147044
73 0 0.00485278316237847
74 0 0.00523487206665574
75 0 0.00600348276938578
76 0 0.00700915767651777
77 0 0.00779989537760528
78 0 0.00786458915827948
79 0 0.0089812079807694
80 0 0.0103359625309923
81 0 0.0112510070948038
82 0 0.0124402706474221
83 0 0.015907850711797
84 0 0.014640946405997
85 0 0.0168791620271900
86 0 0.0179539595309777
87 0 0.0222718733223388
88 0 0.0252036174338313
89 0 0.0287125922883616
90 0 0.0252996725201921
91 0 0.0298331375767944
92 0 0.0357114945294773
93 0 0.0375409395761536
94 0 0.0384992695885816
95 0 0.0496428351192689
96 0 0.0469983458885929
97 0 0.0740990960161089
98 0 0.0665705373541913
99 0 0.0628914943541097
100 0 0.0570786106872649

death 1 M single
1 0 0.00440395429395202
2 0 0.000628333541895953
3 0 0.000311449617943271
4 0 0.000228871214834281
5 0 0.000170159157473537
6 0 0.000165650837797404
7 0 0.000128590906945947
8 0 0.000131511749350333
9 0 0.000139690607437126
10 0 0.000124835676046819
11 0 0.000128340553392725
12 0 0.000110900952950965
13 0 0.000125503261312665
14 0 0.000114238416628387
15 0 0.000149873479631690
16 0 0.000169491244152109
17 0 0.000185689525966759
18 0 0.000242155589456949
19 0 0.000254522664378531
20 0 0.000273577938392
21 0 0.000350675563450809
22 0 0.000331102293032681
23 0 0.000249675907471048
24 0 0.000284862549848941
25 0 0.000255441906054421
26 0 0.000267225736466314
27 0 0.000232630746503593
28 0 0.000274330202232553
29 0 0.000267142157821310
30 0 0.000307352361515578
31 0 0.000269816712585746
32 0 0.000286200078158272
33 0 0.000253854130817577
34 0 0.000290630781285772
35 0 0.000302920843119003
36 0 0.000270903272941325
37 0 0.000318223038758392
38 0 0.000331771395076563
39 0 0.000351763090981061
40 0 0.000386236092006387
41 0 0.000378453422218983
42 0 0.000410257781524814
43 0 0.000370587745062489
44 0 0.000428341012022937
45 0 0.000479680157171702
46 0 0.000532808597798473
47 0 0.000494425631805573
48 0 0.000610797734367674
49 0 0.000571040067732009
50 0 0.000640669367350966
51 0 0.000785215572405074
52 0 0.000770843045087455
53 0 0.000882857649557867
54 0 0.0008792394039433
55 0 0.00096763315250148
56 0 0.00105704040446286
57 0 0.00118983897615010
58 0 0.00125850802665761
59 0 0.00130693699049178
60 0 0.00131860437148634
61 0 0.00151904384211698
62 0 0.00169793364766546
63 0 0.00185693150323074
64 0 0.00201791254634676
65 0 0.00235091033773605
66 0 0.00231517042012164
67 0 0.00285404379434373
68 0 0.00284123145966275
69 0 0.00320342562352482
70 0 0.00363591876024305
71 0 0.00381373698083465
72 0 0.00440570389147044
73 0 0.00485278316237847
74 0 0.00523487206665574
75 0 0.00600348276938578
76 0 0.00700915767651777
77 0 0.00779989537760528
78 0 0.00786458915827948
79 0 0.0089812079807694
80 0 0.0103359625309923
81 0 0.0112510070948038
82 0 0.0124402706474221
83 0 0.015907850711797
84 0 0.014640946405997
85 0 0.0168791620271900
86 0 0.0179539595309777
87 0 0.0222718733223388
88 0 0.0252036174338313
89 0 0.0287125922883616
90 0 0.0252996725201921
91 0 0.0298331375767944
92 0 0.0357114945294773
93 0 0.0375409395761536
94 0 0.0384992695885816
95 0 0.0496428351192689
96 0 0.0469983458885929
97 0 0.0740990960161089
98 0 0.0665705373541913
99 0 0.0628914943541097
100 0 0.0570786106872649

death 1 M divorced
1 0 0.00440395429395202
2 0 0.000628333541895953
3 0 0.000311449617943271
4 0 0.000228871214834281
5 0 0.000170159157473537
6 0 0.000165650837797404
7 0 0.000128590906945947
8 0 0.000131511749350333
9 0 0.000139690607437126
10 0 0.000124835676046819
11 0 0.000128340553392725
12 0 0.000110900952950965
13 0 0.000125503261312665
14 0 0.000114238416628387
15 0 0.000149873479631690
16 0 0.000169491244152109
17 0 0.000185689525966759
18 0 0.000242155589456949
19 0 0.000254522664378531
20 0 0.000273577938392
21 0 0.000350675563450809
22 0 0.000331102293032681
23 0 0.000249675907471048
24 0 0.000284862549848941
25 0 0.000255441906054421
26 0 0.000267225736466314
27 0 0.000232630746503593
28 0 0.000274330202232553
29 0 0.000267142157821310
30 0 0.000307352361515578
31 0 0.000269816712585746
32 0 0.000286200078158272
33 0 0.000253854130817577
34 0 0.000290630781285772
35 0 0.000302920843119003
36 0 0.000270903272941325
37 0 0.000318223038758392
38 0 0.000331771395076563
39 0 0.000351763090981061
40 0 0.000386236092006387
41 0 0.000378453422218983
42 0 0.000410257781524814
43 0 0.000370587745062489
44 0 0.000428341012022937
45 0 0.000479680157171702
46 0 0.000532808597798473
47 0 0.000494425631805573
48 0 0.000610797734367674
49 0 0.000571040067732009
50 0 0.000640669367350966
51 0 0.000785215572405074
52 0 0.000770843045087455
53 0 0.000882857649557867
54 0 0.0008792394039433
55 0 0.00096763315250148
56 0 0.00105704040446286
57 0 0.00118983897615010
58 0 0.00125850802665761
59 0 0.00130693699049178
60 0 0.00131860437148634
61 0 0.00151904384211698
62 0 0.00169793364766546
63 0 0.00185693150323074
64 0 0.00201791254634676
65 0 0.00235091033773605
66 0 0.00231517042012164
67 0 0.00285404379434373
68 0 0.00284123145966275
69 0 0.00320342562352482
70 0 0.00363591876024305
71 0 0.00381373698083465
72 0 0.00440570389147044
73 0 0.00485278316237847
74 0 0.00523487206665574
75 0 0.00600348276938578
76 0 0.00700915767651777
77 0 0.00779989537760528
78 0 0.00786458915827948
79 0 0.0089812079807694
80 0 0.0103359625309923
81 0 0.0112510070948038
82 0 0.0124402706474221
83 0 0.015907850711797
84 0 0.014640946405997
85 0 0.0168791620271900
86 0 0.0179539595309777
87 0 0.0222718733223388
88 0 0.0252036174338313
89 0 0.0287125922883616
90 0 0.0252996725201921
91 0 0.0298331375767944
92 0 0.0357114945294773
93 0 0.0375409395761536
94 0 0.0384992695885816
95 0 0.0496428351192689
96 0 0.0469983458885929
97 0 0.0740990960161089
98 0 0.0665705373541913
99 0 0.0628914943541097
100 0 0.0570786106872649

death 1 M widowed
1 0 0.00440395429395202
2 0 0.000628333541895953
3 0 0.000311449617943271
4 0 0.000228871214834281
5 0 0.000170159157473537
6 0 0.000165650837797404
7 0 0.000128590906945947
8 0 0.000131511749350333
9 0 0.000139690607437126
10 0 0.000124835676046819
11 0 0.000128340553392725
12 0 0.000110900952950965
13 0 0.000125503261312665
14 0 0.000114238416628387
15 0 0.000149873479631690
16 0 0.000169491244152109
17 0 0.000185689525966759
18 0 0.000242155589456949
19 0 0.000254522664378531
20 0 0.000273577938392
21 0 0.000350675563450809
22 0 0.000331102293032681
23 0 0.000249675907471048
24 0 0.000284862549848941
25 0 0.000255441906054421
26 0 0.000267225736466314
27 0 0.000232630746503593
28 0 0.000274330202232553
29 0 0.000267142157821310
30 0 0.000307352361515578
31 0 0.000269816712585746
32 0 0.000286200078158272
33 0 0.000253854130817577
34 0 0.000290630781285772
35 0 0.000302920843119003
36 0 0.000270903272941325
37 0 0.000318223038758392
38 0 0.000331771395076563
39 0 0.000351763090981061
40 0 0.000386236092006387
41 0 0.000378453422218983
42 0 0.000410257781524814
43 0 0.000370587745062489
44 0 0.000428341012022937
45 0 0.000479680157171702
46 0 0.000532808597798473
47 0 0.000494425631805573
48 0 0.000610797734367674
49 0 0.000571040067732009
50 0 0.000640669367350966
51 0 0.000785215572405074
52 0 0.000770843045087455
53 0 0.000882857649557867
54 0 0.0008792394039433
55 0 0.00096763315250148
56 0 0.00105704040446286
57 0 0.00118983897615010
58 0 0.00125850802665761
59 0 0.00130693699049178
60 0 0.00131860437148634
61 0 0.00151904384211698
62 0 0.00169793364766546
63 0 0.00185693150323074
64 0 0.00201791254634676
65 0 0.00235091033773605
66 0 0.00231517042012164
67 0 0.00285404379434373
68 0 0.00284123145966275
69 0 0.00320342562352482
70 0 0.00363591876024305
71 0 0.00381373698083465
72 0 0.00440570389147044
73 0 0.00485278316237847
74 0 0.00523487206665574
75 0 0.00600348276938578
76 0 0.00700915767651777
77 0 0.00779989537760528
78 0 0.00786458915827948
79 0 0.0089812079807694
80 0 0.0103359625309923
81 0 0.0112510070948038
82 0 0.0124402706474221
83 0 0.015907850711797
84 0 0.014640946405997
85 0 0.0168791620271900
86 0 0.0179539595309777
87 0 0.0222718733223388
88 0 0.0252036174338313
89 0 0.0287125922883616
90 0 0.0252996725201921
91 0 0.0298331375767944
92 0 0.0357114945294773
93 0 0.0375409395761536
94 0 0.0384992695885816
95 0 0.0496428351192689
96 0 0.0469983458885929
97 0 0.0740990960161089
98 0 0.0665705373541913
99 0 0.0628914943541097
100 0 0.0570786106872649

death 1 F married
1 0 0.00335030056143493
2 0 0.000500039594812485
3 0 0.000236056232975956
4 0 0.000155215770445416
5 0 0.000128257102361529
6 0 0.000137520634587607
7 0 0.000132680112592487
8 0 0.000099721342393999
9 0 0.000108815100377635
10 0 0.000106979589705181
11 0 0.000109899737742336
12 0 0.00010631214046819
13 0 0.000100221892567864
14 0 0.000100639019818272
15 0 0.000137937933035515
16 0 0.000157469643559560
17 0 0.000191952522130112
18 0 0.000212414650952897
19 0 0.000207152520688481
20 0 0.000248506039354224
21 0 0.000257196847799124
22 0 0.000250344410298808
23 0 0.000216674693839236
24 0 0.000245163641991897
25 0 0.000275082472299681
26 0 0.000198717042748986
27 0 0.000229372476738599
28 0 0.000261960431930275
29 0 0.000243074706058000
30 0 0.000250595100126927
31 0 0.000311365998618696
32 0 0.000265470601060969
33 0 0.000325749654020879
34 0 0.000260539687728101
35 0 0.000306767054247592
36 0 0.000265219870198452
37 0 0.000281602407059545
38 0 0.000308606604069062
39 0 0.000302502786499903
40 0 0.000395358564215020
41 0 0.00036314108238944
42 0 0.000338044466330345
43 0 0.000382386516117439
44 0 0.000416871138264718
45 0 0.000421810541447409
46 0 0.00046058162211926
47 0 0.000494258056151664
48 0 0.000507665085164977
49 0 0.00055837830375205
50 0 0.000609119844089401
51 0 0.000650069215878513
52 0 0.000668619984676821
53 0 0.00077756675139884
54 0 0.000719003173781818
55 0 0.000849120999612096
56 0 0.000912482197071962
57 0 0.000936811849187369
58 0 0.00108056551182911
59 0 0.00109211949843913
60 0 0.00118367566058408
61 0 0.00126704249593401
62 0 0.00132604522351809
63 0 0.00161162555521188
64 0 0.00166083741907952
65 0 0.00191095727941326
66 0 0.00214598183038561
67 0 0.00234355599813552
68 0 0.00262215438959135
69 0 0.00314508732688967
70 0 0.00309359788121999
71 0 0.00352773171237752
72 0 0.00393079426250376
73 0 0.00430629292385254
74 0 0.00525588661661247
75 0 0.00524520213853319
76 0 0.00581073873275151
77 0 0.00685487610746005
78 0 0.00771265045851033
79 0 0.00932919129716903
80 0 0.00938094107907106
81 0 0.0107441172424730
82 0 0.0117621953786000
83 0 0.0127892546506941
84 0 0.0148804154460646
85 0 0.0154825974598445
86 0 0.0181457892303226
87 0 0.020621987871843
88 0 0.0222933352163154
89 0 0.0247037173806615
90 0 0.0269193840992112
91 0 0.0295502155317118
92 0 0.0306484188102455
93 0 0.0355916075034441
94 0 0.0475870442737103
95 0 0.0455639022832698
96 0 0.0509396778012912
97 0 0.060882203285165
98 0 0.053119043422743
99 0 0.072635712150176
100 0 0.0576820146683351

death 1 F single
1 0 0.00335030056143493
2 0 0.000500039594812485
3 0 0.000236056232975956
4 0 0.000155215770445416
5 0 0.000128257102361529
6 0 0.000137520634587607
7 0 0.000132680112592487
8 0 0.000099721342393999
9 0 0.000108815100377635
10 0 0.000106979589705181
11 0 0.000109899737742336
12 0 0.00010631214046819
13 0 0.000100221892567864
14 0 0.000100639019818272
15 0 0.000137937933035515
16 0 0.000157469643559560
17 0 0.000191952522130112
18 0 0.000212414650952897
19 0 0.000207152520688481
20 0 0.000248506039354224
21 0 0.000257196847799124
22 0 0.000250344410298808
23 0 0.000216674693839236
24 0 0.000245163641991897
25 0 0.000275082472299681
26 0 0.000198717042748986
27 0 0.000229372476738599
28 0 0.000261960431930275
29 0 0.000243074706058000
30 0 0.000250595100126927
31 0 0.000311365998618696
32 0 0.000265470601060969
33 0 0.000325749654020879
34 0 0.000260539687728101
35 0 0.000306767054247592
36 0 0.000265219870198452
37 0 0.000281602407059545
38 0 0.000308606604069062
39 0 0.000302502786499903
40 0 0.000395358564215020
41 0 0.00036314108238944
42 0 0.000338044466330345
43 0 0.000382386516117439
44 0 0.000416871138264718
45 0 0.000421810541447409
46 0 0.00046058162211926
47 0 0.000494258056151664
48 0 0.000507665085164977
49 0 0.00055837830375205
50 0 0.000609119844089401
51 0 0.000650069215878513
52 0 0.000668619984676821
53 0 0.00077756675139884
54 0 0.000719003173781818
55 0 0.000849120999612096
56 0 0.000912482197071962
57 0 0.000936811849187369
58 0 0.00108056551182911
59 0 0.00109211949843913
60 0 0.00118367566058408
61 0 0.00126704249593401
62 0 0.00132604522351809
63 0 0.00161162555521188
64 0 0.00166083741907952
65 0 0.00191095727941326
66 0 0.00214598183038561
67 0 0.00234355599813552
68 0 0.00262215438959135
69 0 0.00314508732688967
70 0 0.00309359788121999
71 0 0.00352773171237752
72 0 0.00393079426250376
73 0 0.00430629292385254
74 0 0.00525588661661247
75 0 0.00524520213853319
76 0 0.00581073873275151
77 0 0.00685487610746005
78 0 0.00771265045851033
79 0 0.00932919129716903
80 0 0.00938094107907106
81 0 0.0107441172424730
82 0 0.0117621953786000
83 0 0.0127892546506941
84 0 0.0148804154460646
85 0 0.0154825974598445
86 0 0.0181457892303226
87 0 0.020621987871843
88 0 0.0222933352163154
89 0 0.0247037173806615
90 0 0.0269193840992112
91 0 0.0295502155317118
92 0 0.0306484188102455
93 0 0.0355916075034441
94 0 0.0475870442737103
95 0 0.0455639022832698
96 0 0.0509396778012912
97 0 0.060882203285165
98 0 0.053119043422743
99 0 0.072635712150176
100 0 0.0576820146683351

death 1 F divorced
1 0 0.00335030056143493
2 0 0.000500039594812485
3 0 0.000236056232975956
4 0 0.000155215770445416
5 0 0.000128257102361529
6 0 0.000137520634587607
7 0 0.000132680112592487
8 0 0.000099721342393999
9 0 0.000108815100377635
10 0 0.000106979589705181
11 0 0.000109899737742336
12 0 0.00010631214046819
13 0 0.000100221892567864
14 0 0.000100639019818272
15 0 0.000137937933035515
16 0 0.000157469643559560
17 0 0.000191952522130112
18 0 0.000212414650952897
19 0 0.000207152520688481
20 0 0.000248506039354224
21 0 0.000257196847799124
22 0 0.000250344410298808
23 0 0.000216674693839236
24 0 0.000245163641991897
25 0 0.000275082472299681
26 0 0.000198717042748986
27 0 0.000229372476738599
28 0 0.000261960431930275
29 0 0.000243074706058000
30 0 0.000250595100126927
31 0 0.000311365998618696
32 0 0.000265470601060969
33 0 0.000325749654020879
34 0 0.000260539687728101
35 0 0.000306767054247592
36 0 0.000265219870198452
37 0 0.000281602407059545
38 0 0.000308606604069062
39 0 0.000302502786499903
40 0 0.000395358564215020
41 0 0.00036314108238944
42 0 0.000338044466330345
43 0 0.000382386516117439
44 0 0.000416871138264718
45 0 0.000421810541447409
46 0 0.00046058162211926
47 0 0.000494258056151664
48 0 0.000507665085164977
49 0 0.00055837830375205
50 0 0.000609119844089401
51 0 0.000650069215878513
52 0 0.000668619984676821
53 0 0.00077756675139884
54 0 0.000719003173781818
55 0 0.000849120999612096
56 0 0.000912482197071962
57 0 0.000936811849187369
58 0 0.00108056551182911
59 0 0.00109211949843913
60 0 0.00118367566058408
61 0 0.00126704249593401
62 0 0.00132604522351809
63 0 0.00161162555521188
64 0 0.00166083741907952
65 0 0.00191095727941326
66 0 0.00214598183038561
67 0 0.00234355599813552
68 0 0.00262215438959135
69 0 0.00314508732688967
70 0 0.00309359788121999
71 0 0.00352773171237752
72 0 0.00393079426250376
73 0 0.00430629292385254
74 0 0.00525588661661247
75 0 0.00524520213853319
76 0 0.00581073873275151
77 0 0.00685487610746005
78 0 0.00771265045851033
79 0 0.00932919129716903
80 0 0.00938094107907106
81 0 0.0107441172424730
82 0 0.0117621953786000
83 0 0.0127892546506941
84 0 0.0148804154460646
85 0 0.0154825974598445
86 0 0.0181457892303226
87 0 0.020621987871843
88 0 0.0222933352163154
89 0 0.0247037173806615
90 0 0.0269193840992112
91 0 0.0295502155317118
92 0 0.0306484188102455
93 0 0.0355916075034441
94 0 0.0475870442737103
95 0 0.0455639022832698
96 0 0.0509396778012912
97 0 0.060882203285165
98 0 0.053119043422743
99 0 0.072635712150176
100 0 0.0576820146683351

death 1 F widowed
1 0 0.00335030056143493
2 0 0.000500039594812485
3 0 0.000236056232975956
4 0 0.000155215770445416
5 0 0.000128257102361529
6 0 0.000137520634587607
7 0 0.000132680112592487
8 0 0.000099721342393999
9 0 0.000108815100377635
10 0 0.000106979589705181
11 0 0.000109899737742336
12 0 0.00010631214046819
13 0 0.000100221892567864
14 0 0.000100639019818272
15 0 0.000137937933035515
16 0 0.000157469643559560
17 0 0.000191952522130112
18 0 0.000212414650952897
19 0 0.000207152520688481
20 0 0.000248506039354224
21 0 0.000257196847799124
22 0 0.000250344410298808
23 0 0.000216674693839236
24 0 0.000245163641991897
25 0 0.000275082472299681
26 0 0.000198717042748986
27 0 0.000229372476738599
28 0 0.000261960431930275
29 0 0.000243074706058000
30 0 0.000250595100126927
31 0 0.000311365998618696
32 0 0.000265470601060969
33 0 0.000325749654020879
34 0 0.000260539687728101
35 0 0.000306767054247592
36 0 0.000265219870198452
37 0 0.000281602407059545
38 0 0.000308606604069062
39 0 0.000302502786499903
40 0 0.000395358564215020
41 0 0.00036314108238944
42 0 0.000338044466330345
43 0 0.000382386516117439
44 0 0.000416871138264718
45 0 0.000421810541447409
46 0 0.00046058162211926
47 0 0.000494258056151664
48 0 0.000507665085164977
49 0 0.00055837830375205
50 0 0.000609119844089401
51 0 0.000650069215878513
52 0 0.000668619984676821
53 0 0.00077756675139884
54 0 0.000719003173781818
55 0 0.000849120999612096
56 0 0.000912482197071962
57 0 0.000936811849187369
58 0 0.00108056551182911
59 0 0.00109211949843913
60 0 0.00118367566058408
61 0 0.00126704249593401
62 0 0.00132604522351809
63 0 0.00161162555521188
64 0 0.00166083741907952
65 0 0.00191095727941326
66 0 0.00214598183038561
67 0 0.00234355599813552
68 0 0.00262215438959135
69 0 0.00314508732688967
70 0 0.00309359788121999
71 0 0.00352773171237752
72 0 0.00393079426250376
73 0 0.00430629292385254
74 0 0.00525588661661247
75 0 0.00524520213853319
76 0 0.00581073873275151
77 0 0.00685487610746005
78 0 0.00771265045851033
79 0 0.00932919129716903
80 0 0.00938094107907106
81 0 0.0107441172424730
82 0 0.0117621953786000
83 0 0.0127892546506941
84 0 0.0148804154460646
85 0 0.0154825974598445
86 0 0.0181457892303226
87 0 0.020621987871843
88 0 0.0222933352163154
89 0 0.0247037173806615
90 0 0.0269193840992112
91 0 0.0295502155317118
92 0 0.0306484188102455
93 0 0.0355916075034441
94 0 0.0475870442737103
95 0 0.0455639022832698
96 0 0.0509396778012912
97 0 0.060882203285165
98 0 0.053119043422743
99 0 0.072635712150176
100 0 0.0576820146683351
