*Period monthly mortality rates for SWE in 1946 
* Mon Dec 20 14:21:05 2010
death 1 M married
1 0 0.00253033562872818
2 0 0.000220099578987276
3 0 0.000146701643016445
4 0 0.000119578613407278
5 0 0.0000932978598129353
6 0 0.000100972722996695
7 0 0.0000902114127544484
8 0 0.0000698601695217071
9 0 0.0000857070564740381
10 0 0.0000730293259140202
11 0 0.0000474290370353625
12 0 0.0000445108950922757
13 0 0.0000408425066913409
14 0 0.000065857182524165
15 0 0.0000776164584929129
16 0 0.0000991373706747956
17 0 0.000109899737742336
18 0 0.000126337749789873
19 0 0.000130927573360862
20 0 0.000139523684609455
21 0 0.000209741784809925
22 0 0.000232881387477568
23 0 0.000181347435279644
24 0 0.000200554406896036
25 0 0.000180094947666687
26 0 0.000192620600526383
27 0 0.000172246418237210
28 0 0.000168739847532073
29 0 0.000184269973497075
30 0 0.000149456126384950
31 0 0.000178424991029824
32 0 0.000176922056289053
33 0 0.000184353475969790
34 0 0.000185021498513405
35 0 0.000218011219030201
36 0 0.000177089047810775
37 0 0.000220099578987276
38 0 0.000208405381213916
39 0 0.000237727248837083
40 0 0.000241737812256448
41 0 0.000248673162449031
42 0 0.000271822680311673
43 0 0.000288122809589786
44 0 0.000287036043347677
45 0 0.000324411543526026
46 0 0.000362973748665341
47 0 0.000425661787832321
48 0 0.000474570068058955
49 0 0.00049677172341156
50 0 0.000457566430865142
51 0 0.000530796860720772
52 0 0.000578000596873629
53 0 0.000660897032462415
54 0 0.000708588357108852
55 0 0.000727571095532231
56 0 0.00082002163792394
57 0 0.00100242494799230
58 0 0.00110544635966847
59 0 0.00116510381466728
60 0 0.00115396253011568
61 0 0.00143925519038746
62 0 0.00145788320683848
63 0 0.00177268147876619
64 0 0.0017248527611613
65 0 0.00204066531561886
66 0 0.00209684733472182
67 0 0.00250600338470386
68 0 0.00264257119162614
69 0 0.00313991118571166
70 0 0.00313016358913631
71 0 0.00345438022199374
72 0 0.00373355400866304
73 0 0.00427955715634498
74 0 0.00462484575817879
75 0 0.00505618093381688
76 0 0.00544329085651607
77 0 0.00662031603732682
78 0 0.00720321581322347
79 0 0.00870976781649302
80 0 0.0097350225304561
81 0 0.0105372334658740
82 0 0.0118801593417512
83 0 0.0128220956003665
84 0 0.0154437234252192
85 0 0.015846735111261
86 0 0.0183177066064432
87 0 0.0209792363041417
88 0 0.0222922673378896
89 0 0.0231241774719111
90 0 0.028364589913896
91 0 0.0306109885671320
92 0 0.0346348046296444
93 0 0.0360463059905040
94 0 0.0398837101540607
95 0 0.0443926352659589
96 0 0.0444512921342172
97 0 0.0608140465983018
98 0 0.0874853212824371
99 0 0.0874853212824371
100 0 0.0248754979006873

death 1 M single
1 0 0.00253033562872818
2 0 0.000220099578987276
3 0 0.000146701643016445
4 0 0.000119578613407278
5 0 0.0000932978598129353
6 0 0.000100972722996695
7 0 0.0000902114127544484
8 0 0.0000698601695217071
9 0 0.0000857070564740381
10 0 0.0000730293259140202
11 0 0.0000474290370353625
12 0 0.0000445108950922757
13 0 0.0000408425066913409
14 0 0.000065857182524165
15 0 0.0000776164584929129
16 0 0.0000991373706747956
17 0 0.000109899737742336
18 0 0.000126337749789873
19 0 0.000130927573360862
20 0 0.000139523684609455
21 0 0.000209741784809925
22 0 0.000232881387477568
23 0 0.000181347435279644
24 0 0.000200554406896036
25 0 0.000180094947666687
26 0 0.000192620600526383
27 0 0.000172246418237210
28 0 0.000168739847532073
29 0 0.000184269973497075
30 0 0.000149456126384950
31 0 0.000178424991029824
32 0 0.000176922056289053
33 0 0.000184353475969790
34 0 0.000185021498513405
35 0 0.000218011219030201
36 0 0.000177089047810775
37 0 0.000220099578987276
38 0 0.000208405381213916
39 0 0.000237727248837083
40 0 0.000241737812256448
41 0 0.000248673162449031
42 0 0.000271822680311673
43 0 0.000288122809589786
44 0 0.000287036043347677
45 0 0.000324411543526026
46 0 0.000362973748665341
47 0 0.000425661787832321
48 0 0.000474570068058955
49 0 0.00049677172341156
50 0 0.000457566430865142
51 0 0.000530796860720772
52 0 0.000578000596873629
53 0 0.000660897032462415
54 0 0.000708588357108852
55 0 0.000727571095532231
56 0 0.00082002163792394
57 0 0.00100242494799230
58 0 0.00110544635966847
59 0 0.00116510381466728
60 0 0.00115396253011568
61 0 0.00143925519038746
62 0 0.00145788320683848
63 0 0.00177268147876619
64 0 0.0017248527611613
65 0 0.00204066531561886
66 0 0.00209684733472182
67 0 0.00250600338470386
68 0 0.00264257119162614
69 0 0.00313991118571166
70 0 0.00313016358913631
71 0 0.00345438022199374
72 0 0.00373355400866304
73 0 0.00427955715634498
74 0 0.00462484575817879
75 0 0.00505618093381688
76 0 0.00544329085651607
77 0 0.00662031603732682
78 0 0.00720321581322347
79 0 0.00870976781649302
80 0 0.0097350225304561
81 0 0.0105372334658740
82 0 0.0118801593417512
83 0 0.0128220956003665
84 0 0.0154437234252192
85 0 0.015846735111261
86 0 0.0183177066064432
87 0 0.0209792363041417
88 0 0.0222922673378896
89 0 0.0231241774719111
90 0 0.028364589913896
91 0 0.0306109885671320
92 0 0.0346348046296444
93 0 0.0360463059905040
94 0 0.0398837101540607
95 0 0.0443926352659589
96 0 0.0444512921342172
97 0 0.0608140465983018
98 0 0.0874853212824371
99 0 0.0874853212824371
100 0 0.0248754979006873

death 1 M divorced
1 0 0.00253033562872818
2 0 0.000220099578987276
3 0 0.000146701643016445
4 0 0.000119578613407278
5 0 0.0000932978598129353
6 0 0.000100972722996695
7 0 0.0000902114127544484
8 0 0.0000698601695217071
9 0 0.0000857070564740381
10 0 0.0000730293259140202
11 0 0.0000474290370353625
12 0 0.0000445108950922757
13 0 0.0000408425066913409
14 0 0.000065857182524165
15 0 0.0000776164584929129
16 0 0.0000991373706747956
17 0 0.000109899737742336
18 0 0.000126337749789873
19 0 0.000130927573360862
20 0 0.000139523684609455
21 0 0.000209741784809925
22 0 0.000232881387477568
23 0 0.000181347435279644
24 0 0.000200554406896036
25 0 0.000180094947666687
26 0 0.000192620600526383
27 0 0.000172246418237210
28 0 0.000168739847532073
29 0 0.000184269973497075
30 0 0.000149456126384950
31 0 0.000178424991029824
32 0 0.000176922056289053
33 0 0.000184353475969790
34 0 0.000185021498513405
35 0 0.000218011219030201
36 0 0.000177089047810775
37 0 0.000220099578987276
38 0 0.000208405381213916
39 0 0.000237727248837083
40 0 0.000241737812256448
41 0 0.000248673162449031
42 0 0.000271822680311673
43 0 0.000288122809589786
44 0 0.000287036043347677
45 0 0.000324411543526026
46 0 0.000362973748665341
47 0 0.000425661787832321
48 0 0.000474570068058955
49 0 0.00049677172341156
50 0 0.000457566430865142
51 0 0.000530796860720772
52 0 0.000578000596873629
53 0 0.000660897032462415
54 0 0.000708588357108852
55 0 0.000727571095532231
56 0 0.00082002163792394
57 0 0.00100242494799230
58 0 0.00110544635966847
59 0 0.00116510381466728
60 0 0.00115396253011568
61 0 0.00143925519038746
62 0 0.00145788320683848
63 0 0.00177268147876619
64 0 0.0017248527611613
65 0 0.00204066531561886
66 0 0.00209684733472182
67 0 0.00250600338470386
68 0 0.00264257119162614
69 0 0.00313991118571166
70 0 0.00313016358913631
71 0 0.00345438022199374
72 0 0.00373355400866304
73 0 0.00427955715634498
74 0 0.00462484575817879
75 0 0.00505618093381688
76 0 0.00544329085651607
77 0 0.00662031603732682
78 0 0.00720321581322347
79 0 0.00870976781649302
80 0 0.0097350225304561
81 0 0.0105372334658740
82 0 0.0118801593417512
83 0 0.0128220956003665
84 0 0.0154437234252192
85 0 0.015846735111261
86 0 0.0183177066064432
87 0 0.0209792363041417
88 0 0.0222922673378896
89 0 0.0231241774719111
90 0 0.028364589913896
91 0 0.0306109885671320
92 0 0.0346348046296444
93 0 0.0360463059905040
94 0 0.0398837101540607
95 0 0.0443926352659589
96 0 0.0444512921342172
97 0 0.0608140465983018
98 0 0.0874853212824371
99 0 0.0874853212824371
100 0 0.0248754979006873

death 1 M widowed
1 0 0.00253033562872818
2 0 0.000220099578987276
3 0 0.000146701643016445
4 0 0.000119578613407278
5 0 0.0000932978598129353
6 0 0.000100972722996695
7 0 0.0000902114127544484
8 0 0.0000698601695217071
9 0 0.0000857070564740381
10 0 0.0000730293259140202
11 0 0.0000474290370353625
12 0 0.0000445108950922757
13 0 0.0000408425066913409
14 0 0.000065857182524165
15 0 0.0000776164584929129
16 0 0.0000991373706747956
17 0 0.000109899737742336
18 0 0.000126337749789873
19 0 0.000130927573360862
20 0 0.000139523684609455
21 0 0.000209741784809925
22 0 0.000232881387477568
23 0 0.000181347435279644
24 0 0.000200554406896036
25 0 0.000180094947666687
26 0 0.000192620600526383
27 0 0.000172246418237210
28 0 0.000168739847532073
29 0 0.000184269973497075
30 0 0.000149456126384950
31 0 0.000178424991029824
32 0 0.000176922056289053
33 0 0.000184353475969790
34 0 0.000185021498513405
35 0 0.000218011219030201
36 0 0.000177089047810775
37 0 0.000220099578987276
38 0 0.000208405381213916
39 0 0.000237727248837083
40 0 0.000241737812256448
41 0 0.000248673162449031
42 0 0.000271822680311673
43 0 0.000288122809589786
44 0 0.000287036043347677
45 0 0.000324411543526026
46 0 0.000362973748665341
47 0 0.000425661787832321
48 0 0.000474570068058955
49 0 0.00049677172341156
50 0 0.000457566430865142
51 0 0.000530796860720772
52 0 0.000578000596873629
53 0 0.000660897032462415
54 0 0.000708588357108852
55 0 0.000727571095532231
56 0 0.00082002163792394
57 0 0.00100242494799230
58 0 0.00110544635966847
59 0 0.00116510381466728
60 0 0.00115396253011568
61 0 0.00143925519038746
62 0 0.00145788320683848
63 0 0.00177268147876619
64 0 0.0017248527611613
65 0 0.00204066531561886
66 0 0.00209684733472182
67 0 0.00250600338470386
68 0 0.00264257119162614
69 0 0.00313991118571166
70 0 0.00313016358913631
71 0 0.00345438022199374
72 0 0.00373355400866304
73 0 0.00427955715634498
74 0 0.00462484575817879
75 0 0.00505618093381688
76 0 0.00544329085651607
77 0 0.00662031603732682
78 0 0.00720321581322347
79 0 0.00870976781649302
80 0 0.0097350225304561
81 0 0.0105372334658740
82 0 0.0118801593417512
83 0 0.0128220956003665
84 0 0.0154437234252192
85 0 0.015846735111261
86 0 0.0183177066064432
87 0 0.0209792363041417
88 0 0.0222922673378896
89 0 0.0231241774719111
90 0 0.028364589913896
91 0 0.0306109885671320
92 0 0.0346348046296444
93 0 0.0360463059905040
94 0 0.0398837101540607
95 0 0.0443926352659589
96 0 0.0444512921342172
97 0 0.0608140465983018
98 0 0.0874853212824371
99 0 0.0874853212824371
100 0 0.0248754979006873

death 1 F married
1 0 0.00200606972986472
2 0 0.000162979346466141
3 0 0.000110567213322699
4 0 0.0000852899977380472
5 0 0.000080869292772956
6 0 0.0000689428027651484
7 0 0.000057017877312826
8 0 0.000035340201638423
9 0 0.0000310052867564803
10 0 0.0000539326618169689
11 0 0.0000390917371397848
12 0 0.0000486796979735082
13 0 0.0000382580492043205
14 0 0.0000600198091127435
15 0 0.000054016044642835
16 0 0.0000666911236122392
17 0 0.0000778666723819654
18 0 0.000114739046749190
19 0 0.0000842056539793745
20 0 0.000114154978542946
21 0 0.000129258519792286
22 0 0.000162645415570539
23 0 0.000156718346311702
24 0 0.000119912386123078
25 0 0.000154881868070444
26 0 0.000123750860446914
27 0 0.000157970511841521
28 0 0.000140274839747767
29 0 0.000149456126384950
30 0 0.000153379322562208
31 0 0.000155299246230811
32 0 0.000140942538415234
33 0 0.000158137468548758
34 0 0.000164398566459334
35 0 0.000173582290280749
36 0 0.000156467915275682
37 0 0.00018485449241723
38 0 0.000187443121391961
39 0 0.000202725885138699
40 0 0.000212999350899690
41 0 0.000250260847176387
42 0 0.000227200361785806
43 0 0.000229038301828521
44 0 0.000266055642429985
45 0 0.000296315773371636
46 0 0.000323407973584433
47 0 0.000356949939793738
48 0 0.000304342250008527
49 0 0.000462173013396905
50 0 0.0004250757180706
51 0 0.000501380294002152
52 0 0.000545299128916543
53 0 0.00048579588748332
54 0 0.000571962516845881
55 0 0.000590581219230502
56 0 0.00072076709161395
57 0 0.000806568437197397
58 0 0.000871919208262462
59 0 0.000825487569917738
60 0 0.00101489595471083
61 0 0.00108933628696772
62 0 0.00122370246016845
63 0 0.00139659450191532
64 0 0.00136401997670033
65 0 0.00163512513389863
66 0 0.00173546974899219
67 0 0.00211424609184707
68 0 0.00221170669301518
69 0 0.00240232185222156
70 0 0.00290815073145279
71 0 0.00311636347549982
72 0 0.00339622622060132
73 0 0.00382912146264325
74 0 0.0042163314072321
75 0 0.00478608102346534
76 0 0.00563010893396643
77 0 0.00616389711942955
78 0 0.00695164235140577
79 0 0.0078329633670553
80 0 0.00922476580429388
81 0 0.00950563228127
82 0 0.0107452434220889
83 0 0.0124962351806153
84 0 0.013561501388894
85 0 0.0145881335241104
86 0 0.0174395652600431
87 0 0.0187767180526093
88 0 0.0210435503664865
89 0 0.0219683319828752
90 0 0.0260428059982413
91 0 0.0302942314705227
92 0 0.0295924162904079
93 0 0.029903282777051
94 0 0.0352330504809946
95 0 0.0459375919145116
96 0 0.0481609822668373
97 0 0.045276953009602
98 0 0.046684055806115
99 0 0.0629686601711748
100 0 0.067476427721117

death 1 F single
1 0 0.00200606972986472
2 0 0.000162979346466141
3 0 0.000110567213322699
4 0 0.0000852899977380472
5 0 0.000080869292772956
6 0 0.0000689428027651484
7 0 0.000057017877312826
8 0 0.000035340201638423
9 0 0.0000310052867564803
10 0 0.0000539326618169689
11 0 0.0000390917371397848
12 0 0.0000486796979735082
13 0 0.0000382580492043205
14 0 0.0000600198091127435
15 0 0.000054016044642835
16 0 0.0000666911236122392
17 0 0.0000778666723819654
18 0 0.000114739046749190
19 0 0.0000842056539793745
20 0 0.000114154978542946
21 0 0.000129258519792286
22 0 0.000162645415570539
23 0 0.000156718346311702
24 0 0.000119912386123078
25 0 0.000154881868070444
26 0 0.000123750860446914
27 0 0.000157970511841521
28 0 0.000140274839747767
29 0 0.000149456126384950
30 0 0.000153379322562208
31 0 0.000155299246230811
32 0 0.000140942538415234
33 0 0.000158137468548758
34 0 0.000164398566459334
35 0 0.000173582290280749
36 0 0.000156467915275682
37 0 0.00018485449241723
38 0 0.000187443121391961
39 0 0.000202725885138699
40 0 0.000212999350899690
41 0 0.000250260847176387
42 0 0.000227200361785806
43 0 0.000229038301828521
44 0 0.000266055642429985
45 0 0.000296315773371636
46 0 0.000323407973584433
47 0 0.000356949939793738
48 0 0.000304342250008527
49 0 0.000462173013396905
50 0 0.0004250757180706
51 0 0.000501380294002152
52 0 0.000545299128916543
53 0 0.00048579588748332
54 0 0.000571962516845881
55 0 0.000590581219230502
56 0 0.00072076709161395
57 0 0.000806568437197397
58 0 0.000871919208262462
59 0 0.000825487569917738
60 0 0.00101489595471083
61 0 0.00108933628696772
62 0 0.00122370246016845
63 0 0.00139659450191532
64 0 0.00136401997670033
65 0 0.00163512513389863
66 0 0.00173546974899219
67 0 0.00211424609184707
68 0 0.00221170669301518
69 0 0.00240232185222156
70 0 0.00290815073145279
71 0 0.00311636347549982
72 0 0.00339622622060132
73 0 0.00382912146264325
74 0 0.0042163314072321
75 0 0.00478608102346534
76 0 0.00563010893396643
77 0 0.00616389711942955
78 0 0.00695164235140577
79 0 0.0078329633670553
80 0 0.00922476580429388
81 0 0.00950563228127
82 0 0.0107452434220889
83 0 0.0124962351806153
84 0 0.013561501388894
85 0 0.0145881335241104
86 0 0.0174395652600431
87 0 0.0187767180526093
88 0 0.0210435503664865
89 0 0.0219683319828752
90 0 0.0260428059982413
91 0 0.0302942314705227
92 0 0.0295924162904079
93 0 0.029903282777051
94 0 0.0352330504809946
95 0 0.0459375919145116
96 0 0.0481609822668373
97 0 0.045276953009602
98 0 0.046684055806115
99 0 0.0629686601711748
100 0 0.067476427721117

death 1 F divorced
1 0 0.00200606972986472
2 0 0.000162979346466141
3 0 0.000110567213322699
4 0 0.0000852899977380472
5 0 0.000080869292772956
6 0 0.0000689428027651484
7 0 0.000057017877312826
8 0 0.000035340201638423
9 0 0.0000310052867564803
10 0 0.0000539326618169689
11 0 0.0000390917371397848
12 0 0.0000486796979735082
13 0 0.0000382580492043205
14 0 0.0000600198091127435
15 0 0.000054016044642835
16 0 0.0000666911236122392
17 0 0.0000778666723819654
18 0 0.000114739046749190
19 0 0.0000842056539793745
20 0 0.000114154978542946
21 0 0.000129258519792286
22 0 0.000162645415570539
23 0 0.000156718346311702
24 0 0.000119912386123078
25 0 0.000154881868070444
26 0 0.000123750860446914
27 0 0.000157970511841521
28 0 0.000140274839747767
29 0 0.000149456126384950
30 0 0.000153379322562208
31 0 0.000155299246230811
32 0 0.000140942538415234
33 0 0.000158137468548758
34 0 0.000164398566459334
35 0 0.000173582290280749
36 0 0.000156467915275682
37 0 0.00018485449241723
38 0 0.000187443121391961
39 0 0.000202725885138699
40 0 0.000212999350899690
41 0 0.000250260847176387
42 0 0.000227200361785806
43 0 0.000229038301828521
44 0 0.000266055642429985
45 0 0.000296315773371636
46 0 0.000323407973584433
47 0 0.000356949939793738
48 0 0.000304342250008527
49 0 0.000462173013396905
50 0 0.0004250757180706
51 0 0.000501380294002152
52 0 0.000545299128916543
53 0 0.00048579588748332
54 0 0.000571962516845881
55 0 0.000590581219230502
56 0 0.00072076709161395
57 0 0.000806568437197397
58 0 0.000871919208262462
59 0 0.000825487569917738
60 0 0.00101489595471083
61 0 0.00108933628696772
62 0 0.00122370246016845
63 0 0.00139659450191532
64 0 0.00136401997670033
65 0 0.00163512513389863
66 0 0.00173546974899219
67 0 0.00211424609184707
68 0 0.00221170669301518
69 0 0.00240232185222156
70 0 0.00290815073145279
71 0 0.00311636347549982
72 0 0.00339622622060132
73 0 0.00382912146264325
74 0 0.0042163314072321
75 0 0.00478608102346534
76 0 0.00563010893396643
77 0 0.00616389711942955
78 0 0.00695164235140577
79 0 0.0078329633670553
80 0 0.00922476580429388
81 0 0.00950563228127
82 0 0.0107452434220889
83 0 0.0124962351806153
84 0 0.013561501388894
85 0 0.0145881335241104
86 0 0.0174395652600431
87 0 0.0187767180526093
88 0 0.0210435503664865
89 0 0.0219683319828752
90 0 0.0260428059982413
91 0 0.0302942314705227
92 0 0.0295924162904079
93 0 0.029903282777051
94 0 0.0352330504809946
95 0 0.0459375919145116
96 0 0.0481609822668373
97 0 0.045276953009602
98 0 0.046684055806115
99 0 0.0629686601711748
100 0 0.067476427721117

death 1 F widowed
1 0 0.00200606972986472
2 0 0.000162979346466141
3 0 0.000110567213322699
4 0 0.0000852899977380472
5 0 0.000080869292772956
6 0 0.0000689428027651484
7 0 0.000057017877312826
8 0 0.000035340201638423
9 0 0.0000310052867564803
10 0 0.0000539326618169689
11 0 0.0000390917371397848
12 0 0.0000486796979735082
13 0 0.0000382580492043205
14 0 0.0000600198091127435
15 0 0.000054016044642835
16 0 0.0000666911236122392
17 0 0.0000778666723819654
18 0 0.000114739046749190
19 0 0.0000842056539793745
20 0 0.000114154978542946
21 0 0.000129258519792286
22 0 0.000162645415570539
23 0 0.000156718346311702
24 0 0.000119912386123078
25 0 0.000154881868070444
26 0 0.000123750860446914
27 0 0.000157970511841521
28 0 0.000140274839747767
29 0 0.000149456126384950
30 0 0.000153379322562208
31 0 0.000155299246230811
32 0 0.000140942538415234
33 0 0.000158137468548758
34 0 0.000164398566459334
35 0 0.000173582290280749
36 0 0.000156467915275682
37 0 0.00018485449241723
38 0 0.000187443121391961
39 0 0.000202725885138699
40 0 0.000212999350899690
41 0 0.000250260847176387
42 0 0.000227200361785806
43 0 0.000229038301828521
44 0 0.000266055642429985
45 0 0.000296315773371636
46 0 0.000323407973584433
47 0 0.000356949939793738
48 0 0.000304342250008527
49 0 0.000462173013396905
50 0 0.0004250757180706
51 0 0.000501380294002152
52 0 0.000545299128916543
53 0 0.00048579588748332
54 0 0.000571962516845881
55 0 0.000590581219230502
56 0 0.00072076709161395
57 0 0.000806568437197397
58 0 0.000871919208262462
59 0 0.000825487569917738
60 0 0.00101489595471083
61 0 0.00108933628696772
62 0 0.00122370246016845
63 0 0.00139659450191532
64 0 0.00136401997670033
65 0 0.00163512513389863
66 0 0.00173546974899219
67 0 0.00211424609184707
68 0 0.00221170669301518
69 0 0.00240232185222156
70 0 0.00290815073145279
71 0 0.00311636347549982
72 0 0.00339622622060132
73 0 0.00382912146264325
74 0 0.0042163314072321
75 0 0.00478608102346534
76 0 0.00563010893396643
77 0 0.00616389711942955
78 0 0.00695164235140577
79 0 0.0078329633670553
80 0 0.00922476580429388
81 0 0.00950563228127
82 0 0.0107452434220889
83 0 0.0124962351806153
84 0 0.013561501388894
85 0 0.0145881335241104
86 0 0.0174395652600431
87 0 0.0187767180526093
88 0 0.0210435503664865
89 0 0.0219683319828752
90 0 0.0260428059982413
91 0 0.0302942314705227
92 0 0.0295924162904079
93 0 0.029903282777051
94 0 0.0352330504809946
95 0 0.0459375919145116
96 0 0.0481609822668373
97 0 0.045276953009602
98 0 0.046684055806115
99 0 0.0629686601711748
100 0 0.067476427721117
