*Period monthly mortality rates for SWE in 1842 
* Mon Dec 20 14:19:46 2010
death 1 M married
1 0 0.0188342223726543
2 0 0.00361943963491818
3 0 0.00252545152080674
4 0 0.00147100978687087
5 0 0.000910546207127605
6 0 0.000782946074798452
7 0 0.000699350406128119
8 0 0.000624557603624565
9 0 0.000569195197600014
10 0 0.000515794059800068
11 0 0.000467784984022113
12 0 0.000414945680941026
13 0 0.00037242858720421
14 0 0.000354021843591124
15 0 0.00036573479451496
16 0 0.000388412011385175
17 0 0.000402724164085932
18 0 0.000432192535196885
19 0 0.000480434129074503
20 0 0.000535239506196383
21 0 0.00059049734264649
22 0 0.000647047729930073
23 0 0.000722951037336439
24 0 0.00076655694206218
25 0 0.000767565418697824
26 0 0.000745717597810724
27 0 0.000729335179738388
28 0 0.00074991869376384
29 0 0.000795302914508911
30 0 0.000822796608447418
31 0 0.00082901957783299
32 0 0.000863001146364395
33 0 0.000955084419699825
34 0 0.00105434257379611
35 0 0.00104490079755803
36 0 0.00101792970179104
37 0 0.00104228762222358
38 0 0.00108832423121796
39 0 0.00112940588939825
40 0 0.00112771839163606
41 0 0.00115455332148895
42 0 0.00126247941256463
43 0 0.00134532663206111
44 0 0.00137814827045224
45 0 0.00138906324825228
46 0 0.00141716054539109
47 0 0.00145237907683826
48 0 0.00150031855072075
49 0 0.0015263316512949
50 0 0.00157024037104392
51 0 0.00166491132084234
52 0 0.00188559944480293
53 0 0.00213378102583306
54 0 0.00227483030665221
55 0 0.00235407459756198
56 0 0.00248681636021952
57 0 0.00253359184682933
58 0 0.00263622261780860
59 0 0.00277745470109358
60 0 0.00295454152717634
61 0 0.00313697817027236
62 0 0.00346476879436863
63 0 0.00378427908093237
64 0 0.00411965697894257
65 0 0.00449532851157664
66 0 0.0049152236535942
67 0 0.00518500413228129
68 0 0.0054682484517028
69 0 0.00569805794156542
70 0 0.00631476805148667
71 0 0.0069303196886189
72 0 0.00725448146099328
73 0 0.00787140651429652
74 0 0.00870508864933595
75 0 0.00961557398711543
76 0 0.0103556769104042
77 0 0.0112751711877944
78 0 0.0126047239303445
79 0 0.0139767370212188
80 0 0.0155540589311142
81 0 0.0150928415662420
82 0 0.0165886023648827
83 0 0.0187316646798406
84 0 0.0212949364283763
85 0 0.0236615254911497
86 0 0.0257151210293554
87 0 0.0276454424032588
88 0 0.0299922368306317
89 0 0.0324948353558689
90 0 0.0373502230621524
91 0 0.0352009089963435
92 0 0.0375098437037265
93 0 0.0410654815960559
94 0 0.0459114552419344
95 0 0.0510143579633027
96 0 0.0543284573707409
97 0 0.0565345711289152
98 0 0.0885728399689871
99 0 1
100 0 1

death 1 M single
1 0 0.0188342223726543
2 0 0.00361943963491818
3 0 0.00252545152080674
4 0 0.00147100978687087
5 0 0.000910546207127605
6 0 0.000782946074798452
7 0 0.000699350406128119
8 0 0.000624557603624565
9 0 0.000569195197600014
10 0 0.000515794059800068
11 0 0.000467784984022113
12 0 0.000414945680941026
13 0 0.00037242858720421
14 0 0.000354021843591124
15 0 0.00036573479451496
16 0 0.000388412011385175
17 0 0.000402724164085932
18 0 0.000432192535196885
19 0 0.000480434129074503
20 0 0.000535239506196383
21 0 0.00059049734264649
22 0 0.000647047729930073
23 0 0.000722951037336439
24 0 0.00076655694206218
25 0 0.000767565418697824
26 0 0.000745717597810724
27 0 0.000729335179738388
28 0 0.00074991869376384
29 0 0.000795302914508911
30 0 0.000822796608447418
31 0 0.00082901957783299
32 0 0.000863001146364395
33 0 0.000955084419699825
34 0 0.00105434257379611
35 0 0.00104490079755803
36 0 0.00101792970179104
37 0 0.00104228762222358
38 0 0.00108832423121796
39 0 0.00112940588939825
40 0 0.00112771839163606
41 0 0.00115455332148895
42 0 0.00126247941256463
43 0 0.00134532663206111
44 0 0.00137814827045224
45 0 0.00138906324825228
46 0 0.00141716054539109
47 0 0.00145237907683826
48 0 0.00150031855072075
49 0 0.0015263316512949
50 0 0.00157024037104392
51 0 0.00166491132084234
52 0 0.00188559944480293
53 0 0.00213378102583306
54 0 0.00227483030665221
55 0 0.00235407459756198
56 0 0.00248681636021952
57 0 0.00253359184682933
58 0 0.00263622261780860
59 0 0.00277745470109358
60 0 0.00295454152717634
61 0 0.00313697817027236
62 0 0.00346476879436863
63 0 0.00378427908093237
64 0 0.00411965697894257
65 0 0.00449532851157664
66 0 0.0049152236535942
67 0 0.00518500413228129
68 0 0.0054682484517028
69 0 0.00569805794156542
70 0 0.00631476805148667
71 0 0.0069303196886189
72 0 0.00725448146099328
73 0 0.00787140651429652
74 0 0.00870508864933595
75 0 0.00961557398711543
76 0 0.0103556769104042
77 0 0.0112751711877944
78 0 0.0126047239303445
79 0 0.0139767370212188
80 0 0.0155540589311142
81 0 0.0150928415662420
82 0 0.0165886023648827
83 0 0.0187316646798406
84 0 0.0212949364283763
85 0 0.0236615254911497
86 0 0.0257151210293554
87 0 0.0276454424032588
88 0 0.0299922368306317
89 0 0.0324948353558689
90 0 0.0373502230621524
91 0 0.0352009089963435
92 0 0.0375098437037265
93 0 0.0410654815960559
94 0 0.0459114552419344
95 0 0.0510143579633027
96 0 0.0543284573707409
97 0 0.0565345711289152
98 0 0.0885728399689871
99 0 1
100 0 1

death 1 M divorced
1 0 0.0188342223726543
2 0 0.00361943963491818
3 0 0.00252545152080674
4 0 0.00147100978687087
5 0 0.000910546207127605
6 0 0.000782946074798452
7 0 0.000699350406128119
8 0 0.000624557603624565
9 0 0.000569195197600014
10 0 0.000515794059800068
11 0 0.000467784984022113
12 0 0.000414945680941026
13 0 0.00037242858720421
14 0 0.000354021843591124
15 0 0.00036573479451496
16 0 0.000388412011385175
17 0 0.000402724164085932
18 0 0.000432192535196885
19 0 0.000480434129074503
20 0 0.000535239506196383
21 0 0.00059049734264649
22 0 0.000647047729930073
23 0 0.000722951037336439
24 0 0.00076655694206218
25 0 0.000767565418697824
26 0 0.000745717597810724
27 0 0.000729335179738388
28 0 0.00074991869376384
29 0 0.000795302914508911
30 0 0.000822796608447418
31 0 0.00082901957783299
32 0 0.000863001146364395
33 0 0.000955084419699825
34 0 0.00105434257379611
35 0 0.00104490079755803
36 0 0.00101792970179104
37 0 0.00104228762222358
38 0 0.00108832423121796
39 0 0.00112940588939825
40 0 0.00112771839163606
41 0 0.00115455332148895
42 0 0.00126247941256463
43 0 0.00134532663206111
44 0 0.00137814827045224
45 0 0.00138906324825228
46 0 0.00141716054539109
47 0 0.00145237907683826
48 0 0.00150031855072075
49 0 0.0015263316512949
50 0 0.00157024037104392
51 0 0.00166491132084234
52 0 0.00188559944480293
53 0 0.00213378102583306
54 0 0.00227483030665221
55 0 0.00235407459756198
56 0 0.00248681636021952
57 0 0.00253359184682933
58 0 0.00263622261780860
59 0 0.00277745470109358
60 0 0.00295454152717634
61 0 0.00313697817027236
62 0 0.00346476879436863
63 0 0.00378427908093237
64 0 0.00411965697894257
65 0 0.00449532851157664
66 0 0.0049152236535942
67 0 0.00518500413228129
68 0 0.0054682484517028
69 0 0.00569805794156542
70 0 0.00631476805148667
71 0 0.0069303196886189
72 0 0.00725448146099328
73 0 0.00787140651429652
74 0 0.00870508864933595
75 0 0.00961557398711543
76 0 0.0103556769104042
77 0 0.0112751711877944
78 0 0.0126047239303445
79 0 0.0139767370212188
80 0 0.0155540589311142
81 0 0.0150928415662420
82 0 0.0165886023648827
83 0 0.0187316646798406
84 0 0.0212949364283763
85 0 0.0236615254911497
86 0 0.0257151210293554
87 0 0.0276454424032588
88 0 0.0299922368306317
89 0 0.0324948353558689
90 0 0.0373502230621524
91 0 0.0352009089963435
92 0 0.0375098437037265
93 0 0.0410654815960559
94 0 0.0459114552419344
95 0 0.0510143579633027
96 0 0.0543284573707409
97 0 0.0565345711289152
98 0 0.0885728399689871
99 0 1
100 0 1

death 1 M widowed
1 0 0.0188342223726543
2 0 0.00361943963491818
3 0 0.00252545152080674
4 0 0.00147100978687087
5 0 0.000910546207127605
6 0 0.000782946074798452
7 0 0.000699350406128119
8 0 0.000624557603624565
9 0 0.000569195197600014
10 0 0.000515794059800068
11 0 0.000467784984022113
12 0 0.000414945680941026
13 0 0.00037242858720421
14 0 0.000354021843591124
15 0 0.00036573479451496
16 0 0.000388412011385175
17 0 0.000402724164085932
18 0 0.000432192535196885
19 0 0.000480434129074503
20 0 0.000535239506196383
21 0 0.00059049734264649
22 0 0.000647047729930073
23 0 0.000722951037336439
24 0 0.00076655694206218
25 0 0.000767565418697824
26 0 0.000745717597810724
27 0 0.000729335179738388
28 0 0.00074991869376384
29 0 0.000795302914508911
30 0 0.000822796608447418
31 0 0.00082901957783299
32 0 0.000863001146364395
33 0 0.000955084419699825
34 0 0.00105434257379611
35 0 0.00104490079755803
36 0 0.00101792970179104
37 0 0.00104228762222358
38 0 0.00108832423121796
39 0 0.00112940588939825
40 0 0.00112771839163606
41 0 0.00115455332148895
42 0 0.00126247941256463
43 0 0.00134532663206111
44 0 0.00137814827045224
45 0 0.00138906324825228
46 0 0.00141716054539109
47 0 0.00145237907683826
48 0 0.00150031855072075
49 0 0.0015263316512949
50 0 0.00157024037104392
51 0 0.00166491132084234
52 0 0.00188559944480293
53 0 0.00213378102583306
54 0 0.00227483030665221
55 0 0.00235407459756198
56 0 0.00248681636021952
57 0 0.00253359184682933
58 0 0.00263622261780860
59 0 0.00277745470109358
60 0 0.00295454152717634
61 0 0.00313697817027236
62 0 0.00346476879436863
63 0 0.00378427908093237
64 0 0.00411965697894257
65 0 0.00449532851157664
66 0 0.0049152236535942
67 0 0.00518500413228129
68 0 0.0054682484517028
69 0 0.00569805794156542
70 0 0.00631476805148667
71 0 0.0069303196886189
72 0 0.00725448146099328
73 0 0.00787140651429652
74 0 0.00870508864933595
75 0 0.00961557398711543
76 0 0.0103556769104042
77 0 0.0112751711877944
78 0 0.0126047239303445
79 0 0.0139767370212188
80 0 0.0155540589311142
81 0 0.0150928415662420
82 0 0.0165886023648827
83 0 0.0187316646798406
84 0 0.0212949364283763
85 0 0.0236615254911497
86 0 0.0257151210293554
87 0 0.0276454424032588
88 0 0.0299922368306317
89 0 0.0324948353558689
90 0 0.0373502230621524
91 0 0.0352009089963435
92 0 0.0375098437037265
93 0 0.0410654815960559
94 0 0.0459114552419344
95 0 0.0510143579633027
96 0 0.0543284573707409
97 0 0.0565345711289152
98 0 0.0885728399689871
99 0 1
100 0 1

death 1 F married
1 0 0.0151946579702567
2 0 0.00331165801646471
3 0 0.00227833371520869
4 0 0.00142943468426093
5 0 0.000973107975129284
6 0 0.00081001563001759
7 0 0.000673908906784648
8 0 0.000564750891557497
9 0 0.000489482279926956
10 0 0.000438137597943755
11 0 0.000407160552085450
12 0 0.000373097993592197
13 0 0.000349169777586256
14 0 0.000347078449719818
15 0 0.000377365575236155
16 0 0.000417875740890694
17 0 0.000434202090355384
18 0 0.000454216335699975
19 0 0.000478758644453348
20 0 0.000494258056151664
21 0 0.000498447540217883
22 0 0.000509592508220247
23 0 0.000540101518112901
24 0 0.00055494064592243
25 0 0.000544796121327851
26 0 0.000527360246250774
27 0 0.000513196060999199
28 0 0.000523756131692754
29 0 0.000555108333530674
30 0 0.000569446768594051
31 0 0.0005722979552093
32 0 0.000603750803424008
33 0 0.000678526471489915
34 0 0.000766388863711387
35 0 0.00078193742739563
36 0 0.000791604092337028
37 0 0.000831458425359255
38 0 0.00087250816770057
39 0 0.000905075154289614
40 0 0.000895901359149853
41 0 0.000904485983639791
42 0 0.000986501624779867
43 0 0.00104313057379313
44 0 0.00106302650245571
45 0 0.00107904757904675
46 0 0.00111160436757674
47 0 0.00114932073164109
48 0 0.00117371392547438
49 0 0.00117075938367761
50 0 0.00117371392547438
51 0 0.00119760703823746
52 0 0.00132173283724546
53 0 0.00145762916272296
54 0 0.00154862242019149
55 0 0.00164369508628082
56 0 0.00178831835619830
57 0 0.00185157321916818
58 0 0.00194696396317862
59 0 0.00208098666975010
60 0 0.00225979282158772
61 0 0.00242568479866268
62 0 0.00266711175136336
63 0 0.00290918329228285
64 0 0.00317235321702858
65 0 0.00346000721748851
66 0 0.0037791531685869
67 0 0.00406517042785259
68 0 0.00438987126575796
69 0 0.00468160080285018
70 0 0.00531091842511688
71 0 0.00594455749025946
72 0 0.0062823407925714
73 0 0.00688049647593325
74 0 0.00764262507726454
75 0 0.00853652550299033
76 0 0.00930970042890855
77 0 0.0100889183036887
78 0 0.0112004345542671
79 0 0.0122651406687555
80 0 0.0134307677457547
81 0 0.0132204073322912
82 0 0.0144968866894308
83 0 0.0164176780661954
84 0 0.0185910065587009
85 0 0.0203767773717382
86 0 0.0220151597774441
87 0 0.0236628268550082
88 0 0.0259693133539270
89 0 0.0286876812469855
90 0 0.0327723624754396
91 0 0.0330713948044851
92 0 0.0362547134525502
93 0 0.0400920669710026
94 0 0.0442849032619909
95 0 0.049116419900542
96 0 0.0534031166796634
97 0 0.0596974071229776
98 0 0.0681624358895897
99 0 0.0837474797380113
100 0 0.148685498810019

death 1 F single
1 0 0.0151946579702567
2 0 0.00331165801646471
3 0 0.00227833371520869
4 0 0.00142943468426093
5 0 0.000973107975129284
6 0 0.00081001563001759
7 0 0.000673908906784648
8 0 0.000564750891557497
9 0 0.000489482279926956
10 0 0.000438137597943755
11 0 0.000407160552085450
12 0 0.000373097993592197
13 0 0.000349169777586256
14 0 0.000347078449719818
15 0 0.000377365575236155
16 0 0.000417875740890694
17 0 0.000434202090355384
18 0 0.000454216335699975
19 0 0.000478758644453348
20 0 0.000494258056151664
21 0 0.000498447540217883
22 0 0.000509592508220247
23 0 0.000540101518112901
24 0 0.00055494064592243
25 0 0.000544796121327851
26 0 0.000527360246250774
27 0 0.000513196060999199
28 0 0.000523756131692754
29 0 0.000555108333530674
30 0 0.000569446768594051
31 0 0.0005722979552093
32 0 0.000603750803424008
33 0 0.000678526471489915
34 0 0.000766388863711387
35 0 0.00078193742739563
36 0 0.000791604092337028
37 0 0.000831458425359255
38 0 0.00087250816770057
39 0 0.000905075154289614
40 0 0.000895901359149853
41 0 0.000904485983639791
42 0 0.000986501624779867
43 0 0.00104313057379313
44 0 0.00106302650245571
45 0 0.00107904757904675
46 0 0.00111160436757674
47 0 0.00114932073164109
48 0 0.00117371392547438
49 0 0.00117075938367761
50 0 0.00117371392547438
51 0 0.00119760703823746
52 0 0.00132173283724546
53 0 0.00145762916272296
54 0 0.00154862242019149
55 0 0.00164369508628082
56 0 0.00178831835619830
57 0 0.00185157321916818
58 0 0.00194696396317862
59 0 0.00208098666975010
60 0 0.00225979282158772
61 0 0.00242568479866268
62 0 0.00266711175136336
63 0 0.00290918329228285
64 0 0.00317235321702858
65 0 0.00346000721748851
66 0 0.0037791531685869
67 0 0.00406517042785259
68 0 0.00438987126575796
69 0 0.00468160080285018
70 0 0.00531091842511688
71 0 0.00594455749025946
72 0 0.0062823407925714
73 0 0.00688049647593325
74 0 0.00764262507726454
75 0 0.00853652550299033
76 0 0.00930970042890855
77 0 0.0100889183036887
78 0 0.0112004345542671
79 0 0.0122651406687555
80 0 0.0134307677457547
81 0 0.0132204073322912
82 0 0.0144968866894308
83 0 0.0164176780661954
84 0 0.0185910065587009
85 0 0.0203767773717382
86 0 0.0220151597774441
87 0 0.0236628268550082
88 0 0.0259693133539270
89 0 0.0286876812469855
90 0 0.0327723624754396
91 0 0.0330713948044851
92 0 0.0362547134525502
93 0 0.0400920669710026
94 0 0.0442849032619909
95 0 0.049116419900542
96 0 0.0534031166796634
97 0 0.0596974071229776
98 0 0.0681624358895897
99 0 0.0837474797380113
100 0 0.148685498810019

death 1 F divorced
1 0 0.0151946579702567
2 0 0.00331165801646471
3 0 0.00227833371520869
4 0 0.00142943468426093
5 0 0.000973107975129284
6 0 0.00081001563001759
7 0 0.000673908906784648
8 0 0.000564750891557497
9 0 0.000489482279926956
10 0 0.000438137597943755
11 0 0.000407160552085450
12 0 0.000373097993592197
13 0 0.000349169777586256
14 0 0.000347078449719818
15 0 0.000377365575236155
16 0 0.000417875740890694
17 0 0.000434202090355384
18 0 0.000454216335699975
19 0 0.000478758644453348
20 0 0.000494258056151664
21 0 0.000498447540217883
22 0 0.000509592508220247
23 0 0.000540101518112901
24 0 0.00055494064592243
25 0 0.000544796121327851
26 0 0.000527360246250774
27 0 0.000513196060999199
28 0 0.000523756131692754
29 0 0.000555108333530674
30 0 0.000569446768594051
31 0 0.0005722979552093
32 0 0.000603750803424008
33 0 0.000678526471489915
34 0 0.000766388863711387
35 0 0.00078193742739563
36 0 0.000791604092337028
37 0 0.000831458425359255
38 0 0.00087250816770057
39 0 0.000905075154289614
40 0 0.000895901359149853
41 0 0.000904485983639791
42 0 0.000986501624779867
43 0 0.00104313057379313
44 0 0.00106302650245571
45 0 0.00107904757904675
46 0 0.00111160436757674
47 0 0.00114932073164109
48 0 0.00117371392547438
49 0 0.00117075938367761
50 0 0.00117371392547438
51 0 0.00119760703823746
52 0 0.00132173283724546
53 0 0.00145762916272296
54 0 0.00154862242019149
55 0 0.00164369508628082
56 0 0.00178831835619830
57 0 0.00185157321916818
58 0 0.00194696396317862
59 0 0.00208098666975010
60 0 0.00225979282158772
61 0 0.00242568479866268
62 0 0.00266711175136336
63 0 0.00290918329228285
64 0 0.00317235321702858
65 0 0.00346000721748851
66 0 0.0037791531685869
67 0 0.00406517042785259
68 0 0.00438987126575796
69 0 0.00468160080285018
70 0 0.00531091842511688
71 0 0.00594455749025946
72 0 0.0062823407925714
73 0 0.00688049647593325
74 0 0.00764262507726454
75 0 0.00853652550299033
76 0 0.00930970042890855
77 0 0.0100889183036887
78 0 0.0112004345542671
79 0 0.0122651406687555
80 0 0.0134307677457547
81 0 0.0132204073322912
82 0 0.0144968866894308
83 0 0.0164176780661954
84 0 0.0185910065587009
85 0 0.0203767773717382
86 0 0.0220151597774441
87 0 0.0236628268550082
88 0 0.0259693133539270
89 0 0.0286876812469855
90 0 0.0327723624754396
91 0 0.0330713948044851
92 0 0.0362547134525502
93 0 0.0400920669710026
94 0 0.0442849032619909
95 0 0.049116419900542
96 0 0.0534031166796634
97 0 0.0596974071229776
98 0 0.0681624358895897
99 0 0.0837474797380113
100 0 0.148685498810019

death 1 F widowed
1 0 0.0151946579702567
2 0 0.00331165801646471
3 0 0.00227833371520869
4 0 0.00142943468426093
5 0 0.000973107975129284
6 0 0.00081001563001759
7 0 0.000673908906784648
8 0 0.000564750891557497
9 0 0.000489482279926956
10 0 0.000438137597943755
11 0 0.000407160552085450
12 0 0.000373097993592197
13 0 0.000349169777586256
14 0 0.000347078449719818
15 0 0.000377365575236155
16 0 0.000417875740890694
17 0 0.000434202090355384
18 0 0.000454216335699975
19 0 0.000478758644453348
20 0 0.000494258056151664
21 0 0.000498447540217883
22 0 0.000509592508220247
23 0 0.000540101518112901
24 0 0.00055494064592243
25 0 0.000544796121327851
26 0 0.000527360246250774
27 0 0.000513196060999199
28 0 0.000523756131692754
29 0 0.000555108333530674
30 0 0.000569446768594051
31 0 0.0005722979552093
32 0 0.000603750803424008
33 0 0.000678526471489915
34 0 0.000766388863711387
35 0 0.00078193742739563
36 0 0.000791604092337028
37 0 0.000831458425359255
38 0 0.00087250816770057
39 0 0.000905075154289614
40 0 0.000895901359149853
41 0 0.000904485983639791
42 0 0.000986501624779867
43 0 0.00104313057379313
44 0 0.00106302650245571
45 0 0.00107904757904675
46 0 0.00111160436757674
47 0 0.00114932073164109
48 0 0.00117371392547438
49 0 0.00117075938367761
50 0 0.00117371392547438
51 0 0.00119760703823746
52 0 0.00132173283724546
53 0 0.00145762916272296
54 0 0.00154862242019149
55 0 0.00164369508628082
56 0 0.00178831835619830
57 0 0.00185157321916818
58 0 0.00194696396317862
59 0 0.00208098666975010
60 0 0.00225979282158772
61 0 0.00242568479866268
62 0 0.00266711175136336
63 0 0.00290918329228285
64 0 0.00317235321702858
65 0 0.00346000721748851
66 0 0.0037791531685869
67 0 0.00406517042785259
68 0 0.00438987126575796
69 0 0.00468160080285018
70 0 0.00531091842511688
71 0 0.00594455749025946
72 0 0.0062823407925714
73 0 0.00688049647593325
74 0 0.00764262507726454
75 0 0.00853652550299033
76 0 0.00930970042890855
77 0 0.0100889183036887
78 0 0.0112004345542671
79 0 0.0122651406687555
80 0 0.0134307677457547
81 0 0.0132204073322912
82 0 0.0144968866894308
83 0 0.0164176780661954
84 0 0.0185910065587009
85 0 0.0203767773717382
86 0 0.0220151597774441
87 0 0.0236628268550082
88 0 0.0259693133539270
89 0 0.0286876812469855
90 0 0.0327723624754396
91 0 0.0330713948044851
92 0 0.0362547134525502
93 0 0.0400920669710026
94 0 0.0442849032619909
95 0 0.049116419900542
96 0 0.0534031166796634
97 0 0.0596974071229776
98 0 0.0681624358895897
99 0 0.0837474797380113
100 0 0.148685498810019
