*Period monthly mortality rates for SWE in 1799 
* Mon Dec 20 14:19:13 2010
death 1 M married
1 0 0.0231405633393148
2 0 0.00447519025156384
3 0 0.00296099852931708
4 0 0.00187156208060479
5 0 0.00139151718363217
6 0 0.00116653877643991
7 0 0.00089851032586663
8 0 0.000696831127978581
9 0 0.00055955216792225
10 0 0.000468287565465242
11 0 0.000401133813578314
12 0 0.000364479763274916
13 0 0.000345405422077283
14 0 0.000339131842714724
15 0 0.000344150671557575
16 0 0.000359961794317964
17 0 0.000390085830976772
18 0 0.000441068405811706
19 0 0.00050464833115571
20 0 0.000582445551094213
21 0 0.000664758426504597
22 0 0.000743449086777703
23 0 0.00080312137519234
24 0 0.000841382687202019
25 0 0.000845083536973434
26 0 0.000787653244104236
27 0 0.000738912234653388
28 0 0.000713795616194779
29 0 0.000690533238238644
30 0 0.000705900856295738
31 0 0.000748910413016057
32 0 0.00083608400570978
33 0 0.00089935194401991
34 0 0.000935464708392897
35 0 0.000976729962256728
36 0 0.00101548584203948
37 0 0.00102012080437719
38 0 0.00103200424304362
39 0 0.00105645024715606
40 0 0.00110089138963154
41 0 0.00116071466059597
42 0 0.00127321147322002
43 0 0.00137222596349795
44 0 0.00143984784112716
45 0 0.00148718773207968
46 0 0.00155574305887163
47 0 0.00156320337477422
48 0 0.00160729958114225
49 0 0.00166550544679511
50 0 0.00173453540421942
51 0 0.00183626557937522
52 0 0.00200811442229909
53 0 0.00216134181962568
54 0 0.00229773308480274
55 0 0.00238957318541755
56 0 0.00245196460785180
57 0 0.00245307760173419
58 0 0.0025366767928936
59 0 0.00272668885140437
60 0 0.00301275725835959
61 0 0.00336759562880384
62 0 0.00379114304502648
63 0 0.00412445336558787
64 0 0.00436389776314294
65 0 0.00455699696397871
66 0 0.00476991821119088
67 0 0.00502050264816278
68 0 0.00543709677592119
69 0 0.00604418322462419
70 0 0.00689839009744475
71 0 0.00796590267534014
72 0 0.00914664130559195
73 0 0.0103540883880675
74 0 0.0115160342164494
75 0 0.0126305009020031
76 0 0.0139756668578706
77 0 0.0148175419240992
78 0 0.0159692070453252
79 0 0.0176199554616400
80 0 0.0198040121398145
81 0 0.0174895359314430
82 0 0.0196922435049167
83 0 0.0222901316195271
84 0 0.0250622636683028
85 0 0.0273551851946682
86 0 0.0287321127614274
87 0 0.0297909377493105
88 0 0.0304849690938931
89 0 0.031252429641107
90 0 0.0338835239778781
91 0 0.0425563789927836
92 0 0.0463328370404533
93 0 0.0501987587113414
94 0 0.0543737614166181
95 0 0.0599995580373444
96 0 0.0710089712984315
97 0 0.087548308765581
98 0 0.102545114823507
99 0 0.113211864047907
100 0 1

death 1 M single
1 0 0.0231405633393148
2 0 0.00447519025156384
3 0 0.00296099852931708
4 0 0.00187156208060479
5 0 0.00139151718363217
6 0 0.00116653877643991
7 0 0.00089851032586663
8 0 0.000696831127978581
9 0 0.00055955216792225
10 0 0.000468287565465242
11 0 0.000401133813578314
12 0 0.000364479763274916
13 0 0.000345405422077283
14 0 0.000339131842714724
15 0 0.000344150671557575
16 0 0.000359961794317964
17 0 0.000390085830976772
18 0 0.000441068405811706
19 0 0.00050464833115571
20 0 0.000582445551094213
21 0 0.000664758426504597
22 0 0.000743449086777703
23 0 0.00080312137519234
24 0 0.000841382687202019
25 0 0.000845083536973434
26 0 0.000787653244104236
27 0 0.000738912234653388
28 0 0.000713795616194779
29 0 0.000690533238238644
30 0 0.000705900856295738
31 0 0.000748910413016057
32 0 0.00083608400570978
33 0 0.00089935194401991
34 0 0.000935464708392897
35 0 0.000976729962256728
36 0 0.00101548584203948
37 0 0.00102012080437719
38 0 0.00103200424304362
39 0 0.00105645024715606
40 0 0.00110089138963154
41 0 0.00116071466059597
42 0 0.00127321147322002
43 0 0.00137222596349795
44 0 0.00143984784112716
45 0 0.00148718773207968
46 0 0.00155574305887163
47 0 0.00156320337477422
48 0 0.00160729958114225
49 0 0.00166550544679511
50 0 0.00173453540421942
51 0 0.00183626557937522
52 0 0.00200811442229909
53 0 0.00216134181962568
54 0 0.00229773308480274
55 0 0.00238957318541755
56 0 0.00245196460785180
57 0 0.00245307760173419
58 0 0.0025366767928936
59 0 0.00272668885140437
60 0 0.00301275725835959
61 0 0.00336759562880384
62 0 0.00379114304502648
63 0 0.00412445336558787
64 0 0.00436389776314294
65 0 0.00455699696397871
66 0 0.00476991821119088
67 0 0.00502050264816278
68 0 0.00543709677592119
69 0 0.00604418322462419
70 0 0.00689839009744475
71 0 0.00796590267534014
72 0 0.00914664130559195
73 0 0.0103540883880675
74 0 0.0115160342164494
75 0 0.0126305009020031
76 0 0.0139756668578706
77 0 0.0148175419240992
78 0 0.0159692070453252
79 0 0.0176199554616400
80 0 0.0198040121398145
81 0 0.0174895359314430
82 0 0.0196922435049167
83 0 0.0222901316195271
84 0 0.0250622636683028
85 0 0.0273551851946682
86 0 0.0287321127614274
87 0 0.0297909377493105
88 0 0.0304849690938931
89 0 0.031252429641107
90 0 0.0338835239778781
91 0 0.0425563789927836
92 0 0.0463328370404533
93 0 0.0501987587113414
94 0 0.0543737614166181
95 0 0.0599995580373444
96 0 0.0710089712984315
97 0 0.087548308765581
98 0 0.102545114823507
99 0 0.113211864047907
100 0 1

death 1 M divorced
1 0 0.0231405633393148
2 0 0.00447519025156384
3 0 0.00296099852931708
4 0 0.00187156208060479
5 0 0.00139151718363217
6 0 0.00116653877643991
7 0 0.00089851032586663
8 0 0.000696831127978581
9 0 0.00055955216792225
10 0 0.000468287565465242
11 0 0.000401133813578314
12 0 0.000364479763274916
13 0 0.000345405422077283
14 0 0.000339131842714724
15 0 0.000344150671557575
16 0 0.000359961794317964
17 0 0.000390085830976772
18 0 0.000441068405811706
19 0 0.00050464833115571
20 0 0.000582445551094213
21 0 0.000664758426504597
22 0 0.000743449086777703
23 0 0.00080312137519234
24 0 0.000841382687202019
25 0 0.000845083536973434
26 0 0.000787653244104236
27 0 0.000738912234653388
28 0 0.000713795616194779
29 0 0.000690533238238644
30 0 0.000705900856295738
31 0 0.000748910413016057
32 0 0.00083608400570978
33 0 0.00089935194401991
34 0 0.000935464708392897
35 0 0.000976729962256728
36 0 0.00101548584203948
37 0 0.00102012080437719
38 0 0.00103200424304362
39 0 0.00105645024715606
40 0 0.00110089138963154
41 0 0.00116071466059597
42 0 0.00127321147322002
43 0 0.00137222596349795
44 0 0.00143984784112716
45 0 0.00148718773207968
46 0 0.00155574305887163
47 0 0.00156320337477422
48 0 0.00160729958114225
49 0 0.00166550544679511
50 0 0.00173453540421942
51 0 0.00183626557937522
52 0 0.00200811442229909
53 0 0.00216134181962568
54 0 0.00229773308480274
55 0 0.00238957318541755
56 0 0.00245196460785180
57 0 0.00245307760173419
58 0 0.0025366767928936
59 0 0.00272668885140437
60 0 0.00301275725835959
61 0 0.00336759562880384
62 0 0.00379114304502648
63 0 0.00412445336558787
64 0 0.00436389776314294
65 0 0.00455699696397871
66 0 0.00476991821119088
67 0 0.00502050264816278
68 0 0.00543709677592119
69 0 0.00604418322462419
70 0 0.00689839009744475
71 0 0.00796590267534014
72 0 0.00914664130559195
73 0 0.0103540883880675
74 0 0.0115160342164494
75 0 0.0126305009020031
76 0 0.0139756668578706
77 0 0.0148175419240992
78 0 0.0159692070453252
79 0 0.0176199554616400
80 0 0.0198040121398145
81 0 0.0174895359314430
82 0 0.0196922435049167
83 0 0.0222901316195271
84 0 0.0250622636683028
85 0 0.0273551851946682
86 0 0.0287321127614274
87 0 0.0297909377493105
88 0 0.0304849690938931
89 0 0.031252429641107
90 0 0.0338835239778781
91 0 0.0425563789927836
92 0 0.0463328370404533
93 0 0.0501987587113414
94 0 0.0543737614166181
95 0 0.0599995580373444
96 0 0.0710089712984315
97 0 0.087548308765581
98 0 0.102545114823507
99 0 0.113211864047907
100 0 1

death 1 M widowed
1 0 0.0231405633393148
2 0 0.00447519025156384
3 0 0.00296099852931708
4 0 0.00187156208060479
5 0 0.00139151718363217
6 0 0.00116653877643991
7 0 0.00089851032586663
8 0 0.000696831127978581
9 0 0.00055955216792225
10 0 0.000468287565465242
11 0 0.000401133813578314
12 0 0.000364479763274916
13 0 0.000345405422077283
14 0 0.000339131842714724
15 0 0.000344150671557575
16 0 0.000359961794317964
17 0 0.000390085830976772
18 0 0.000441068405811706
19 0 0.00050464833115571
20 0 0.000582445551094213
21 0 0.000664758426504597
22 0 0.000743449086777703
23 0 0.00080312137519234
24 0 0.000841382687202019
25 0 0.000845083536973434
26 0 0.000787653244104236
27 0 0.000738912234653388
28 0 0.000713795616194779
29 0 0.000690533238238644
30 0 0.000705900856295738
31 0 0.000748910413016057
32 0 0.00083608400570978
33 0 0.00089935194401991
34 0 0.000935464708392897
35 0 0.000976729962256728
36 0 0.00101548584203948
37 0 0.00102012080437719
38 0 0.00103200424304362
39 0 0.00105645024715606
40 0 0.00110089138963154
41 0 0.00116071466059597
42 0 0.00127321147322002
43 0 0.00137222596349795
44 0 0.00143984784112716
45 0 0.00148718773207968
46 0 0.00155574305887163
47 0 0.00156320337477422
48 0 0.00160729958114225
49 0 0.00166550544679511
50 0 0.00173453540421942
51 0 0.00183626557937522
52 0 0.00200811442229909
53 0 0.00216134181962568
54 0 0.00229773308480274
55 0 0.00238957318541755
56 0 0.00245196460785180
57 0 0.00245307760173419
58 0 0.0025366767928936
59 0 0.00272668885140437
60 0 0.00301275725835959
61 0 0.00336759562880384
62 0 0.00379114304502648
63 0 0.00412445336558787
64 0 0.00436389776314294
65 0 0.00455699696397871
66 0 0.00476991821119088
67 0 0.00502050264816278
68 0 0.00543709677592119
69 0 0.00604418322462419
70 0 0.00689839009744475
71 0 0.00796590267534014
72 0 0.00914664130559195
73 0 0.0103540883880675
74 0 0.0115160342164494
75 0 0.0126305009020031
76 0 0.0139756668578706
77 0 0.0148175419240992
78 0 0.0159692070453252
79 0 0.0176199554616400
80 0 0.0198040121398145
81 0 0.0174895359314430
82 0 0.0196922435049167
83 0 0.0222901316195271
84 0 0.0250622636683028
85 0 0.0273551851946682
86 0 0.0287321127614274
87 0 0.0297909377493105
88 0 0.0304849690938931
89 0 0.031252429641107
90 0 0.0338835239778781
91 0 0.0425563789927836
92 0 0.0463328370404533
93 0 0.0501987587113414
94 0 0.0543737614166181
95 0 0.0599995580373444
96 0 0.0710089712984315
97 0 0.087548308765581
98 0 0.102545114823507
99 0 0.113211864047907
100 0 1

death 1 F married
1 0 0.0189488280930964
2 0 0.00431669229976261
3 0 0.00283976976474987
4 0 0.00182946301271369
5 0 0.00137332579129201
6 0 0.00110392801093628
7 0 0.00080253286548393
8 0 0.000586555230542296
9 0 0.000452122588940229
10 0 0.000384394970148527
11 0 0.000364145091204748
12 0 0.00037067141889624
13 0 0.000385231839096112
14 0 0.000403393793679041
15 0 0.000419884979461438
16 0 0.000432694919820231
17 0 0.000436295424236732
18 0 0.000446846561064529
19 0 0.000454802593437997
20 0 0.000461502950514614
21 0 0.000466277256371161
22 0 0.000493085035227492
23 0 0.000520822655611042
24 0 0.000548317232928808
25 0 0.000574394473038975
26 0 0.000582781028162782
27 0 0.00060861648304833
28 0 0.00064587273475425
29 0 0.000673321233567115
30 0 0.000724547030875988
31 0 0.000789922859319891
32 0 0.000877051697447229
33 0 0.00092620365629148
34 0 0.000929487012169328
35 0 0.000916859369937795
36 0 0.000886223588839608
37 0 0.00085013039331372
38 0 0.000843148983056374
39 0 0.000869563408699037
40 0 0.000935296317198575
41 0 0.00103360567636612
42 0 0.00114982709812594
43 0 0.00123274048740207
44 0 0.00126450742130546
45 0 0.00125445232246291
46 0 0.00124330006995843
47 0 0.00121230062512634
48 0 0.00122074629137758
49 0 0.00124591903649063
50 0 0.00128571972734293
51 0 0.00135615307753212
52 0 0.00146558954955944
53 0 0.00157617561128953
54 0 0.00169216024056262
55 0 0.00179409788416107
56 0 0.00188653534630012
57 0 0.00194279224435656
58 0 0.00203802331550984
59 0 0.00218395987127673
60 0 0.00238726321610139
61 0 0.00263596525256993
62 0 0.00298235295891802
63 0 0.00331563389356226
64 0 0.00362707169919052
65 0 0.00395438056987329
66 0 0.00436678333983376
67 0 0.00471644340001309
68 0 0.00513578100456713
69 0 0.00566256905909179
70 0 0.00632146934956623
71 0 0.00708662273640037
72 0 0.00799493532978623
73 0 0.0089185589910743
74 0 0.00984543072046384
75 0 0.0107453372710269
76 0 0.0117127573801212
77 0 0.0124062306651225
78 0 0.0133649408697534
79 0 0.0145985172717122
80 0 0.0163125638758089
81 0 0.0141929773659548
82 0 0.0161508375750881
83 0 0.0183586687106521
84 0 0.0207290539167285
85 0 0.0229568267629585
86 0 0.0244874883797057
87 0 0.0255814822340779
88 0 0.0264971398282995
89 0 0.0274665095501460
90 0 0.0293065650303668
91 0 0.0340324373591124
92 0 0.0370754051712971
93 0 0.0405458777425348
94 0 0.0444217526949809
95 0 0.0484932143779143
96 0 0.054071416412494
97 0 0.0610978367338413
98 0 0.0695023777519617
99 0 0.0925469389901763
100 0 0.150056669380369

death 1 F single
1 0 0.0189488280930964
2 0 0.00431669229976261
3 0 0.00283976976474987
4 0 0.00182946301271369
5 0 0.00137332579129201
6 0 0.00110392801093628
7 0 0.00080253286548393
8 0 0.000586555230542296
9 0 0.000452122588940229
10 0 0.000384394970148527
11 0 0.000364145091204748
12 0 0.00037067141889624
13 0 0.000385231839096112
14 0 0.000403393793679041
15 0 0.000419884979461438
16 0 0.000432694919820231
17 0 0.000436295424236732
18 0 0.000446846561064529
19 0 0.000454802593437997
20 0 0.000461502950514614
21 0 0.000466277256371161
22 0 0.000493085035227492
23 0 0.000520822655611042
24 0 0.000548317232928808
25 0 0.000574394473038975
26 0 0.000582781028162782
27 0 0.00060861648304833
28 0 0.00064587273475425
29 0 0.000673321233567115
30 0 0.000724547030875988
31 0 0.000789922859319891
32 0 0.000877051697447229
33 0 0.00092620365629148
34 0 0.000929487012169328
35 0 0.000916859369937795
36 0 0.000886223588839608
37 0 0.00085013039331372
38 0 0.000843148983056374
39 0 0.000869563408699037
40 0 0.000935296317198575
41 0 0.00103360567636612
42 0 0.00114982709812594
43 0 0.00123274048740207
44 0 0.00126450742130546
45 0 0.00125445232246291
46 0 0.00124330006995843
47 0 0.00121230062512634
48 0 0.00122074629137758
49 0 0.00124591903649063
50 0 0.00128571972734293
51 0 0.00135615307753212
52 0 0.00146558954955944
53 0 0.00157617561128953
54 0 0.00169216024056262
55 0 0.00179409788416107
56 0 0.00188653534630012
57 0 0.00194279224435656
58 0 0.00203802331550984
59 0 0.00218395987127673
60 0 0.00238726321610139
61 0 0.00263596525256993
62 0 0.00298235295891802
63 0 0.00331563389356226
64 0 0.00362707169919052
65 0 0.00395438056987329
66 0 0.00436678333983376
67 0 0.00471644340001309
68 0 0.00513578100456713
69 0 0.00566256905909179
70 0 0.00632146934956623
71 0 0.00708662273640037
72 0 0.00799493532978623
73 0 0.0089185589910743
74 0 0.00984543072046384
75 0 0.0107453372710269
76 0 0.0117127573801212
77 0 0.0124062306651225
78 0 0.0133649408697534
79 0 0.0145985172717122
80 0 0.0163125638758089
81 0 0.0141929773659548
82 0 0.0161508375750881
83 0 0.0183586687106521
84 0 0.0207290539167285
85 0 0.0229568267629585
86 0 0.0244874883797057
87 0 0.0255814822340779
88 0 0.0264971398282995
89 0 0.0274665095501460
90 0 0.0293065650303668
91 0 0.0340324373591124
92 0 0.0370754051712971
93 0 0.0405458777425348
94 0 0.0444217526949809
95 0 0.0484932143779143
96 0 0.054071416412494
97 0 0.0610978367338413
98 0 0.0695023777519617
99 0 0.0925469389901763
100 0 0.150056669380369

death 1 F divorced
1 0 0.0189488280930964
2 0 0.00431669229976261
3 0 0.00283976976474987
4 0 0.00182946301271369
5 0 0.00137332579129201
6 0 0.00110392801093628
7 0 0.00080253286548393
8 0 0.000586555230542296
9 0 0.000452122588940229
10 0 0.000384394970148527
11 0 0.000364145091204748
12 0 0.00037067141889624
13 0 0.000385231839096112
14 0 0.000403393793679041
15 0 0.000419884979461438
16 0 0.000432694919820231
17 0 0.000436295424236732
18 0 0.000446846561064529
19 0 0.000454802593437997
20 0 0.000461502950514614
21 0 0.000466277256371161
22 0 0.000493085035227492
23 0 0.000520822655611042
24 0 0.000548317232928808
25 0 0.000574394473038975
26 0 0.000582781028162782
27 0 0.00060861648304833
28 0 0.00064587273475425
29 0 0.000673321233567115
30 0 0.000724547030875988
31 0 0.000789922859319891
32 0 0.000877051697447229
33 0 0.00092620365629148
34 0 0.000929487012169328
35 0 0.000916859369937795
36 0 0.000886223588839608
37 0 0.00085013039331372
38 0 0.000843148983056374
39 0 0.000869563408699037
40 0 0.000935296317198575
41 0 0.00103360567636612
42 0 0.00114982709812594
43 0 0.00123274048740207
44 0 0.00126450742130546
45 0 0.00125445232246291
46 0 0.00124330006995843
47 0 0.00121230062512634
48 0 0.00122074629137758
49 0 0.00124591903649063
50 0 0.00128571972734293
51 0 0.00135615307753212
52 0 0.00146558954955944
53 0 0.00157617561128953
54 0 0.00169216024056262
55 0 0.00179409788416107
56 0 0.00188653534630012
57 0 0.00194279224435656
58 0 0.00203802331550984
59 0 0.00218395987127673
60 0 0.00238726321610139
61 0 0.00263596525256993
62 0 0.00298235295891802
63 0 0.00331563389356226
64 0 0.00362707169919052
65 0 0.00395438056987329
66 0 0.00436678333983376
67 0 0.00471644340001309
68 0 0.00513578100456713
69 0 0.00566256905909179
70 0 0.00632146934956623
71 0 0.00708662273640037
72 0 0.00799493532978623
73 0 0.0089185589910743
74 0 0.00984543072046384
75 0 0.0107453372710269
76 0 0.0117127573801212
77 0 0.0124062306651225
78 0 0.0133649408697534
79 0 0.0145985172717122
80 0 0.0163125638758089
81 0 0.0141929773659548
82 0 0.0161508375750881
83 0 0.0183586687106521
84 0 0.0207290539167285
85 0 0.0229568267629585
86 0 0.0244874883797057
87 0 0.0255814822340779
88 0 0.0264971398282995
89 0 0.0274665095501460
90 0 0.0293065650303668
91 0 0.0340324373591124
92 0 0.0370754051712971
93 0 0.0405458777425348
94 0 0.0444217526949809
95 0 0.0484932143779143
96 0 0.054071416412494
97 0 0.0610978367338413
98 0 0.0695023777519617
99 0 0.0925469389901763
100 0 0.150056669380369

death 1 F widowed
1 0 0.0189488280930964
2 0 0.00431669229976261
3 0 0.00283976976474987
4 0 0.00182946301271369
5 0 0.00137332579129201
6 0 0.00110392801093628
7 0 0.00080253286548393
8 0 0.000586555230542296
9 0 0.000452122588940229
10 0 0.000384394970148527
11 0 0.000364145091204748
12 0 0.00037067141889624
13 0 0.000385231839096112
14 0 0.000403393793679041
15 0 0.000419884979461438
16 0 0.000432694919820231
17 0 0.000436295424236732
18 0 0.000446846561064529
19 0 0.000454802593437997
20 0 0.000461502950514614
21 0 0.000466277256371161
22 0 0.000493085035227492
23 0 0.000520822655611042
24 0 0.000548317232928808
25 0 0.000574394473038975
26 0 0.000582781028162782
27 0 0.00060861648304833
28 0 0.00064587273475425
29 0 0.000673321233567115
30 0 0.000724547030875988
31 0 0.000789922859319891
32 0 0.000877051697447229
33 0 0.00092620365629148
34 0 0.000929487012169328
35 0 0.000916859369937795
36 0 0.000886223588839608
37 0 0.00085013039331372
38 0 0.000843148983056374
39 0 0.000869563408699037
40 0 0.000935296317198575
41 0 0.00103360567636612
42 0 0.00114982709812594
43 0 0.00123274048740207
44 0 0.00126450742130546
45 0 0.00125445232246291
46 0 0.00124330006995843
47 0 0.00121230062512634
48 0 0.00122074629137758
49 0 0.00124591903649063
50 0 0.00128571972734293
51 0 0.00135615307753212
52 0 0.00146558954955944
53 0 0.00157617561128953
54 0 0.00169216024056262
55 0 0.00179409788416107
56 0 0.00188653534630012
57 0 0.00194279224435656
58 0 0.00203802331550984
59 0 0.00218395987127673
60 0 0.00238726321610139
61 0 0.00263596525256993
62 0 0.00298235295891802
63 0 0.00331563389356226
64 0 0.00362707169919052
65 0 0.00395438056987329
66 0 0.00436678333983376
67 0 0.00471644340001309
68 0 0.00513578100456713
69 0 0.00566256905909179
70 0 0.00632146934956623
71 0 0.00708662273640037
72 0 0.00799493532978623
73 0 0.0089185589910743
74 0 0.00984543072046384
75 0 0.0107453372710269
76 0 0.0117127573801212
77 0 0.0124062306651225
78 0 0.0133649408697534
79 0 0.0145985172717122
80 0 0.0163125638758089
81 0 0.0141929773659548
82 0 0.0161508375750881
83 0 0.0183586687106521
84 0 0.0207290539167285
85 0 0.0229568267629585
86 0 0.0244874883797057
87 0 0.0255814822340779
88 0 0.0264971398282995
89 0 0.0274665095501460
90 0 0.0293065650303668
91 0 0.0340324373591124
92 0 0.0370754051712971
93 0 0.0405458777425348
94 0 0.0444217526949809
95 0 0.0484932143779143
96 0 0.054071416412494
97 0 0.0610978367338413
98 0 0.0695023777519617
99 0 0.0925469389901763
100 0 0.150056669380369
