*Period monthly mortality rates for SWE in 1886 
* Mon Dec 20 14:20:19 2010
death 1 M married
1 0 0.0118247672728227
2 0 0.00299053441609387
3 0 0.00191129770123688
4 0 0.00137214136191188
5 0 0.00110797699730625
6 0 0.000834570153482872
7 0 0.000709428217418151
8 0 0.000572968835651388
9 0 0.000493252608718131
10 0 0.000452457585179866
11 0 0.000351177497616817
12 0 0.000308773837717435
13 0 0.000296566590036629
14 0 0.000232380106220842
15 0 0.000318724793716529
16 0 0.000313623747387859
17 0 0.000345405422077283
18 0 0.000430266753204012
19 0 0.000397534702040403
20 0 0.000487639065010481
21 0 0.000553766841329684
22 0 0.000482025868081104
23 0 0.000614824797468883
24 0 0.000545047624774142
25 0 0.000531718901352396
26 0 0.000582697158779455
27 0 0.000515291215525071
28 0 0.000532892421143294
29 0 0.00060173749497161
30 0 0.000462843081220354
31 0 0.000501966856118252
32 0 0.000543035616696663
33 0 0.00052283417186183
34 0 0.000568775914157937
35 0 0.00056064219823182
36 0 0.000529036627315183
37 0 0.000644445975327756
38 0 0.000578671519425145
39 0 0.000616083291295144
40 0 0.000735299718151783
41 0 0.000619774973755649
42 0 0.000738240127682643
43 0 0.000680961281929404
44 0 0.000774709115406447
45 0 0.00084970981124155
46 0 0.000800094794452533
47 0 0.00100503697653820
48 0 0.00089985691865524
49 0 0.00094598977762117
50 0 0.00102416605573508
51 0 0.000955505490002118
52 0 0.00118443549879854
53 0 0.00111295412373635
54 0 0.00124321558842477
55 0 0.00136393538276092
56 0 0.00150557141006846
57 0 0.00134245107448694
58 0 0.00140158747515007
59 0 0.00155413238933122
60 0 0.00203171691659121
61 0 0.00206069588368163
62 0 0.00219019149525979
63 0 0.00232748114613135
64 0 0.00240848292410356
65 0 0.00261906653407717
66 0 0.00279541423592944
67 0 0.0028860395433129
68 0 0.00364034261483392
69 0 0.00366723736051155
70 0 0.00397858250318694
71 0 0.00447554044388687
72 0 0.00486139914570993
73 0 0.00525120648323907
74 0 0.00631726981128444
75 0 0.00641632368049472
76 0 0.00711059632684141
77 0 0.00825436846964822
78 0 0.00855264406670386
79 0 0.00993941682956867
80 0 0.0113291863181455
81 0 0.0130940228538171
82 0 0.0137592701101215
83 0 0.0142104357121935
84 0 0.0176283663611870
85 0 0.0174577699597861
86 0 0.0224696041071065
87 0 0.0218750691780492
88 0 0.0221384134228595
89 0 0.0315802477606901
90 0 0.0297391165533692
91 0 0.0359728319226826
92 0 0.0430905872407571
93 0 0.0358768720431059
94 0 0.0623030455233528
95 0 0.0390071850547858
96 0 0.0591578745017824
97 0 0.073376654711268
98 0 0.0273748604005317
99 0 0.068074615973656
100 0 0.126694154598340

death 1 M single
1 0 0.0118247672728227
2 0 0.00299053441609387
3 0 0.00191129770123688
4 0 0.00137214136191188
5 0 0.00110797699730625
6 0 0.000834570153482872
7 0 0.000709428217418151
8 0 0.000572968835651388
9 0 0.000493252608718131
10 0 0.000452457585179866
11 0 0.000351177497616817
12 0 0.000308773837717435
13 0 0.000296566590036629
14 0 0.000232380106220842
15 0 0.000318724793716529
16 0 0.000313623747387859
17 0 0.000345405422077283
18 0 0.000430266753204012
19 0 0.000397534702040403
20 0 0.000487639065010481
21 0 0.000553766841329684
22 0 0.000482025868081104
23 0 0.000614824797468883
24 0 0.000545047624774142
25 0 0.000531718901352396
26 0 0.000582697158779455
27 0 0.000515291215525071
28 0 0.000532892421143294
29 0 0.00060173749497161
30 0 0.000462843081220354
31 0 0.000501966856118252
32 0 0.000543035616696663
33 0 0.00052283417186183
34 0 0.000568775914157937
35 0 0.00056064219823182
36 0 0.000529036627315183
37 0 0.000644445975327756
38 0 0.000578671519425145
39 0 0.000616083291295144
40 0 0.000735299718151783
41 0 0.000619774973755649
42 0 0.000738240127682643
43 0 0.000680961281929404
44 0 0.000774709115406447
45 0 0.00084970981124155
46 0 0.000800094794452533
47 0 0.00100503697653820
48 0 0.00089985691865524
49 0 0.00094598977762117
50 0 0.00102416605573508
51 0 0.000955505490002118
52 0 0.00118443549879854
53 0 0.00111295412373635
54 0 0.00124321558842477
55 0 0.00136393538276092
56 0 0.00150557141006846
57 0 0.00134245107448694
58 0 0.00140158747515007
59 0 0.00155413238933122
60 0 0.00203171691659121
61 0 0.00206069588368163
62 0 0.00219019149525979
63 0 0.00232748114613135
64 0 0.00240848292410356
65 0 0.00261906653407717
66 0 0.00279541423592944
67 0 0.0028860395433129
68 0 0.00364034261483392
69 0 0.00366723736051155
70 0 0.00397858250318694
71 0 0.00447554044388687
72 0 0.00486139914570993
73 0 0.00525120648323907
74 0 0.00631726981128444
75 0 0.00641632368049472
76 0 0.00711059632684141
77 0 0.00825436846964822
78 0 0.00855264406670386
79 0 0.00993941682956867
80 0 0.0113291863181455
81 0 0.0130940228538171
82 0 0.0137592701101215
83 0 0.0142104357121935
84 0 0.0176283663611870
85 0 0.0174577699597861
86 0 0.0224696041071065
87 0 0.0218750691780492
88 0 0.0221384134228595
89 0 0.0315802477606901
90 0 0.0297391165533692
91 0 0.0359728319226826
92 0 0.0430905872407571
93 0 0.0358768720431059
94 0 0.0623030455233528
95 0 0.0390071850547858
96 0 0.0591578745017824
97 0 0.073376654711268
98 0 0.0273748604005317
99 0 0.068074615973656
100 0 0.126694154598340

death 1 M divorced
1 0 0.0118247672728227
2 0 0.00299053441609387
3 0 0.00191129770123688
4 0 0.00137214136191188
5 0 0.00110797699730625
6 0 0.000834570153482872
7 0 0.000709428217418151
8 0 0.000572968835651388
9 0 0.000493252608718131
10 0 0.000452457585179866
11 0 0.000351177497616817
12 0 0.000308773837717435
13 0 0.000296566590036629
14 0 0.000232380106220842
15 0 0.000318724793716529
16 0 0.000313623747387859
17 0 0.000345405422077283
18 0 0.000430266753204012
19 0 0.000397534702040403
20 0 0.000487639065010481
21 0 0.000553766841329684
22 0 0.000482025868081104
23 0 0.000614824797468883
24 0 0.000545047624774142
25 0 0.000531718901352396
26 0 0.000582697158779455
27 0 0.000515291215525071
28 0 0.000532892421143294
29 0 0.00060173749497161
30 0 0.000462843081220354
31 0 0.000501966856118252
32 0 0.000543035616696663
33 0 0.00052283417186183
34 0 0.000568775914157937
35 0 0.00056064219823182
36 0 0.000529036627315183
37 0 0.000644445975327756
38 0 0.000578671519425145
39 0 0.000616083291295144
40 0 0.000735299718151783
41 0 0.000619774973755649
42 0 0.000738240127682643
43 0 0.000680961281929404
44 0 0.000774709115406447
45 0 0.00084970981124155
46 0 0.000800094794452533
47 0 0.00100503697653820
48 0 0.00089985691865524
49 0 0.00094598977762117
50 0 0.00102416605573508
51 0 0.000955505490002118
52 0 0.00118443549879854
53 0 0.00111295412373635
54 0 0.00124321558842477
55 0 0.00136393538276092
56 0 0.00150557141006846
57 0 0.00134245107448694
58 0 0.00140158747515007
59 0 0.00155413238933122
60 0 0.00203171691659121
61 0 0.00206069588368163
62 0 0.00219019149525979
63 0 0.00232748114613135
64 0 0.00240848292410356
65 0 0.00261906653407717
66 0 0.00279541423592944
67 0 0.0028860395433129
68 0 0.00364034261483392
69 0 0.00366723736051155
70 0 0.00397858250318694
71 0 0.00447554044388687
72 0 0.00486139914570993
73 0 0.00525120648323907
74 0 0.00631726981128444
75 0 0.00641632368049472
76 0 0.00711059632684141
77 0 0.00825436846964822
78 0 0.00855264406670386
79 0 0.00993941682956867
80 0 0.0113291863181455
81 0 0.0130940228538171
82 0 0.0137592701101215
83 0 0.0142104357121935
84 0 0.0176283663611870
85 0 0.0174577699597861
86 0 0.0224696041071065
87 0 0.0218750691780492
88 0 0.0221384134228595
89 0 0.0315802477606901
90 0 0.0297391165533692
91 0 0.0359728319226826
92 0 0.0430905872407571
93 0 0.0358768720431059
94 0 0.0623030455233528
95 0 0.0390071850547858
96 0 0.0591578745017824
97 0 0.073376654711268
98 0 0.0273748604005317
99 0 0.068074615973656
100 0 0.126694154598340

death 1 M widowed
1 0 0.0118247672728227
2 0 0.00299053441609387
3 0 0.00191129770123688
4 0 0.00137214136191188
5 0 0.00110797699730625
6 0 0.000834570153482872
7 0 0.000709428217418151
8 0 0.000572968835651388
9 0 0.000493252608718131
10 0 0.000452457585179866
11 0 0.000351177497616817
12 0 0.000308773837717435
13 0 0.000296566590036629
14 0 0.000232380106220842
15 0 0.000318724793716529
16 0 0.000313623747387859
17 0 0.000345405422077283
18 0 0.000430266753204012
19 0 0.000397534702040403
20 0 0.000487639065010481
21 0 0.000553766841329684
22 0 0.000482025868081104
23 0 0.000614824797468883
24 0 0.000545047624774142
25 0 0.000531718901352396
26 0 0.000582697158779455
27 0 0.000515291215525071
28 0 0.000532892421143294
29 0 0.00060173749497161
30 0 0.000462843081220354
31 0 0.000501966856118252
32 0 0.000543035616696663
33 0 0.00052283417186183
34 0 0.000568775914157937
35 0 0.00056064219823182
36 0 0.000529036627315183
37 0 0.000644445975327756
38 0 0.000578671519425145
39 0 0.000616083291295144
40 0 0.000735299718151783
41 0 0.000619774973755649
42 0 0.000738240127682643
43 0 0.000680961281929404
44 0 0.000774709115406447
45 0 0.00084970981124155
46 0 0.000800094794452533
47 0 0.00100503697653820
48 0 0.00089985691865524
49 0 0.00094598977762117
50 0 0.00102416605573508
51 0 0.000955505490002118
52 0 0.00118443549879854
53 0 0.00111295412373635
54 0 0.00124321558842477
55 0 0.00136393538276092
56 0 0.00150557141006846
57 0 0.00134245107448694
58 0 0.00140158747515007
59 0 0.00155413238933122
60 0 0.00203171691659121
61 0 0.00206069588368163
62 0 0.00219019149525979
63 0 0.00232748114613135
64 0 0.00240848292410356
65 0 0.00261906653407717
66 0 0.00279541423592944
67 0 0.0028860395433129
68 0 0.00364034261483392
69 0 0.00366723736051155
70 0 0.00397858250318694
71 0 0.00447554044388687
72 0 0.00486139914570993
73 0 0.00525120648323907
74 0 0.00631726981128444
75 0 0.00641632368049472
76 0 0.00711059632684141
77 0 0.00825436846964822
78 0 0.00855264406670386
79 0 0.00993941682956867
80 0 0.0113291863181455
81 0 0.0130940228538171
82 0 0.0137592701101215
83 0 0.0142104357121935
84 0 0.0176283663611870
85 0 0.0174577699597861
86 0 0.0224696041071065
87 0 0.0218750691780492
88 0 0.0221384134228595
89 0 0.0315802477606901
90 0 0.0297391165533692
91 0 0.0359728319226826
92 0 0.0430905872407571
93 0 0.0358768720431059
94 0 0.0623030455233528
95 0 0.0390071850547858
96 0 0.0591578745017824
97 0 0.073376654711268
98 0 0.0273748604005317
99 0 0.068074615973656
100 0 0.126694154598340

death 1 F married
1 0 0.00953914703491787
2 0 0.00282463830823776
3 0 0.00180004778275666
4 0 0.00128555068539526
5 0 0.00107128965216374
6 0 0.000870488894097798
7 0 0.000698678591790403
8 0 0.000616167191503370
9 0 0.000478842417950598
10 0 0.000425326890362787
11 0 0.000366571491637546
12 0 0.000371508161472134
13 0 0.000307017899757955
14 0 0.000331938671357279
15 0 0.000360965768008592
16 0 0.000350591908025999
17 0 0.0003908390598516
18 0 0.000323658865030829
19 0 0.000390420598594732
20 0 0.000421977983548372
21 0 0.000395358564215020
22 0 0.000461837981338142
23 0 0.000427252567668290
24 0 0.000436714096799906
25 0 0.000407076844646803
26 0 0.000510430530996975
27 0 0.00044098466713216
28 0 0.000454048834183762
29 0 0.000484287860952115
30 0 0.000562235342977169
31 0 0.000527108791758768
32 0 0.000569111340756767
33 0 0.0005732204170944
34 0 0.000577078086454796
35 0 0.00063252921293
36 0 0.000582193944105636
37 0 0.000636389401420079
38 0 0.000571207785056149
39 0 0.000686754713951743
40 0 0.00060844869665444
41 0 0.000624893236227275
42 0 0.000652335396287174
43 0 0.000695991384120354
44 0 0.000668284190493806
45 0 0.000769582405557467
46 0 0.000757481156117956
47 0 0.000713711625776714
48 0 0.00063798387496583
49 0 0.000772271791037782
50 0 0.000760506317349474
51 0 0.000700274158954461
52 0 0.00087806140159008
53 0 0.000938832597844996
54 0 0.000955926562256626
55 0 0.000937148637508156
56 0 0.000992735820890878
57 0 0.00119617158540519
58 0 0.00138491709436450
59 0 0.00123350073632011
60 0 0.00145060089077964
61 0 0.00164539220254423
62 0 0.00173462034425587
63 0 0.00180922839163855
64 0 0.00192959725380493
65 0 0.00227987183976053
66 0 0.00237066738869163
67 0 0.00278501617685212
68 0 0.00317304359921233
69 0 0.00291038796145093
70 0 0.00364945123114746
71 0 0.0040770239103779
72 0 0.00422139482662576
73 0 0.00495094843970112
74 0 0.00537128875722237
75 0 0.00577520558952127
76 0 0.00644414624144496
77 0 0.00697081005519695
78 0 0.0081210035418503
79 0 0.00963355532595733
80 0 0.0097217529507686
81 0 0.0102690966294586
82 0 0.0116133943591307
83 0 0.0133653273770534
84 0 0.0141313639123516
85 0 0.0149273045936810
86 0 0.0159870152211151
87 0 0.0179485690046209
88 0 0.0225072762645876
89 0 0.0247390567598965
90 0 0.0280171558165498
91 0 0.02452985971817
92 0 0.0329116960256325
93 0 0.0329590330308495
94 0 0.0420433385769544
95 0 0.0492415147432574
96 0 0.0574272047994623
97 0 0.0568094100775912
98 0 0.0575194118882836
99 0 0.075227903037229
100 0 0.128638628666976

death 1 F single
1 0 0.00953914703491787
2 0 0.00282463830823776
3 0 0.00180004778275666
4 0 0.00128555068539526
5 0 0.00107128965216374
6 0 0.000870488894097798
7 0 0.000698678591790403
8 0 0.000616167191503370
9 0 0.000478842417950598
10 0 0.000425326890362787
11 0 0.000366571491637546
12 0 0.000371508161472134
13 0 0.000307017899757955
14 0 0.000331938671357279
15 0 0.000360965768008592
16 0 0.000350591908025999
17 0 0.0003908390598516
18 0 0.000323658865030829
19 0 0.000390420598594732
20 0 0.000421977983548372
21 0 0.000395358564215020
22 0 0.000461837981338142
23 0 0.000427252567668290
24 0 0.000436714096799906
25 0 0.000407076844646803
26 0 0.000510430530996975
27 0 0.00044098466713216
28 0 0.000454048834183762
29 0 0.000484287860952115
30 0 0.000562235342977169
31 0 0.000527108791758768
32 0 0.000569111340756767
33 0 0.0005732204170944
34 0 0.000577078086454796
35 0 0.00063252921293
36 0 0.000582193944105636
37 0 0.000636389401420079
38 0 0.000571207785056149
39 0 0.000686754713951743
40 0 0.00060844869665444
41 0 0.000624893236227275
42 0 0.000652335396287174
43 0 0.000695991384120354
44 0 0.000668284190493806
45 0 0.000769582405557467
46 0 0.000757481156117956
47 0 0.000713711625776714
48 0 0.00063798387496583
49 0 0.000772271791037782
50 0 0.000760506317349474
51 0 0.000700274158954461
52 0 0.00087806140159008
53 0 0.000938832597844996
54 0 0.000955926562256626
55 0 0.000937148637508156
56 0 0.000992735820890878
57 0 0.00119617158540519
58 0 0.00138491709436450
59 0 0.00123350073632011
60 0 0.00145060089077964
61 0 0.00164539220254423
62 0 0.00173462034425587
63 0 0.00180922839163855
64 0 0.00192959725380493
65 0 0.00227987183976053
66 0 0.00237066738869163
67 0 0.00278501617685212
68 0 0.00317304359921233
69 0 0.00291038796145093
70 0 0.00364945123114746
71 0 0.0040770239103779
72 0 0.00422139482662576
73 0 0.00495094843970112
74 0 0.00537128875722237
75 0 0.00577520558952127
76 0 0.00644414624144496
77 0 0.00697081005519695
78 0 0.0081210035418503
79 0 0.00963355532595733
80 0 0.0097217529507686
81 0 0.0102690966294586
82 0 0.0116133943591307
83 0 0.0133653273770534
84 0 0.0141313639123516
85 0 0.0149273045936810
86 0 0.0159870152211151
87 0 0.0179485690046209
88 0 0.0225072762645876
89 0 0.0247390567598965
90 0 0.0280171558165498
91 0 0.02452985971817
92 0 0.0329116960256325
93 0 0.0329590330308495
94 0 0.0420433385769544
95 0 0.0492415147432574
96 0 0.0574272047994623
97 0 0.0568094100775912
98 0 0.0575194118882836
99 0 0.075227903037229
100 0 0.128638628666976

death 1 F divorced
1 0 0.00953914703491787
2 0 0.00282463830823776
3 0 0.00180004778275666
4 0 0.00128555068539526
5 0 0.00107128965216374
6 0 0.000870488894097798
7 0 0.000698678591790403
8 0 0.000616167191503370
9 0 0.000478842417950598
10 0 0.000425326890362787
11 0 0.000366571491637546
12 0 0.000371508161472134
13 0 0.000307017899757955
14 0 0.000331938671357279
15 0 0.000360965768008592
16 0 0.000350591908025999
17 0 0.0003908390598516
18 0 0.000323658865030829
19 0 0.000390420598594732
20 0 0.000421977983548372
21 0 0.000395358564215020
22 0 0.000461837981338142
23 0 0.000427252567668290
24 0 0.000436714096799906
25 0 0.000407076844646803
26 0 0.000510430530996975
27 0 0.00044098466713216
28 0 0.000454048834183762
29 0 0.000484287860952115
30 0 0.000562235342977169
31 0 0.000527108791758768
32 0 0.000569111340756767
33 0 0.0005732204170944
34 0 0.000577078086454796
35 0 0.00063252921293
36 0 0.000582193944105636
37 0 0.000636389401420079
38 0 0.000571207785056149
39 0 0.000686754713951743
40 0 0.00060844869665444
41 0 0.000624893236227275
42 0 0.000652335396287174
43 0 0.000695991384120354
44 0 0.000668284190493806
45 0 0.000769582405557467
46 0 0.000757481156117956
47 0 0.000713711625776714
48 0 0.00063798387496583
49 0 0.000772271791037782
50 0 0.000760506317349474
51 0 0.000700274158954461
52 0 0.00087806140159008
53 0 0.000938832597844996
54 0 0.000955926562256626
55 0 0.000937148637508156
56 0 0.000992735820890878
57 0 0.00119617158540519
58 0 0.00138491709436450
59 0 0.00123350073632011
60 0 0.00145060089077964
61 0 0.00164539220254423
62 0 0.00173462034425587
63 0 0.00180922839163855
64 0 0.00192959725380493
65 0 0.00227987183976053
66 0 0.00237066738869163
67 0 0.00278501617685212
68 0 0.00317304359921233
69 0 0.00291038796145093
70 0 0.00364945123114746
71 0 0.0040770239103779
72 0 0.00422139482662576
73 0 0.00495094843970112
74 0 0.00537128875722237
75 0 0.00577520558952127
76 0 0.00644414624144496
77 0 0.00697081005519695
78 0 0.0081210035418503
79 0 0.00963355532595733
80 0 0.0097217529507686
81 0 0.0102690966294586
82 0 0.0116133943591307
83 0 0.0133653273770534
84 0 0.0141313639123516
85 0 0.0149273045936810
86 0 0.0159870152211151
87 0 0.0179485690046209
88 0 0.0225072762645876
89 0 0.0247390567598965
90 0 0.0280171558165498
91 0 0.02452985971817
92 0 0.0329116960256325
93 0 0.0329590330308495
94 0 0.0420433385769544
95 0 0.0492415147432574
96 0 0.0574272047994623
97 0 0.0568094100775912
98 0 0.0575194118882836
99 0 0.075227903037229
100 0 0.128638628666976

death 1 F widowed
1 0 0.00953914703491787
2 0 0.00282463830823776
3 0 0.00180004778275666
4 0 0.00128555068539526
5 0 0.00107128965216374
6 0 0.000870488894097798
7 0 0.000698678591790403
8 0 0.000616167191503370
9 0 0.000478842417950598
10 0 0.000425326890362787
11 0 0.000366571491637546
12 0 0.000371508161472134
13 0 0.000307017899757955
14 0 0.000331938671357279
15 0 0.000360965768008592
16 0 0.000350591908025999
17 0 0.0003908390598516
18 0 0.000323658865030829
19 0 0.000390420598594732
20 0 0.000421977983548372
21 0 0.000395358564215020
22 0 0.000461837981338142
23 0 0.000427252567668290
24 0 0.000436714096799906
25 0 0.000407076844646803
26 0 0.000510430530996975
27 0 0.00044098466713216
28 0 0.000454048834183762
29 0 0.000484287860952115
30 0 0.000562235342977169
31 0 0.000527108791758768
32 0 0.000569111340756767
33 0 0.0005732204170944
34 0 0.000577078086454796
35 0 0.00063252921293
36 0 0.000582193944105636
37 0 0.000636389401420079
38 0 0.000571207785056149
39 0 0.000686754713951743
40 0 0.00060844869665444
41 0 0.000624893236227275
42 0 0.000652335396287174
43 0 0.000695991384120354
44 0 0.000668284190493806
45 0 0.000769582405557467
46 0 0.000757481156117956
47 0 0.000713711625776714
48 0 0.00063798387496583
49 0 0.000772271791037782
50 0 0.000760506317349474
51 0 0.000700274158954461
52 0 0.00087806140159008
53 0 0.000938832597844996
54 0 0.000955926562256626
55 0 0.000937148637508156
56 0 0.000992735820890878
57 0 0.00119617158540519
58 0 0.00138491709436450
59 0 0.00123350073632011
60 0 0.00145060089077964
61 0 0.00164539220254423
62 0 0.00173462034425587
63 0 0.00180922839163855
64 0 0.00192959725380493
65 0 0.00227987183976053
66 0 0.00237066738869163
67 0 0.00278501617685212
68 0 0.00317304359921233
69 0 0.00291038796145093
70 0 0.00364945123114746
71 0 0.0040770239103779
72 0 0.00422139482662576
73 0 0.00495094843970112
74 0 0.00537128875722237
75 0 0.00577520558952127
76 0 0.00644414624144496
77 0 0.00697081005519695
78 0 0.0081210035418503
79 0 0.00963355532595733
80 0 0.0097217529507686
81 0 0.0102690966294586
82 0 0.0116133943591307
83 0 0.0133653273770534
84 0 0.0141313639123516
85 0 0.0149273045936810
86 0 0.0159870152211151
87 0 0.0179485690046209
88 0 0.0225072762645876
89 0 0.0247390567598965
90 0 0.0280171558165498
91 0 0.02452985971817
92 0 0.0329116960256325
93 0 0.0329590330308495
94 0 0.0420433385769544
95 0 0.0492415147432574
96 0 0.0574272047994623
97 0 0.0568094100775912
98 0 0.0575194118882836
99 0 0.075227903037229
100 0 0.128638628666976
