*Period monthly mortality rates for SWE in 2107 
* Mon Dec 20 14:21:52 2010
death 1 M married
1 0 0.000110900952950965
2 0 0.0000116674153447516
3 0 0.00000333339444602565
4 0 0.00000250003437562984
5 0 0.00000250003437562984
6 0 0.00000166668194467867
7 0 0.00000166668194467867
8 0 0.00000166668194467867
9 0 0.00000166668194467867
10 0 0.00000166668194467867
11 0 0.00000166668194467867
12 0 0.00000166668194467867
13 0 0.00000166668194467867
14 0 0.00000250003437562984
15 0 0.00000333339444602565
16 0 0.00000416676215586609
17 0 0.00000583352049443597
18 0 0.00000750030939278279
19 0 0.0000100005500421885
20 0 0.0000133343112110884
21 0 0.0000158347123201397
22 0 0.0000166681946396352
23 0 0.0000166681946396352
24 0 0.0000166681946396352
25 0 0.0000166681946396352
26 0 0.0000158347123201397
27 0 0.0000158347123201397
28 0 0.0000150012376423092
29 0 0.0000150012376423092
30 0 0.0000150012376423092
31 0 0.0000150012376423092
32 0 0.0000141677706060328
33 0 0.0000150012376423092
34 0 0.0000158347123201397
35 0 0.0000158347123201397
36 0 0.0000175016846010179
37 0 0.0000183351822042876
38 0 0.0000191686874497776
39 0 0.0000208357208674181
40 0 0.0000233363283135279
41 0 0.0000241698794146705
42 0 0.0000266705785775256
43 0 0.0000300049511388067
44 0 0.0000333394460065861
45 0 0.0000358403974268784
46 0 0.0000400088026996093
47 0 0.0000433436645435048
48 0 0.0000475124138960004
49 0 0.0000533489841776369
50 0 0.0000583520569852336
51 0 0.0000633554051622243
52 0 0.0000725289254539518
53 0 0.000079201158088904
54 0 0.0000908787437792213
55 0 0.000097552323490957
56 0 0.000106729295667018
57 0 0.000118410418553538
58 0 0.000132596657577144
59 0 0.000140107915847287
60 0 0.000157636599346866
61 0 0.000169324266588666
62 0 0.000187693637785924
63 0 0.000208572430588916
64 0 0.000229456020658048
65 0 0.000254522664378531
66 0 0.000273745107596257
67 0 0.000300496141496964
68 0 0.000336455247325729
69 0 0.000368244908993565
70 0 0.000408416172918757
71 0 0.000455305103081116
72 0 0.000500542354690436
73 0 0.000560055257209369
74 0 0.00062548059626566
75 0 0.00070019018103662
76 0 0.000801019572312933
77 0 0.000887654150806605
78 0 0.00104936865860272
79 0 0.00120883812902117
80 0 0.00141428271162491
81 0 0.00166601470070726
82 0 0.00198911759663323
83 0 0.00240317753162078
84 0 0.00288535134385270
85 0 0.00356403972041441
86 0 0.00435532901699398
87 0 0.00534786063629633
88 0 0.00648379253946774
89 0 0.00797937120859837
90 0 0.00964560668657244
91 0 0.0116916050892124
92 0 0.0143853042311411
93 0 0.0176254275231178
94 0 0.0207353497583574
95 0 0.0247052535825484
96 0 0.0280188645314913
97 0 0.0334477421594641
98 0 0.0380388336382050
99 0 0.0421934388095145
100 0 0.0478927661931237

death 1 M single
1 0 0.000110900952950965
2 0 0.0000116674153447516
3 0 0.00000333339444602565
4 0 0.00000250003437562984
5 0 0.00000250003437562984
6 0 0.00000166668194467867
7 0 0.00000166668194467867
8 0 0.00000166668194467867
9 0 0.00000166668194467867
10 0 0.00000166668194467867
11 0 0.00000166668194467867
12 0 0.00000166668194467867
13 0 0.00000166668194467867
14 0 0.00000250003437562984
15 0 0.00000333339444602565
16 0 0.00000416676215586609
17 0 0.00000583352049443597
18 0 0.00000750030939278279
19 0 0.0000100005500421885
20 0 0.0000133343112110884
21 0 0.0000158347123201397
22 0 0.0000166681946396352
23 0 0.0000166681946396352
24 0 0.0000166681946396352
25 0 0.0000166681946396352
26 0 0.0000158347123201397
27 0 0.0000158347123201397
28 0 0.0000150012376423092
29 0 0.0000150012376423092
30 0 0.0000150012376423092
31 0 0.0000150012376423092
32 0 0.0000141677706060328
33 0 0.0000150012376423092
34 0 0.0000158347123201397
35 0 0.0000158347123201397
36 0 0.0000175016846010179
37 0 0.0000183351822042876
38 0 0.0000191686874497776
39 0 0.0000208357208674181
40 0 0.0000233363283135279
41 0 0.0000241698794146705
42 0 0.0000266705785775256
43 0 0.0000300049511388067
44 0 0.0000333394460065861
45 0 0.0000358403974268784
46 0 0.0000400088026996093
47 0 0.0000433436645435048
48 0 0.0000475124138960004
49 0 0.0000533489841776369
50 0 0.0000583520569852336
51 0 0.0000633554051622243
52 0 0.0000725289254539518
53 0 0.000079201158088904
54 0 0.0000908787437792213
55 0 0.000097552323490957
56 0 0.000106729295667018
57 0 0.000118410418553538
58 0 0.000132596657577144
59 0 0.000140107915847287
60 0 0.000157636599346866
61 0 0.000169324266588666
62 0 0.000187693637785924
63 0 0.000208572430588916
64 0 0.000229456020658048
65 0 0.000254522664378531
66 0 0.000273745107596257
67 0 0.000300496141496964
68 0 0.000336455247325729
69 0 0.000368244908993565
70 0 0.000408416172918757
71 0 0.000455305103081116
72 0 0.000500542354690436
73 0 0.000560055257209369
74 0 0.00062548059626566
75 0 0.00070019018103662
76 0 0.000801019572312933
77 0 0.000887654150806605
78 0 0.00104936865860272
79 0 0.00120883812902117
80 0 0.00141428271162491
81 0 0.00166601470070726
82 0 0.00198911759663323
83 0 0.00240317753162078
84 0 0.00288535134385270
85 0 0.00356403972041441
86 0 0.00435532901699398
87 0 0.00534786063629633
88 0 0.00648379253946774
89 0 0.00797937120859837
90 0 0.00964560668657244
91 0 0.0116916050892124
92 0 0.0143853042311411
93 0 0.0176254275231178
94 0 0.0207353497583574
95 0 0.0247052535825484
96 0 0.0280188645314913
97 0 0.0334477421594641
98 0 0.0380388336382050
99 0 0.0421934388095145
100 0 0.0478927661931237

death 1 M divorced
1 0 0.000110900952950965
2 0 0.0000116674153447516
3 0 0.00000333339444602565
4 0 0.00000250003437562984
5 0 0.00000250003437562984
6 0 0.00000166668194467867
7 0 0.00000166668194467867
8 0 0.00000166668194467867
9 0 0.00000166668194467867
10 0 0.00000166668194467867
11 0 0.00000166668194467867
12 0 0.00000166668194467867
13 0 0.00000166668194467867
14 0 0.00000250003437562984
15 0 0.00000333339444602565
16 0 0.00000416676215586609
17 0 0.00000583352049443597
18 0 0.00000750030939278279
19 0 0.0000100005500421885
20 0 0.0000133343112110884
21 0 0.0000158347123201397
22 0 0.0000166681946396352
23 0 0.0000166681946396352
24 0 0.0000166681946396352
25 0 0.0000166681946396352
26 0 0.0000158347123201397
27 0 0.0000158347123201397
28 0 0.0000150012376423092
29 0 0.0000150012376423092
30 0 0.0000150012376423092
31 0 0.0000150012376423092
32 0 0.0000141677706060328
33 0 0.0000150012376423092
34 0 0.0000158347123201397
35 0 0.0000158347123201397
36 0 0.0000175016846010179
37 0 0.0000183351822042876
38 0 0.0000191686874497776
39 0 0.0000208357208674181
40 0 0.0000233363283135279
41 0 0.0000241698794146705
42 0 0.0000266705785775256
43 0 0.0000300049511388067
44 0 0.0000333394460065861
45 0 0.0000358403974268784
46 0 0.0000400088026996093
47 0 0.0000433436645435048
48 0 0.0000475124138960004
49 0 0.0000533489841776369
50 0 0.0000583520569852336
51 0 0.0000633554051622243
52 0 0.0000725289254539518
53 0 0.000079201158088904
54 0 0.0000908787437792213
55 0 0.000097552323490957
56 0 0.000106729295667018
57 0 0.000118410418553538
58 0 0.000132596657577144
59 0 0.000140107915847287
60 0 0.000157636599346866
61 0 0.000169324266588666
62 0 0.000187693637785924
63 0 0.000208572430588916
64 0 0.000229456020658048
65 0 0.000254522664378531
66 0 0.000273745107596257
67 0 0.000300496141496964
68 0 0.000336455247325729
69 0 0.000368244908993565
70 0 0.000408416172918757
71 0 0.000455305103081116
72 0 0.000500542354690436
73 0 0.000560055257209369
74 0 0.00062548059626566
75 0 0.00070019018103662
76 0 0.000801019572312933
77 0 0.000887654150806605
78 0 0.00104936865860272
79 0 0.00120883812902117
80 0 0.00141428271162491
81 0 0.00166601470070726
82 0 0.00198911759663323
83 0 0.00240317753162078
84 0 0.00288535134385270
85 0 0.00356403972041441
86 0 0.00435532901699398
87 0 0.00534786063629633
88 0 0.00648379253946774
89 0 0.00797937120859837
90 0 0.00964560668657244
91 0 0.0116916050892124
92 0 0.0143853042311411
93 0 0.0176254275231178
94 0 0.0207353497583574
95 0 0.0247052535825484
96 0 0.0280188645314913
97 0 0.0334477421594641
98 0 0.0380388336382050
99 0 0.0421934388095145
100 0 0.0478927661931237

death 1 M widowed
1 0 0.000110900952950965
2 0 0.0000116674153447516
3 0 0.00000333339444602565
4 0 0.00000250003437562984
5 0 0.00000250003437562984
6 0 0.00000166668194467867
7 0 0.00000166668194467867
8 0 0.00000166668194467867
9 0 0.00000166668194467867
10 0 0.00000166668194467867
11 0 0.00000166668194467867
12 0 0.00000166668194467867
13 0 0.00000166668194467867
14 0 0.00000250003437562984
15 0 0.00000333339444602565
16 0 0.00000416676215586609
17 0 0.00000583352049443597
18 0 0.00000750030939278279
19 0 0.0000100005500421885
20 0 0.0000133343112110884
21 0 0.0000158347123201397
22 0 0.0000166681946396352
23 0 0.0000166681946396352
24 0 0.0000166681946396352
25 0 0.0000166681946396352
26 0 0.0000158347123201397
27 0 0.0000158347123201397
28 0 0.0000150012376423092
29 0 0.0000150012376423092
30 0 0.0000150012376423092
31 0 0.0000150012376423092
32 0 0.0000141677706060328
33 0 0.0000150012376423092
34 0 0.0000158347123201397
35 0 0.0000158347123201397
36 0 0.0000175016846010179
37 0 0.0000183351822042876
38 0 0.0000191686874497776
39 0 0.0000208357208674181
40 0 0.0000233363283135279
41 0 0.0000241698794146705
42 0 0.0000266705785775256
43 0 0.0000300049511388067
44 0 0.0000333394460065861
45 0 0.0000358403974268784
46 0 0.0000400088026996093
47 0 0.0000433436645435048
48 0 0.0000475124138960004
49 0 0.0000533489841776369
50 0 0.0000583520569852336
51 0 0.0000633554051622243
52 0 0.0000725289254539518
53 0 0.000079201158088904
54 0 0.0000908787437792213
55 0 0.000097552323490957
56 0 0.000106729295667018
57 0 0.000118410418553538
58 0 0.000132596657577144
59 0 0.000140107915847287
60 0 0.000157636599346866
61 0 0.000169324266588666
62 0 0.000187693637785924
63 0 0.000208572430588916
64 0 0.000229456020658048
65 0 0.000254522664378531
66 0 0.000273745107596257
67 0 0.000300496141496964
68 0 0.000336455247325729
69 0 0.000368244908993565
70 0 0.000408416172918757
71 0 0.000455305103081116
72 0 0.000500542354690436
73 0 0.000560055257209369
74 0 0.00062548059626566
75 0 0.00070019018103662
76 0 0.000801019572312933
77 0 0.000887654150806605
78 0 0.00104936865860272
79 0 0.00120883812902117
80 0 0.00141428271162491
81 0 0.00166601470070726
82 0 0.00198911759663323
83 0 0.00240317753162078
84 0 0.00288535134385270
85 0 0.00356403972041441
86 0 0.00435532901699398
87 0 0.00534786063629633
88 0 0.00648379253946774
89 0 0.00797937120859837
90 0 0.00964560668657244
91 0 0.0116916050892124
92 0 0.0143853042311411
93 0 0.0176254275231178
94 0 0.0207353497583574
95 0 0.0247052535825484
96 0 0.0280188645314913
97 0 0.0334477421594641
98 0 0.0380388336382050
99 0 0.0421934388095145
100 0 0.0478927661931237

death 1 F married
1 0 0.000110066606177961
2 0 0.0000116674153447516
3 0 0.00000416676215586609
4 0 0.00000250003437562984
5 0 0.00000250003437562984
6 0 0.00000250003437562984
7 0 0.00000166668194467867
8 0 0.00000166668194467867
9 0 0.00000166668194467867
10 0 0.00000166668194467867
11 0 0.00000166668194467867
12 0 0.00000166668194467867
13 0 0.00000166668194467867
14 0 0.00000166668194467867
15 0 0.00000250003437562984
16 0 0.00000333339444602565
17 0 0.00000416676215586609
18 0 0.00000416676215586609
19 0 0.00000500013750526218
20 0 0.00000583352049443597
21 0 0.00000666691112360951
22 0 0.00000666691112360951
23 0 0.00000583352049443597
24 0 0.00000666691112360951
25 0 0.00000583352049443597
26 0 0.00000500013750526218
27 0 0.00000583352049443597
28 0 0.00000583352049443597
29 0 0.00000583352049443597
30 0 0.00000666691112360951
31 0 0.00000666691112360951
32 0 0.00000750030939278279
33 0 0.00000750030939278279
34 0 0.00000750030939278279
35 0 0.00000833371530217786
36 0 0.0000100005500421885
37 0 0.0000108339788730261
38 0 0.0000116674153447516
39 0 0.000012500859457365
40 0 0.0000133343112110884
41 0 0.0000133343112110884
42 0 0.0000150012376423092
43 0 0.0000175016846010179
44 0 0.0000191686874497776
45 0 0.0000225027848553827
46 0 0.0000258370045466139
47 0 0.0000308385633891461
48 0 0.0000358403974268784
49 0 0.0000441773991204375
50 0 0.0000525151654794387
51 0 0.0000625214946752273
52 0 0.0000725289254539518
53 0 0.000079201158088904
54 0 0.000086708005247571
55 0 0.0000967180992323957
56 0 0.000109232267063164
57 0 0.000123417073636167
58 0 0.000135100341368544
59 0 0.000149289185622847
60 0 0.000160140972956802
61 0 0.00018184843515745
62 0 0.000201055512655035
63 0 0.000212748764747639
64 0 0.000237810800436611
65 0 0.000255358338245082
66 0 0.000285447716062204
67 0 0.00030718513048289
68 0 0.000335618827433160
69 0 0.000368244908993565
70 0 0.000399208689675246
71 0 0.00044860520298573
72 0 0.000492163386553224
73 0 0.000543287115269853
74 0 0.000606183610663558
75 0 0.000680037725460325
76 0 0.000758993724140677
77 0 0.000853999839754538
78 0 0.000971002235061524
79 0 0.00109490279521529
80 0 0.0012612119301042
81 0 0.00144475852467707
82 0 0.00167535152887988
83 0 0.00189717126876354
84 0 0.00220487591861296
85 0 0.00255218880672259
86 0 0.00315414628541300
87 0 0.00385485502493077
88 0 0.00469520273919743
89 0 0.00572699168967006
90 0 0.006938776175899
91 0 0.00828385943889953
92 0 0.0101233965862584
93 0 0.0118966980720531
94 0 0.0141130440307865
95 0 0.0163686027389589
96 0 0.0192452237733027
97 0 0.0223159772586539
98 0 0.0261790399885167
99 0 0.0301833721775203
100 0 0.0332625708117884

death 1 F single
1 0 0.000110066606177961
2 0 0.0000116674153447516
3 0 0.00000416676215586609
4 0 0.00000250003437562984
5 0 0.00000250003437562984
6 0 0.00000250003437562984
7 0 0.00000166668194467867
8 0 0.00000166668194467867
9 0 0.00000166668194467867
10 0 0.00000166668194467867
11 0 0.00000166668194467867
12 0 0.00000166668194467867
13 0 0.00000166668194467867
14 0 0.00000166668194467867
15 0 0.00000250003437562984
16 0 0.00000333339444602565
17 0 0.00000416676215586609
18 0 0.00000416676215586609
19 0 0.00000500013750526218
20 0 0.00000583352049443597
21 0 0.00000666691112360951
22 0 0.00000666691112360951
23 0 0.00000583352049443597
24 0 0.00000666691112360951
25 0 0.00000583352049443597
26 0 0.00000500013750526218
27 0 0.00000583352049443597
28 0 0.00000583352049443597
29 0 0.00000583352049443597
30 0 0.00000666691112360951
31 0 0.00000666691112360951
32 0 0.00000750030939278279
33 0 0.00000750030939278279
34 0 0.00000750030939278279
35 0 0.00000833371530217786
36 0 0.0000100005500421885
37 0 0.0000108339788730261
38 0 0.0000116674153447516
39 0 0.000012500859457365
40 0 0.0000133343112110884
41 0 0.0000133343112110884
42 0 0.0000150012376423092
43 0 0.0000175016846010179
44 0 0.0000191686874497776
45 0 0.0000225027848553827
46 0 0.0000258370045466139
47 0 0.0000308385633891461
48 0 0.0000358403974268784
49 0 0.0000441773991204375
50 0 0.0000525151654794387
51 0 0.0000625214946752273
52 0 0.0000725289254539518
53 0 0.000079201158088904
54 0 0.000086708005247571
55 0 0.0000967180992323957
56 0 0.000109232267063164
57 0 0.000123417073636167
58 0 0.000135100341368544
59 0 0.000149289185622847
60 0 0.000160140972956802
61 0 0.00018184843515745
62 0 0.000201055512655035
63 0 0.000212748764747639
64 0 0.000237810800436611
65 0 0.000255358338245082
66 0 0.000285447716062204
67 0 0.00030718513048289
68 0 0.000335618827433160
69 0 0.000368244908993565
70 0 0.000399208689675246
71 0 0.00044860520298573
72 0 0.000492163386553224
73 0 0.000543287115269853
74 0 0.000606183610663558
75 0 0.000680037725460325
76 0 0.000758993724140677
77 0 0.000853999839754538
78 0 0.000971002235061524
79 0 0.00109490279521529
80 0 0.0012612119301042
81 0 0.00144475852467707
82 0 0.00167535152887988
83 0 0.00189717126876354
84 0 0.00220487591861296
85 0 0.00255218880672259
86 0 0.00315414628541300
87 0 0.00385485502493077
88 0 0.00469520273919743
89 0 0.00572699168967006
90 0 0.006938776175899
91 0 0.00828385943889953
92 0 0.0101233965862584
93 0 0.0118966980720531
94 0 0.0141130440307865
95 0 0.0163686027389589
96 0 0.0192452237733027
97 0 0.0223159772586539
98 0 0.0261790399885167
99 0 0.0301833721775203
100 0 0.0332625708117884

death 1 F divorced
1 0 0.000110066606177961
2 0 0.0000116674153447516
3 0 0.00000416676215586609
4 0 0.00000250003437562984
5 0 0.00000250003437562984
6 0 0.00000250003437562984
7 0 0.00000166668194467867
8 0 0.00000166668194467867
9 0 0.00000166668194467867
10 0 0.00000166668194467867
11 0 0.00000166668194467867
12 0 0.00000166668194467867
13 0 0.00000166668194467867
14 0 0.00000166668194467867
15 0 0.00000250003437562984
16 0 0.00000333339444602565
17 0 0.00000416676215586609
18 0 0.00000416676215586609
19 0 0.00000500013750526218
20 0 0.00000583352049443597
21 0 0.00000666691112360951
22 0 0.00000666691112360951
23 0 0.00000583352049443597
24 0 0.00000666691112360951
25 0 0.00000583352049443597
26 0 0.00000500013750526218
27 0 0.00000583352049443597
28 0 0.00000583352049443597
29 0 0.00000583352049443597
30 0 0.00000666691112360951
31 0 0.00000666691112360951
32 0 0.00000750030939278279
33 0 0.00000750030939278279
34 0 0.00000750030939278279
35 0 0.00000833371530217786
36 0 0.0000100005500421885
37 0 0.0000108339788730261
38 0 0.0000116674153447516
39 0 0.000012500859457365
40 0 0.0000133343112110884
41 0 0.0000133343112110884
42 0 0.0000150012376423092
43 0 0.0000175016846010179
44 0 0.0000191686874497776
45 0 0.0000225027848553827
46 0 0.0000258370045466139
47 0 0.0000308385633891461
48 0 0.0000358403974268784
49 0 0.0000441773991204375
50 0 0.0000525151654794387
51 0 0.0000625214946752273
52 0 0.0000725289254539518
53 0 0.000079201158088904
54 0 0.000086708005247571
55 0 0.0000967180992323957
56 0 0.000109232267063164
57 0 0.000123417073636167
58 0 0.000135100341368544
59 0 0.000149289185622847
60 0 0.000160140972956802
61 0 0.00018184843515745
62 0 0.000201055512655035
63 0 0.000212748764747639
64 0 0.000237810800436611
65 0 0.000255358338245082
66 0 0.000285447716062204
67 0 0.00030718513048289
68 0 0.000335618827433160
69 0 0.000368244908993565
70 0 0.000399208689675246
71 0 0.00044860520298573
72 0 0.000492163386553224
73 0 0.000543287115269853
74 0 0.000606183610663558
75 0 0.000680037725460325
76 0 0.000758993724140677
77 0 0.000853999839754538
78 0 0.000971002235061524
79 0 0.00109490279521529
80 0 0.0012612119301042
81 0 0.00144475852467707
82 0 0.00167535152887988
83 0 0.00189717126876354
84 0 0.00220487591861296
85 0 0.00255218880672259
86 0 0.00315414628541300
87 0 0.00385485502493077
88 0 0.00469520273919743
89 0 0.00572699168967006
90 0 0.006938776175899
91 0 0.00828385943889953
92 0 0.0101233965862584
93 0 0.0118966980720531
94 0 0.0141130440307865
95 0 0.0163686027389589
96 0 0.0192452237733027
97 0 0.0223159772586539
98 0 0.0261790399885167
99 0 0.0301833721775203
100 0 0.0332625708117884

death 1 F widowed
1 0 0.000110066606177961
2 0 0.0000116674153447516
3 0 0.00000416676215586609
4 0 0.00000250003437562984
5 0 0.00000250003437562984
6 0 0.00000250003437562984
7 0 0.00000166668194467867
8 0 0.00000166668194467867
9 0 0.00000166668194467867
10 0 0.00000166668194467867
11 0 0.00000166668194467867
12 0 0.00000166668194467867
13 0 0.00000166668194467867
14 0 0.00000166668194467867
15 0 0.00000250003437562984
16 0 0.00000333339444602565
17 0 0.00000416676215586609
18 0 0.00000416676215586609
19 0 0.00000500013750526218
20 0 0.00000583352049443597
21 0 0.00000666691112360951
22 0 0.00000666691112360951
23 0 0.00000583352049443597
24 0 0.00000666691112360951
25 0 0.00000583352049443597
26 0 0.00000500013750526218
27 0 0.00000583352049443597
28 0 0.00000583352049443597
29 0 0.00000583352049443597
30 0 0.00000666691112360951
31 0 0.00000666691112360951
32 0 0.00000750030939278279
33 0 0.00000750030939278279
34 0 0.00000750030939278279
35 0 0.00000833371530217786
36 0 0.0000100005500421885
37 0 0.0000108339788730261
38 0 0.0000116674153447516
39 0 0.000012500859457365
40 0 0.0000133343112110884
41 0 0.0000133343112110884
42 0 0.0000150012376423092
43 0 0.0000175016846010179
44 0 0.0000191686874497776
45 0 0.0000225027848553827
46 0 0.0000258370045466139
47 0 0.0000308385633891461
48 0 0.0000358403974268784
49 0 0.0000441773991204375
50 0 0.0000525151654794387
51 0 0.0000625214946752273
52 0 0.0000725289254539518
53 0 0.000079201158088904
54 0 0.000086708005247571
55 0 0.0000967180992323957
56 0 0.000109232267063164
57 0 0.000123417073636167
58 0 0.000135100341368544
59 0 0.000149289185622847
60 0 0.000160140972956802
61 0 0.00018184843515745
62 0 0.000201055512655035
63 0 0.000212748764747639
64 0 0.000237810800436611
65 0 0.000255358338245082
66 0 0.000285447716062204
67 0 0.00030718513048289
68 0 0.000335618827433160
69 0 0.000368244908993565
70 0 0.000399208689675246
71 0 0.00044860520298573
72 0 0.000492163386553224
73 0 0.000543287115269853
74 0 0.000606183610663558
75 0 0.000680037725460325
76 0 0.000758993724140677
77 0 0.000853999839754538
78 0 0.000971002235061524
79 0 0.00109490279521529
80 0 0.0012612119301042
81 0 0.00144475852467707
82 0 0.00167535152887988
83 0 0.00189717126876354
84 0 0.00220487591861296
85 0 0.00255218880672259
86 0 0.00315414628541300
87 0 0.00385485502493077
88 0 0.00469520273919743
89 0 0.00572699168967006
90 0 0.006938776175899
91 0 0.00828385943889953
92 0 0.0101233965862584
93 0 0.0118966980720531
94 0 0.0141130440307865
95 0 0.0163686027389589
96 0 0.0192452237733027
97 0 0.0223159772586539
98 0 0.0261790399885167
99 0 0.0301833721775203
100 0 0.0332625708117884
