*Period monthly mortality rates for SWE in 2070 
* Mon Dec 20 14:21:52 2010
death 1 M married
1 0 0.000160975779494144
2 0 0.0000166681946396352
3 0 0.00000500013750526218
4 0 0.00000416676215586609
5 0 0.00000333339444602565
6 0 0.00000250003437562984
7 0 0.00000250003437562984
8 0 0.00000250003437562984
9 0 0.00000250003437562984
10 0 0.00000250003437562984
11 0 0.00000250003437562984
12 0 0.00000333339444602565
13 0 0.00000250003437562984
14 0 0.00000416676215586609
15 0 0.00000416676215586609
16 0 0.00000666691112360951
17 0 0.00000833371530217786
18 0 0.0000108339788730261
19 0 0.0000141677706060328
20 0 0.0000191686874497776
21 0 0.0000225027848553827
22 0 0.0000241698794146705
23 0 0.0000250034381590325
24 0 0.0000241698794146705
25 0 0.0000233363283135279
26 0 0.0000233363283135279
27 0 0.0000233363283135279
28 0 0.0000216692490401238
29 0 0.0000216692490401238
30 0 0.0000216692490401238
31 0 0.0000216692490401238
32 0 0.0000208357208674181
33 0 0.0000216692490401238
34 0 0.0000225027848553827
35 0 0.0000233363283135279
36 0 0.0000250034381590325
37 0 0.0000266705785775256
38 0 0.0000275041602521009
39 0 0.0000308385633891461
40 0 0.0000333394460065861
41 0 0.0000350067393084519
42 0 0.0000383414176537977
43 0 0.0000433436645435048
44 0 0.0000483461867075707
45 0 0.0000516813544294559
46 0 0.0000575181923953005
47 0 0.0000633554051622243
48 0 0.0000691929927806312
49 0 0.0000775330540162544
50 0 0.0000842056539793745
51 0 0.0000925470927749528
52 0 0.000105060686358072
53 0 0.000115072801694871
54 0 0.000131762111637901
55 0 0.000141777168646939
56 0 0.000155132294736626
57 0 0.000171828962249876
58 0 0.000192704110671182
59 0 0.000203561082892323
60 0 0.000229456020658048
61 0 0.000246166348294219
62 0 0.000272909264649956
63 0 0.000303004454673572
64 0 0.000333109613943505
65 0 0.00037242858720421
66 0 0.000404230837609543
67 0 0.000444418016270154
68 0 0.000497190674715542
69 0 0.000544963790214736
70 0 0.000604505805596012
71 0 0.000673321233567115
72 0 0.000740508508638826
73 0 0.000829608259171555
74 0 0.000925530162064314
75 0 0.00103672433809132
76 0 0.00118097406509343
77 0 0.00130431626330529
78 0 0.00152607741554345
79 0 0.00174753215431256
80 0 0.00201297075152296
81 0 0.00234158924093719
82 0 0.00275726521415320
83 0 0.00327674693616475
84 0 0.00385224656058425
85 0 0.0046548416710972
86 0 0.00556291981704449
87 0 0.00667824857548505
88 0 0.00791568642024632
89 0 0.00953164679391727
90 0 0.0112799859042785
91 0 0.0133910338513281
92 0 0.0161460530960869
93 0 0.0193939469585327
94 0 0.0223907797117410
95 0 0.0262649908027076
96 0 0.0294266278428643
97 0 0.0348288028306315
98 0 0.0393728908168411
99 0 0.0434775412133277
100 0 0.0491268617313416

death 1 M single
1 0 0.000160975779494144
2 0 0.0000166681946396352
3 0 0.00000500013750526218
4 0 0.00000416676215586609
5 0 0.00000333339444602565
6 0 0.00000250003437562984
7 0 0.00000250003437562984
8 0 0.00000250003437562984
9 0 0.00000250003437562984
10 0 0.00000250003437562984
11 0 0.00000250003437562984
12 0 0.00000333339444602565
13 0 0.00000250003437562984
14 0 0.00000416676215586609
15 0 0.00000416676215586609
16 0 0.00000666691112360951
17 0 0.00000833371530217786
18 0 0.0000108339788730261
19 0 0.0000141677706060328
20 0 0.0000191686874497776
21 0 0.0000225027848553827
22 0 0.0000241698794146705
23 0 0.0000250034381590325
24 0 0.0000241698794146705
25 0 0.0000233363283135279
26 0 0.0000233363283135279
27 0 0.0000233363283135279
28 0 0.0000216692490401238
29 0 0.0000216692490401238
30 0 0.0000216692490401238
31 0 0.0000216692490401238
32 0 0.0000208357208674181
33 0 0.0000216692490401238
34 0 0.0000225027848553827
35 0 0.0000233363283135279
36 0 0.0000250034381590325
37 0 0.0000266705785775256
38 0 0.0000275041602521009
39 0 0.0000308385633891461
40 0 0.0000333394460065861
41 0 0.0000350067393084519
42 0 0.0000383414176537977
43 0 0.0000433436645435048
44 0 0.0000483461867075707
45 0 0.0000516813544294559
46 0 0.0000575181923953005
47 0 0.0000633554051622243
48 0 0.0000691929927806312
49 0 0.0000775330540162544
50 0 0.0000842056539793745
51 0 0.0000925470927749528
52 0 0.000105060686358072
53 0 0.000115072801694871
54 0 0.000131762111637901
55 0 0.000141777168646939
56 0 0.000155132294736626
57 0 0.000171828962249876
58 0 0.000192704110671182
59 0 0.000203561082892323
60 0 0.000229456020658048
61 0 0.000246166348294219
62 0 0.000272909264649956
63 0 0.000303004454673572
64 0 0.000333109613943505
65 0 0.00037242858720421
66 0 0.000404230837609543
67 0 0.000444418016270154
68 0 0.000497190674715542
69 0 0.000544963790214736
70 0 0.000604505805596012
71 0 0.000673321233567115
72 0 0.000740508508638826
73 0 0.000829608259171555
74 0 0.000925530162064314
75 0 0.00103672433809132
76 0 0.00118097406509343
77 0 0.00130431626330529
78 0 0.00152607741554345
79 0 0.00174753215431256
80 0 0.00201297075152296
81 0 0.00234158924093719
82 0 0.00275726521415320
83 0 0.00327674693616475
84 0 0.00385224656058425
85 0 0.0046548416710972
86 0 0.00556291981704449
87 0 0.00667824857548505
88 0 0.00791568642024632
89 0 0.00953164679391727
90 0 0.0112799859042785
91 0 0.0133910338513281
92 0 0.0161460530960869
93 0 0.0193939469585327
94 0 0.0223907797117410
95 0 0.0262649908027076
96 0 0.0294266278428643
97 0 0.0348288028306315
98 0 0.0393728908168411
99 0 0.0434775412133277
100 0 0.0491268617313416

death 1 M divorced
1 0 0.000160975779494144
2 0 0.0000166681946396352
3 0 0.00000500013750526218
4 0 0.00000416676215586609
5 0 0.00000333339444602565
6 0 0.00000250003437562984
7 0 0.00000250003437562984
8 0 0.00000250003437562984
9 0 0.00000250003437562984
10 0 0.00000250003437562984
11 0 0.00000250003437562984
12 0 0.00000333339444602565
13 0 0.00000250003437562984
14 0 0.00000416676215586609
15 0 0.00000416676215586609
16 0 0.00000666691112360951
17 0 0.00000833371530217786
18 0 0.0000108339788730261
19 0 0.0000141677706060328
20 0 0.0000191686874497776
21 0 0.0000225027848553827
22 0 0.0000241698794146705
23 0 0.0000250034381590325
24 0 0.0000241698794146705
25 0 0.0000233363283135279
26 0 0.0000233363283135279
27 0 0.0000233363283135279
28 0 0.0000216692490401238
29 0 0.0000216692490401238
30 0 0.0000216692490401238
31 0 0.0000216692490401238
32 0 0.0000208357208674181
33 0 0.0000216692490401238
34 0 0.0000225027848553827
35 0 0.0000233363283135279
36 0 0.0000250034381590325
37 0 0.0000266705785775256
38 0 0.0000275041602521009
39 0 0.0000308385633891461
40 0 0.0000333394460065861
41 0 0.0000350067393084519
42 0 0.0000383414176537977
43 0 0.0000433436645435048
44 0 0.0000483461867075707
45 0 0.0000516813544294559
46 0 0.0000575181923953005
47 0 0.0000633554051622243
48 0 0.0000691929927806312
49 0 0.0000775330540162544
50 0 0.0000842056539793745
51 0 0.0000925470927749528
52 0 0.000105060686358072
53 0 0.000115072801694871
54 0 0.000131762111637901
55 0 0.000141777168646939
56 0 0.000155132294736626
57 0 0.000171828962249876
58 0 0.000192704110671182
59 0 0.000203561082892323
60 0 0.000229456020658048
61 0 0.000246166348294219
62 0 0.000272909264649956
63 0 0.000303004454673572
64 0 0.000333109613943505
65 0 0.00037242858720421
66 0 0.000404230837609543
67 0 0.000444418016270154
68 0 0.000497190674715542
69 0 0.000544963790214736
70 0 0.000604505805596012
71 0 0.000673321233567115
72 0 0.000740508508638826
73 0 0.000829608259171555
74 0 0.000925530162064314
75 0 0.00103672433809132
76 0 0.00118097406509343
77 0 0.00130431626330529
78 0 0.00152607741554345
79 0 0.00174753215431256
80 0 0.00201297075152296
81 0 0.00234158924093719
82 0 0.00275726521415320
83 0 0.00327674693616475
84 0 0.00385224656058425
85 0 0.0046548416710972
86 0 0.00556291981704449
87 0 0.00667824857548505
88 0 0.00791568642024632
89 0 0.00953164679391727
90 0 0.0112799859042785
91 0 0.0133910338513281
92 0 0.0161460530960869
93 0 0.0193939469585327
94 0 0.0223907797117410
95 0 0.0262649908027076
96 0 0.0294266278428643
97 0 0.0348288028306315
98 0 0.0393728908168411
99 0 0.0434775412133277
100 0 0.0491268617313416

death 1 M widowed
1 0 0.000160975779494144
2 0 0.0000166681946396352
3 0 0.00000500013750526218
4 0 0.00000416676215586609
5 0 0.00000333339444602565
6 0 0.00000250003437562984
7 0 0.00000250003437562984
8 0 0.00000250003437562984
9 0 0.00000250003437562984
10 0 0.00000250003437562984
11 0 0.00000250003437562984
12 0 0.00000333339444602565
13 0 0.00000250003437562984
14 0 0.00000416676215586609
15 0 0.00000416676215586609
16 0 0.00000666691112360951
17 0 0.00000833371530217786
18 0 0.0000108339788730261
19 0 0.0000141677706060328
20 0 0.0000191686874497776
21 0 0.0000225027848553827
22 0 0.0000241698794146705
23 0 0.0000250034381590325
24 0 0.0000241698794146705
25 0 0.0000233363283135279
26 0 0.0000233363283135279
27 0 0.0000233363283135279
28 0 0.0000216692490401238
29 0 0.0000216692490401238
30 0 0.0000216692490401238
31 0 0.0000216692490401238
32 0 0.0000208357208674181
33 0 0.0000216692490401238
34 0 0.0000225027848553827
35 0 0.0000233363283135279
36 0 0.0000250034381590325
37 0 0.0000266705785775256
38 0 0.0000275041602521009
39 0 0.0000308385633891461
40 0 0.0000333394460065861
41 0 0.0000350067393084519
42 0 0.0000383414176537977
43 0 0.0000433436645435048
44 0 0.0000483461867075707
45 0 0.0000516813544294559
46 0 0.0000575181923953005
47 0 0.0000633554051622243
48 0 0.0000691929927806312
49 0 0.0000775330540162544
50 0 0.0000842056539793745
51 0 0.0000925470927749528
52 0 0.000105060686358072
53 0 0.000115072801694871
54 0 0.000131762111637901
55 0 0.000141777168646939
56 0 0.000155132294736626
57 0 0.000171828962249876
58 0 0.000192704110671182
59 0 0.000203561082892323
60 0 0.000229456020658048
61 0 0.000246166348294219
62 0 0.000272909264649956
63 0 0.000303004454673572
64 0 0.000333109613943505
65 0 0.00037242858720421
66 0 0.000404230837609543
67 0 0.000444418016270154
68 0 0.000497190674715542
69 0 0.000544963790214736
70 0 0.000604505805596012
71 0 0.000673321233567115
72 0 0.000740508508638826
73 0 0.000829608259171555
74 0 0.000925530162064314
75 0 0.00103672433809132
76 0 0.00118097406509343
77 0 0.00130431626330529
78 0 0.00152607741554345
79 0 0.00174753215431256
80 0 0.00201297075152296
81 0 0.00234158924093719
82 0 0.00275726521415320
83 0 0.00327674693616475
84 0 0.00385224656058425
85 0 0.0046548416710972
86 0 0.00556291981704449
87 0 0.00667824857548505
88 0 0.00791568642024632
89 0 0.00953164679391727
90 0 0.0112799859042785
91 0 0.0133910338513281
92 0 0.0161460530960869
93 0 0.0193939469585327
94 0 0.0223907797117410
95 0 0.0262649908027076
96 0 0.0294266278428643
97 0 0.0348288028306315
98 0 0.0393728908168411
99 0 0.0434775412133277
100 0 0.0491268617313416

death 1 F married
1 0 0.000159306174086660
2 0 0.0000175016846010179
3 0 0.00000583352049443597
4 0 0.00000416676215586609
5 0 0.00000333339444602565
6 0 0.00000333339444602565
7 0 0.00000250003437562984
8 0 0.00000166668194467867
9 0 0.00000250003437562984
10 0 0.00000250003437562984
11 0 0.00000250003437562984
12 0 0.00000250003437562984
13 0 0.00000250003437562984
14 0 0.00000250003437562984
15 0 0.00000333339444602565
16 0 0.00000500013750526218
17 0 0.00000583352049443597
18 0 0.00000666691112360951
19 0 0.00000666691112360951
20 0 0.00000833371530217786
21 0 0.00000916712885190574
22 0 0.0000100005500421885
23 0 0.00000916712885190574
24 0 0.00000916712885190574
25 0 0.00000750030939278279
26 0 0.00000750030939278279
27 0 0.00000916712885190574
28 0 0.00000833371530217786
29 0 0.00000833371530217786
30 0 0.00000916712885190574
31 0 0.0000100005500421885
32 0 0.0000108339788730261
33 0 0.0000108339788730261
34 0 0.0000116674153447516
35 0 0.0000116674153447516
36 0 0.0000141677706060328
37 0 0.0000158347123201397
38 0 0.0000166681946396352
39 0 0.0000183351822042876
40 0 0.0000191686874497776
41 0 0.0000200022003373768
42 0 0.0000216692490401238
43 0 0.0000258370045466139
44 0 0.0000275041602521009
45 0 0.0000316721832838152
46 0 0.0000375077365993848
47 0 0.0000433436645435048
48 0 0.0000491799671665794
49 0 0.0000600198091127435
50 0 0.0000700269644720031
51 0 0.0000825374580692984
52 0 0.0000942154723914124
53 0 0.000101723559627565
54 0 0.000110900952950965
55 0 0.000124251542961140
56 0 0.000139273300942766
57 0 0.000156801823476993
58 0 0.000171828962249876
59 0 0.000190198839702838
60 0 0.000203561082892323
61 0 0.000231962373952066
62 0 0.000256194019795597
63 0 0.000271237601818131
64 0 0.000302168342589226
65 0 0.000325582389131607
66 0 0.000364061423379858
67 0 0.0003908390598516
68 0 0.000427671198569568
69 0 0.000468706385457929
70 0 0.000508922095563746
71 0 0.000570956209186124
72 0 0.000626319688621813
73 0 0.000692632486307909
74 0 0.000772439880273978
75 0 0.000866618745165249
76 0 0.00096679090138907
77 0 0.00108815555635622
78 0 0.00123840027093847
79 0 0.00139650987761697
80 0 0.00160831743884438
81 0 0.00184272849008871
82 0 0.00213830281095917
83 0 0.00242200452129115
84 0 0.00281569818007021
85 0 0.00324910413860813
86 0 0.0039427171998393
87 0 0.00473294785142198
88 0 0.00566132720053358
89 0 0.00679404562620178
90 0 0.00811416729209402
91 0 0.00954924093794218
92 0 0.0115276777844044
93 0 0.0133775032096296
94 0 0.0157035999041125
95 0 0.0180540994114446
96 0 0.0209538813397605
97 0 0.0240286148933518
98 0 0.0278731729485363
99 0 0.0318307508474526
100 0 0.0348768153278648

death 1 F single
1 0 0.000159306174086660
2 0 0.0000175016846010179
3 0 0.00000583352049443597
4 0 0.00000416676215586609
5 0 0.00000333339444602565
6 0 0.00000333339444602565
7 0 0.00000250003437562984
8 0 0.00000166668194467867
9 0 0.00000250003437562984
10 0 0.00000250003437562984
11 0 0.00000250003437562984
12 0 0.00000250003437562984
13 0 0.00000250003437562984
14 0 0.00000250003437562984
15 0 0.00000333339444602565
16 0 0.00000500013750526218
17 0 0.00000583352049443597
18 0 0.00000666691112360951
19 0 0.00000666691112360951
20 0 0.00000833371530217786
21 0 0.00000916712885190574
22 0 0.0000100005500421885
23 0 0.00000916712885190574
24 0 0.00000916712885190574
25 0 0.00000750030939278279
26 0 0.00000750030939278279
27 0 0.00000916712885190574
28 0 0.00000833371530217786
29 0 0.00000833371530217786
30 0 0.00000916712885190574
31 0 0.0000100005500421885
32 0 0.0000108339788730261
33 0 0.0000108339788730261
34 0 0.0000116674153447516
35 0 0.0000116674153447516
36 0 0.0000141677706060328
37 0 0.0000158347123201397
38 0 0.0000166681946396352
39 0 0.0000183351822042876
40 0 0.0000191686874497776
41 0 0.0000200022003373768
42 0 0.0000216692490401238
43 0 0.0000258370045466139
44 0 0.0000275041602521009
45 0 0.0000316721832838152
46 0 0.0000375077365993848
47 0 0.0000433436645435048
48 0 0.0000491799671665794
49 0 0.0000600198091127435
50 0 0.0000700269644720031
51 0 0.0000825374580692984
52 0 0.0000942154723914124
53 0 0.000101723559627565
54 0 0.000110900952950965
55 0 0.000124251542961140
56 0 0.000139273300942766
57 0 0.000156801823476993
58 0 0.000171828962249876
59 0 0.000190198839702838
60 0 0.000203561082892323
61 0 0.000231962373952066
62 0 0.000256194019795597
63 0 0.000271237601818131
64 0 0.000302168342589226
65 0 0.000325582389131607
66 0 0.000364061423379858
67 0 0.0003908390598516
68 0 0.000427671198569568
69 0 0.000468706385457929
70 0 0.000508922095563746
71 0 0.000570956209186124
72 0 0.000626319688621813
73 0 0.000692632486307909
74 0 0.000772439880273978
75 0 0.000866618745165249
76 0 0.00096679090138907
77 0 0.00108815555635622
78 0 0.00123840027093847
79 0 0.00139650987761697
80 0 0.00160831743884438
81 0 0.00184272849008871
82 0 0.00213830281095917
83 0 0.00242200452129115
84 0 0.00281569818007021
85 0 0.00324910413860813
86 0 0.0039427171998393
87 0 0.00473294785142198
88 0 0.00566132720053358
89 0 0.00679404562620178
90 0 0.00811416729209402
91 0 0.00954924093794218
92 0 0.0115276777844044
93 0 0.0133775032096296
94 0 0.0157035999041125
95 0 0.0180540994114446
96 0 0.0209538813397605
97 0 0.0240286148933518
98 0 0.0278731729485363
99 0 0.0318307508474526
100 0 0.0348768153278648

death 1 F divorced
1 0 0.000159306174086660
2 0 0.0000175016846010179
3 0 0.00000583352049443597
4 0 0.00000416676215586609
5 0 0.00000333339444602565
6 0 0.00000333339444602565
7 0 0.00000250003437562984
8 0 0.00000166668194467867
9 0 0.00000250003437562984
10 0 0.00000250003437562984
11 0 0.00000250003437562984
12 0 0.00000250003437562984
13 0 0.00000250003437562984
14 0 0.00000250003437562984
15 0 0.00000333339444602565
16 0 0.00000500013750526218
17 0 0.00000583352049443597
18 0 0.00000666691112360951
19 0 0.00000666691112360951
20 0 0.00000833371530217786
21 0 0.00000916712885190574
22 0 0.0000100005500421885
23 0 0.00000916712885190574
24 0 0.00000916712885190574
25 0 0.00000750030939278279
26 0 0.00000750030939278279
27 0 0.00000916712885190574
28 0 0.00000833371530217786
29 0 0.00000833371530217786
30 0 0.00000916712885190574
31 0 0.0000100005500421885
32 0 0.0000108339788730261
33 0 0.0000108339788730261
34 0 0.0000116674153447516
35 0 0.0000116674153447516
36 0 0.0000141677706060328
37 0 0.0000158347123201397
38 0 0.0000166681946396352
39 0 0.0000183351822042876
40 0 0.0000191686874497776
41 0 0.0000200022003373768
42 0 0.0000216692490401238
43 0 0.0000258370045466139
44 0 0.0000275041602521009
45 0 0.0000316721832838152
46 0 0.0000375077365993848
47 0 0.0000433436645435048
48 0 0.0000491799671665794
49 0 0.0000600198091127435
50 0 0.0000700269644720031
51 0 0.0000825374580692984
52 0 0.0000942154723914124
53 0 0.000101723559627565
54 0 0.000110900952950965
55 0 0.000124251542961140
56 0 0.000139273300942766
57 0 0.000156801823476993
58 0 0.000171828962249876
59 0 0.000190198839702838
60 0 0.000203561082892323
61 0 0.000231962373952066
62 0 0.000256194019795597
63 0 0.000271237601818131
64 0 0.000302168342589226
65 0 0.000325582389131607
66 0 0.000364061423379858
67 0 0.0003908390598516
68 0 0.000427671198569568
69 0 0.000468706385457929
70 0 0.000508922095563746
71 0 0.000570956209186124
72 0 0.000626319688621813
73 0 0.000692632486307909
74 0 0.000772439880273978
75 0 0.000866618745165249
76 0 0.00096679090138907
77 0 0.00108815555635622
78 0 0.00123840027093847
79 0 0.00139650987761697
80 0 0.00160831743884438
81 0 0.00184272849008871
82 0 0.00213830281095917
83 0 0.00242200452129115
84 0 0.00281569818007021
85 0 0.00324910413860813
86 0 0.0039427171998393
87 0 0.00473294785142198
88 0 0.00566132720053358
89 0 0.00679404562620178
90 0 0.00811416729209402
91 0 0.00954924093794218
92 0 0.0115276777844044
93 0 0.0133775032096296
94 0 0.0157035999041125
95 0 0.0180540994114446
96 0 0.0209538813397605
97 0 0.0240286148933518
98 0 0.0278731729485363
99 0 0.0318307508474526
100 0 0.0348768153278648

death 1 F widowed
1 0 0.000159306174086660
2 0 0.0000175016846010179
3 0 0.00000583352049443597
4 0 0.00000416676215586609
5 0 0.00000333339444602565
6 0 0.00000333339444602565
7 0 0.00000250003437562984
8 0 0.00000166668194467867
9 0 0.00000250003437562984
10 0 0.00000250003437562984
11 0 0.00000250003437562984
12 0 0.00000250003437562984
13 0 0.00000250003437562984
14 0 0.00000250003437562984
15 0 0.00000333339444602565
16 0 0.00000500013750526218
17 0 0.00000583352049443597
18 0 0.00000666691112360951
19 0 0.00000666691112360951
20 0 0.00000833371530217786
21 0 0.00000916712885190574
22 0 0.0000100005500421885
23 0 0.00000916712885190574
24 0 0.00000916712885190574
25 0 0.00000750030939278279
26 0 0.00000750030939278279
27 0 0.00000916712885190574
28 0 0.00000833371530217786
29 0 0.00000833371530217786
30 0 0.00000916712885190574
31 0 0.0000100005500421885
32 0 0.0000108339788730261
33 0 0.0000108339788730261
34 0 0.0000116674153447516
35 0 0.0000116674153447516
36 0 0.0000141677706060328
37 0 0.0000158347123201397
38 0 0.0000166681946396352
39 0 0.0000183351822042876
40 0 0.0000191686874497776
41 0 0.0000200022003373768
42 0 0.0000216692490401238
43 0 0.0000258370045466139
44 0 0.0000275041602521009
45 0 0.0000316721832838152
46 0 0.0000375077365993848
47 0 0.0000433436645435048
48 0 0.0000491799671665794
49 0 0.0000600198091127435
50 0 0.0000700269644720031
51 0 0.0000825374580692984
52 0 0.0000942154723914124
53 0 0.000101723559627565
54 0 0.000110900952950965
55 0 0.000124251542961140
56 0 0.000139273300942766
57 0 0.000156801823476993
58 0 0.000171828962249876
59 0 0.000190198839702838
60 0 0.000203561082892323
61 0 0.000231962373952066
62 0 0.000256194019795597
63 0 0.000271237601818131
64 0 0.000302168342589226
65 0 0.000325582389131607
66 0 0.000364061423379858
67 0 0.0003908390598516
68 0 0.000427671198569568
69 0 0.000468706385457929
70 0 0.000508922095563746
71 0 0.000570956209186124
72 0 0.000626319688621813
73 0 0.000692632486307909
74 0 0.000772439880273978
75 0 0.000866618745165249
76 0 0.00096679090138907
77 0 0.00108815555635622
78 0 0.00123840027093847
79 0 0.00139650987761697
80 0 0.00160831743884438
81 0 0.00184272849008871
82 0 0.00213830281095917
83 0 0.00242200452129115
84 0 0.00281569818007021
85 0 0.00324910413860813
86 0 0.0039427171998393
87 0 0.00473294785142198
88 0 0.00566132720053358
89 0 0.00679404562620178
90 0 0.00811416729209402
91 0 0.00954924093794218
92 0 0.0115276777844044
93 0 0.0133775032096296
94 0 0.0157035999041125
95 0 0.0180540994114446
96 0 0.0209538813397605
97 0 0.0240286148933518
98 0 0.0278731729485363
99 0 0.0318307508474526
100 0 0.0348768153278648
