*Period monthly mortality rates for SWE in 2079 
* Mon Dec 20 14:21:52 2010
death 1 M married
1 0 0.000147619794864662
2 0 0.0000150012376423092
3 0 0.00000500013750526218
4 0 0.00000333339444602565
5 0 0.00000333339444602565
6 0 0.00000250003437562984
7 0 0.00000250003437562984
8 0 0.00000250003437562984
9 0 0.00000250003437562984
10 0 0.00000250003437562984
11 0 0.00000250003437562984
12 0 0.00000250003437562984
13 0 0.00000250003437562984
14 0 0.00000333339444602565
15 0 0.00000416676215586609
16 0 0.00000583352049443597
17 0 0.00000833371530217786
18 0 0.0000100005500421885
19 0 0.000012500859457365
20 0 0.0000175016846010179
21 0 0.0000208357208674181
22 0 0.0000216692490401238
23 0 0.0000225027848553827
24 0 0.0000216692490401238
25 0 0.0000216692490401238
26 0 0.0000216692490401238
27 0 0.0000208357208674181
28 0 0.0000200022003373768
29 0 0.0000200022003373768
30 0 0.0000191686874497776
31 0 0.0000200022003373768
32 0 0.0000183351822042876
33 0 0.0000191686874497776
34 0 0.0000208357208674181
35 0 0.0000208357208674181
36 0 0.0000233363283135279
37 0 0.0000250034381590325
38 0 0.0000250034381590325
39 0 0.0000283377495704507
40 0 0.0000300049511388067
41 0 0.0000325058108229248
42 0 0.0000350067393084519
43 0 0.0000391751063537615
44 0 0.0000441773991204375
45 0 0.0000475124138960004
46 0 0.0000525151654794387
47 0 0.0000575181923953005
48 0 0.0000625214946752273
49 0 0.000070860943814588
50 0 0.0000766990134587475
51 0 0.0000842056539793745
52 0 0.0000958838826297104
53 0 0.000105060686358072
54 0 0.000120079272940554
55 0 0.000129258519792286
56 0 0.000141777168646939
57 0 0.000156801823476993
58 0 0.000176003608403419
59 0 0.00018602354153463
60 0 0.000209407682068785
61 0 0.000224443521407491
62 0 0.000248673162449031
63 0 0.000277088556254523
64 0 0.000303840574450209
65 0 0.000339801003879758
66 0 0.000367408196463748
67 0 0.000404230837609543
68 0 0.000451955091283596
69 0 0.000495514881089343
70 0 0.00054915561294655
71 0 0.000612056172412223
72 0 0.000673321233567115
73 0 0.000753951928672225
74 0 0.000841382687202019
75 0 0.000942369016184275
76 0 0.00107466258241773
77 0 0.00118772820453850
78 0 0.00139312497036514
79 0 0.0015972912550144
80 0 0.00184698065607991
81 0 0.00215536818142426
82 0 0.00254618937066786
83 0 0.00303774292834269
84 0 0.0035900448504842
85 0 0.00436144946718142
86 0 0.00524096401757812
87 0 0.00632549036704622
88 0 0.00753995298835519
89 0 0.00912700554279033
90 0 0.0108570869692929
91 0 0.0129542530086907
92 0 0.0156966574170013
93 0 0.0189464625407623
94 0 0.0219748225456047
95 0 0.0258749758860892
96 0 0.0290766119985292
97 0 0.0344860928490767
98 0 0.0390429506842367
99 0 0.0431601499381684
100 0 0.048822825185682

death 1 M single
1 0 0.000147619794864662
2 0 0.0000150012376423092
3 0 0.00000500013750526218
4 0 0.00000333339444602565
5 0 0.00000333339444602565
6 0 0.00000250003437562984
7 0 0.00000250003437562984
8 0 0.00000250003437562984
9 0 0.00000250003437562984
10 0 0.00000250003437562984
11 0 0.00000250003437562984
12 0 0.00000250003437562984
13 0 0.00000250003437562984
14 0 0.00000333339444602565
15 0 0.00000416676215586609
16 0 0.00000583352049443597
17 0 0.00000833371530217786
18 0 0.0000100005500421885
19 0 0.000012500859457365
20 0 0.0000175016846010179
21 0 0.0000208357208674181
22 0 0.0000216692490401238
23 0 0.0000225027848553827
24 0 0.0000216692490401238
25 0 0.0000216692490401238
26 0 0.0000216692490401238
27 0 0.0000208357208674181
28 0 0.0000200022003373768
29 0 0.0000200022003373768
30 0 0.0000191686874497776
31 0 0.0000200022003373768
32 0 0.0000183351822042876
33 0 0.0000191686874497776
34 0 0.0000208357208674181
35 0 0.0000208357208674181
36 0 0.0000233363283135279
37 0 0.0000250034381590325
38 0 0.0000250034381590325
39 0 0.0000283377495704507
40 0 0.0000300049511388067
41 0 0.0000325058108229248
42 0 0.0000350067393084519
43 0 0.0000391751063537615
44 0 0.0000441773991204375
45 0 0.0000475124138960004
46 0 0.0000525151654794387
47 0 0.0000575181923953005
48 0 0.0000625214946752273
49 0 0.000070860943814588
50 0 0.0000766990134587475
51 0 0.0000842056539793745
52 0 0.0000958838826297104
53 0 0.000105060686358072
54 0 0.000120079272940554
55 0 0.000129258519792286
56 0 0.000141777168646939
57 0 0.000156801823476993
58 0 0.000176003608403419
59 0 0.00018602354153463
60 0 0.000209407682068785
61 0 0.000224443521407491
62 0 0.000248673162449031
63 0 0.000277088556254523
64 0 0.000303840574450209
65 0 0.000339801003879758
66 0 0.000367408196463748
67 0 0.000404230837609543
68 0 0.000451955091283596
69 0 0.000495514881089343
70 0 0.00054915561294655
71 0 0.000612056172412223
72 0 0.000673321233567115
73 0 0.000753951928672225
74 0 0.000841382687202019
75 0 0.000942369016184275
76 0 0.00107466258241773
77 0 0.00118772820453850
78 0 0.00139312497036514
79 0 0.0015972912550144
80 0 0.00184698065607991
81 0 0.00215536818142426
82 0 0.00254618937066786
83 0 0.00303774292834269
84 0 0.0035900448504842
85 0 0.00436144946718142
86 0 0.00524096401757812
87 0 0.00632549036704622
88 0 0.00753995298835519
89 0 0.00912700554279033
90 0 0.0108570869692929
91 0 0.0129542530086907
92 0 0.0156966574170013
93 0 0.0189464625407623
94 0 0.0219748225456047
95 0 0.0258749758860892
96 0 0.0290766119985292
97 0 0.0344860928490767
98 0 0.0390429506842367
99 0 0.0431601499381684
100 0 0.048822825185682

death 1 M divorced
1 0 0.000147619794864662
2 0 0.0000150012376423092
3 0 0.00000500013750526218
4 0 0.00000333339444602565
5 0 0.00000333339444602565
6 0 0.00000250003437562984
7 0 0.00000250003437562984
8 0 0.00000250003437562984
9 0 0.00000250003437562984
10 0 0.00000250003437562984
11 0 0.00000250003437562984
12 0 0.00000250003437562984
13 0 0.00000250003437562984
14 0 0.00000333339444602565
15 0 0.00000416676215586609
16 0 0.00000583352049443597
17 0 0.00000833371530217786
18 0 0.0000100005500421885
19 0 0.000012500859457365
20 0 0.0000175016846010179
21 0 0.0000208357208674181
22 0 0.0000216692490401238
23 0 0.0000225027848553827
24 0 0.0000216692490401238
25 0 0.0000216692490401238
26 0 0.0000216692490401238
27 0 0.0000208357208674181
28 0 0.0000200022003373768
29 0 0.0000200022003373768
30 0 0.0000191686874497776
31 0 0.0000200022003373768
32 0 0.0000183351822042876
33 0 0.0000191686874497776
34 0 0.0000208357208674181
35 0 0.0000208357208674181
36 0 0.0000233363283135279
37 0 0.0000250034381590325
38 0 0.0000250034381590325
39 0 0.0000283377495704507
40 0 0.0000300049511388067
41 0 0.0000325058108229248
42 0 0.0000350067393084519
43 0 0.0000391751063537615
44 0 0.0000441773991204375
45 0 0.0000475124138960004
46 0 0.0000525151654794387
47 0 0.0000575181923953005
48 0 0.0000625214946752273
49 0 0.000070860943814588
50 0 0.0000766990134587475
51 0 0.0000842056539793745
52 0 0.0000958838826297104
53 0 0.000105060686358072
54 0 0.000120079272940554
55 0 0.000129258519792286
56 0 0.000141777168646939
57 0 0.000156801823476993
58 0 0.000176003608403419
59 0 0.00018602354153463
60 0 0.000209407682068785
61 0 0.000224443521407491
62 0 0.000248673162449031
63 0 0.000277088556254523
64 0 0.000303840574450209
65 0 0.000339801003879758
66 0 0.000367408196463748
67 0 0.000404230837609543
68 0 0.000451955091283596
69 0 0.000495514881089343
70 0 0.00054915561294655
71 0 0.000612056172412223
72 0 0.000673321233567115
73 0 0.000753951928672225
74 0 0.000841382687202019
75 0 0.000942369016184275
76 0 0.00107466258241773
77 0 0.00118772820453850
78 0 0.00139312497036514
79 0 0.0015972912550144
80 0 0.00184698065607991
81 0 0.00215536818142426
82 0 0.00254618937066786
83 0 0.00303774292834269
84 0 0.0035900448504842
85 0 0.00436144946718142
86 0 0.00524096401757812
87 0 0.00632549036704622
88 0 0.00753995298835519
89 0 0.00912700554279033
90 0 0.0108570869692929
91 0 0.0129542530086907
92 0 0.0156966574170013
93 0 0.0189464625407623
94 0 0.0219748225456047
95 0 0.0258749758860892
96 0 0.0290766119985292
97 0 0.0344860928490767
98 0 0.0390429506842367
99 0 0.0431601499381684
100 0 0.048822825185682

death 1 M widowed
1 0 0.000147619794864662
2 0 0.0000150012376423092
3 0 0.00000500013750526218
4 0 0.00000333339444602565
5 0 0.00000333339444602565
6 0 0.00000250003437562984
7 0 0.00000250003437562984
8 0 0.00000250003437562984
9 0 0.00000250003437562984
10 0 0.00000250003437562984
11 0 0.00000250003437562984
12 0 0.00000250003437562984
13 0 0.00000250003437562984
14 0 0.00000333339444602565
15 0 0.00000416676215586609
16 0 0.00000583352049443597
17 0 0.00000833371530217786
18 0 0.0000100005500421885
19 0 0.000012500859457365
20 0 0.0000175016846010179
21 0 0.0000208357208674181
22 0 0.0000216692490401238
23 0 0.0000225027848553827
24 0 0.0000216692490401238
25 0 0.0000216692490401238
26 0 0.0000216692490401238
27 0 0.0000208357208674181
28 0 0.0000200022003373768
29 0 0.0000200022003373768
30 0 0.0000191686874497776
31 0 0.0000200022003373768
32 0 0.0000183351822042876
33 0 0.0000191686874497776
34 0 0.0000208357208674181
35 0 0.0000208357208674181
36 0 0.0000233363283135279
37 0 0.0000250034381590325
38 0 0.0000250034381590325
39 0 0.0000283377495704507
40 0 0.0000300049511388067
41 0 0.0000325058108229248
42 0 0.0000350067393084519
43 0 0.0000391751063537615
44 0 0.0000441773991204375
45 0 0.0000475124138960004
46 0 0.0000525151654794387
47 0 0.0000575181923953005
48 0 0.0000625214946752273
49 0 0.000070860943814588
50 0 0.0000766990134587475
51 0 0.0000842056539793745
52 0 0.0000958838826297104
53 0 0.000105060686358072
54 0 0.000120079272940554
55 0 0.000129258519792286
56 0 0.000141777168646939
57 0 0.000156801823476993
58 0 0.000176003608403419
59 0 0.00018602354153463
60 0 0.000209407682068785
61 0 0.000224443521407491
62 0 0.000248673162449031
63 0 0.000277088556254523
64 0 0.000303840574450209
65 0 0.000339801003879758
66 0 0.000367408196463748
67 0 0.000404230837609543
68 0 0.000451955091283596
69 0 0.000495514881089343
70 0 0.00054915561294655
71 0 0.000612056172412223
72 0 0.000673321233567115
73 0 0.000753951928672225
74 0 0.000841382687202019
75 0 0.000942369016184275
76 0 0.00107466258241773
77 0 0.00118772820453850
78 0 0.00139312497036514
79 0 0.0015972912550144
80 0 0.00184698065607991
81 0 0.00215536818142426
82 0 0.00254618937066786
83 0 0.00303774292834269
84 0 0.0035900448504842
85 0 0.00436144946718142
86 0 0.00524096401757812
87 0 0.00632549036704622
88 0 0.00753995298835519
89 0 0.00912700554279033
90 0 0.0108570869692929
91 0 0.0129542530086907
92 0 0.0156966574170013
93 0 0.0189464625407623
94 0 0.0219748225456047
95 0 0.0258749758860892
96 0 0.0290766119985292
97 0 0.0344860928490767
98 0 0.0390429506842367
99 0 0.0431601499381684
100 0 0.048822825185682

death 1 F married
1 0 0.000145950434766062
2 0 0.0000158347123201397
3 0 0.00000500013750526218
4 0 0.00000333339444602565
5 0 0.00000250003437562984
6 0 0.00000250003437562984
7 0 0.00000250003437562984
8 0 0.00000166668194467867
9 0 0.00000166668194467867
10 0 0.00000250003437562984
11 0 0.00000250003437562984
12 0 0.00000250003437562984
13 0 0.00000250003437562984
14 0 0.00000250003437562984
15 0 0.00000333339444602565
16 0 0.00000500013750526218
17 0 0.00000500013750526218
18 0 0.00000583352049443597
19 0 0.00000666691112360951
20 0 0.00000750030939278279
21 0 0.00000833371530217786
22 0 0.00000916712885190574
23 0 0.00000833371530217786
24 0 0.00000833371530217786
25 0 0.00000750030939278279
26 0 0.00000750030939278279
27 0 0.00000833371530217786
28 0 0.00000750030939278279
29 0 0.00000750030939278279
30 0 0.00000833371530217786
31 0 0.00000916712885190574
32 0 0.0000100005500421885
33 0 0.0000100005500421885
34 0 0.0000108339788730261
35 0 0.0000108339788730261
36 0 0.000012500859457365
37 0 0.0000150012376423092
38 0 0.0000158347123201397
39 0 0.0000166681946396352
40 0 0.0000175016846010179
41 0 0.0000183351822042876
42 0 0.0000200022003373768
43 0 0.0000233363283135279
44 0 0.0000258370045466139
45 0 0.0000291713465325749
46 0 0.0000341730888351321
47 0 0.0000391751063537615
48 0 0.0000458448912142861
49 0 0.000055850486162301
50 0 0.000065857182524165
51 0 0.0000766990134587475
52 0 0.0000883762776967556
53 0 0.0000958838826297104
54 0 0.000104226393189744
55 0 0.000116741594805347
56 0 0.000130927573360862
57 0 0.000148454486411209
58 0 0.000162645415570539
59 0 0.000179343463383219
60 0 0.000192704110671182
61 0 0.000218595954981304
62 0 0.00024115292740190
63 0 0.000255358338245082
64 0 0.000285447716062204
65 0 0.00030718513048289
66 0 0.000343146883615142
67 0 0.000368244908993565
68 0 0.000403393793679041
69 0 0.000441905796850772
70 0 0.00047959638290207
71 0 0.000538257276069709
72 0 0.000591084480360493
73 0 0.000652335396287174
74 0 0.000727907108930337
75 0 0.000816994494034828
76 0 0.000911219590253864
77 0 0.00102576735084436
78 0 0.00116746729320027
79 0 0.00131615240611349
80 0 0.00151590856934491
81 0 0.00173733846739721
82 0 0.00201467478829731
83 0 0.00228260634781396
84 0 0.00265338194835529
85 0 0.00306359742361795
86 0 0.00373407501225032
87 0 0.00450145843679572
88 0 0.00540887483764352
89 0 0.00651691904313345
90 0 0.00781025053204976
91 0 0.0092238430417354
92 0 0.0111677096610003
93 0 0.0130004338294613
94 0 0.0152998485204197
95 0 0.0176264409046312
96 0 0.0205236341924805
97 0 0.0235984322363270
98 0 0.0274488512148739
99 0 0.0314201522479070
100 0 0.0344750599385062

death 1 F single
1 0 0.000145950434766062
2 0 0.0000158347123201397
3 0 0.00000500013750526218
4 0 0.00000333339444602565
5 0 0.00000250003437562984
6 0 0.00000250003437562984
7 0 0.00000250003437562984
8 0 0.00000166668194467867
9 0 0.00000166668194467867
10 0 0.00000250003437562984
11 0 0.00000250003437562984
12 0 0.00000250003437562984
13 0 0.00000250003437562984
14 0 0.00000250003437562984
15 0 0.00000333339444602565
16 0 0.00000500013750526218
17 0 0.00000500013750526218
18 0 0.00000583352049443597
19 0 0.00000666691112360951
20 0 0.00000750030939278279
21 0 0.00000833371530217786
22 0 0.00000916712885190574
23 0 0.00000833371530217786
24 0 0.00000833371530217786
25 0 0.00000750030939278279
26 0 0.00000750030939278279
27 0 0.00000833371530217786
28 0 0.00000750030939278279
29 0 0.00000750030939278279
30 0 0.00000833371530217786
31 0 0.00000916712885190574
32 0 0.0000100005500421885
33 0 0.0000100005500421885
34 0 0.0000108339788730261
35 0 0.0000108339788730261
36 0 0.000012500859457365
37 0 0.0000150012376423092
38 0 0.0000158347123201397
39 0 0.0000166681946396352
40 0 0.0000175016846010179
41 0 0.0000183351822042876
42 0 0.0000200022003373768
43 0 0.0000233363283135279
44 0 0.0000258370045466139
45 0 0.0000291713465325749
46 0 0.0000341730888351321
47 0 0.0000391751063537615
48 0 0.0000458448912142861
49 0 0.000055850486162301
50 0 0.000065857182524165
51 0 0.0000766990134587475
52 0 0.0000883762776967556
53 0 0.0000958838826297104
54 0 0.000104226393189744
55 0 0.000116741594805347
56 0 0.000130927573360862
57 0 0.000148454486411209
58 0 0.000162645415570539
59 0 0.000179343463383219
60 0 0.000192704110671182
61 0 0.000218595954981304
62 0 0.00024115292740190
63 0 0.000255358338245082
64 0 0.000285447716062204
65 0 0.00030718513048289
66 0 0.000343146883615142
67 0 0.000368244908993565
68 0 0.000403393793679041
69 0 0.000441905796850772
70 0 0.00047959638290207
71 0 0.000538257276069709
72 0 0.000591084480360493
73 0 0.000652335396287174
74 0 0.000727907108930337
75 0 0.000816994494034828
76 0 0.000911219590253864
77 0 0.00102576735084436
78 0 0.00116746729320027
79 0 0.00131615240611349
80 0 0.00151590856934491
81 0 0.00173733846739721
82 0 0.00201467478829731
83 0 0.00228260634781396
84 0 0.00265338194835529
85 0 0.00306359742361795
86 0 0.00373407501225032
87 0 0.00450145843679572
88 0 0.00540887483764352
89 0 0.00651691904313345
90 0 0.00781025053204976
91 0 0.0092238430417354
92 0 0.0111677096610003
93 0 0.0130004338294613
94 0 0.0152998485204197
95 0 0.0176264409046312
96 0 0.0205236341924805
97 0 0.0235984322363270
98 0 0.0274488512148739
99 0 0.0314201522479070
100 0 0.0344750599385062

death 1 F divorced
1 0 0.000145950434766062
2 0 0.0000158347123201397
3 0 0.00000500013750526218
4 0 0.00000333339444602565
5 0 0.00000250003437562984
6 0 0.00000250003437562984
7 0 0.00000250003437562984
8 0 0.00000166668194467867
9 0 0.00000166668194467867
10 0 0.00000250003437562984
11 0 0.00000250003437562984
12 0 0.00000250003437562984
13 0 0.00000250003437562984
14 0 0.00000250003437562984
15 0 0.00000333339444602565
16 0 0.00000500013750526218
17 0 0.00000500013750526218
18 0 0.00000583352049443597
19 0 0.00000666691112360951
20 0 0.00000750030939278279
21 0 0.00000833371530217786
22 0 0.00000916712885190574
23 0 0.00000833371530217786
24 0 0.00000833371530217786
25 0 0.00000750030939278279
26 0 0.00000750030939278279
27 0 0.00000833371530217786
28 0 0.00000750030939278279
29 0 0.00000750030939278279
30 0 0.00000833371530217786
31 0 0.00000916712885190574
32 0 0.0000100005500421885
33 0 0.0000100005500421885
34 0 0.0000108339788730261
35 0 0.0000108339788730261
36 0 0.000012500859457365
37 0 0.0000150012376423092
38 0 0.0000158347123201397
39 0 0.0000166681946396352
40 0 0.0000175016846010179
41 0 0.0000183351822042876
42 0 0.0000200022003373768
43 0 0.0000233363283135279
44 0 0.0000258370045466139
45 0 0.0000291713465325749
46 0 0.0000341730888351321
47 0 0.0000391751063537615
48 0 0.0000458448912142861
49 0 0.000055850486162301
50 0 0.000065857182524165
51 0 0.0000766990134587475
52 0 0.0000883762776967556
53 0 0.0000958838826297104
54 0 0.000104226393189744
55 0 0.000116741594805347
56 0 0.000130927573360862
57 0 0.000148454486411209
58 0 0.000162645415570539
59 0 0.000179343463383219
60 0 0.000192704110671182
61 0 0.000218595954981304
62 0 0.00024115292740190
63 0 0.000255358338245082
64 0 0.000285447716062204
65 0 0.00030718513048289
66 0 0.000343146883615142
67 0 0.000368244908993565
68 0 0.000403393793679041
69 0 0.000441905796850772
70 0 0.00047959638290207
71 0 0.000538257276069709
72 0 0.000591084480360493
73 0 0.000652335396287174
74 0 0.000727907108930337
75 0 0.000816994494034828
76 0 0.000911219590253864
77 0 0.00102576735084436
78 0 0.00116746729320027
79 0 0.00131615240611349
80 0 0.00151590856934491
81 0 0.00173733846739721
82 0 0.00201467478829731
83 0 0.00228260634781396
84 0 0.00265338194835529
85 0 0.00306359742361795
86 0 0.00373407501225032
87 0 0.00450145843679572
88 0 0.00540887483764352
89 0 0.00651691904313345
90 0 0.00781025053204976
91 0 0.0092238430417354
92 0 0.0111677096610003
93 0 0.0130004338294613
94 0 0.0152998485204197
95 0 0.0176264409046312
96 0 0.0205236341924805
97 0 0.0235984322363270
98 0 0.0274488512148739
99 0 0.0314201522479070
100 0 0.0344750599385062

death 1 F widowed
1 0 0.000145950434766062
2 0 0.0000158347123201397
3 0 0.00000500013750526218
4 0 0.00000333339444602565
5 0 0.00000250003437562984
6 0 0.00000250003437562984
7 0 0.00000250003437562984
8 0 0.00000166668194467867
9 0 0.00000166668194467867
10 0 0.00000250003437562984
11 0 0.00000250003437562984
12 0 0.00000250003437562984
13 0 0.00000250003437562984
14 0 0.00000250003437562984
15 0 0.00000333339444602565
16 0 0.00000500013750526218
17 0 0.00000500013750526218
18 0 0.00000583352049443597
19 0 0.00000666691112360951
20 0 0.00000750030939278279
21 0 0.00000833371530217786
22 0 0.00000916712885190574
23 0 0.00000833371530217786
24 0 0.00000833371530217786
25 0 0.00000750030939278279
26 0 0.00000750030939278279
27 0 0.00000833371530217786
28 0 0.00000750030939278279
29 0 0.00000750030939278279
30 0 0.00000833371530217786
31 0 0.00000916712885190574
32 0 0.0000100005500421885
33 0 0.0000100005500421885
34 0 0.0000108339788730261
35 0 0.0000108339788730261
36 0 0.000012500859457365
37 0 0.0000150012376423092
38 0 0.0000158347123201397
39 0 0.0000166681946396352
40 0 0.0000175016846010179
41 0 0.0000183351822042876
42 0 0.0000200022003373768
43 0 0.0000233363283135279
44 0 0.0000258370045466139
45 0 0.0000291713465325749
46 0 0.0000341730888351321
47 0 0.0000391751063537615
48 0 0.0000458448912142861
49 0 0.000055850486162301
50 0 0.000065857182524165
51 0 0.0000766990134587475
52 0 0.0000883762776967556
53 0 0.0000958838826297104
54 0 0.000104226393189744
55 0 0.000116741594805347
56 0 0.000130927573360862
57 0 0.000148454486411209
58 0 0.000162645415570539
59 0 0.000179343463383219
60 0 0.000192704110671182
61 0 0.000218595954981304
62 0 0.00024115292740190
63 0 0.000255358338245082
64 0 0.000285447716062204
65 0 0.00030718513048289
66 0 0.000343146883615142
67 0 0.000368244908993565
68 0 0.000403393793679041
69 0 0.000441905796850772
70 0 0.00047959638290207
71 0 0.000538257276069709
72 0 0.000591084480360493
73 0 0.000652335396287174
74 0 0.000727907108930337
75 0 0.000816994494034828
76 0 0.000911219590253864
77 0 0.00102576735084436
78 0 0.00116746729320027
79 0 0.00131615240611349
80 0 0.00151590856934491
81 0 0.00173733846739721
82 0 0.00201467478829731
83 0 0.00228260634781396
84 0 0.00265338194835529
85 0 0.00306359742361795
86 0 0.00373407501225032
87 0 0.00450145843679572
88 0 0.00540887483764352
89 0 0.00651691904313345
90 0 0.00781025053204976
91 0 0.0092238430417354
92 0 0.0111677096610003
93 0 0.0130004338294613
94 0 0.0152998485204197
95 0 0.0176264409046312
96 0 0.0205236341924805
97 0 0.0235984322363270
98 0 0.0274488512148739
99 0 0.0314201522479070
100 0 0.0344750599385062
