*Period monthly mortality rates for SWE in 1999 
* Mon Dec 20 14:21:45 2010
death 1 M married
1 0 0.00033628796273133
2 0 0.0000143344634019327
3 0 0.0000122508254212228
4 0 0.00000816703350903225
5 0 0.00000750030939278279
6 0 0.0000070836093031268
7 0 0.0000161681043310269
8 0 0.0000103339206576347
9 0 0.0000102505778891704
10 0 0.00000916712885190574
11 0 0.0000122508254212228
12 0 0.0000142511169657356
13 0 0.0000148345436237207
14 0 0.0000181684820722561
15 0 0.0000204189596471060
16 0 0.0000178350827253482
17 0 0.0000146678499107766
18 0 0.0000340063596577789
19 0 0.0000399254327210219
20 0 0.0000475957908330216
21 0 0.000058518830821197
22 0 0.0000632720137693221
23 0 0.0000504306521942333
24 0 0.0000576849647013766
25 0 0.0000502638931964006
26 0 0.0000614374224786607
27 0 0.0000483461867075707
28 0 0.0000529320738724692
29 0 0.0000644395002322717
30 0 0.0000653568215436273
31 0 0.0000568511062306598
32 0 0.0000637723632745946
33 0 0.0000600198091127435
34 0 0.0000641059311413672
35 0 0.000076115189621695
36 0 0.0000699435669585524
37 0 0.000103225251495309
38 0 0.000075698174890837
39 0 0.000103058395618194
40 0 0.000118660744758303
41 0 0.000121998493364583
42 0 0.000127422596263638
43 0 0.000163396761810874
44 0 0.00014995695051101
45 0 0.000152961953217901
46 0 0.000178925974799293
47 0 0.000170242646983731
48 0 0.00020130606657065
49 0 0.000251597866353981
50 0 0.000270067456130230
51 0 0.000288624398392279
52 0 0.000287203237308242
53 0 0.00033687346015876
54 0 0.000387324045183157
55 0 0.000430852856446617
56 0 0.000487471501872117
57 0 0.00051185518745589
58 0 0.000530293933410975
59 0 0.000614153607889523
60 0 0.000692968370500591
61 0 0.000779920166188885
62 0 0.000768405824446705
63 0 0.000909367798669458
64 0 0.00108975798019251
65 0 0.00116949318090742
66 0 0.00127692996336726
67 0 0.00135885989064288
68 0 0.00162570760463909
69 0 0.00186424649704409
70 0 0.00197651203345761
71 0 0.00219300867126981
72 0 0.00261803727227394
73 0 0.00280804819349556
74 0 0.00301456633418307
75 0 0.00336232028333994
76 0 0.00395176923710461
77 0 0.00402029813798588
78 0 0.00484961831334818
79 0 0.0053425569987563
80 0 0.00627599963163072
81 0 0.00653545728056282
82 0 0.00789704438521988
83 0 0.00864767395045618
84 0 0.00985416515356063
85 0 0.0106011132312404
86 0 0.0121018792858860
87 0 0.0143376233639448
88 0 0.0152998485204197
89 0 0.0174956071481545
90 0 0.0200827465277351
91 0 0.0216989132343236
92 0 0.0245218656424083
93 0 0.0280887222983047
94 0 0.0305109788210249
95 0 0.0358405095206042
96 0 0.0354237927736412
97 0 0.042698747607907
98 0 0.0433165306230537
99 0 0.0464427213268426
100 0 0.0567892738816672

death 1 M single
1 0 0.00033628796273133
2 0 0.0000143344634019327
3 0 0.0000122508254212228
4 0 0.00000816703350903225
5 0 0.00000750030939278279
6 0 0.0000070836093031268
7 0 0.0000161681043310269
8 0 0.0000103339206576347
9 0 0.0000102505778891704
10 0 0.00000916712885190574
11 0 0.0000122508254212228
12 0 0.0000142511169657356
13 0 0.0000148345436237207
14 0 0.0000181684820722561
15 0 0.0000204189596471060
16 0 0.0000178350827253482
17 0 0.0000146678499107766
18 0 0.0000340063596577789
19 0 0.0000399254327210219
20 0 0.0000475957908330216
21 0 0.000058518830821197
22 0 0.0000632720137693221
23 0 0.0000504306521942333
24 0 0.0000576849647013766
25 0 0.0000502638931964006
26 0 0.0000614374224786607
27 0 0.0000483461867075707
28 0 0.0000529320738724692
29 0 0.0000644395002322717
30 0 0.0000653568215436273
31 0 0.0000568511062306598
32 0 0.0000637723632745946
33 0 0.0000600198091127435
34 0 0.0000641059311413672
35 0 0.000076115189621695
36 0 0.0000699435669585524
37 0 0.000103225251495309
38 0 0.000075698174890837
39 0 0.000103058395618194
40 0 0.000118660744758303
41 0 0.000121998493364583
42 0 0.000127422596263638
43 0 0.000163396761810874
44 0 0.00014995695051101
45 0 0.000152961953217901
46 0 0.000178925974799293
47 0 0.000170242646983731
48 0 0.00020130606657065
49 0 0.000251597866353981
50 0 0.000270067456130230
51 0 0.000288624398392279
52 0 0.000287203237308242
53 0 0.00033687346015876
54 0 0.000387324045183157
55 0 0.000430852856446617
56 0 0.000487471501872117
57 0 0.00051185518745589
58 0 0.000530293933410975
59 0 0.000614153607889523
60 0 0.000692968370500591
61 0 0.000779920166188885
62 0 0.000768405824446705
63 0 0.000909367798669458
64 0 0.00108975798019251
65 0 0.00116949318090742
66 0 0.00127692996336726
67 0 0.00135885989064288
68 0 0.00162570760463909
69 0 0.00186424649704409
70 0 0.00197651203345761
71 0 0.00219300867126981
72 0 0.00261803727227394
73 0 0.00280804819349556
74 0 0.00301456633418307
75 0 0.00336232028333994
76 0 0.00395176923710461
77 0 0.00402029813798588
78 0 0.00484961831334818
79 0 0.0053425569987563
80 0 0.00627599963163072
81 0 0.00653545728056282
82 0 0.00789704438521988
83 0 0.00864767395045618
84 0 0.00985416515356063
85 0 0.0106011132312404
86 0 0.0121018792858860
87 0 0.0143376233639448
88 0 0.0152998485204197
89 0 0.0174956071481545
90 0 0.0200827465277351
91 0 0.0216989132343236
92 0 0.0245218656424083
93 0 0.0280887222983047
94 0 0.0305109788210249
95 0 0.0358405095206042
96 0 0.0354237927736412
97 0 0.042698747607907
98 0 0.0433165306230537
99 0 0.0464427213268426
100 0 0.0567892738816672

death 1 M divorced
1 0 0.00033628796273133
2 0 0.0000143344634019327
3 0 0.0000122508254212228
4 0 0.00000816703350903225
5 0 0.00000750030939278279
6 0 0.0000070836093031268
7 0 0.0000161681043310269
8 0 0.0000103339206576347
9 0 0.0000102505778891704
10 0 0.00000916712885190574
11 0 0.0000122508254212228
12 0 0.0000142511169657356
13 0 0.0000148345436237207
14 0 0.0000181684820722561
15 0 0.0000204189596471060
16 0 0.0000178350827253482
17 0 0.0000146678499107766
18 0 0.0000340063596577789
19 0 0.0000399254327210219
20 0 0.0000475957908330216
21 0 0.000058518830821197
22 0 0.0000632720137693221
23 0 0.0000504306521942333
24 0 0.0000576849647013766
25 0 0.0000502638931964006
26 0 0.0000614374224786607
27 0 0.0000483461867075707
28 0 0.0000529320738724692
29 0 0.0000644395002322717
30 0 0.0000653568215436273
31 0 0.0000568511062306598
32 0 0.0000637723632745946
33 0 0.0000600198091127435
34 0 0.0000641059311413672
35 0 0.000076115189621695
36 0 0.0000699435669585524
37 0 0.000103225251495309
38 0 0.000075698174890837
39 0 0.000103058395618194
40 0 0.000118660744758303
41 0 0.000121998493364583
42 0 0.000127422596263638
43 0 0.000163396761810874
44 0 0.00014995695051101
45 0 0.000152961953217901
46 0 0.000178925974799293
47 0 0.000170242646983731
48 0 0.00020130606657065
49 0 0.000251597866353981
50 0 0.000270067456130230
51 0 0.000288624398392279
52 0 0.000287203237308242
53 0 0.00033687346015876
54 0 0.000387324045183157
55 0 0.000430852856446617
56 0 0.000487471501872117
57 0 0.00051185518745589
58 0 0.000530293933410975
59 0 0.000614153607889523
60 0 0.000692968370500591
61 0 0.000779920166188885
62 0 0.000768405824446705
63 0 0.000909367798669458
64 0 0.00108975798019251
65 0 0.00116949318090742
66 0 0.00127692996336726
67 0 0.00135885989064288
68 0 0.00162570760463909
69 0 0.00186424649704409
70 0 0.00197651203345761
71 0 0.00219300867126981
72 0 0.00261803727227394
73 0 0.00280804819349556
74 0 0.00301456633418307
75 0 0.00336232028333994
76 0 0.00395176923710461
77 0 0.00402029813798588
78 0 0.00484961831334818
79 0 0.0053425569987563
80 0 0.00627599963163072
81 0 0.00653545728056282
82 0 0.00789704438521988
83 0 0.00864767395045618
84 0 0.00985416515356063
85 0 0.0106011132312404
86 0 0.0121018792858860
87 0 0.0143376233639448
88 0 0.0152998485204197
89 0 0.0174956071481545
90 0 0.0200827465277351
91 0 0.0216989132343236
92 0 0.0245218656424083
93 0 0.0280887222983047
94 0 0.0305109788210249
95 0 0.0358405095206042
96 0 0.0354237927736412
97 0 0.042698747607907
98 0 0.0433165306230537
99 0 0.0464427213268426
100 0 0.0567892738816672

death 1 M widowed
1 0 0.00033628796273133
2 0 0.0000143344634019327
3 0 0.0000122508254212228
4 0 0.00000816703350903225
5 0 0.00000750030939278279
6 0 0.0000070836093031268
7 0 0.0000161681043310269
8 0 0.0000103339206576347
9 0 0.0000102505778891704
10 0 0.00000916712885190574
11 0 0.0000122508254212228
12 0 0.0000142511169657356
13 0 0.0000148345436237207
14 0 0.0000181684820722561
15 0 0.0000204189596471060
16 0 0.0000178350827253482
17 0 0.0000146678499107766
18 0 0.0000340063596577789
19 0 0.0000399254327210219
20 0 0.0000475957908330216
21 0 0.000058518830821197
22 0 0.0000632720137693221
23 0 0.0000504306521942333
24 0 0.0000576849647013766
25 0 0.0000502638931964006
26 0 0.0000614374224786607
27 0 0.0000483461867075707
28 0 0.0000529320738724692
29 0 0.0000644395002322717
30 0 0.0000653568215436273
31 0 0.0000568511062306598
32 0 0.0000637723632745946
33 0 0.0000600198091127435
34 0 0.0000641059311413672
35 0 0.000076115189621695
36 0 0.0000699435669585524
37 0 0.000103225251495309
38 0 0.000075698174890837
39 0 0.000103058395618194
40 0 0.000118660744758303
41 0 0.000121998493364583
42 0 0.000127422596263638
43 0 0.000163396761810874
44 0 0.00014995695051101
45 0 0.000152961953217901
46 0 0.000178925974799293
47 0 0.000170242646983731
48 0 0.00020130606657065
49 0 0.000251597866353981
50 0 0.000270067456130230
51 0 0.000288624398392279
52 0 0.000287203237308242
53 0 0.00033687346015876
54 0 0.000387324045183157
55 0 0.000430852856446617
56 0 0.000487471501872117
57 0 0.00051185518745589
58 0 0.000530293933410975
59 0 0.000614153607889523
60 0 0.000692968370500591
61 0 0.000779920166188885
62 0 0.000768405824446705
63 0 0.000909367798669458
64 0 0.00108975798019251
65 0 0.00116949318090742
66 0 0.00127692996336726
67 0 0.00135885989064288
68 0 0.00162570760463909
69 0 0.00186424649704409
70 0 0.00197651203345761
71 0 0.00219300867126981
72 0 0.00261803727227394
73 0 0.00280804819349556
74 0 0.00301456633418307
75 0 0.00336232028333994
76 0 0.00395176923710461
77 0 0.00402029813798588
78 0 0.00484961831334818
79 0 0.0053425569987563
80 0 0.00627599963163072
81 0 0.00653545728056282
82 0 0.00789704438521988
83 0 0.00864767395045618
84 0 0.00985416515356063
85 0 0.0106011132312404
86 0 0.0121018792858860
87 0 0.0143376233639448
88 0 0.0152998485204197
89 0 0.0174956071481545
90 0 0.0200827465277351
91 0 0.0216989132343236
92 0 0.0245218656424083
93 0 0.0280887222983047
94 0 0.0305109788210249
95 0 0.0358405095206042
96 0 0.0354237927736412
97 0 0.042698747607907
98 0 0.0433165306230537
99 0 0.0464427213268426
100 0 0.0567892738816672

death 1 F married
1 0 0.000218512421043759
2 0 0.0000246700137440659
3 0 0.0000164181491414395
4 0 0.00000516681349194137
5 0 0.00000633355395518453
6 0 0.00000591685921358387
7 0 0.00000991720757936854
8 0 0.0000110006655561490
9 0 0.0000121674808953864
10 0 0.00000691692980214764
11 0 0.0000130009295926659
12 0 0.00000450011137886897
13 0 0.00000158334712174746
14 0 0.00000483346182422739
15 0 0.0000150012376423092
16 0 0.0000137510399533802
17 0 0.0000120841364459334
18 0 0.0000170849386651462
19 0 0.0000133343112110884
20 0 0.0000265872208304874
21 0 0.0000236697478368519
22 0 0.000018668583385395
23 0 0.0000164181491414395
24 0 0.0000172516368102116
25 0 0.0000237531029086968
26 0 0.0000289212666413352
27 0 0.0000215025427940940
28 0 0.0000210857785167828
29 0 0.0000240865239606869
30 0 0.0000273374433057416
31 0 0.0000253368637967988
32 0 0.0000293380668423548
33 0 0.0000297548689542904
34 0 0.0000269206522773846
35 0 0.000043260291506364
36 0 0.0000395085839746123
37 0 0.0000405090241771822
38 0 0.0000375077365993848
39 0 0.0000617709817775092
40 0 0.0000602699745709812
41 0 0.0000689428027651484
42 0 0.0000868748311146916
43 0 0.000088876765401924
44 0 0.000106562433357715
45 0 0.000123834307341086
46 0 0.000119161399236067
47 0 0.000146534707313184
48 0 0.000134182315971065
49 0 0.000151876801891437
50 0 0.000183768960271613
51 0 0.000183017445611555
52 0 0.000186858585824345
53 0 0.000215839375575233
54 0 0.000255525473940477
55 0 0.000249258095700755
56 0 0.000307686824503994
57 0 0.000346743841727282
58 0 0.000337709891598759
59 0 0.000337208031811032
60 0 0.000408081339000166
61 0 0.000441654578728801
62 0 0.00051185518745589
63 0 0.00056324155405163
64 0 0.000621788681961832
65 0 0.000693808086415615
66 0 0.000730847279181379
67 0 0.000886223588839608
68 0 0.00083709325454484
69 0 0.000985237988541332
70 0 0.00106766389185875
71 0 0.00116071466059597
72 0 0.00131530691616655
73 0 0.00150006438781702
74 0 0.00164250712377811
75 0 0.00187590067039389
76 0 0.00217755796369146
77 0 0.00243133388704897
78 0 0.00269603695216047
79 0 0.00299570203273547
80 0 0.0037152339548433
81 0 0.00416728328107552
82 0 0.00461844440931503
83 0 0.00553014114647188
84 0 0.00608980376960544
85 0 0.00688166529771739
86 0 0.00821649174953232
87 0 0.00922273573914378
88 0 0.0107835419226132
89 0 0.0124408444655978
90 0 0.0142405813097285
91 0 0.0152586851522793
92 0 0.0183224045466172
93 0 0.0205884579061326
94 0 0.0236619592769826
95 0 0.0253864323683500
96 0 0.0279631774366028
97 0 0.0306150945572399
98 0 0.0389135149532797
99 0 0.0411662550757846
100 0 0.0492203142465705

death 1 F single
1 0 0.000218512421043759
2 0 0.0000246700137440659
3 0 0.0000164181491414395
4 0 0.00000516681349194137
5 0 0.00000633355395518453
6 0 0.00000591685921358387
7 0 0.00000991720757936854
8 0 0.0000110006655561490
9 0 0.0000121674808953864
10 0 0.00000691692980214764
11 0 0.0000130009295926659
12 0 0.00000450011137886897
13 0 0.00000158334712174746
14 0 0.00000483346182422739
15 0 0.0000150012376423092
16 0 0.0000137510399533802
17 0 0.0000120841364459334
18 0 0.0000170849386651462
19 0 0.0000133343112110884
20 0 0.0000265872208304874
21 0 0.0000236697478368519
22 0 0.000018668583385395
23 0 0.0000164181491414395
24 0 0.0000172516368102116
25 0 0.0000237531029086968
26 0 0.0000289212666413352
27 0 0.0000215025427940940
28 0 0.0000210857785167828
29 0 0.0000240865239606869
30 0 0.0000273374433057416
31 0 0.0000253368637967988
32 0 0.0000293380668423548
33 0 0.0000297548689542904
34 0 0.0000269206522773846
35 0 0.000043260291506364
36 0 0.0000395085839746123
37 0 0.0000405090241771822
38 0 0.0000375077365993848
39 0 0.0000617709817775092
40 0 0.0000602699745709812
41 0 0.0000689428027651484
42 0 0.0000868748311146916
43 0 0.000088876765401924
44 0 0.000106562433357715
45 0 0.000123834307341086
46 0 0.000119161399236067
47 0 0.000146534707313184
48 0 0.000134182315971065
49 0 0.000151876801891437
50 0 0.000183768960271613
51 0 0.000183017445611555
52 0 0.000186858585824345
53 0 0.000215839375575233
54 0 0.000255525473940477
55 0 0.000249258095700755
56 0 0.000307686824503994
57 0 0.000346743841727282
58 0 0.000337709891598759
59 0 0.000337208031811032
60 0 0.000408081339000166
61 0 0.000441654578728801
62 0 0.00051185518745589
63 0 0.00056324155405163
64 0 0.000621788681961832
65 0 0.000693808086415615
66 0 0.000730847279181379
67 0 0.000886223588839608
68 0 0.00083709325454484
69 0 0.000985237988541332
70 0 0.00106766389185875
71 0 0.00116071466059597
72 0 0.00131530691616655
73 0 0.00150006438781702
74 0 0.00164250712377811
75 0 0.00187590067039389
76 0 0.00217755796369146
77 0 0.00243133388704897
78 0 0.00269603695216047
79 0 0.00299570203273547
80 0 0.0037152339548433
81 0 0.00416728328107552
82 0 0.00461844440931503
83 0 0.00553014114647188
84 0 0.00608980376960544
85 0 0.00688166529771739
86 0 0.00821649174953232
87 0 0.00922273573914378
88 0 0.0107835419226132
89 0 0.0124408444655978
90 0 0.0142405813097285
91 0 0.0152586851522793
92 0 0.0183224045466172
93 0 0.0205884579061326
94 0 0.0236619592769826
95 0 0.0253864323683500
96 0 0.0279631774366028
97 0 0.0306150945572399
98 0 0.0389135149532797
99 0 0.0411662550757846
100 0 0.0492203142465705

death 1 F divorced
1 0 0.000218512421043759
2 0 0.0000246700137440659
3 0 0.0000164181491414395
4 0 0.00000516681349194137
5 0 0.00000633355395518453
6 0 0.00000591685921358387
7 0 0.00000991720757936854
8 0 0.0000110006655561490
9 0 0.0000121674808953864
10 0 0.00000691692980214764
11 0 0.0000130009295926659
12 0 0.00000450011137886897
13 0 0.00000158334712174746
14 0 0.00000483346182422739
15 0 0.0000150012376423092
16 0 0.0000137510399533802
17 0 0.0000120841364459334
18 0 0.0000170849386651462
19 0 0.0000133343112110884
20 0 0.0000265872208304874
21 0 0.0000236697478368519
22 0 0.000018668583385395
23 0 0.0000164181491414395
24 0 0.0000172516368102116
25 0 0.0000237531029086968
26 0 0.0000289212666413352
27 0 0.0000215025427940940
28 0 0.0000210857785167828
29 0 0.0000240865239606869
30 0 0.0000273374433057416
31 0 0.0000253368637967988
32 0 0.0000293380668423548
33 0 0.0000297548689542904
34 0 0.0000269206522773846
35 0 0.000043260291506364
36 0 0.0000395085839746123
37 0 0.0000405090241771822
38 0 0.0000375077365993848
39 0 0.0000617709817775092
40 0 0.0000602699745709812
41 0 0.0000689428027651484
42 0 0.0000868748311146916
43 0 0.000088876765401924
44 0 0.000106562433357715
45 0 0.000123834307341086
46 0 0.000119161399236067
47 0 0.000146534707313184
48 0 0.000134182315971065
49 0 0.000151876801891437
50 0 0.000183768960271613
51 0 0.000183017445611555
52 0 0.000186858585824345
53 0 0.000215839375575233
54 0 0.000255525473940477
55 0 0.000249258095700755
56 0 0.000307686824503994
57 0 0.000346743841727282
58 0 0.000337709891598759
59 0 0.000337208031811032
60 0 0.000408081339000166
61 0 0.000441654578728801
62 0 0.00051185518745589
63 0 0.00056324155405163
64 0 0.000621788681961832
65 0 0.000693808086415615
66 0 0.000730847279181379
67 0 0.000886223588839608
68 0 0.00083709325454484
69 0 0.000985237988541332
70 0 0.00106766389185875
71 0 0.00116071466059597
72 0 0.00131530691616655
73 0 0.00150006438781702
74 0 0.00164250712377811
75 0 0.00187590067039389
76 0 0.00217755796369146
77 0 0.00243133388704897
78 0 0.00269603695216047
79 0 0.00299570203273547
80 0 0.0037152339548433
81 0 0.00416728328107552
82 0 0.00461844440931503
83 0 0.00553014114647188
84 0 0.00608980376960544
85 0 0.00688166529771739
86 0 0.00821649174953232
87 0 0.00922273573914378
88 0 0.0107835419226132
89 0 0.0124408444655978
90 0 0.0142405813097285
91 0 0.0152586851522793
92 0 0.0183224045466172
93 0 0.0205884579061326
94 0 0.0236619592769826
95 0 0.0253864323683500
96 0 0.0279631774366028
97 0 0.0306150945572399
98 0 0.0389135149532797
99 0 0.0411662550757846
100 0 0.0492203142465705

death 1 F widowed
1 0 0.000218512421043759
2 0 0.0000246700137440659
3 0 0.0000164181491414395
4 0 0.00000516681349194137
5 0 0.00000633355395518453
6 0 0.00000591685921358387
7 0 0.00000991720757936854
8 0 0.0000110006655561490
9 0 0.0000121674808953864
10 0 0.00000691692980214764
11 0 0.0000130009295926659
12 0 0.00000450011137886897
13 0 0.00000158334712174746
14 0 0.00000483346182422739
15 0 0.0000150012376423092
16 0 0.0000137510399533802
17 0 0.0000120841364459334
18 0 0.0000170849386651462
19 0 0.0000133343112110884
20 0 0.0000265872208304874
21 0 0.0000236697478368519
22 0 0.000018668583385395
23 0 0.0000164181491414395
24 0 0.0000172516368102116
25 0 0.0000237531029086968
26 0 0.0000289212666413352
27 0 0.0000215025427940940
28 0 0.0000210857785167828
29 0 0.0000240865239606869
30 0 0.0000273374433057416
31 0 0.0000253368637967988
32 0 0.0000293380668423548
33 0 0.0000297548689542904
34 0 0.0000269206522773846
35 0 0.000043260291506364
36 0 0.0000395085839746123
37 0 0.0000405090241771822
38 0 0.0000375077365993848
39 0 0.0000617709817775092
40 0 0.0000602699745709812
41 0 0.0000689428027651484
42 0 0.0000868748311146916
43 0 0.000088876765401924
44 0 0.000106562433357715
45 0 0.000123834307341086
46 0 0.000119161399236067
47 0 0.000146534707313184
48 0 0.000134182315971065
49 0 0.000151876801891437
50 0 0.000183768960271613
51 0 0.000183017445611555
52 0 0.000186858585824345
53 0 0.000215839375575233
54 0 0.000255525473940477
55 0 0.000249258095700755
56 0 0.000307686824503994
57 0 0.000346743841727282
58 0 0.000337709891598759
59 0 0.000337208031811032
60 0 0.000408081339000166
61 0 0.000441654578728801
62 0 0.00051185518745589
63 0 0.00056324155405163
64 0 0.000621788681961832
65 0 0.000693808086415615
66 0 0.000730847279181379
67 0 0.000886223588839608
68 0 0.00083709325454484
69 0 0.000985237988541332
70 0 0.00106766389185875
71 0 0.00116071466059597
72 0 0.00131530691616655
73 0 0.00150006438781702
74 0 0.00164250712377811
75 0 0.00187590067039389
76 0 0.00217755796369146
77 0 0.00243133388704897
78 0 0.00269603695216047
79 0 0.00299570203273547
80 0 0.0037152339548433
81 0 0.00416728328107552
82 0 0.00461844440931503
83 0 0.00553014114647188
84 0 0.00608980376960544
85 0 0.00688166529771739
86 0 0.00821649174953232
87 0 0.00922273573914378
88 0 0.0107835419226132
89 0 0.0124408444655978
90 0 0.0142405813097285
91 0 0.0152586851522793
92 0 0.0183224045466172
93 0 0.0205884579061326
94 0 0.0236619592769826
95 0 0.0253864323683500
96 0 0.0279631774366028
97 0 0.0306150945572399
98 0 0.0389135149532797
99 0 0.0411662550757846
100 0 0.0492203142465705
