*Period monthly mortality rates for SWE in 1763 
* Mon Dec 20 14:18:46 2010
death 1 M married
1 0 0.0303880274841556
2 0 0.00758615456165401
3 0 0.00474023534922752
4 0 0.00353604920720285
5 0 0.00320782840951150
6 0 0.00273424609399076
7 0 0.00191274450823664
8 0 0.00128926968095033
9 0 0.000885213793957784
10 0 0.000696075358156856
11 0 0.00066752865811981
12 0 0.000694983701736596
13 0 0.000708588357108852
14 0 0.000706404756642187
15 0 0.000695655488750502
16 0 0.000672313802610014
17 0 0.000645537024638099
18 0 0.000647970951086263
19 0 0.000678694387356238
20 0 0.000738744207444575
21 0 0.000813210706033352
22 0 0.000895312248004765
23 0 0.000964264194915687
24 0 0.00101658135724392
25 0 0.00105771487465256
26 0 0.00109574623532316
27 0 0.00108174614375733
28 0 0.00107196422819233
29 0 0.00107078372343061
30 0 0.00108537246636997
31 0 0.00110671166967191
32 0 0.00118730605610418
33 0 0.00125394537217638
34 0 0.00130719061326645
35 0 0.00134109790243730
36 0 0.00135124718446145
37 0 0.00129653906669425
38 0 0.00128250798415397
39 0 0.00130254097496496
40 0 0.00136080546241690
41 0 0.00144281115286415
42 0 0.00160475498682500
43 0 0.00175713225638718
44 0 0.00189742654622282
45 0 0.00199959517447768
46 0 0.00205131932253244
47 0 0.00202438840910779
48 0 0.00204978506842401
49 0 0.00210273183500942
50 0 0.00219676504205557
51 0 0.00233397914748845
52 0 0.00256487463563970
53 0 0.00277891539157915
54 0 0.00293680866105095
55 0 0.00299415171680673
56 0 0.00298855357449601
57 0 0.0029325050904897
58 0 0.00300776095080679
59 0 0.00314086012279546
60 0 0.00334891709865504
61 0 0.00361614416958767
62 0 0.00403928990750435
63 0 0.00445479388672199
64 0 0.00487520401322761
65 0 0.00520618361228142
66 0 0.00525094157727224
67 0 0.00517459270650877
68 0 0.00525385558558866
69 0 0.00542382517479967
70 0 0.00585295249280482
71 0 0.00663232994882001
72 0 0.00773969552902976
73 0 0.0087480360066331
74 0 0.00961585202172066
75 0 0.0104745218282845
76 0 0.0112348698538421
77 0 0.0114561362884346
78 0 0.0119930444151601
79 0 0.0129726262799279
80 0 0.0145485687631037
81 0 0.0144913091572543
82 0 0.0163640064300121
83 0 0.0183447742190893
84 0 0.0203875428279287
85 0 0.0220701074502742
86 0 0.0228346897851508
87 0 0.0232556730021846
88 0 0.0236236858367415
89 0 0.0242323748087746
90 0 0.0255740576087748
91 0 0.0313633415443594
92 0 0.033707760909667
93 0 0.0363295511601105
94 0 0.0390408844009941
95 0 0.0419143148267018
96 0 0.0455026809492755
97 0 0.0502453210783569
98 0 0.0546958919790191
99 0 0.0632893138943773
100 0 0.0867119295983723

death 1 M single
1 0 0.0303880274841556
2 0 0.00758615456165401
3 0 0.00474023534922752
4 0 0.00353604920720285
5 0 0.00320782840951150
6 0 0.00273424609399076
7 0 0.00191274450823664
8 0 0.00128926968095033
9 0 0.000885213793957784
10 0 0.000696075358156856
11 0 0.00066752865811981
12 0 0.000694983701736596
13 0 0.000708588357108852
14 0 0.000706404756642187
15 0 0.000695655488750502
16 0 0.000672313802610014
17 0 0.000645537024638099
18 0 0.000647970951086263
19 0 0.000678694387356238
20 0 0.000738744207444575
21 0 0.000813210706033352
22 0 0.000895312248004765
23 0 0.000964264194915687
24 0 0.00101658135724392
25 0 0.00105771487465256
26 0 0.00109574623532316
27 0 0.00108174614375733
28 0 0.00107196422819233
29 0 0.00107078372343061
30 0 0.00108537246636997
31 0 0.00110671166967191
32 0 0.00118730605610418
33 0 0.00125394537217638
34 0 0.00130719061326645
35 0 0.00134109790243730
36 0 0.00135124718446145
37 0 0.00129653906669425
38 0 0.00128250798415397
39 0 0.00130254097496496
40 0 0.00136080546241690
41 0 0.00144281115286415
42 0 0.00160475498682500
43 0 0.00175713225638718
44 0 0.00189742654622282
45 0 0.00199959517447768
46 0 0.00205131932253244
47 0 0.00202438840910779
48 0 0.00204978506842401
49 0 0.00210273183500942
50 0 0.00219676504205557
51 0 0.00233397914748845
52 0 0.00256487463563970
53 0 0.00277891539157915
54 0 0.00293680866105095
55 0 0.00299415171680673
56 0 0.00298855357449601
57 0 0.0029325050904897
58 0 0.00300776095080679
59 0 0.00314086012279546
60 0 0.00334891709865504
61 0 0.00361614416958767
62 0 0.00403928990750435
63 0 0.00445479388672199
64 0 0.00487520401322761
65 0 0.00520618361228142
66 0 0.00525094157727224
67 0 0.00517459270650877
68 0 0.00525385558558866
69 0 0.00542382517479967
70 0 0.00585295249280482
71 0 0.00663232994882001
72 0 0.00773969552902976
73 0 0.0087480360066331
74 0 0.00961585202172066
75 0 0.0104745218282845
76 0 0.0112348698538421
77 0 0.0114561362884346
78 0 0.0119930444151601
79 0 0.0129726262799279
80 0 0.0145485687631037
81 0 0.0144913091572543
82 0 0.0163640064300121
83 0 0.0183447742190893
84 0 0.0203875428279287
85 0 0.0220701074502742
86 0 0.0228346897851508
87 0 0.0232556730021846
88 0 0.0236236858367415
89 0 0.0242323748087746
90 0 0.0255740576087748
91 0 0.0313633415443594
92 0 0.033707760909667
93 0 0.0363295511601105
94 0 0.0390408844009941
95 0 0.0419143148267018
96 0 0.0455026809492755
97 0 0.0502453210783569
98 0 0.0546958919790191
99 0 0.0632893138943773
100 0 0.0867119295983723

death 1 M divorced
1 0 0.0303880274841556
2 0 0.00758615456165401
3 0 0.00474023534922752
4 0 0.00353604920720285
5 0 0.00320782840951150
6 0 0.00273424609399076
7 0 0.00191274450823664
8 0 0.00128926968095033
9 0 0.000885213793957784
10 0 0.000696075358156856
11 0 0.00066752865811981
12 0 0.000694983701736596
13 0 0.000708588357108852
14 0 0.000706404756642187
15 0 0.000695655488750502
16 0 0.000672313802610014
17 0 0.000645537024638099
18 0 0.000647970951086263
19 0 0.000678694387356238
20 0 0.000738744207444575
21 0 0.000813210706033352
22 0 0.000895312248004765
23 0 0.000964264194915687
24 0 0.00101658135724392
25 0 0.00105771487465256
26 0 0.00109574623532316
27 0 0.00108174614375733
28 0 0.00107196422819233
29 0 0.00107078372343061
30 0 0.00108537246636997
31 0 0.00110671166967191
32 0 0.00118730605610418
33 0 0.00125394537217638
34 0 0.00130719061326645
35 0 0.00134109790243730
36 0 0.00135124718446145
37 0 0.00129653906669425
38 0 0.00128250798415397
39 0 0.00130254097496496
40 0 0.00136080546241690
41 0 0.00144281115286415
42 0 0.00160475498682500
43 0 0.00175713225638718
44 0 0.00189742654622282
45 0 0.00199959517447768
46 0 0.00205131932253244
47 0 0.00202438840910779
48 0 0.00204978506842401
49 0 0.00210273183500942
50 0 0.00219676504205557
51 0 0.00233397914748845
52 0 0.00256487463563970
53 0 0.00277891539157915
54 0 0.00293680866105095
55 0 0.00299415171680673
56 0 0.00298855357449601
57 0 0.0029325050904897
58 0 0.00300776095080679
59 0 0.00314086012279546
60 0 0.00334891709865504
61 0 0.00361614416958767
62 0 0.00403928990750435
63 0 0.00445479388672199
64 0 0.00487520401322761
65 0 0.00520618361228142
66 0 0.00525094157727224
67 0 0.00517459270650877
68 0 0.00525385558558866
69 0 0.00542382517479967
70 0 0.00585295249280482
71 0 0.00663232994882001
72 0 0.00773969552902976
73 0 0.0087480360066331
74 0 0.00961585202172066
75 0 0.0104745218282845
76 0 0.0112348698538421
77 0 0.0114561362884346
78 0 0.0119930444151601
79 0 0.0129726262799279
80 0 0.0145485687631037
81 0 0.0144913091572543
82 0 0.0163640064300121
83 0 0.0183447742190893
84 0 0.0203875428279287
85 0 0.0220701074502742
86 0 0.0228346897851508
87 0 0.0232556730021846
88 0 0.0236236858367415
89 0 0.0242323748087746
90 0 0.0255740576087748
91 0 0.0313633415443594
92 0 0.033707760909667
93 0 0.0363295511601105
94 0 0.0390408844009941
95 0 0.0419143148267018
96 0 0.0455026809492755
97 0 0.0502453210783569
98 0 0.0546958919790191
99 0 0.0632893138943773
100 0 0.0867119295983723

death 1 M widowed
1 0 0.0303880274841556
2 0 0.00758615456165401
3 0 0.00474023534922752
4 0 0.00353604920720285
5 0 0.00320782840951150
6 0 0.00273424609399076
7 0 0.00191274450823664
8 0 0.00128926968095033
9 0 0.000885213793957784
10 0 0.000696075358156856
11 0 0.00066752865811981
12 0 0.000694983701736596
13 0 0.000708588357108852
14 0 0.000706404756642187
15 0 0.000695655488750502
16 0 0.000672313802610014
17 0 0.000645537024638099
18 0 0.000647970951086263
19 0 0.000678694387356238
20 0 0.000738744207444575
21 0 0.000813210706033352
22 0 0.000895312248004765
23 0 0.000964264194915687
24 0 0.00101658135724392
25 0 0.00105771487465256
26 0 0.00109574623532316
27 0 0.00108174614375733
28 0 0.00107196422819233
29 0 0.00107078372343061
30 0 0.00108537246636997
31 0 0.00110671166967191
32 0 0.00118730605610418
33 0 0.00125394537217638
34 0 0.00130719061326645
35 0 0.00134109790243730
36 0 0.00135124718446145
37 0 0.00129653906669425
38 0 0.00128250798415397
39 0 0.00130254097496496
40 0 0.00136080546241690
41 0 0.00144281115286415
42 0 0.00160475498682500
43 0 0.00175713225638718
44 0 0.00189742654622282
45 0 0.00199959517447768
46 0 0.00205131932253244
47 0 0.00202438840910779
48 0 0.00204978506842401
49 0 0.00210273183500942
50 0 0.00219676504205557
51 0 0.00233397914748845
52 0 0.00256487463563970
53 0 0.00277891539157915
54 0 0.00293680866105095
55 0 0.00299415171680673
56 0 0.00298855357449601
57 0 0.0029325050904897
58 0 0.00300776095080679
59 0 0.00314086012279546
60 0 0.00334891709865504
61 0 0.00361614416958767
62 0 0.00403928990750435
63 0 0.00445479388672199
64 0 0.00487520401322761
65 0 0.00520618361228142
66 0 0.00525094157727224
67 0 0.00517459270650877
68 0 0.00525385558558866
69 0 0.00542382517479967
70 0 0.00585295249280482
71 0 0.00663232994882001
72 0 0.00773969552902976
73 0 0.0087480360066331
74 0 0.00961585202172066
75 0 0.0104745218282845
76 0 0.0112348698538421
77 0 0.0114561362884346
78 0 0.0119930444151601
79 0 0.0129726262799279
80 0 0.0145485687631037
81 0 0.0144913091572543
82 0 0.0163640064300121
83 0 0.0183447742190893
84 0 0.0203875428279287
85 0 0.0220701074502742
86 0 0.0228346897851508
87 0 0.0232556730021846
88 0 0.0236236858367415
89 0 0.0242323748087746
90 0 0.0255740576087748
91 0 0.0313633415443594
92 0 0.033707760909667
93 0 0.0363295511601105
94 0 0.0390408844009941
95 0 0.0419143148267018
96 0 0.0455026809492755
97 0 0.0502453210783569
98 0 0.0546958919790191
99 0 0.0632893138943773
100 0 0.0867119295983723

death 1 F married
1 0 0.0268535916463177
2 0 0.00744807313523055
3 0 0.00456777573753631
4 0 0.00347585125144190
5 0 0.00334390222315206
6 0 0.00297313893875251
7 0 0.00201527120872980
8 0 0.00130778240249607
9 0 0.0008504668603736
10 0 0.000626655327734205
11 0 0.00056969834028453
12 0 0.000595362312520109
13 0 0.000610629943945451
14 0 0.000614992595638464
15 0 0.00061348242326853
16 0 0.000598298196238023
17 0 0.00055175464016477
18 0 0.000529120447180231
19 0 0.000529874829445887
20 0 0.000552006162873431
21 0 0.000583787466800878
22 0 0.00064142467638717
23 0 0.00068524334824005
24 0 0.000712871725866426
25 0 0.000729335179738388
26 0 0.000741684728471914
27 0 0.000743197033493015
28 0 0.000768910071628048
29 0 0.000822039789897144
30 0 0.00090642184441192
31 0 0.00100335178823208
32 0 0.00111894390875089
33 0 0.00119456728262335
34 0 0.00122615193008002
35 0 0.00120740249862716
36 0 0.00113885645643641
37 0 0.00103385853684057
38 0 0.000998633427323536
39 0 0.00102812720562806
40 0 0.0011267059080311
41 0 0.00127676093778395
42 0 0.00148091949493312
43 0 0.00163894332956316
44 0 0.00173317637444936
45 0 0.00174116096580990
46 0 0.00165404798915281
47 0 0.00150065743569927
48 0 0.00142799556140805
49 0 0.00142054634897915
50 0 0.00148651006395273
51 0 0.00161866630681529
52 0 0.00181152368899107
53 0 0.00197140216889513
54 0 0.00207945191383785
55 0 0.0021095549219039
56 0 0.00208175405744293
57 0 0.00204467107544537
58 0 0.00213574328226174
59 0 0.00231619625013635
60 0 0.00258056294604769
61 0 0.00288870636557259
62 0 0.00329091713901719
63 0 0.00368320447095172
64 0 0.00407815704511916
65 0 0.00436966900852132
66 0 0.00444087797549109
67 0 0.00441996437245051
68 0 0.0046227411551607
69 0 0.00500861301294986
70 0 0.00561645433177616
71 0 0.00641149362660809
72 0 0.00753596807868706
73 0 0.00866161153755507
74 0 0.00976425962503413
75 0 0.0108334107344712
76 0 0.0118590626229832
77 0 0.0121374243887844
78 0 0.0125712919727458
79 0 0.0131723776096765
80 0 0.0142242877695965
81 0 0.0134054365625883
82 0 0.0147530442034879
83 0 0.0162864044532315
84 0 0.0179927198787878
85 0 0.0194639533471496
86 0 0.0202905961263682
87 0 0.0208264794493698
88 0 0.0211241401008001
89 0 0.0213526106793988
90 0 0.0219944035070953
91 0 0.0278689651210248
92 0 0.0302533293076686
93 0 0.032927351756028
94 0 0.0359143711254021
95 0 0.0392258811755412
96 0 0.0435155973702765
97 0 0.0488511567366661
98 0 0.0545541355165408
99 0 0.0623673259168838
100 0 0.0741795999638383

death 1 F single
1 0 0.0268535916463177
2 0 0.00744807313523055
3 0 0.00456777573753631
4 0 0.00347585125144190
5 0 0.00334390222315206
6 0 0.00297313893875251
7 0 0.00201527120872980
8 0 0.00130778240249607
9 0 0.0008504668603736
10 0 0.000626655327734205
11 0 0.00056969834028453
12 0 0.000595362312520109
13 0 0.000610629943945451
14 0 0.000614992595638464
15 0 0.00061348242326853
16 0 0.000598298196238023
17 0 0.00055175464016477
18 0 0.000529120447180231
19 0 0.000529874829445887
20 0 0.000552006162873431
21 0 0.000583787466800878
22 0 0.00064142467638717
23 0 0.00068524334824005
24 0 0.000712871725866426
25 0 0.000729335179738388
26 0 0.000741684728471914
27 0 0.000743197033493015
28 0 0.000768910071628048
29 0 0.000822039789897144
30 0 0.00090642184441192
31 0 0.00100335178823208
32 0 0.00111894390875089
33 0 0.00119456728262335
34 0 0.00122615193008002
35 0 0.00120740249862716
36 0 0.00113885645643641
37 0 0.00103385853684057
38 0 0.000998633427323536
39 0 0.00102812720562806
40 0 0.0011267059080311
41 0 0.00127676093778395
42 0 0.00148091949493312
43 0 0.00163894332956316
44 0 0.00173317637444936
45 0 0.00174116096580990
46 0 0.00165404798915281
47 0 0.00150065743569927
48 0 0.00142799556140805
49 0 0.00142054634897915
50 0 0.00148651006395273
51 0 0.00161866630681529
52 0 0.00181152368899107
53 0 0.00197140216889513
54 0 0.00207945191383785
55 0 0.0021095549219039
56 0 0.00208175405744293
57 0 0.00204467107544537
58 0 0.00213574328226174
59 0 0.00231619625013635
60 0 0.00258056294604769
61 0 0.00288870636557259
62 0 0.00329091713901719
63 0 0.00368320447095172
64 0 0.00407815704511916
65 0 0.00436966900852132
66 0 0.00444087797549109
67 0 0.00441996437245051
68 0 0.0046227411551607
69 0 0.00500861301294986
70 0 0.00561645433177616
71 0 0.00641149362660809
72 0 0.00753596807868706
73 0 0.00866161153755507
74 0 0.00976425962503413
75 0 0.0108334107344712
76 0 0.0118590626229832
77 0 0.0121374243887844
78 0 0.0125712919727458
79 0 0.0131723776096765
80 0 0.0142242877695965
81 0 0.0134054365625883
82 0 0.0147530442034879
83 0 0.0162864044532315
84 0 0.0179927198787878
85 0 0.0194639533471496
86 0 0.0202905961263682
87 0 0.0208264794493698
88 0 0.0211241401008001
89 0 0.0213526106793988
90 0 0.0219944035070953
91 0 0.0278689651210248
92 0 0.0302533293076686
93 0 0.032927351756028
94 0 0.0359143711254021
95 0 0.0392258811755412
96 0 0.0435155973702765
97 0 0.0488511567366661
98 0 0.0545541355165408
99 0 0.0623673259168838
100 0 0.0741795999638383

death 1 F divorced
1 0 0.0268535916463177
2 0 0.00744807313523055
3 0 0.00456777573753631
4 0 0.00347585125144190
5 0 0.00334390222315206
6 0 0.00297313893875251
7 0 0.00201527120872980
8 0 0.00130778240249607
9 0 0.0008504668603736
10 0 0.000626655327734205
11 0 0.00056969834028453
12 0 0.000595362312520109
13 0 0.000610629943945451
14 0 0.000614992595638464
15 0 0.00061348242326853
16 0 0.000598298196238023
17 0 0.00055175464016477
18 0 0.000529120447180231
19 0 0.000529874829445887
20 0 0.000552006162873431
21 0 0.000583787466800878
22 0 0.00064142467638717
23 0 0.00068524334824005
24 0 0.000712871725866426
25 0 0.000729335179738388
26 0 0.000741684728471914
27 0 0.000743197033493015
28 0 0.000768910071628048
29 0 0.000822039789897144
30 0 0.00090642184441192
31 0 0.00100335178823208
32 0 0.00111894390875089
33 0 0.00119456728262335
34 0 0.00122615193008002
35 0 0.00120740249862716
36 0 0.00113885645643641
37 0 0.00103385853684057
38 0 0.000998633427323536
39 0 0.00102812720562806
40 0 0.0011267059080311
41 0 0.00127676093778395
42 0 0.00148091949493312
43 0 0.00163894332956316
44 0 0.00173317637444936
45 0 0.00174116096580990
46 0 0.00165404798915281
47 0 0.00150065743569927
48 0 0.00142799556140805
49 0 0.00142054634897915
50 0 0.00148651006395273
51 0 0.00161866630681529
52 0 0.00181152368899107
53 0 0.00197140216889513
54 0 0.00207945191383785
55 0 0.0021095549219039
56 0 0.00208175405744293
57 0 0.00204467107544537
58 0 0.00213574328226174
59 0 0.00231619625013635
60 0 0.00258056294604769
61 0 0.00288870636557259
62 0 0.00329091713901719
63 0 0.00368320447095172
64 0 0.00407815704511916
65 0 0.00436966900852132
66 0 0.00444087797549109
67 0 0.00441996437245051
68 0 0.0046227411551607
69 0 0.00500861301294986
70 0 0.00561645433177616
71 0 0.00641149362660809
72 0 0.00753596807868706
73 0 0.00866161153755507
74 0 0.00976425962503413
75 0 0.0108334107344712
76 0 0.0118590626229832
77 0 0.0121374243887844
78 0 0.0125712919727458
79 0 0.0131723776096765
80 0 0.0142242877695965
81 0 0.0134054365625883
82 0 0.0147530442034879
83 0 0.0162864044532315
84 0 0.0179927198787878
85 0 0.0194639533471496
86 0 0.0202905961263682
87 0 0.0208264794493698
88 0 0.0211241401008001
89 0 0.0213526106793988
90 0 0.0219944035070953
91 0 0.0278689651210248
92 0 0.0302533293076686
93 0 0.032927351756028
94 0 0.0359143711254021
95 0 0.0392258811755412
96 0 0.0435155973702765
97 0 0.0488511567366661
98 0 0.0545541355165408
99 0 0.0623673259168838
100 0 0.0741795999638383

death 1 F widowed
1 0 0.0268535916463177
2 0 0.00744807313523055
3 0 0.00456777573753631
4 0 0.00347585125144190
5 0 0.00334390222315206
6 0 0.00297313893875251
7 0 0.00201527120872980
8 0 0.00130778240249607
9 0 0.0008504668603736
10 0 0.000626655327734205
11 0 0.00056969834028453
12 0 0.000595362312520109
13 0 0.000610629943945451
14 0 0.000614992595638464
15 0 0.00061348242326853
16 0 0.000598298196238023
17 0 0.00055175464016477
18 0 0.000529120447180231
19 0 0.000529874829445887
20 0 0.000552006162873431
21 0 0.000583787466800878
22 0 0.00064142467638717
23 0 0.00068524334824005
24 0 0.000712871725866426
25 0 0.000729335179738388
26 0 0.000741684728471914
27 0 0.000743197033493015
28 0 0.000768910071628048
29 0 0.000822039789897144
30 0 0.00090642184441192
31 0 0.00100335178823208
32 0 0.00111894390875089
33 0 0.00119456728262335
34 0 0.00122615193008002
35 0 0.00120740249862716
36 0 0.00113885645643641
37 0 0.00103385853684057
38 0 0.000998633427323536
39 0 0.00102812720562806
40 0 0.0011267059080311
41 0 0.00127676093778395
42 0 0.00148091949493312
43 0 0.00163894332956316
44 0 0.00173317637444936
45 0 0.00174116096580990
46 0 0.00165404798915281
47 0 0.00150065743569927
48 0 0.00142799556140805
49 0 0.00142054634897915
50 0 0.00148651006395273
51 0 0.00161866630681529
52 0 0.00181152368899107
53 0 0.00197140216889513
54 0 0.00207945191383785
55 0 0.0021095549219039
56 0 0.00208175405744293
57 0 0.00204467107544537
58 0 0.00213574328226174
59 0 0.00231619625013635
60 0 0.00258056294604769
61 0 0.00288870636557259
62 0 0.00329091713901719
63 0 0.00368320447095172
64 0 0.00407815704511916
65 0 0.00436966900852132
66 0 0.00444087797549109
67 0 0.00441996437245051
68 0 0.0046227411551607
69 0 0.00500861301294986
70 0 0.00561645433177616
71 0 0.00641149362660809
72 0 0.00753596807868706
73 0 0.00866161153755507
74 0 0.00976425962503413
75 0 0.0108334107344712
76 0 0.0118590626229832
77 0 0.0121374243887844
78 0 0.0125712919727458
79 0 0.0131723776096765
80 0 0.0142242877695965
81 0 0.0134054365625883
82 0 0.0147530442034879
83 0 0.0162864044532315
84 0 0.0179927198787878
85 0 0.0194639533471496
86 0 0.0202905961263682
87 0 0.0208264794493698
88 0 0.0211241401008001
89 0 0.0213526106793988
90 0 0.0219944035070953
91 0 0.0278689651210248
92 0 0.0302533293076686
93 0 0.032927351756028
94 0 0.0359143711254021
95 0 0.0392258811755412
96 0 0.0435155973702765
97 0 0.0488511567366661
98 0 0.0545541355165408
99 0 0.0623673259168838
100 0 0.0741795999638383
