*Period monthly mortality rates for SWE in 1793 
* Mon Dec 20 14:19:09 2010
death 1 M married
1 0 0.0237582036844410
2 0 0.00475999356718226
3 0 0.00332151159668881
4 0 0.00202387713997842
5 0 0.00143112779917953
6 0 0.00123552809788952
7 0 0.00099458931307339
8 0 0.000797404585117123
9 0 0.000638403477918326
10 0 0.000517386418363408
11 0 0.000441989536379084
12 0 0.000414359680288245
13 0 0.000395358564215020
14 0 0.000388412011385175
15 0 0.00039452160200415
16 0 0.000421810541447409
17 0 0.000440900928529886
18 0 0.000460832892573371
19 0 0.000480266579222066
20 0 0.000481858315293682
21 0 0.000491912029446429
22 0 0.000520403595330454
23 0 0.000536999859775067
24 0 0.000566595671448789
25 0 0.000607190308576699
26 0 0.000667696553659947
27 0 0.00068557920511414
28 0 0.000683312195309149
29 0 0.000686754713951743
30 0 0.000689777520808565
31 0 0.00069137293164534
32 0 0.00071387960669056
33 0 0.000730511254907751
34 0 0.000748154209799345
35 0 0.000766304824652564
36 0 0.000784795290792673
37 0 0.000773448422223266
38 0 0.000772355835616967
39 0 0.000787989479817175
40 0 0.00083835483135819
41 0 0.000906506013207631
42 0 0.00103242567012740
43 0 0.00115024907235362
44 0 0.00125048128763916
45 0 0.00135057053035947
46 0 0.00143451412375439
47 0 0.00145720575744368
48 0 0.00149083028494101
49 0 0.00152361983999028
50 0 0.00156006657633512
51 0 0.00159118502183453
52 0 0.00169538651102219
53 0 0.00180353290453650
54 0 0.00190219185729767
55 0 0.00198077047377432
56 0 0.00204313693376312
57 0 0.00204884748146394
58 0 0.00211117548045769
59 0 0.00226321021292308
60 0 0.00253941905528354
61 0 0.00291271129720261
62 0 0.00334632316287808
63 0 0.00373329350799334
64 0 0.00407022539973001
65 0 0.00432621882704221
66 0 0.00447939264887565
67 0 0.00454490523389317
68 0 0.0046903760116036
69 0 0.00501768422293736
70 0 0.00563746908801466
71 0 0.0065278445003909
72 0 0.00760409802082596
73 0 0.0087343603748442
74 0 0.009694570339436
75 0 0.0103811905528455
76 0 0.0107824152632949
77 0 0.0111159588634844
78 0 0.0114616229050463
79 0 0.0120446364603022
80 0 0.0133927736533603
81 0 0.0140650208422446
82 0 0.0160138834237686
83 0 0.0181032945711711
84 0 0.0203149273500943
85 0 0.022406817003069
86 0 0.0240659739907488
87 0 0.0258654142533319
88 0 0.0273473841699864
89 0 0.0277429369234827
90 0 0.0286397157208264
91 0 0.0405929269773664
92 0 0.0452030419268286
93 0 0.0502423826473366
94 0 0.0569938682560472
95 0 0.0682057456039072
96 0 0.086633540157786
97 0 0.106577563190632
98 0 0.129520906828744
99 0 0.215717448467695
100 0 1

death 1 M single
1 0 0.0237582036844410
2 0 0.00475999356718226
3 0 0.00332151159668881
4 0 0.00202387713997842
5 0 0.00143112779917953
6 0 0.00123552809788952
7 0 0.00099458931307339
8 0 0.000797404585117123
9 0 0.000638403477918326
10 0 0.000517386418363408
11 0 0.000441989536379084
12 0 0.000414359680288245
13 0 0.000395358564215020
14 0 0.000388412011385175
15 0 0.00039452160200415
16 0 0.000421810541447409
17 0 0.000440900928529886
18 0 0.000460832892573371
19 0 0.000480266579222066
20 0 0.000481858315293682
21 0 0.000491912029446429
22 0 0.000520403595330454
23 0 0.000536999859775067
24 0 0.000566595671448789
25 0 0.000607190308576699
26 0 0.000667696553659947
27 0 0.00068557920511414
28 0 0.000683312195309149
29 0 0.000686754713951743
30 0 0.000689777520808565
31 0 0.00069137293164534
32 0 0.00071387960669056
33 0 0.000730511254907751
34 0 0.000748154209799345
35 0 0.000766304824652564
36 0 0.000784795290792673
37 0 0.000773448422223266
38 0 0.000772355835616967
39 0 0.000787989479817175
40 0 0.00083835483135819
41 0 0.000906506013207631
42 0 0.00103242567012740
43 0 0.00115024907235362
44 0 0.00125048128763916
45 0 0.00135057053035947
46 0 0.00143451412375439
47 0 0.00145720575744368
48 0 0.00149083028494101
49 0 0.00152361983999028
50 0 0.00156006657633512
51 0 0.00159118502183453
52 0 0.00169538651102219
53 0 0.00180353290453650
54 0 0.00190219185729767
55 0 0.00198077047377432
56 0 0.00204313693376312
57 0 0.00204884748146394
58 0 0.00211117548045769
59 0 0.00226321021292308
60 0 0.00253941905528354
61 0 0.00291271129720261
62 0 0.00334632316287808
63 0 0.00373329350799334
64 0 0.00407022539973001
65 0 0.00432621882704221
66 0 0.00447939264887565
67 0 0.00454490523389317
68 0 0.0046903760116036
69 0 0.00501768422293736
70 0 0.00563746908801466
71 0 0.0065278445003909
72 0 0.00760409802082596
73 0 0.0087343603748442
74 0 0.009694570339436
75 0 0.0103811905528455
76 0 0.0107824152632949
77 0 0.0111159588634844
78 0 0.0114616229050463
79 0 0.0120446364603022
80 0 0.0133927736533603
81 0 0.0140650208422446
82 0 0.0160138834237686
83 0 0.0181032945711711
84 0 0.0203149273500943
85 0 0.022406817003069
86 0 0.0240659739907488
87 0 0.0258654142533319
88 0 0.0273473841699864
89 0 0.0277429369234827
90 0 0.0286397157208264
91 0 0.0405929269773664
92 0 0.0452030419268286
93 0 0.0502423826473366
94 0 0.0569938682560472
95 0 0.0682057456039072
96 0 0.086633540157786
97 0 0.106577563190632
98 0 0.129520906828744
99 0 0.215717448467695
100 0 1

death 1 M divorced
1 0 0.0237582036844410
2 0 0.00475999356718226
3 0 0.00332151159668881
4 0 0.00202387713997842
5 0 0.00143112779917953
6 0 0.00123552809788952
7 0 0.00099458931307339
8 0 0.000797404585117123
9 0 0.000638403477918326
10 0 0.000517386418363408
11 0 0.000441989536379084
12 0 0.000414359680288245
13 0 0.000395358564215020
14 0 0.000388412011385175
15 0 0.00039452160200415
16 0 0.000421810541447409
17 0 0.000440900928529886
18 0 0.000460832892573371
19 0 0.000480266579222066
20 0 0.000481858315293682
21 0 0.000491912029446429
22 0 0.000520403595330454
23 0 0.000536999859775067
24 0 0.000566595671448789
25 0 0.000607190308576699
26 0 0.000667696553659947
27 0 0.00068557920511414
28 0 0.000683312195309149
29 0 0.000686754713951743
30 0 0.000689777520808565
31 0 0.00069137293164534
32 0 0.00071387960669056
33 0 0.000730511254907751
34 0 0.000748154209799345
35 0 0.000766304824652564
36 0 0.000784795290792673
37 0 0.000773448422223266
38 0 0.000772355835616967
39 0 0.000787989479817175
40 0 0.00083835483135819
41 0 0.000906506013207631
42 0 0.00103242567012740
43 0 0.00115024907235362
44 0 0.00125048128763916
45 0 0.00135057053035947
46 0 0.00143451412375439
47 0 0.00145720575744368
48 0 0.00149083028494101
49 0 0.00152361983999028
50 0 0.00156006657633512
51 0 0.00159118502183453
52 0 0.00169538651102219
53 0 0.00180353290453650
54 0 0.00190219185729767
55 0 0.00198077047377432
56 0 0.00204313693376312
57 0 0.00204884748146394
58 0 0.00211117548045769
59 0 0.00226321021292308
60 0 0.00253941905528354
61 0 0.00291271129720261
62 0 0.00334632316287808
63 0 0.00373329350799334
64 0 0.00407022539973001
65 0 0.00432621882704221
66 0 0.00447939264887565
67 0 0.00454490523389317
68 0 0.0046903760116036
69 0 0.00501768422293736
70 0 0.00563746908801466
71 0 0.0065278445003909
72 0 0.00760409802082596
73 0 0.0087343603748442
74 0 0.009694570339436
75 0 0.0103811905528455
76 0 0.0107824152632949
77 0 0.0111159588634844
78 0 0.0114616229050463
79 0 0.0120446364603022
80 0 0.0133927736533603
81 0 0.0140650208422446
82 0 0.0160138834237686
83 0 0.0181032945711711
84 0 0.0203149273500943
85 0 0.022406817003069
86 0 0.0240659739907488
87 0 0.0258654142533319
88 0 0.0273473841699864
89 0 0.0277429369234827
90 0 0.0286397157208264
91 0 0.0405929269773664
92 0 0.0452030419268286
93 0 0.0502423826473366
94 0 0.0569938682560472
95 0 0.0682057456039072
96 0 0.086633540157786
97 0 0.106577563190632
98 0 0.129520906828744
99 0 0.215717448467695
100 0 1

death 1 M widowed
1 0 0.0237582036844410
2 0 0.00475999356718226
3 0 0.00332151159668881
4 0 0.00202387713997842
5 0 0.00143112779917953
6 0 0.00123552809788952
7 0 0.00099458931307339
8 0 0.000797404585117123
9 0 0.000638403477918326
10 0 0.000517386418363408
11 0 0.000441989536379084
12 0 0.000414359680288245
13 0 0.000395358564215020
14 0 0.000388412011385175
15 0 0.00039452160200415
16 0 0.000421810541447409
17 0 0.000440900928529886
18 0 0.000460832892573371
19 0 0.000480266579222066
20 0 0.000481858315293682
21 0 0.000491912029446429
22 0 0.000520403595330454
23 0 0.000536999859775067
24 0 0.000566595671448789
25 0 0.000607190308576699
26 0 0.000667696553659947
27 0 0.00068557920511414
28 0 0.000683312195309149
29 0 0.000686754713951743
30 0 0.000689777520808565
31 0 0.00069137293164534
32 0 0.00071387960669056
33 0 0.000730511254907751
34 0 0.000748154209799345
35 0 0.000766304824652564
36 0 0.000784795290792673
37 0 0.000773448422223266
38 0 0.000772355835616967
39 0 0.000787989479817175
40 0 0.00083835483135819
41 0 0.000906506013207631
42 0 0.00103242567012740
43 0 0.00115024907235362
44 0 0.00125048128763916
45 0 0.00135057053035947
46 0 0.00143451412375439
47 0 0.00145720575744368
48 0 0.00149083028494101
49 0 0.00152361983999028
50 0 0.00156006657633512
51 0 0.00159118502183453
52 0 0.00169538651102219
53 0 0.00180353290453650
54 0 0.00190219185729767
55 0 0.00198077047377432
56 0 0.00204313693376312
57 0 0.00204884748146394
58 0 0.00211117548045769
59 0 0.00226321021292308
60 0 0.00253941905528354
61 0 0.00291271129720261
62 0 0.00334632316287808
63 0 0.00373329350799334
64 0 0.00407022539973001
65 0 0.00432621882704221
66 0 0.00447939264887565
67 0 0.00454490523389317
68 0 0.0046903760116036
69 0 0.00501768422293736
70 0 0.00563746908801466
71 0 0.0065278445003909
72 0 0.00760409802082596
73 0 0.0087343603748442
74 0 0.009694570339436
75 0 0.0103811905528455
76 0 0.0107824152632949
77 0 0.0111159588634844
78 0 0.0114616229050463
79 0 0.0120446364603022
80 0 0.0133927736533603
81 0 0.0140650208422446
82 0 0.0160138834237686
83 0 0.0181032945711711
84 0 0.0203149273500943
85 0 0.022406817003069
86 0 0.0240659739907488
87 0 0.0258654142533319
88 0 0.0273473841699864
89 0 0.0277429369234827
90 0 0.0286397157208264
91 0 0.0405929269773664
92 0 0.0452030419268286
93 0 0.0502423826473366
94 0 0.0569938682560472
95 0 0.0682057456039072
96 0 0.086633540157786
97 0 0.106577563190632
98 0 0.129520906828744
99 0 0.215717448467695
100 0 1

death 1 F married
1 0 0.0197520020495159
2 0 0.00455612069735489
3 0 0.00313896225856414
4 0 0.00195096558799646
5 0 0.00144797601311442
6 0 0.00126163442229166
7 0 0.000993072816655949
8 0 0.000780844738681119
9 0 0.000618600331246832
10 0 0.000508586891090346
11 0 0.000455221351280954
12 0 0.000445255438177972
13 0 0.00043353223369802
14 0 0.000422145425957976
15 0 0.000411848291720140
16 0 0.000415447970222638
17 0 0.000406993137285205
18 0 0.000406407187913183
19 0 0.000414275966217681
20 0 0.000417289721342473
21 0 0.000436379158595068
22 0 0.000472727155610642
23 0 0.000493671543796759
24 0 0.000522163661496933
25 0 0.000555862931597928
26 0 0.000603918581142282
27 0 0.00063236138236833
28 0 0.000646208446110963
29 0 0.000668368138923126
30 0 0.000693472199118195
31 0 0.00072127107442832
32 0 0.000753867901118532
33 0 0.00077807104943528
34 0 0.000799338165023977
35 0 0.000821030708305637
36 0 0.0008428125431027
37 0 0.000842391994913094
38 0 0.000843821866702066
39 0 0.000853915719600917
40 0 0.000894638982803286
41 0 0.00094809493783854
42 0 0.00103883160259000
43 0 0.00110485588770037
44 0 0.00113742193205146
45 0 0.00114872997431104
46 0 0.00113008089728395
47 0 0.00108587847638697
48 0 0.00107930056608174
49 0 0.00110198793561134
50 0 0.00115522851633665
51 0 0.00122944614898013
52 0 0.00135657601176076
53 0 0.00147600685486382
54 0 0.00158686002186748
55 0 0.00168604762156888
56 0 0.00177200167564728
57 0 0.00179018816320076
58 0 0.00184502463497616
59 0 0.00196424884195201
60 0 0.00217875295214354
61 0 0.00247242875554055
62 0 0.00284088752932754
63 0 0.00319755557494605
64 0 0.00353215028641551
65 0 0.00382764374358802
66 0 0.00406804649793402
67 0 0.00422925241746974
68 0 0.00445549411489676
69 0 0.00479425136962031
70 0 0.00533601627418223
71 0 0.00607616865443228
72 0 0.00688822896265329
73 0 0.00770357674818578
74 0 0.00845588439987444
75 0 0.0091043329446081
76 0 0.00962725217984917
77 0 0.0101201345613501
78 0 0.0106465685426334
79 0 0.0113153961537822
80 0 0.0124937471270655
81 0 0.0127048068240538
82 0 0.0142817674138270
83 0 0.0159518002440368
84 0 0.0176832086300581
85 0 0.0193785467272786
86 0 0.0207699848484209
87 0 0.0220798013581334
88 0 0.0230699747334433
89 0 0.0234580968261252
90 0 0.0242197147622736
91 0 0.0322729164435477
92 0 0.0356302267681121
93 0 0.0396279918997866
94 0 0.0441726473646246
95 0 0.0490452460239496
96 0 0.0552824016554533
97 0 0.0643234940559976
98 0 0.0799110890568693
99 0 0.103183732728081
100 0 0.124510697461098

death 1 F single
1 0 0.0197520020495159
2 0 0.00455612069735489
3 0 0.00313896225856414
4 0 0.00195096558799646
5 0 0.00144797601311442
6 0 0.00126163442229166
7 0 0.000993072816655949
8 0 0.000780844738681119
9 0 0.000618600331246832
10 0 0.000508586891090346
11 0 0.000455221351280954
12 0 0.000445255438177972
13 0 0.00043353223369802
14 0 0.000422145425957976
15 0 0.000411848291720140
16 0 0.000415447970222638
17 0 0.000406993137285205
18 0 0.000406407187913183
19 0 0.000414275966217681
20 0 0.000417289721342473
21 0 0.000436379158595068
22 0 0.000472727155610642
23 0 0.000493671543796759
24 0 0.000522163661496933
25 0 0.000555862931597928
26 0 0.000603918581142282
27 0 0.00063236138236833
28 0 0.000646208446110963
29 0 0.000668368138923126
30 0 0.000693472199118195
31 0 0.00072127107442832
32 0 0.000753867901118532
33 0 0.00077807104943528
34 0 0.000799338165023977
35 0 0.000821030708305637
36 0 0.0008428125431027
37 0 0.000842391994913094
38 0 0.000843821866702066
39 0 0.000853915719600917
40 0 0.000894638982803286
41 0 0.00094809493783854
42 0 0.00103883160259000
43 0 0.00110485588770037
44 0 0.00113742193205146
45 0 0.00114872997431104
46 0 0.00113008089728395
47 0 0.00108587847638697
48 0 0.00107930056608174
49 0 0.00110198793561134
50 0 0.00115522851633665
51 0 0.00122944614898013
52 0 0.00135657601176076
53 0 0.00147600685486382
54 0 0.00158686002186748
55 0 0.00168604762156888
56 0 0.00177200167564728
57 0 0.00179018816320076
58 0 0.00184502463497616
59 0 0.00196424884195201
60 0 0.00217875295214354
61 0 0.00247242875554055
62 0 0.00284088752932754
63 0 0.00319755557494605
64 0 0.00353215028641551
65 0 0.00382764374358802
66 0 0.00406804649793402
67 0 0.00422925241746974
68 0 0.00445549411489676
69 0 0.00479425136962031
70 0 0.00533601627418223
71 0 0.00607616865443228
72 0 0.00688822896265329
73 0 0.00770357674818578
74 0 0.00845588439987444
75 0 0.0091043329446081
76 0 0.00962725217984917
77 0 0.0101201345613501
78 0 0.0106465685426334
79 0 0.0113153961537822
80 0 0.0124937471270655
81 0 0.0127048068240538
82 0 0.0142817674138270
83 0 0.0159518002440368
84 0 0.0176832086300581
85 0 0.0193785467272786
86 0 0.0207699848484209
87 0 0.0220798013581334
88 0 0.0230699747334433
89 0 0.0234580968261252
90 0 0.0242197147622736
91 0 0.0322729164435477
92 0 0.0356302267681121
93 0 0.0396279918997866
94 0 0.0441726473646246
95 0 0.0490452460239496
96 0 0.0552824016554533
97 0 0.0643234940559976
98 0 0.0799110890568693
99 0 0.103183732728081
100 0 0.124510697461098

death 1 F divorced
1 0 0.0197520020495159
2 0 0.00455612069735489
3 0 0.00313896225856414
4 0 0.00195096558799646
5 0 0.00144797601311442
6 0 0.00126163442229166
7 0 0.000993072816655949
8 0 0.000780844738681119
9 0 0.000618600331246832
10 0 0.000508586891090346
11 0 0.000455221351280954
12 0 0.000445255438177972
13 0 0.00043353223369802
14 0 0.000422145425957976
15 0 0.000411848291720140
16 0 0.000415447970222638
17 0 0.000406993137285205
18 0 0.000406407187913183
19 0 0.000414275966217681
20 0 0.000417289721342473
21 0 0.000436379158595068
22 0 0.000472727155610642
23 0 0.000493671543796759
24 0 0.000522163661496933
25 0 0.000555862931597928
26 0 0.000603918581142282
27 0 0.00063236138236833
28 0 0.000646208446110963
29 0 0.000668368138923126
30 0 0.000693472199118195
31 0 0.00072127107442832
32 0 0.000753867901118532
33 0 0.00077807104943528
34 0 0.000799338165023977
35 0 0.000821030708305637
36 0 0.0008428125431027
37 0 0.000842391994913094
38 0 0.000843821866702066
39 0 0.000853915719600917
40 0 0.000894638982803286
41 0 0.00094809493783854
42 0 0.00103883160259000
43 0 0.00110485588770037
44 0 0.00113742193205146
45 0 0.00114872997431104
46 0 0.00113008089728395
47 0 0.00108587847638697
48 0 0.00107930056608174
49 0 0.00110198793561134
50 0 0.00115522851633665
51 0 0.00122944614898013
52 0 0.00135657601176076
53 0 0.00147600685486382
54 0 0.00158686002186748
55 0 0.00168604762156888
56 0 0.00177200167564728
57 0 0.00179018816320076
58 0 0.00184502463497616
59 0 0.00196424884195201
60 0 0.00217875295214354
61 0 0.00247242875554055
62 0 0.00284088752932754
63 0 0.00319755557494605
64 0 0.00353215028641551
65 0 0.00382764374358802
66 0 0.00406804649793402
67 0 0.00422925241746974
68 0 0.00445549411489676
69 0 0.00479425136962031
70 0 0.00533601627418223
71 0 0.00607616865443228
72 0 0.00688822896265329
73 0 0.00770357674818578
74 0 0.00845588439987444
75 0 0.0091043329446081
76 0 0.00962725217984917
77 0 0.0101201345613501
78 0 0.0106465685426334
79 0 0.0113153961537822
80 0 0.0124937471270655
81 0 0.0127048068240538
82 0 0.0142817674138270
83 0 0.0159518002440368
84 0 0.0176832086300581
85 0 0.0193785467272786
86 0 0.0207699848484209
87 0 0.0220798013581334
88 0 0.0230699747334433
89 0 0.0234580968261252
90 0 0.0242197147622736
91 0 0.0322729164435477
92 0 0.0356302267681121
93 0 0.0396279918997866
94 0 0.0441726473646246
95 0 0.0490452460239496
96 0 0.0552824016554533
97 0 0.0643234940559976
98 0 0.0799110890568693
99 0 0.103183732728081
100 0 0.124510697461098

death 1 F widowed
1 0 0.0197520020495159
2 0 0.00455612069735489
3 0 0.00313896225856414
4 0 0.00195096558799646
5 0 0.00144797601311442
6 0 0.00126163442229166
7 0 0.000993072816655949
8 0 0.000780844738681119
9 0 0.000618600331246832
10 0 0.000508586891090346
11 0 0.000455221351280954
12 0 0.000445255438177972
13 0 0.00043353223369802
14 0 0.000422145425957976
15 0 0.000411848291720140
16 0 0.000415447970222638
17 0 0.000406993137285205
18 0 0.000406407187913183
19 0 0.000414275966217681
20 0 0.000417289721342473
21 0 0.000436379158595068
22 0 0.000472727155610642
23 0 0.000493671543796759
24 0 0.000522163661496933
25 0 0.000555862931597928
26 0 0.000603918581142282
27 0 0.00063236138236833
28 0 0.000646208446110963
29 0 0.000668368138923126
30 0 0.000693472199118195
31 0 0.00072127107442832
32 0 0.000753867901118532
33 0 0.00077807104943528
34 0 0.000799338165023977
35 0 0.000821030708305637
36 0 0.0008428125431027
37 0 0.000842391994913094
38 0 0.000843821866702066
39 0 0.000853915719600917
40 0 0.000894638982803286
41 0 0.00094809493783854
42 0 0.00103883160259000
43 0 0.00110485588770037
44 0 0.00113742193205146
45 0 0.00114872997431104
46 0 0.00113008089728395
47 0 0.00108587847638697
48 0 0.00107930056608174
49 0 0.00110198793561134
50 0 0.00115522851633665
51 0 0.00122944614898013
52 0 0.00135657601176076
53 0 0.00147600685486382
54 0 0.00158686002186748
55 0 0.00168604762156888
56 0 0.00177200167564728
57 0 0.00179018816320076
58 0 0.00184502463497616
59 0 0.00196424884195201
60 0 0.00217875295214354
61 0 0.00247242875554055
62 0 0.00284088752932754
63 0 0.00319755557494605
64 0 0.00353215028641551
65 0 0.00382764374358802
66 0 0.00406804649793402
67 0 0.00422925241746974
68 0 0.00445549411489676
69 0 0.00479425136962031
70 0 0.00533601627418223
71 0 0.00607616865443228
72 0 0.00688822896265329
73 0 0.00770357674818578
74 0 0.00845588439987444
75 0 0.0091043329446081
76 0 0.00962725217984917
77 0 0.0101201345613501
78 0 0.0106465685426334
79 0 0.0113153961537822
80 0 0.0124937471270655
81 0 0.0127048068240538
82 0 0.0142817674138270
83 0 0.0159518002440368
84 0 0.0176832086300581
85 0 0.0193785467272786
86 0 0.0207699848484209
87 0 0.0220798013581334
88 0 0.0230699747334433
89 0 0.0234580968261252
90 0 0.0242197147622736
91 0 0.0322729164435477
92 0 0.0356302267681121
93 0 0.0396279918997866
94 0 0.0441726473646246
95 0 0.0490452460239496
96 0 0.0552824016554533
97 0 0.0643234940559976
98 0 0.0799110890568693
99 0 0.103183732728081
100 0 0.124510697461098
