*Period monthly mortality rates for SWE in 1854 
* Mon Dec 20 14:19:55 2010
death 1 M married
1 0 0.0142417522171225
2 0 0.00376829414316582
3 0 0.00252750795523682
4 0 0.00180319288676323
5 0 0.00139583288606981
6 0 0.00116763611544957
7 0 0.00100495271638024
8 0 0.000837681988210548
9 0 0.000678274598272299
10 0 0.000559887560470873
11 0 0.000512106599737994
12 0 0.000466779829475072
13 0 0.000425829237030051
14 0 0.000388495701632463
15 0 0.000366236811864096
16 0 0.000375943025753611
17 0 0.000399710891978988
18 0 0.000415782831286182
19 0 0.000431355233663444
20 0 0.000457901447174835
21 0 0.000495933826598405
22 0 0.000533563010686189
23 0 0.000586974596040291
24 0 0.000605680265889919
25 0 0.000593852466405531
26 0 0.000601821381932988
27 0 0.000648894181624393
28 0 0.000661820394367907
29 0 0.000637228594534855
30 0 0.000653174736710005
31 0 0.000685075420268633
32 0 0.000704389172026532
33 0 0.000737400000961896
34 0 0.000791351905400806
35 0 0.000872255756045215
36 0 0.000913155594551851
37 0 0.00093975878933894
38 0 0.000959884736874583
39 0 0.000984985263403404
40 0 0.00107027779751612
41 0 0.00120199797601062
42 0 0.00124820013340976
43 0 0.00118688390963251
44 0 0.00120149131850755
45 0 0.00134084418492342
46 0 0.00146550486091934
47 0 0.00141174352229712
48 0 0.00141826091770592
49 0 0.00151031618947661
50 0 0.00161374620604704
51 0 0.00171720929893870
52 0 0.00175568792834235
53 0 0.00186169468804076
54 0 0.00206708954924062
55 0 0.00218541103314385
56 0 0.00224586828310702
57 0 0.00231004144407709
58 0 0.00239958373239635
59 0 0.00259333849344978
60 0 0.00279111737271143
61 0 0.00288948061898886
62 0 0.00301508321962218
63 0 0.00323139990193577
64 0 0.00360686547704714
65 0 0.00401289416953055
66 0 0.00420742746005609
67 0 0.00435838919035481
68 0 0.00471714565576853
69 0 0.00514645256234836
70 0 0.00581367084095263
71 0 0.00659629300802567
72 0 0.00725357864489584
73 0 0.0077968072283442
74 0 0.00836041662461595
75 0 0.00896252832018674
76 0 0.00998202643905344
77 0 0.0110657447709409
78 0 0.0121722207549168
79 0 0.0132225297204751
80 0 0.0139814069744411
81 0 0.0160371757290254
82 0 0.0181986045508956
83 0 0.0182450221829210
84 0 0.0187447986208641
85 0 0.0190407217785294
86 0 0.0188475768933714
87 0 0.0185583342707909
88 0 0.0205174579813918
89 0 0.0284308303956132
90 0 0.0488598315165628
91 0 0.0940864499959941
92 0 0.0320085185930092
93 0 0.0953947839495392
94 0 0.0474816764626113
95 0 0.00946731853806981
96 0 0.0282814877774399
97 0 0.0688708504096878
98 0 0.413281957718738
99 0 0
100 0 1

death 1 M single
1 0 0.0142417522171225
2 0 0.00376829414316582
3 0 0.00252750795523682
4 0 0.00180319288676323
5 0 0.00139583288606981
6 0 0.00116763611544957
7 0 0.00100495271638024
8 0 0.000837681988210548
9 0 0.000678274598272299
10 0 0.000559887560470873
11 0 0.000512106599737994
12 0 0.000466779829475072
13 0 0.000425829237030051
14 0 0.000388495701632463
15 0 0.000366236811864096
16 0 0.000375943025753611
17 0 0.000399710891978988
18 0 0.000415782831286182
19 0 0.000431355233663444
20 0 0.000457901447174835
21 0 0.000495933826598405
22 0 0.000533563010686189
23 0 0.000586974596040291
24 0 0.000605680265889919
25 0 0.000593852466405531
26 0 0.000601821381932988
27 0 0.000648894181624393
28 0 0.000661820394367907
29 0 0.000637228594534855
30 0 0.000653174736710005
31 0 0.000685075420268633
32 0 0.000704389172026532
33 0 0.000737400000961896
34 0 0.000791351905400806
35 0 0.000872255756045215
36 0 0.000913155594551851
37 0 0.00093975878933894
38 0 0.000959884736874583
39 0 0.000984985263403404
40 0 0.00107027779751612
41 0 0.00120199797601062
42 0 0.00124820013340976
43 0 0.00118688390963251
44 0 0.00120149131850755
45 0 0.00134084418492342
46 0 0.00146550486091934
47 0 0.00141174352229712
48 0 0.00141826091770592
49 0 0.00151031618947661
50 0 0.00161374620604704
51 0 0.00171720929893870
52 0 0.00175568792834235
53 0 0.00186169468804076
54 0 0.00206708954924062
55 0 0.00218541103314385
56 0 0.00224586828310702
57 0 0.00231004144407709
58 0 0.00239958373239635
59 0 0.00259333849344978
60 0 0.00279111737271143
61 0 0.00288948061898886
62 0 0.00301508321962218
63 0 0.00323139990193577
64 0 0.00360686547704714
65 0 0.00401289416953055
66 0 0.00420742746005609
67 0 0.00435838919035481
68 0 0.00471714565576853
69 0 0.00514645256234836
70 0 0.00581367084095263
71 0 0.00659629300802567
72 0 0.00725357864489584
73 0 0.0077968072283442
74 0 0.00836041662461595
75 0 0.00896252832018674
76 0 0.00998202643905344
77 0 0.0110657447709409
78 0 0.0121722207549168
79 0 0.0132225297204751
80 0 0.0139814069744411
81 0 0.0160371757290254
82 0 0.0181986045508956
83 0 0.0182450221829210
84 0 0.0187447986208641
85 0 0.0190407217785294
86 0 0.0188475768933714
87 0 0.0185583342707909
88 0 0.0205174579813918
89 0 0.0284308303956132
90 0 0.0488598315165628
91 0 0.0940864499959941
92 0 0.0320085185930092
93 0 0.0953947839495392
94 0 0.0474816764626113
95 0 0.00946731853806981
96 0 0.0282814877774399
97 0 0.0688708504096878
98 0 0.413281957718738
99 0 0
100 0 1

death 1 M divorced
1 0 0.0142417522171225
2 0 0.00376829414316582
3 0 0.00252750795523682
4 0 0.00180319288676323
5 0 0.00139583288606981
6 0 0.00116763611544957
7 0 0.00100495271638024
8 0 0.000837681988210548
9 0 0.000678274598272299
10 0 0.000559887560470873
11 0 0.000512106599737994
12 0 0.000466779829475072
13 0 0.000425829237030051
14 0 0.000388495701632463
15 0 0.000366236811864096
16 0 0.000375943025753611
17 0 0.000399710891978988
18 0 0.000415782831286182
19 0 0.000431355233663444
20 0 0.000457901447174835
21 0 0.000495933826598405
22 0 0.000533563010686189
23 0 0.000586974596040291
24 0 0.000605680265889919
25 0 0.000593852466405531
26 0 0.000601821381932988
27 0 0.000648894181624393
28 0 0.000661820394367907
29 0 0.000637228594534855
30 0 0.000653174736710005
31 0 0.000685075420268633
32 0 0.000704389172026532
33 0 0.000737400000961896
34 0 0.000791351905400806
35 0 0.000872255756045215
36 0 0.000913155594551851
37 0 0.00093975878933894
38 0 0.000959884736874583
39 0 0.000984985263403404
40 0 0.00107027779751612
41 0 0.00120199797601062
42 0 0.00124820013340976
43 0 0.00118688390963251
44 0 0.00120149131850755
45 0 0.00134084418492342
46 0 0.00146550486091934
47 0 0.00141174352229712
48 0 0.00141826091770592
49 0 0.00151031618947661
50 0 0.00161374620604704
51 0 0.00171720929893870
52 0 0.00175568792834235
53 0 0.00186169468804076
54 0 0.00206708954924062
55 0 0.00218541103314385
56 0 0.00224586828310702
57 0 0.00231004144407709
58 0 0.00239958373239635
59 0 0.00259333849344978
60 0 0.00279111737271143
61 0 0.00288948061898886
62 0 0.00301508321962218
63 0 0.00323139990193577
64 0 0.00360686547704714
65 0 0.00401289416953055
66 0 0.00420742746005609
67 0 0.00435838919035481
68 0 0.00471714565576853
69 0 0.00514645256234836
70 0 0.00581367084095263
71 0 0.00659629300802567
72 0 0.00725357864489584
73 0 0.0077968072283442
74 0 0.00836041662461595
75 0 0.00896252832018674
76 0 0.00998202643905344
77 0 0.0110657447709409
78 0 0.0121722207549168
79 0 0.0132225297204751
80 0 0.0139814069744411
81 0 0.0160371757290254
82 0 0.0181986045508956
83 0 0.0182450221829210
84 0 0.0187447986208641
85 0 0.0190407217785294
86 0 0.0188475768933714
87 0 0.0185583342707909
88 0 0.0205174579813918
89 0 0.0284308303956132
90 0 0.0488598315165628
91 0 0.0940864499959941
92 0 0.0320085185930092
93 0 0.0953947839495392
94 0 0.0474816764626113
95 0 0.00946731853806981
96 0 0.0282814877774399
97 0 0.0688708504096878
98 0 0.413281957718738
99 0 0
100 0 1

death 1 M widowed
1 0 0.0142417522171225
2 0 0.00376829414316582
3 0 0.00252750795523682
4 0 0.00180319288676323
5 0 0.00139583288606981
6 0 0.00116763611544957
7 0 0.00100495271638024
8 0 0.000837681988210548
9 0 0.000678274598272299
10 0 0.000559887560470873
11 0 0.000512106599737994
12 0 0.000466779829475072
13 0 0.000425829237030051
14 0 0.000388495701632463
15 0 0.000366236811864096
16 0 0.000375943025753611
17 0 0.000399710891978988
18 0 0.000415782831286182
19 0 0.000431355233663444
20 0 0.000457901447174835
21 0 0.000495933826598405
22 0 0.000533563010686189
23 0 0.000586974596040291
24 0 0.000605680265889919
25 0 0.000593852466405531
26 0 0.000601821381932988
27 0 0.000648894181624393
28 0 0.000661820394367907
29 0 0.000637228594534855
30 0 0.000653174736710005
31 0 0.000685075420268633
32 0 0.000704389172026532
33 0 0.000737400000961896
34 0 0.000791351905400806
35 0 0.000872255756045215
36 0 0.000913155594551851
37 0 0.00093975878933894
38 0 0.000959884736874583
39 0 0.000984985263403404
40 0 0.00107027779751612
41 0 0.00120199797601062
42 0 0.00124820013340976
43 0 0.00118688390963251
44 0 0.00120149131850755
45 0 0.00134084418492342
46 0 0.00146550486091934
47 0 0.00141174352229712
48 0 0.00141826091770592
49 0 0.00151031618947661
50 0 0.00161374620604704
51 0 0.00171720929893870
52 0 0.00175568792834235
53 0 0.00186169468804076
54 0 0.00206708954924062
55 0 0.00218541103314385
56 0 0.00224586828310702
57 0 0.00231004144407709
58 0 0.00239958373239635
59 0 0.00259333849344978
60 0 0.00279111737271143
61 0 0.00288948061898886
62 0 0.00301508321962218
63 0 0.00323139990193577
64 0 0.00360686547704714
65 0 0.00401289416953055
66 0 0.00420742746005609
67 0 0.00435838919035481
68 0 0.00471714565576853
69 0 0.00514645256234836
70 0 0.00581367084095263
71 0 0.00659629300802567
72 0 0.00725357864489584
73 0 0.0077968072283442
74 0 0.00836041662461595
75 0 0.00896252832018674
76 0 0.00998202643905344
77 0 0.0110657447709409
78 0 0.0121722207549168
79 0 0.0132225297204751
80 0 0.0139814069744411
81 0 0.0160371757290254
82 0 0.0181986045508956
83 0 0.0182450221829210
84 0 0.0187447986208641
85 0 0.0190407217785294
86 0 0.0188475768933714
87 0 0.0185583342707909
88 0 0.0205174579813918
89 0 0.0284308303956132
90 0 0.0488598315165628
91 0 0.0940864499959941
92 0 0.0320085185930092
93 0 0.0953947839495392
94 0 0.0474816764626113
95 0 0.00946731853806981
96 0 0.0282814877774399
97 0 0.0688708504096878
98 0 0.413281957718738
99 0 0
100 0 1

death 1 F married
1 0 0.0121308479606022
2 0 0.00329385514135205
3 0 0.00222682160969456
4 0 0.00159551022790128
5 0 0.0012063891261328
6 0 0.000997875142184301
7 0 0.000880080843549624
8 0 0.00075613667235197
9 0 0.000623047272256261
10 0 0.00051403411701223
11 0 0.000465188357515078
12 0 0.000413103977328411
13 0 0.000369332646799836
14 0 0.000338713619488673
15 0 0.000327924125597345
16 0 0.000349504394511091
17 0 0.000381131254889366
18 0 0.00039703251176304
19 0 0.000403310089710063
20 0 0.000410676334140381
21 0 0.000421475658170967
22 0 0.000439728596200006
23 0 0.000474905147065274
24 0 0.000484287860952115
25 0 0.000477166962678743
26 0 0.000490906607972019
27 0 0.000545047624774142
28 0 0.0005732204170944
29 0 0.000561732241618595
30 0 0.000583535856096162
31 0 0.000615579891672713
32 0 0.000634711038445146
33 0 0.000666773132029119
34 0 0.000716315364847953
35 0 0.000783114183787847
36 0 0.000815312791019873
37 0 0.000823721617461026
38 0 0.000824142079217549
39 0 0.000824898915284034
40 0 0.000872087481997963
41 0 0.000957442438537015
42 0 0.00095516863360412
43 0 0.000882521062490094
44 0 0.000871919208262462
45 0 0.000932012751308164
46 0 0.000978498892190482
47 0 0.000929234442118565
48 0 0.000929234442118565
49 0 0.000992904318617094
50 0 0.00107078372343061
51 0 0.00116611672650579
52 0 0.00121762130330472
53 0 0.00131556056232385
54 0 0.00150048799305191
55 0 0.00160441571297265
56 0 0.00165744264062839
57 0 0.00174285990567580
58 0 0.00184621525149609
59 0 0.00203700062644552
60 0 0.00221768404260825
61 0 0.00233192709676466
62 0 0.0024640370401795
63 0 0.00266934304074462
64 0 0.00304041421785739
65 0 0.00339397696448518
66 0 0.00362863288246973
67 0 0.00392452882252003
68 0 0.00431739146033294
69 0 0.00468651481490412
70 0 0.00524802766285171
71 0 0.00598345098466224
72 0 0.00665295456841009
73 0 0.00705697999539667
74 0 0.00731878519222173
75 0 0.0077391509174155
76 0 0.0085323131716667
77 0 0.00941598147306422
78 0 0.0105040002125105
79 0 0.0114999439633863
80 0 0.0120958770779219
81 0 0.0132003435979657
82 0 0.0152024492785572
83 0 0.0154290882149682
84 0 0.0162419909011404
85 0 0.0171326672067645
86 0 0.0178565734162371
87 0 0.0187849306861619
88 0 0.0210758828396826
89 0 0.0258691943103309
90 0 0.0349231291885717
91 0 0.0526624174814407
92 0 0.0447258707984627
93 0 0.0232834208855909
94 0 0.0303805388499682
95 0 0.0168687111971213
96 0 0.0595838225204537
97 0 0.0134338621210515
98 0 0.109194285673347
99 0 0
100 0 0

death 1 F single
1 0 0.0121308479606022
2 0 0.00329385514135205
3 0 0.00222682160969456
4 0 0.00159551022790128
5 0 0.0012063891261328
6 0 0.000997875142184301
7 0 0.000880080843549624
8 0 0.00075613667235197
9 0 0.000623047272256261
10 0 0.00051403411701223
11 0 0.000465188357515078
12 0 0.000413103977328411
13 0 0.000369332646799836
14 0 0.000338713619488673
15 0 0.000327924125597345
16 0 0.000349504394511091
17 0 0.000381131254889366
18 0 0.00039703251176304
19 0 0.000403310089710063
20 0 0.000410676334140381
21 0 0.000421475658170967
22 0 0.000439728596200006
23 0 0.000474905147065274
24 0 0.000484287860952115
25 0 0.000477166962678743
26 0 0.000490906607972019
27 0 0.000545047624774142
28 0 0.0005732204170944
29 0 0.000561732241618595
30 0 0.000583535856096162
31 0 0.000615579891672713
32 0 0.000634711038445146
33 0 0.000666773132029119
34 0 0.000716315364847953
35 0 0.000783114183787847
36 0 0.000815312791019873
37 0 0.000823721617461026
38 0 0.000824142079217549
39 0 0.000824898915284034
40 0 0.000872087481997963
41 0 0.000957442438537015
42 0 0.00095516863360412
43 0 0.000882521062490094
44 0 0.000871919208262462
45 0 0.000932012751308164
46 0 0.000978498892190482
47 0 0.000929234442118565
48 0 0.000929234442118565
49 0 0.000992904318617094
50 0 0.00107078372343061
51 0 0.00116611672650579
52 0 0.00121762130330472
53 0 0.00131556056232385
54 0 0.00150048799305191
55 0 0.00160441571297265
56 0 0.00165744264062839
57 0 0.00174285990567580
58 0 0.00184621525149609
59 0 0.00203700062644552
60 0 0.00221768404260825
61 0 0.00233192709676466
62 0 0.0024640370401795
63 0 0.00266934304074462
64 0 0.00304041421785739
65 0 0.00339397696448518
66 0 0.00362863288246973
67 0 0.00392452882252003
68 0 0.00431739146033294
69 0 0.00468651481490412
70 0 0.00524802766285171
71 0 0.00598345098466224
72 0 0.00665295456841009
73 0 0.00705697999539667
74 0 0.00731878519222173
75 0 0.0077391509174155
76 0 0.0085323131716667
77 0 0.00941598147306422
78 0 0.0105040002125105
79 0 0.0114999439633863
80 0 0.0120958770779219
81 0 0.0132003435979657
82 0 0.0152024492785572
83 0 0.0154290882149682
84 0 0.0162419909011404
85 0 0.0171326672067645
86 0 0.0178565734162371
87 0 0.0187849306861619
88 0 0.0210758828396826
89 0 0.0258691943103309
90 0 0.0349231291885717
91 0 0.0526624174814407
92 0 0.0447258707984627
93 0 0.0232834208855909
94 0 0.0303805388499682
95 0 0.0168687111971213
96 0 0.0595838225204537
97 0 0.0134338621210515
98 0 0.109194285673347
99 0 0
100 0 0

death 1 F divorced
1 0 0.0121308479606022
2 0 0.00329385514135205
3 0 0.00222682160969456
4 0 0.00159551022790128
5 0 0.0012063891261328
6 0 0.000997875142184301
7 0 0.000880080843549624
8 0 0.00075613667235197
9 0 0.000623047272256261
10 0 0.00051403411701223
11 0 0.000465188357515078
12 0 0.000413103977328411
13 0 0.000369332646799836
14 0 0.000338713619488673
15 0 0.000327924125597345
16 0 0.000349504394511091
17 0 0.000381131254889366
18 0 0.00039703251176304
19 0 0.000403310089710063
20 0 0.000410676334140381
21 0 0.000421475658170967
22 0 0.000439728596200006
23 0 0.000474905147065274
24 0 0.000484287860952115
25 0 0.000477166962678743
26 0 0.000490906607972019
27 0 0.000545047624774142
28 0 0.0005732204170944
29 0 0.000561732241618595
30 0 0.000583535856096162
31 0 0.000615579891672713
32 0 0.000634711038445146
33 0 0.000666773132029119
34 0 0.000716315364847953
35 0 0.000783114183787847
36 0 0.000815312791019873
37 0 0.000823721617461026
38 0 0.000824142079217549
39 0 0.000824898915284034
40 0 0.000872087481997963
41 0 0.000957442438537015
42 0 0.00095516863360412
43 0 0.000882521062490094
44 0 0.000871919208262462
45 0 0.000932012751308164
46 0 0.000978498892190482
47 0 0.000929234442118565
48 0 0.000929234442118565
49 0 0.000992904318617094
50 0 0.00107078372343061
51 0 0.00116611672650579
52 0 0.00121762130330472
53 0 0.00131556056232385
54 0 0.00150048799305191
55 0 0.00160441571297265
56 0 0.00165744264062839
57 0 0.00174285990567580
58 0 0.00184621525149609
59 0 0.00203700062644552
60 0 0.00221768404260825
61 0 0.00233192709676466
62 0 0.0024640370401795
63 0 0.00266934304074462
64 0 0.00304041421785739
65 0 0.00339397696448518
66 0 0.00362863288246973
67 0 0.00392452882252003
68 0 0.00431739146033294
69 0 0.00468651481490412
70 0 0.00524802766285171
71 0 0.00598345098466224
72 0 0.00665295456841009
73 0 0.00705697999539667
74 0 0.00731878519222173
75 0 0.0077391509174155
76 0 0.0085323131716667
77 0 0.00941598147306422
78 0 0.0105040002125105
79 0 0.0114999439633863
80 0 0.0120958770779219
81 0 0.0132003435979657
82 0 0.0152024492785572
83 0 0.0154290882149682
84 0 0.0162419909011404
85 0 0.0171326672067645
86 0 0.0178565734162371
87 0 0.0187849306861619
88 0 0.0210758828396826
89 0 0.0258691943103309
90 0 0.0349231291885717
91 0 0.0526624174814407
92 0 0.0447258707984627
93 0 0.0232834208855909
94 0 0.0303805388499682
95 0 0.0168687111971213
96 0 0.0595838225204537
97 0 0.0134338621210515
98 0 0.109194285673347
99 0 0
100 0 0

death 1 F widowed
1 0 0.0121308479606022
2 0 0.00329385514135205
3 0 0.00222682160969456
4 0 0.00159551022790128
5 0 0.0012063891261328
6 0 0.000997875142184301
7 0 0.000880080843549624
8 0 0.00075613667235197
9 0 0.000623047272256261
10 0 0.00051403411701223
11 0 0.000465188357515078
12 0 0.000413103977328411
13 0 0.000369332646799836
14 0 0.000338713619488673
15 0 0.000327924125597345
16 0 0.000349504394511091
17 0 0.000381131254889366
18 0 0.00039703251176304
19 0 0.000403310089710063
20 0 0.000410676334140381
21 0 0.000421475658170967
22 0 0.000439728596200006
23 0 0.000474905147065274
24 0 0.000484287860952115
25 0 0.000477166962678743
26 0 0.000490906607972019
27 0 0.000545047624774142
28 0 0.0005732204170944
29 0 0.000561732241618595
30 0 0.000583535856096162
31 0 0.000615579891672713
32 0 0.000634711038445146
33 0 0.000666773132029119
34 0 0.000716315364847953
35 0 0.000783114183787847
36 0 0.000815312791019873
37 0 0.000823721617461026
38 0 0.000824142079217549
39 0 0.000824898915284034
40 0 0.000872087481997963
41 0 0.000957442438537015
42 0 0.00095516863360412
43 0 0.000882521062490094
44 0 0.000871919208262462
45 0 0.000932012751308164
46 0 0.000978498892190482
47 0 0.000929234442118565
48 0 0.000929234442118565
49 0 0.000992904318617094
50 0 0.00107078372343061
51 0 0.00116611672650579
52 0 0.00121762130330472
53 0 0.00131556056232385
54 0 0.00150048799305191
55 0 0.00160441571297265
56 0 0.00165744264062839
57 0 0.00174285990567580
58 0 0.00184621525149609
59 0 0.00203700062644552
60 0 0.00221768404260825
61 0 0.00233192709676466
62 0 0.0024640370401795
63 0 0.00266934304074462
64 0 0.00304041421785739
65 0 0.00339397696448518
66 0 0.00362863288246973
67 0 0.00392452882252003
68 0 0.00431739146033294
69 0 0.00468651481490412
70 0 0.00524802766285171
71 0 0.00598345098466224
72 0 0.00665295456841009
73 0 0.00705697999539667
74 0 0.00731878519222173
75 0 0.0077391509174155
76 0 0.0085323131716667
77 0 0.00941598147306422
78 0 0.0105040002125105
79 0 0.0114999439633863
80 0 0.0120958770779219
81 0 0.0132003435979657
82 0 0.0152024492785572
83 0 0.0154290882149682
84 0 0.0162419909011404
85 0 0.0171326672067645
86 0 0.0178565734162371
87 0 0.0187849306861619
88 0 0.0210758828396826
89 0 0.0258691943103309
90 0 0.0349231291885717
91 0 0.0526624174814407
92 0 0.0447258707984627
93 0 0.0232834208855909
94 0 0.0303805388499682
95 0 0.0168687111971213
96 0 0.0595838225204537
97 0 0.0134338621210515
98 0 0.109194285673347
99 0 0
100 0 0
