*Period monthly mortality rates for SWE in 2031 
* Mon Dec 20 14:21:52 2010
death 1 M married
1 0 0.000246166348294219
2 0 0.0000250034381590325
3 0 0.00000833371530217786
4 0 0.00000583352049443597
5 0 0.00000500013750526218
6 0 0.00000416676215586609
7 0 0.00000416676215586609
8 0 0.00000416676215586609
9 0 0.00000333339444602565
10 0 0.00000416676215586609
11 0 0.00000416676215586609
12 0 0.00000416676215586609
13 0 0.00000416676215586609
14 0 0.00000583352049443597
15 0 0.00000666691112360951
16 0 0.0000100005500421885
17 0 0.0000133343112110884
18 0 0.0000166681946396352
19 0 0.0000216692490401238
20 0 0.0000291713465325749
21 0 0.0000341730888351321
22 0 0.0000366740631904117
23 0 0.0000375077365993848
24 0 0.0000366740631904117
25 0 0.0000358403974268784
26 0 0.0000358403974268784
27 0 0.0000358403974268784
28 0 0.0000333394460065861
29 0 0.0000333394460065861
30 0 0.0000325058108229248
31 0 0.0000333394460065861
32 0 0.0000316721832838152
33 0 0.0000325058108229248
34 0 0.0000350067393084519
35 0 0.0000350067393084519
36 0 0.0000383414176537977
37 0 0.0000416762183291786
38 0 0.0000425099376131222
39 0 0.0000466786487315352
40 0 0.0000508475510273554
41 0 0.0000541828105240505
42 0 0.0000591859292243813
43 0 0.000065857182524165
44 0 0.0000741969376999441
45 0 0.000079201158088904
46 0 0.0000883762776967556
47 0 0.0000967180992323957
48 0 0.000105060686358072
49 0 0.000118410418553538
50 0 0.000128424004500527
51 0 0.000140942538415234
52 0 0.000160140972956802
53 0 0.000175168663833603
54 0 0.000201055512655035
55 0 0.000216089970248357
56 0 0.000236139783039269
57 0 0.000262879748837208
58 0 0.000294643679960349
59 0 0.000311365998618696
60 0 0.000349839012667941
61 0 0.000375775668454925
62 0 0.000415950262280695
63 0 0.000462843081220354
64 0 0.000508084086699001
65 0 0.000575149231300531
66 0 0.000631354405509099
67 0 0.000693472199118195
68 0 0.000775801730317993
69 0 0.000849793927500175
70 0 0.000943211040846825
71 0 0.00105189773397973
72 0 0.00115733853259525
73 0 0.00129586282021077
74 0 0.00144645192542869
75 0 0.00162019328887197
76 0 0.00183762615390481
77 0 0.00202404756270147
78 0 0.00234415458487869
79 0 0.00266539541228128
80 0 0.00301448018689643
81 0 0.00345576529615021
82 0 0.00400453276841806
83 0 0.00466887826160978
84 0 0.00535935291824963
85 0 0.00632012905017987
86 0 0.00736261384417125
87 0 0.0086141225488181
88 0 0.00995113711260909
89 0 0.0116897082660811
90 0 0.0135012879847562
91 0 0.0156490662955217
92 0 0.0184357406764949
93 0 0.0216455725476050
94 0 0.0244543280452407
95 0 0.0281762078386594
96 0 0.0311270239782394
97 0 0.0364824286439382
98 0 0.0409583557469081
99 0 0.0449963421056725
100 0 0.0505791895792426

death 1 M single
1 0 0.000246166348294219
2 0 0.0000250034381590325
3 0 0.00000833371530217786
4 0 0.00000583352049443597
5 0 0.00000500013750526218
6 0 0.00000416676215586609
7 0 0.00000416676215586609
8 0 0.00000416676215586609
9 0 0.00000333339444602565
10 0 0.00000416676215586609
11 0 0.00000416676215586609
12 0 0.00000416676215586609
13 0 0.00000416676215586609
14 0 0.00000583352049443597
15 0 0.00000666691112360951
16 0 0.0000100005500421885
17 0 0.0000133343112110884
18 0 0.0000166681946396352
19 0 0.0000216692490401238
20 0 0.0000291713465325749
21 0 0.0000341730888351321
22 0 0.0000366740631904117
23 0 0.0000375077365993848
24 0 0.0000366740631904117
25 0 0.0000358403974268784
26 0 0.0000358403974268784
27 0 0.0000358403974268784
28 0 0.0000333394460065861
29 0 0.0000333394460065861
30 0 0.0000325058108229248
31 0 0.0000333394460065861
32 0 0.0000316721832838152
33 0 0.0000325058108229248
34 0 0.0000350067393084519
35 0 0.0000350067393084519
36 0 0.0000383414176537977
37 0 0.0000416762183291786
38 0 0.0000425099376131222
39 0 0.0000466786487315352
40 0 0.0000508475510273554
41 0 0.0000541828105240505
42 0 0.0000591859292243813
43 0 0.000065857182524165
44 0 0.0000741969376999441
45 0 0.000079201158088904
46 0 0.0000883762776967556
47 0 0.0000967180992323957
48 0 0.000105060686358072
49 0 0.000118410418553538
50 0 0.000128424004500527
51 0 0.000140942538415234
52 0 0.000160140972956802
53 0 0.000175168663833603
54 0 0.000201055512655035
55 0 0.000216089970248357
56 0 0.000236139783039269
57 0 0.000262879748837208
58 0 0.000294643679960349
59 0 0.000311365998618696
60 0 0.000349839012667941
61 0 0.000375775668454925
62 0 0.000415950262280695
63 0 0.000462843081220354
64 0 0.000508084086699001
65 0 0.000575149231300531
66 0 0.000631354405509099
67 0 0.000693472199118195
68 0 0.000775801730317993
69 0 0.000849793927500175
70 0 0.000943211040846825
71 0 0.00105189773397973
72 0 0.00115733853259525
73 0 0.00129586282021077
74 0 0.00144645192542869
75 0 0.00162019328887197
76 0 0.00183762615390481
77 0 0.00202404756270147
78 0 0.00234415458487869
79 0 0.00266539541228128
80 0 0.00301448018689643
81 0 0.00345576529615021
82 0 0.00400453276841806
83 0 0.00466887826160978
84 0 0.00535935291824963
85 0 0.00632012905017987
86 0 0.00736261384417125
87 0 0.0086141225488181
88 0 0.00995113711260909
89 0 0.0116897082660811
90 0 0.0135012879847562
91 0 0.0156490662955217
92 0 0.0184357406764949
93 0 0.0216455725476050
94 0 0.0244543280452407
95 0 0.0281762078386594
96 0 0.0311270239782394
97 0 0.0364824286439382
98 0 0.0409583557469081
99 0 0.0449963421056725
100 0 0.0505791895792426

death 1 M divorced
1 0 0.000246166348294219
2 0 0.0000250034381590325
3 0 0.00000833371530217786
4 0 0.00000583352049443597
5 0 0.00000500013750526218
6 0 0.00000416676215586609
7 0 0.00000416676215586609
8 0 0.00000416676215586609
9 0 0.00000333339444602565
10 0 0.00000416676215586609
11 0 0.00000416676215586609
12 0 0.00000416676215586609
13 0 0.00000416676215586609
14 0 0.00000583352049443597
15 0 0.00000666691112360951
16 0 0.0000100005500421885
17 0 0.0000133343112110884
18 0 0.0000166681946396352
19 0 0.0000216692490401238
20 0 0.0000291713465325749
21 0 0.0000341730888351321
22 0 0.0000366740631904117
23 0 0.0000375077365993848
24 0 0.0000366740631904117
25 0 0.0000358403974268784
26 0 0.0000358403974268784
27 0 0.0000358403974268784
28 0 0.0000333394460065861
29 0 0.0000333394460065861
30 0 0.0000325058108229248
31 0 0.0000333394460065861
32 0 0.0000316721832838152
33 0 0.0000325058108229248
34 0 0.0000350067393084519
35 0 0.0000350067393084519
36 0 0.0000383414176537977
37 0 0.0000416762183291786
38 0 0.0000425099376131222
39 0 0.0000466786487315352
40 0 0.0000508475510273554
41 0 0.0000541828105240505
42 0 0.0000591859292243813
43 0 0.000065857182524165
44 0 0.0000741969376999441
45 0 0.000079201158088904
46 0 0.0000883762776967556
47 0 0.0000967180992323957
48 0 0.000105060686358072
49 0 0.000118410418553538
50 0 0.000128424004500527
51 0 0.000140942538415234
52 0 0.000160140972956802
53 0 0.000175168663833603
54 0 0.000201055512655035
55 0 0.000216089970248357
56 0 0.000236139783039269
57 0 0.000262879748837208
58 0 0.000294643679960349
59 0 0.000311365998618696
60 0 0.000349839012667941
61 0 0.000375775668454925
62 0 0.000415950262280695
63 0 0.000462843081220354
64 0 0.000508084086699001
65 0 0.000575149231300531
66 0 0.000631354405509099
67 0 0.000693472199118195
68 0 0.000775801730317993
69 0 0.000849793927500175
70 0 0.000943211040846825
71 0 0.00105189773397973
72 0 0.00115733853259525
73 0 0.00129586282021077
74 0 0.00144645192542869
75 0 0.00162019328887197
76 0 0.00183762615390481
77 0 0.00202404756270147
78 0 0.00234415458487869
79 0 0.00266539541228128
80 0 0.00301448018689643
81 0 0.00345576529615021
82 0 0.00400453276841806
83 0 0.00466887826160978
84 0 0.00535935291824963
85 0 0.00632012905017987
86 0 0.00736261384417125
87 0 0.0086141225488181
88 0 0.00995113711260909
89 0 0.0116897082660811
90 0 0.0135012879847562
91 0 0.0156490662955217
92 0 0.0184357406764949
93 0 0.0216455725476050
94 0 0.0244543280452407
95 0 0.0281762078386594
96 0 0.0311270239782394
97 0 0.0364824286439382
98 0 0.0409583557469081
99 0 0.0449963421056725
100 0 0.0505791895792426

death 1 M widowed
1 0 0.000246166348294219
2 0 0.0000250034381590325
3 0 0.00000833371530217786
4 0 0.00000583352049443597
5 0 0.00000500013750526218
6 0 0.00000416676215586609
7 0 0.00000416676215586609
8 0 0.00000416676215586609
9 0 0.00000333339444602565
10 0 0.00000416676215586609
11 0 0.00000416676215586609
12 0 0.00000416676215586609
13 0 0.00000416676215586609
14 0 0.00000583352049443597
15 0 0.00000666691112360951
16 0 0.0000100005500421885
17 0 0.0000133343112110884
18 0 0.0000166681946396352
19 0 0.0000216692490401238
20 0 0.0000291713465325749
21 0 0.0000341730888351321
22 0 0.0000366740631904117
23 0 0.0000375077365993848
24 0 0.0000366740631904117
25 0 0.0000358403974268784
26 0 0.0000358403974268784
27 0 0.0000358403974268784
28 0 0.0000333394460065861
29 0 0.0000333394460065861
30 0 0.0000325058108229248
31 0 0.0000333394460065861
32 0 0.0000316721832838152
33 0 0.0000325058108229248
34 0 0.0000350067393084519
35 0 0.0000350067393084519
36 0 0.0000383414176537977
37 0 0.0000416762183291786
38 0 0.0000425099376131222
39 0 0.0000466786487315352
40 0 0.0000508475510273554
41 0 0.0000541828105240505
42 0 0.0000591859292243813
43 0 0.000065857182524165
44 0 0.0000741969376999441
45 0 0.000079201158088904
46 0 0.0000883762776967556
47 0 0.0000967180992323957
48 0 0.000105060686358072
49 0 0.000118410418553538
50 0 0.000128424004500527
51 0 0.000140942538415234
52 0 0.000160140972956802
53 0 0.000175168663833603
54 0 0.000201055512655035
55 0 0.000216089970248357
56 0 0.000236139783039269
57 0 0.000262879748837208
58 0 0.000294643679960349
59 0 0.000311365998618696
60 0 0.000349839012667941
61 0 0.000375775668454925
62 0 0.000415950262280695
63 0 0.000462843081220354
64 0 0.000508084086699001
65 0 0.000575149231300531
66 0 0.000631354405509099
67 0 0.000693472199118195
68 0 0.000775801730317993
69 0 0.000849793927500175
70 0 0.000943211040846825
71 0 0.00105189773397973
72 0 0.00115733853259525
73 0 0.00129586282021077
74 0 0.00144645192542869
75 0 0.00162019328887197
76 0 0.00183762615390481
77 0 0.00202404756270147
78 0 0.00234415458487869
79 0 0.00266539541228128
80 0 0.00301448018689643
81 0 0.00345576529615021
82 0 0.00400453276841806
83 0 0.00466887826160978
84 0 0.00535935291824963
85 0 0.00632012905017987
86 0 0.00736261384417125
87 0 0.0086141225488181
88 0 0.00995113711260909
89 0 0.0116897082660811
90 0 0.0135012879847562
91 0 0.0156490662955217
92 0 0.0184357406764949
93 0 0.0216455725476050
94 0 0.0244543280452407
95 0 0.0281762078386594
96 0 0.0311270239782394
97 0 0.0364824286439382
98 0 0.0409583557469081
99 0 0.0449963421056725
100 0 0.0505791895792426

death 1 F married
1 0 0.000243659603279878
2 0 0.0000266705785775256
3 0 0.00000833371530217786
4 0 0.00000583352049443597
5 0 0.00000500013750526218
6 0 0.00000500013750526218
7 0 0.00000416676215586609
8 0 0.00000333339444602565
9 0 0.00000333339444602565
10 0 0.00000416676215586609
11 0 0.00000333339444602565
12 0 0.00000416676215586609
13 0 0.00000333339444602565
14 0 0.00000416676215586609
15 0 0.00000583352049443597
16 0 0.00000833371530217786
17 0 0.00000833371530217786
18 0 0.0000100005500421885
19 0 0.0000108339788730261
20 0 0.000012500859457365
21 0 0.0000141677706060328
22 0 0.0000150012376423092
23 0 0.0000133343112110884
24 0 0.0000141677706060328
25 0 0.0000116674153447516
26 0 0.0000116674153447516
27 0 0.0000133343112110884
28 0 0.0000133343112110884
29 0 0.0000133343112110884
30 0 0.0000141677706060328
31 0 0.0000150012376423092
32 0 0.0000166681946396352
33 0 0.0000166681946396352
34 0 0.0000175016846010179
35 0 0.0000183351822042876
36 0 0.0000216692490401238
37 0 0.0000250034381590325
38 0 0.0000258370045466139
39 0 0.0000275041602521009
40 0 0.0000291713465325749
41 0 0.0000300049511388067
42 0 0.0000333394460065861
43 0 0.0000400088026996093
44 0 0.0000425099376131222
45 0 0.0000483461867075707
46 0 0.00005668433545436
47 0 0.0000633554051622243
48 0 0.000070860943814588
49 0 0.0000850397634148958
50 0 0.000097552323490957
51 0 0.000111735307382288
52 0 0.000125920504593591
53 0 0.000135100341368544
54 0 0.000146785110982983
55 0 0.000163480245109926
56 0 0.000182683441090514
57 0 0.000206901950655758
58 0 0.000226949736477855
59 0 0.000250344410298808
60 0 0.000268730165220221
61 0 0.000305512837081023
62 0 0.000336455247325729
63 0 0.000356531634559953
64 0 0.000397534702040403
65 0 0.000428508466157718
66 0 0.000478758644453348
67 0 0.000514788374032848
68 0 0.000563409256980729
69 0 0.000617090098907869
70 0 0.000669123678278649
71 0 0.000751431135869618
72 0 0.00082540347616511
73 0 0.000911219590253864
74 0 0.00101733979858842
75 0 0.00114130363857468
76 0 0.00127388755101021
77 0 0.00143459878348728
78 0 0.00163207069301452
79 0 0.00184102767948269
80 0 0.00212124065025054
81 0 0.00243141948200354
82 0 0.00282257512348127
83 0 0.00319902305144282
84 0 0.00372191904271701
85 0 0.00427929508006208
86 0 0.00508746607156807
87 0 0.00598211569022189
88 0 0.00700987797549346
89 0 0.00826011982097574
90 0 0.00970681541466945
91 0 0.0112375120107451
92 0 0.0133784696163475
93 0 0.0153037980400225
94 0 0.0177501598102682
95 0 0.0202028292360131
96 0 0.0231045615282371
97 0 0.026158959618626
98 0 0.0299525224289008
99 0 0.0338326442402812
100 0 0.0368254930582512

death 1 F single
1 0 0.000243659603279878
2 0 0.0000266705785775256
3 0 0.00000833371530217786
4 0 0.00000583352049443597
5 0 0.00000500013750526218
6 0 0.00000500013750526218
7 0 0.00000416676215586609
8 0 0.00000333339444602565
9 0 0.00000333339444602565
10 0 0.00000416676215586609
11 0 0.00000333339444602565
12 0 0.00000416676215586609
13 0 0.00000333339444602565
14 0 0.00000416676215586609
15 0 0.00000583352049443597
16 0 0.00000833371530217786
17 0 0.00000833371530217786
18 0 0.0000100005500421885
19 0 0.0000108339788730261
20 0 0.000012500859457365
21 0 0.0000141677706060328
22 0 0.0000150012376423092
23 0 0.0000133343112110884
24 0 0.0000141677706060328
25 0 0.0000116674153447516
26 0 0.0000116674153447516
27 0 0.0000133343112110884
28 0 0.0000133343112110884
29 0 0.0000133343112110884
30 0 0.0000141677706060328
31 0 0.0000150012376423092
32 0 0.0000166681946396352
33 0 0.0000166681946396352
34 0 0.0000175016846010179
35 0 0.0000183351822042876
36 0 0.0000216692490401238
37 0 0.0000250034381590325
38 0 0.0000258370045466139
39 0 0.0000275041602521009
40 0 0.0000291713465325749
41 0 0.0000300049511388067
42 0 0.0000333394460065861
43 0 0.0000400088026996093
44 0 0.0000425099376131222
45 0 0.0000483461867075707
46 0 0.00005668433545436
47 0 0.0000633554051622243
48 0 0.000070860943814588
49 0 0.0000850397634148958
50 0 0.000097552323490957
51 0 0.000111735307382288
52 0 0.000125920504593591
53 0 0.000135100341368544
54 0 0.000146785110982983
55 0 0.000163480245109926
56 0 0.000182683441090514
57 0 0.000206901950655758
58 0 0.000226949736477855
59 0 0.000250344410298808
60 0 0.000268730165220221
61 0 0.000305512837081023
62 0 0.000336455247325729
63 0 0.000356531634559953
64 0 0.000397534702040403
65 0 0.000428508466157718
66 0 0.000478758644453348
67 0 0.000514788374032848
68 0 0.000563409256980729
69 0 0.000617090098907869
70 0 0.000669123678278649
71 0 0.000751431135869618
72 0 0.00082540347616511
73 0 0.000911219590253864
74 0 0.00101733979858842
75 0 0.00114130363857468
76 0 0.00127388755101021
77 0 0.00143459878348728
78 0 0.00163207069301452
79 0 0.00184102767948269
80 0 0.00212124065025054
81 0 0.00243141948200354
82 0 0.00282257512348127
83 0 0.00319902305144282
84 0 0.00372191904271701
85 0 0.00427929508006208
86 0 0.00508746607156807
87 0 0.00598211569022189
88 0 0.00700987797549346
89 0 0.00826011982097574
90 0 0.00970681541466945
91 0 0.0112375120107451
92 0 0.0133784696163475
93 0 0.0153037980400225
94 0 0.0177501598102682
95 0 0.0202028292360131
96 0 0.0231045615282371
97 0 0.026158959618626
98 0 0.0299525224289008
99 0 0.0338326442402812
100 0 0.0368254930582512

death 1 F divorced
1 0 0.000243659603279878
2 0 0.0000266705785775256
3 0 0.00000833371530217786
4 0 0.00000583352049443597
5 0 0.00000500013750526218
6 0 0.00000500013750526218
7 0 0.00000416676215586609
8 0 0.00000333339444602565
9 0 0.00000333339444602565
10 0 0.00000416676215586609
11 0 0.00000333339444602565
12 0 0.00000416676215586609
13 0 0.00000333339444602565
14 0 0.00000416676215586609
15 0 0.00000583352049443597
16 0 0.00000833371530217786
17 0 0.00000833371530217786
18 0 0.0000100005500421885
19 0 0.0000108339788730261
20 0 0.000012500859457365
21 0 0.0000141677706060328
22 0 0.0000150012376423092
23 0 0.0000133343112110884
24 0 0.0000141677706060328
25 0 0.0000116674153447516
26 0 0.0000116674153447516
27 0 0.0000133343112110884
28 0 0.0000133343112110884
29 0 0.0000133343112110884
30 0 0.0000141677706060328
31 0 0.0000150012376423092
32 0 0.0000166681946396352
33 0 0.0000166681946396352
34 0 0.0000175016846010179
35 0 0.0000183351822042876
36 0 0.0000216692490401238
37 0 0.0000250034381590325
38 0 0.0000258370045466139
39 0 0.0000275041602521009
40 0 0.0000291713465325749
41 0 0.0000300049511388067
42 0 0.0000333394460065861
43 0 0.0000400088026996093
44 0 0.0000425099376131222
45 0 0.0000483461867075707
46 0 0.00005668433545436
47 0 0.0000633554051622243
48 0 0.000070860943814588
49 0 0.0000850397634148958
50 0 0.000097552323490957
51 0 0.000111735307382288
52 0 0.000125920504593591
53 0 0.000135100341368544
54 0 0.000146785110982983
55 0 0.000163480245109926
56 0 0.000182683441090514
57 0 0.000206901950655758
58 0 0.000226949736477855
59 0 0.000250344410298808
60 0 0.000268730165220221
61 0 0.000305512837081023
62 0 0.000336455247325729
63 0 0.000356531634559953
64 0 0.000397534702040403
65 0 0.000428508466157718
66 0 0.000478758644453348
67 0 0.000514788374032848
68 0 0.000563409256980729
69 0 0.000617090098907869
70 0 0.000669123678278649
71 0 0.000751431135869618
72 0 0.00082540347616511
73 0 0.000911219590253864
74 0 0.00101733979858842
75 0 0.00114130363857468
76 0 0.00127388755101021
77 0 0.00143459878348728
78 0 0.00163207069301452
79 0 0.00184102767948269
80 0 0.00212124065025054
81 0 0.00243141948200354
82 0 0.00282257512348127
83 0 0.00319902305144282
84 0 0.00372191904271701
85 0 0.00427929508006208
86 0 0.00508746607156807
87 0 0.00598211569022189
88 0 0.00700987797549346
89 0 0.00826011982097574
90 0 0.00970681541466945
91 0 0.0112375120107451
92 0 0.0133784696163475
93 0 0.0153037980400225
94 0 0.0177501598102682
95 0 0.0202028292360131
96 0 0.0231045615282371
97 0 0.026158959618626
98 0 0.0299525224289008
99 0 0.0338326442402812
100 0 0.0368254930582512

death 1 F widowed
1 0 0.000243659603279878
2 0 0.0000266705785775256
3 0 0.00000833371530217786
4 0 0.00000583352049443597
5 0 0.00000500013750526218
6 0 0.00000500013750526218
7 0 0.00000416676215586609
8 0 0.00000333339444602565
9 0 0.00000333339444602565
10 0 0.00000416676215586609
11 0 0.00000333339444602565
12 0 0.00000416676215586609
13 0 0.00000333339444602565
14 0 0.00000416676215586609
15 0 0.00000583352049443597
16 0 0.00000833371530217786
17 0 0.00000833371530217786
18 0 0.0000100005500421885
19 0 0.0000108339788730261
20 0 0.000012500859457365
21 0 0.0000141677706060328
22 0 0.0000150012376423092
23 0 0.0000133343112110884
24 0 0.0000141677706060328
25 0 0.0000116674153447516
26 0 0.0000116674153447516
27 0 0.0000133343112110884
28 0 0.0000133343112110884
29 0 0.0000133343112110884
30 0 0.0000141677706060328
31 0 0.0000150012376423092
32 0 0.0000166681946396352
33 0 0.0000166681946396352
34 0 0.0000175016846010179
35 0 0.0000183351822042876
36 0 0.0000216692490401238
37 0 0.0000250034381590325
38 0 0.0000258370045466139
39 0 0.0000275041602521009
40 0 0.0000291713465325749
41 0 0.0000300049511388067
42 0 0.0000333394460065861
43 0 0.0000400088026996093
44 0 0.0000425099376131222
45 0 0.0000483461867075707
46 0 0.00005668433545436
47 0 0.0000633554051622243
48 0 0.000070860943814588
49 0 0.0000850397634148958
50 0 0.000097552323490957
51 0 0.000111735307382288
52 0 0.000125920504593591
53 0 0.000135100341368544
54 0 0.000146785110982983
55 0 0.000163480245109926
56 0 0.000182683441090514
57 0 0.000206901950655758
58 0 0.000226949736477855
59 0 0.000250344410298808
60 0 0.000268730165220221
61 0 0.000305512837081023
62 0 0.000336455247325729
63 0 0.000356531634559953
64 0 0.000397534702040403
65 0 0.000428508466157718
66 0 0.000478758644453348
67 0 0.000514788374032848
68 0 0.000563409256980729
69 0 0.000617090098907869
70 0 0.000669123678278649
71 0 0.000751431135869618
72 0 0.00082540347616511
73 0 0.000911219590253864
74 0 0.00101733979858842
75 0 0.00114130363857468
76 0 0.00127388755101021
77 0 0.00143459878348728
78 0 0.00163207069301452
79 0 0.00184102767948269
80 0 0.00212124065025054
81 0 0.00243141948200354
82 0 0.00282257512348127
83 0 0.00319902305144282
84 0 0.00372191904271701
85 0 0.00427929508006208
86 0 0.00508746607156807
87 0 0.00598211569022189
88 0 0.00700987797549346
89 0 0.00826011982097574
90 0 0.00970681541466945
91 0 0.0112375120107451
92 0 0.0133784696163475
93 0 0.0153037980400225
94 0 0.0177501598102682
95 0 0.0202028292360131
96 0 0.0231045615282371
97 0 0.026158959618626
98 0 0.0299525224289008
99 0 0.0338326442402812
100 0 0.0368254930582512
