*Period monthly mortality rates for SWE in 2088 
* Mon Dec 20 14:21:52 2010
death 1 M married
1 0 0.000134265772442244
2 0 0.0000141677706060328
3 0 0.00000416676215586609
4 0 0.00000333339444602565
5 0 0.00000250003437562984
6 0 0.00000250003437562984
7 0 0.00000250003437562984
8 0 0.00000250003437562984
9 0 0.00000166668194467867
10 0 0.00000250003437562984
11 0 0.00000250003437562984
12 0 0.00000250003437562984
13 0 0.00000250003437562984
14 0 0.00000333339444602565
15 0 0.00000333339444602565
16 0 0.00000500013750526218
17 0 0.00000750030939278279
18 0 0.00000916712885190574
19 0 0.0000116674153447516
20 0 0.0000158347123201397
21 0 0.0000191686874497776
22 0 0.0000200022003373768
23 0 0.0000208357208674181
24 0 0.0000200022003373768
25 0 0.0000200022003373768
26 0 0.0000191686874497776
27 0 0.0000191686874497776
28 0 0.0000183351822042876
29 0 0.0000183351822042876
30 0 0.0000175016846010179
31 0 0.0000183351822042876
32 0 0.0000175016846010179
33 0 0.0000175016846010179
34 0 0.0000191686874497776
35 0 0.0000191686874497776
36 0 0.0000208357208674181
37 0 0.0000225027848553827
38 0 0.0000233363283135279
39 0 0.0000258370045466139
40 0 0.0000275041602521009
41 0 0.0000291713465325749
42 0 0.0000325058108229248
43 0 0.0000358403974268784
44 0 0.0000400088026996093
45 0 0.0000433436645435048
46 0 0.0000483461867075707
47 0 0.0000525151654794387
48 0 0.0000575181923953005
49 0 0.0000650232490866376
50 0 0.0000700269644720031
51 0 0.0000775330540162544
52 0 0.000087542137645058
53 0 0.0000958838826297104
54 0 0.000110066606177961
55 0 0.000118410418553538
56 0 0.000129258519792286
57 0 0.000143446452102070
58 0 0.000160975779494144
59 0 0.000170159157473537
60 0 0.00019103392235309
61 0 0.000205231501423930
62 0 0.000227785156858840
63 0 0.000252851339696436
64 0 0.000277924437637966
65 0 0.000309693628284036
66 0 0.000333946010742214
67 0 0.000367408196463748
68 0 0.000410927466635069
69 0 0.000450280131697789
70 0 0.000499704423105984
71 0 0.000556701381245195
72 0 0.000612056172412223
73 0 0.000685075420268633
74 0 0.000764876172548612
75 0 0.000856523480591731
76 0 0.000977740775142899
77 0 0.00108140881878294
78 0 0.00127219736597395
79 0 0.00146084710738592
80 0 0.00169487709227212
81 0 0.00198400702209556
82 0 0.00235185105209867
83 0 0.00281741736701546
84 0 0.00334675548035057
85 0 0.00408730980715788
86 0 0.00493774798369573
87 0 0.00599279859825996
88 0 0.00718201406728691
89 0 0.00874069312752912
90 0 0.0104511331589163
91 0 0.0125329898499478
92 0 0.0152613498333151
93 0 0.0185104229004814
94 0 0.021568216480527
95 0 0.0254922063572571
96 0 0.0287314237300813
97 0 0.0341483794331464
98 0 0.0387168252064676
99 0 0.042846610566621
100 0 0.0485212941169058

death 1 M single
1 0 0.000134265772442244
2 0 0.0000141677706060328
3 0 0.00000416676215586609
4 0 0.00000333339444602565
5 0 0.00000250003437562984
6 0 0.00000250003437562984
7 0 0.00000250003437562984
8 0 0.00000250003437562984
9 0 0.00000166668194467867
10 0 0.00000250003437562984
11 0 0.00000250003437562984
12 0 0.00000250003437562984
13 0 0.00000250003437562984
14 0 0.00000333339444602565
15 0 0.00000333339444602565
16 0 0.00000500013750526218
17 0 0.00000750030939278279
18 0 0.00000916712885190574
19 0 0.0000116674153447516
20 0 0.0000158347123201397
21 0 0.0000191686874497776
22 0 0.0000200022003373768
23 0 0.0000208357208674181
24 0 0.0000200022003373768
25 0 0.0000200022003373768
26 0 0.0000191686874497776
27 0 0.0000191686874497776
28 0 0.0000183351822042876
29 0 0.0000183351822042876
30 0 0.0000175016846010179
31 0 0.0000183351822042876
32 0 0.0000175016846010179
33 0 0.0000175016846010179
34 0 0.0000191686874497776
35 0 0.0000191686874497776
36 0 0.0000208357208674181
37 0 0.0000225027848553827
38 0 0.0000233363283135279
39 0 0.0000258370045466139
40 0 0.0000275041602521009
41 0 0.0000291713465325749
42 0 0.0000325058108229248
43 0 0.0000358403974268784
44 0 0.0000400088026996093
45 0 0.0000433436645435048
46 0 0.0000483461867075707
47 0 0.0000525151654794387
48 0 0.0000575181923953005
49 0 0.0000650232490866376
50 0 0.0000700269644720031
51 0 0.0000775330540162544
52 0 0.000087542137645058
53 0 0.0000958838826297104
54 0 0.000110066606177961
55 0 0.000118410418553538
56 0 0.000129258519792286
57 0 0.000143446452102070
58 0 0.000160975779494144
59 0 0.000170159157473537
60 0 0.00019103392235309
61 0 0.000205231501423930
62 0 0.000227785156858840
63 0 0.000252851339696436
64 0 0.000277924437637966
65 0 0.000309693628284036
66 0 0.000333946010742214
67 0 0.000367408196463748
68 0 0.000410927466635069
69 0 0.000450280131697789
70 0 0.000499704423105984
71 0 0.000556701381245195
72 0 0.000612056172412223
73 0 0.000685075420268633
74 0 0.000764876172548612
75 0 0.000856523480591731
76 0 0.000977740775142899
77 0 0.00108140881878294
78 0 0.00127219736597395
79 0 0.00146084710738592
80 0 0.00169487709227212
81 0 0.00198400702209556
82 0 0.00235185105209867
83 0 0.00281741736701546
84 0 0.00334675548035057
85 0 0.00408730980715788
86 0 0.00493774798369573
87 0 0.00599279859825996
88 0 0.00718201406728691
89 0 0.00874069312752912
90 0 0.0104511331589163
91 0 0.0125329898499478
92 0 0.0152613498333151
93 0 0.0185104229004814
94 0 0.021568216480527
95 0 0.0254922063572571
96 0 0.0287314237300813
97 0 0.0341483794331464
98 0 0.0387168252064676
99 0 0.042846610566621
100 0 0.0485212941169058

death 1 M divorced
1 0 0.000134265772442244
2 0 0.0000141677706060328
3 0 0.00000416676215586609
4 0 0.00000333339444602565
5 0 0.00000250003437562984
6 0 0.00000250003437562984
7 0 0.00000250003437562984
8 0 0.00000250003437562984
9 0 0.00000166668194467867
10 0 0.00000250003437562984
11 0 0.00000250003437562984
12 0 0.00000250003437562984
13 0 0.00000250003437562984
14 0 0.00000333339444602565
15 0 0.00000333339444602565
16 0 0.00000500013750526218
17 0 0.00000750030939278279
18 0 0.00000916712885190574
19 0 0.0000116674153447516
20 0 0.0000158347123201397
21 0 0.0000191686874497776
22 0 0.0000200022003373768
23 0 0.0000208357208674181
24 0 0.0000200022003373768
25 0 0.0000200022003373768
26 0 0.0000191686874497776
27 0 0.0000191686874497776
28 0 0.0000183351822042876
29 0 0.0000183351822042876
30 0 0.0000175016846010179
31 0 0.0000183351822042876
32 0 0.0000175016846010179
33 0 0.0000175016846010179
34 0 0.0000191686874497776
35 0 0.0000191686874497776
36 0 0.0000208357208674181
37 0 0.0000225027848553827
38 0 0.0000233363283135279
39 0 0.0000258370045466139
40 0 0.0000275041602521009
41 0 0.0000291713465325749
42 0 0.0000325058108229248
43 0 0.0000358403974268784
44 0 0.0000400088026996093
45 0 0.0000433436645435048
46 0 0.0000483461867075707
47 0 0.0000525151654794387
48 0 0.0000575181923953005
49 0 0.0000650232490866376
50 0 0.0000700269644720031
51 0 0.0000775330540162544
52 0 0.000087542137645058
53 0 0.0000958838826297104
54 0 0.000110066606177961
55 0 0.000118410418553538
56 0 0.000129258519792286
57 0 0.000143446452102070
58 0 0.000160975779494144
59 0 0.000170159157473537
60 0 0.00019103392235309
61 0 0.000205231501423930
62 0 0.000227785156858840
63 0 0.000252851339696436
64 0 0.000277924437637966
65 0 0.000309693628284036
66 0 0.000333946010742214
67 0 0.000367408196463748
68 0 0.000410927466635069
69 0 0.000450280131697789
70 0 0.000499704423105984
71 0 0.000556701381245195
72 0 0.000612056172412223
73 0 0.000685075420268633
74 0 0.000764876172548612
75 0 0.000856523480591731
76 0 0.000977740775142899
77 0 0.00108140881878294
78 0 0.00127219736597395
79 0 0.00146084710738592
80 0 0.00169487709227212
81 0 0.00198400702209556
82 0 0.00235185105209867
83 0 0.00281741736701546
84 0 0.00334675548035057
85 0 0.00408730980715788
86 0 0.00493774798369573
87 0 0.00599279859825996
88 0 0.00718201406728691
89 0 0.00874069312752912
90 0 0.0104511331589163
91 0 0.0125329898499478
92 0 0.0152613498333151
93 0 0.0185104229004814
94 0 0.021568216480527
95 0 0.0254922063572571
96 0 0.0287314237300813
97 0 0.0341483794331464
98 0 0.0387168252064676
99 0 0.042846610566621
100 0 0.0485212941169058

death 1 M widowed
1 0 0.000134265772442244
2 0 0.0000141677706060328
3 0 0.00000416676215586609
4 0 0.00000333339444602565
5 0 0.00000250003437562984
6 0 0.00000250003437562984
7 0 0.00000250003437562984
8 0 0.00000250003437562984
9 0 0.00000166668194467867
10 0 0.00000250003437562984
11 0 0.00000250003437562984
12 0 0.00000250003437562984
13 0 0.00000250003437562984
14 0 0.00000333339444602565
15 0 0.00000333339444602565
16 0 0.00000500013750526218
17 0 0.00000750030939278279
18 0 0.00000916712885190574
19 0 0.0000116674153447516
20 0 0.0000158347123201397
21 0 0.0000191686874497776
22 0 0.0000200022003373768
23 0 0.0000208357208674181
24 0 0.0000200022003373768
25 0 0.0000200022003373768
26 0 0.0000191686874497776
27 0 0.0000191686874497776
28 0 0.0000183351822042876
29 0 0.0000183351822042876
30 0 0.0000175016846010179
31 0 0.0000183351822042876
32 0 0.0000175016846010179
33 0 0.0000175016846010179
34 0 0.0000191686874497776
35 0 0.0000191686874497776
36 0 0.0000208357208674181
37 0 0.0000225027848553827
38 0 0.0000233363283135279
39 0 0.0000258370045466139
40 0 0.0000275041602521009
41 0 0.0000291713465325749
42 0 0.0000325058108229248
43 0 0.0000358403974268784
44 0 0.0000400088026996093
45 0 0.0000433436645435048
46 0 0.0000483461867075707
47 0 0.0000525151654794387
48 0 0.0000575181923953005
49 0 0.0000650232490866376
50 0 0.0000700269644720031
51 0 0.0000775330540162544
52 0 0.000087542137645058
53 0 0.0000958838826297104
54 0 0.000110066606177961
55 0 0.000118410418553538
56 0 0.000129258519792286
57 0 0.000143446452102070
58 0 0.000160975779494144
59 0 0.000170159157473537
60 0 0.00019103392235309
61 0 0.000205231501423930
62 0 0.000227785156858840
63 0 0.000252851339696436
64 0 0.000277924437637966
65 0 0.000309693628284036
66 0 0.000333946010742214
67 0 0.000367408196463748
68 0 0.000410927466635069
69 0 0.000450280131697789
70 0 0.000499704423105984
71 0 0.000556701381245195
72 0 0.000612056172412223
73 0 0.000685075420268633
74 0 0.000764876172548612
75 0 0.000856523480591731
76 0 0.000977740775142899
77 0 0.00108140881878294
78 0 0.00127219736597395
79 0 0.00146084710738592
80 0 0.00169487709227212
81 0 0.00198400702209556
82 0 0.00235185105209867
83 0 0.00281741736701546
84 0 0.00334675548035057
85 0 0.00408730980715788
86 0 0.00493774798369573
87 0 0.00599279859825996
88 0 0.00718201406728691
89 0 0.00874069312752912
90 0 0.0104511331589163
91 0 0.0125329898499478
92 0 0.0152613498333151
93 0 0.0185104229004814
94 0 0.021568216480527
95 0 0.0254922063572571
96 0 0.0287314237300813
97 0 0.0341483794331464
98 0 0.0387168252064676
99 0 0.042846610566621
100 0 0.0485212941169058

death 1 F married
1 0 0.000133431211178481
2 0 0.0000141677706060328
3 0 0.00000416676215586609
4 0 0.00000333339444602565
5 0 0.00000250003437562984
6 0 0.00000250003437562984
7 0 0.00000250003437562984
8 0 0.00000166668194467867
9 0 0.00000166668194467867
10 0 0.00000250003437562984
11 0 0.00000166668194467867
12 0 0.00000250003437562984
13 0 0.00000166668194467867
14 0 0.00000250003437562984
15 0 0.00000333339444602565
16 0 0.00000416676215586609
17 0 0.00000500013750526218
18 0 0.00000500013750526218
19 0 0.00000583352049443597
20 0 0.00000666691112360951
21 0 0.00000750030939278279
22 0 0.00000833371530217786
23 0 0.00000750030939278279
24 0 0.00000750030939278279
25 0 0.00000666691112360951
26 0 0.00000666691112360951
27 0 0.00000750030939278279
28 0 0.00000750030939278279
29 0 0.00000750030939278279
30 0 0.00000750030939278279
31 0 0.00000833371530217786
32 0 0.00000916712885190574
33 0 0.00000916712885190574
34 0 0.00000916712885190574
35 0 0.0000100005500421885
36 0 0.0000116674153447516
37 0 0.0000133343112110884
38 0 0.0000141677706060328
39 0 0.0000150012376423092
40 0 0.0000158347123201397
41 0 0.0000166681946396352
42 0 0.0000183351822042876
43 0 0.0000216692490401238
44 0 0.0000233363283135279
45 0 0.0000266705785775256
46 0 0.0000316721832838152
47 0 0.0000366740631904117
48 0 0.0000416762183291786
49 0 0.0000516813544294559
50 0 0.0000608536966506534
51 0 0.0000716949308086079
52 0 0.0000833715521976197
53 0 0.0000900445807636707
54 0 0.0000983865554056162
55 0 0.000110066606177961
56 0 0.000123417073636167
57 0 0.000140107915847287
58 0 0.000153462796661064
59 0 0.000169324266588666
60 0 0.000181013436895361
61 0 0.000206066722202247
62 0 0.000227785156858840
63 0 0.00024115292740190
64 0 0.000268730165220221
65 0 0.000289627584302288
66 0 0.000323073452733302
67 0 0.000347329406522712
68 0 0.000379959693386556
69 0 0.00041678742188056
70 0 0.000451955091283596
71 0 0.000507246085562962
72 0 0.000556701381245195
73 0 0.000615412092418444
74 0 0.000686754713951743
75 0 0.000769918574388129
76 0 0.00085904719154739
77 0 0.00096763315250148
78 0 0.00109996355337527
79 0 0.00124008982693891
80 0 0.00142867279284986
81 0 0.00163716148493054
82 0 0.00189887313205850
83 0 0.00215024823318510
84 0 0.00249992134372345
85 0 0.00288879239340334
86 0 0.00353630914122205
87 0 0.00428278949289063
88 0 0.00516771123554594
89 0 0.00625135371218943
90 0 0.00751821925530904
91 0 0.00890973091777481
92 0 0.0108204478183948
93 0 0.0126335678002811
94 0 0.0149067568508983
95 0 0.0172109068208606
96 0 0.0201027490743628
97 0 0.0231778740261950
98 0 0.0270333150912019
99 0 0.0310161733819564
100 0 0.0340800161100332

death 1 F single
1 0 0.000133431211178481
2 0 0.0000141677706060328
3 0 0.00000416676215586609
4 0 0.00000333339444602565
5 0 0.00000250003437562984
6 0 0.00000250003437562984
7 0 0.00000250003437562984
8 0 0.00000166668194467867
9 0 0.00000166668194467867
10 0 0.00000250003437562984
11 0 0.00000166668194467867
12 0 0.00000250003437562984
13 0 0.00000166668194467867
14 0 0.00000250003437562984
15 0 0.00000333339444602565
16 0 0.00000416676215586609
17 0 0.00000500013750526218
18 0 0.00000500013750526218
19 0 0.00000583352049443597
20 0 0.00000666691112360951
21 0 0.00000750030939278279
22 0 0.00000833371530217786
23 0 0.00000750030939278279
24 0 0.00000750030939278279
25 0 0.00000666691112360951
26 0 0.00000666691112360951
27 0 0.00000750030939278279
28 0 0.00000750030939278279
29 0 0.00000750030939278279
30 0 0.00000750030939278279
31 0 0.00000833371530217786
32 0 0.00000916712885190574
33 0 0.00000916712885190574
34 0 0.00000916712885190574
35 0 0.0000100005500421885
36 0 0.0000116674153447516
37 0 0.0000133343112110884
38 0 0.0000141677706060328
39 0 0.0000150012376423092
40 0 0.0000158347123201397
41 0 0.0000166681946396352
42 0 0.0000183351822042876
43 0 0.0000216692490401238
44 0 0.0000233363283135279
45 0 0.0000266705785775256
46 0 0.0000316721832838152
47 0 0.0000366740631904117
48 0 0.0000416762183291786
49 0 0.0000516813544294559
50 0 0.0000608536966506534
51 0 0.0000716949308086079
52 0 0.0000833715521976197
53 0 0.0000900445807636707
54 0 0.0000983865554056162
55 0 0.000110066606177961
56 0 0.000123417073636167
57 0 0.000140107915847287
58 0 0.000153462796661064
59 0 0.000169324266588666
60 0 0.000181013436895361
61 0 0.000206066722202247
62 0 0.000227785156858840
63 0 0.00024115292740190
64 0 0.000268730165220221
65 0 0.000289627584302288
66 0 0.000323073452733302
67 0 0.000347329406522712
68 0 0.000379959693386556
69 0 0.00041678742188056
70 0 0.000451955091283596
71 0 0.000507246085562962
72 0 0.000556701381245195
73 0 0.000615412092418444
74 0 0.000686754713951743
75 0 0.000769918574388129
76 0 0.00085904719154739
77 0 0.00096763315250148
78 0 0.00109996355337527
79 0 0.00124008982693891
80 0 0.00142867279284986
81 0 0.00163716148493054
82 0 0.00189887313205850
83 0 0.00215024823318510
84 0 0.00249992134372345
85 0 0.00288879239340334
86 0 0.00353630914122205
87 0 0.00428278949289063
88 0 0.00516771123554594
89 0 0.00625135371218943
90 0 0.00751821925530904
91 0 0.00890973091777481
92 0 0.0108204478183948
93 0 0.0126335678002811
94 0 0.0149067568508983
95 0 0.0172109068208606
96 0 0.0201027490743628
97 0 0.0231778740261950
98 0 0.0270333150912019
99 0 0.0310161733819564
100 0 0.0340800161100332

death 1 F divorced
1 0 0.000133431211178481
2 0 0.0000141677706060328
3 0 0.00000416676215586609
4 0 0.00000333339444602565
5 0 0.00000250003437562984
6 0 0.00000250003437562984
7 0 0.00000250003437562984
8 0 0.00000166668194467867
9 0 0.00000166668194467867
10 0 0.00000250003437562984
11 0 0.00000166668194467867
12 0 0.00000250003437562984
13 0 0.00000166668194467867
14 0 0.00000250003437562984
15 0 0.00000333339444602565
16 0 0.00000416676215586609
17 0 0.00000500013750526218
18 0 0.00000500013750526218
19 0 0.00000583352049443597
20 0 0.00000666691112360951
21 0 0.00000750030939278279
22 0 0.00000833371530217786
23 0 0.00000750030939278279
24 0 0.00000750030939278279
25 0 0.00000666691112360951
26 0 0.00000666691112360951
27 0 0.00000750030939278279
28 0 0.00000750030939278279
29 0 0.00000750030939278279
30 0 0.00000750030939278279
31 0 0.00000833371530217786
32 0 0.00000916712885190574
33 0 0.00000916712885190574
34 0 0.00000916712885190574
35 0 0.0000100005500421885
36 0 0.0000116674153447516
37 0 0.0000133343112110884
38 0 0.0000141677706060328
39 0 0.0000150012376423092
40 0 0.0000158347123201397
41 0 0.0000166681946396352
42 0 0.0000183351822042876
43 0 0.0000216692490401238
44 0 0.0000233363283135279
45 0 0.0000266705785775256
46 0 0.0000316721832838152
47 0 0.0000366740631904117
48 0 0.0000416762183291786
49 0 0.0000516813544294559
50 0 0.0000608536966506534
51 0 0.0000716949308086079
52 0 0.0000833715521976197
53 0 0.0000900445807636707
54 0 0.0000983865554056162
55 0 0.000110066606177961
56 0 0.000123417073636167
57 0 0.000140107915847287
58 0 0.000153462796661064
59 0 0.000169324266588666
60 0 0.000181013436895361
61 0 0.000206066722202247
62 0 0.000227785156858840
63 0 0.00024115292740190
64 0 0.000268730165220221
65 0 0.000289627584302288
66 0 0.000323073452733302
67 0 0.000347329406522712
68 0 0.000379959693386556
69 0 0.00041678742188056
70 0 0.000451955091283596
71 0 0.000507246085562962
72 0 0.000556701381245195
73 0 0.000615412092418444
74 0 0.000686754713951743
75 0 0.000769918574388129
76 0 0.00085904719154739
77 0 0.00096763315250148
78 0 0.00109996355337527
79 0 0.00124008982693891
80 0 0.00142867279284986
81 0 0.00163716148493054
82 0 0.00189887313205850
83 0 0.00215024823318510
84 0 0.00249992134372345
85 0 0.00288879239340334
86 0 0.00353630914122205
87 0 0.00428278949289063
88 0 0.00516771123554594
89 0 0.00625135371218943
90 0 0.00751821925530904
91 0 0.00890973091777481
92 0 0.0108204478183948
93 0 0.0126335678002811
94 0 0.0149067568508983
95 0 0.0172109068208606
96 0 0.0201027490743628
97 0 0.0231778740261950
98 0 0.0270333150912019
99 0 0.0310161733819564
100 0 0.0340800161100332

death 1 F widowed
1 0 0.000133431211178481
2 0 0.0000141677706060328
3 0 0.00000416676215586609
4 0 0.00000333339444602565
5 0 0.00000250003437562984
6 0 0.00000250003437562984
7 0 0.00000250003437562984
8 0 0.00000166668194467867
9 0 0.00000166668194467867
10 0 0.00000250003437562984
11 0 0.00000166668194467867
12 0 0.00000250003437562984
13 0 0.00000166668194467867
14 0 0.00000250003437562984
15 0 0.00000333339444602565
16 0 0.00000416676215586609
17 0 0.00000500013750526218
18 0 0.00000500013750526218
19 0 0.00000583352049443597
20 0 0.00000666691112360951
21 0 0.00000750030939278279
22 0 0.00000833371530217786
23 0 0.00000750030939278279
24 0 0.00000750030939278279
25 0 0.00000666691112360951
26 0 0.00000666691112360951
27 0 0.00000750030939278279
28 0 0.00000750030939278279
29 0 0.00000750030939278279
30 0 0.00000750030939278279
31 0 0.00000833371530217786
32 0 0.00000916712885190574
33 0 0.00000916712885190574
34 0 0.00000916712885190574
35 0 0.0000100005500421885
36 0 0.0000116674153447516
37 0 0.0000133343112110884
38 0 0.0000141677706060328
39 0 0.0000150012376423092
40 0 0.0000158347123201397
41 0 0.0000166681946396352
42 0 0.0000183351822042876
43 0 0.0000216692490401238
44 0 0.0000233363283135279
45 0 0.0000266705785775256
46 0 0.0000316721832838152
47 0 0.0000366740631904117
48 0 0.0000416762183291786
49 0 0.0000516813544294559
50 0 0.0000608536966506534
51 0 0.0000716949308086079
52 0 0.0000833715521976197
53 0 0.0000900445807636707
54 0 0.0000983865554056162
55 0 0.000110066606177961
56 0 0.000123417073636167
57 0 0.000140107915847287
58 0 0.000153462796661064
59 0 0.000169324266588666
60 0 0.000181013436895361
61 0 0.000206066722202247
62 0 0.000227785156858840
63 0 0.00024115292740190
64 0 0.000268730165220221
65 0 0.000289627584302288
66 0 0.000323073452733302
67 0 0.000347329406522712
68 0 0.000379959693386556
69 0 0.00041678742188056
70 0 0.000451955091283596
71 0 0.000507246085562962
72 0 0.000556701381245195
73 0 0.000615412092418444
74 0 0.000686754713951743
75 0 0.000769918574388129
76 0 0.00085904719154739
77 0 0.00096763315250148
78 0 0.00109996355337527
79 0 0.00124008982693891
80 0 0.00142867279284986
81 0 0.00163716148493054
82 0 0.00189887313205850
83 0 0.00215024823318510
84 0 0.00249992134372345
85 0 0.00288879239340334
86 0 0.00353630914122205
87 0 0.00428278949289063
88 0 0.00516771123554594
89 0 0.00625135371218943
90 0 0.00751821925530904
91 0 0.00890973091777481
92 0 0.0108204478183948
93 0 0.0126335678002811
94 0 0.0149067568508983
95 0 0.0172109068208606
96 0 0.0201027490743628
97 0 0.0231778740261950
98 0 0.0270333150912019
99 0 0.0310161733819564
100 0 0.0340800161100332
