*Period monthly mortality rates for SWE in 1833 
* Mon Dec 20 14:19:39 2010
death 1 M married
1 0 0.0191030328297055
2 0 0.00354748700969199
3 0 0.00230499823378050
4 0 0.00145043154154312
5 0 0.00106083436444171
6 0 0.000890515342337306
7 0 0.000728075116095517
8 0 0.000570369201531529
9 0 0.000470632982288555
10 0 0.000427922378036016
11 0 0.000421810541447409
12 0 0.000405570123935717
13 0 0.000392596618172703
14 0 0.000394354210486947
15 0 0.000387993561304478
16 0 0.000369667337974944
17 0 0.000367910223057155
18 0 0.000382553885591275
19 0 0.000424154758938755
20 0 0.000486633690815252
21 0 0.00054915561294655
22 0 0.000590329589710836
23 0 0.000641508600001006
24 0 0.000718079230491053
25 0 0.000796311710332342
26 0 0.000806316208712632
27 0 0.000788493835720327
28 0 0.000810099709525502
29 0 0.000856186991095576
30 0 0.000904149316412917
31 0 0.000913828997024413
32 0 0.000940769190831747
33 0 0.00100697498174829
34 0 0.00106850707901152
35 0 0.00109304725455261
36 0 0.00109692706463538
37 0 0.00110738650888276
38 0 0.00114856118720830
39 0 0.00119397623084883
40 0 0.00121753684566028
41 0 0.00124296214429553
42 0 0.00131547601352600
43 0 0.00142359368018141
44 0 0.00153539985875184
45 0 0.00156303381533029
46 0 0.00154446897224647
47 0 0.00155260651823574
48 0 0.00161315241881865
49 0 0.00171737914666104
50 0 0.00185650623103117
51 0 0.00203452917546687
52 0 0.00223220210312991
53 0 0.00234757515634398
54 0 0.00241336073620046
55 0 0.00245324883277465
56 0 0.00251285687742742
57 0 0.00258827950438145
58 0 0.00273802495152942
59 0 0.00289903028825544
60 0 0.00298855357449601
61 0 0.00321957021806407
62 0 0.00348780104442492
63 0 0.00357296730684642
64 0 0.00378566920886469
65 0 0.00410448462908264
66 0 0.00451345677779824
67 0 0.00480910044671778
68 0 0.00513992600555158
69 0 0.00560156075402463
70 0 0.00603598822360907
71 0 0.00649856366850221
72 0 0.00712186431132433
73 0 0.00781342998466827
74 0 0.0084980723914404
75 0 0.0092484840461362
76 0 0.00990547382750506
77 0 0.0107044284184494
78 0 0.0115881918303987
79 0 0.0123822383204717
80 0 0.0137248231104126
81 0 0.0144203971404776
82 0 0.0154451079608980
83 0 0.0168199902841035
84 0 0.0190000628366953
85 0 0.0210644018869575
86 0 0.0229131564080526
87 0 0.0251576141236265
88 0 0.0276136862727456
89 0 0.0300805810592761
90 0 0.0323038844394832
91 0 0.0342048192717662
92 0 0.0345434863503269
93 0 0.0334294497144312
94 0 0.0319639536356842
95 0 0.0307857208582554
96 0 0.0383774284781929
97 0 0.0770539727717962
98 0 1
99 0 0.193164668027066
100 0 0.252765120927125

death 1 M single
1 0 0.0191030328297055
2 0 0.00354748700969199
3 0 0.00230499823378050
4 0 0.00145043154154312
5 0 0.00106083436444171
6 0 0.000890515342337306
7 0 0.000728075116095517
8 0 0.000570369201531529
9 0 0.000470632982288555
10 0 0.000427922378036016
11 0 0.000421810541447409
12 0 0.000405570123935717
13 0 0.000392596618172703
14 0 0.000394354210486947
15 0 0.000387993561304478
16 0 0.000369667337974944
17 0 0.000367910223057155
18 0 0.000382553885591275
19 0 0.000424154758938755
20 0 0.000486633690815252
21 0 0.00054915561294655
22 0 0.000590329589710836
23 0 0.000641508600001006
24 0 0.000718079230491053
25 0 0.000796311710332342
26 0 0.000806316208712632
27 0 0.000788493835720327
28 0 0.000810099709525502
29 0 0.000856186991095576
30 0 0.000904149316412917
31 0 0.000913828997024413
32 0 0.000940769190831747
33 0 0.00100697498174829
34 0 0.00106850707901152
35 0 0.00109304725455261
36 0 0.00109692706463538
37 0 0.00110738650888276
38 0 0.00114856118720830
39 0 0.00119397623084883
40 0 0.00121753684566028
41 0 0.00124296214429553
42 0 0.00131547601352600
43 0 0.00142359368018141
44 0 0.00153539985875184
45 0 0.00156303381533029
46 0 0.00154446897224647
47 0 0.00155260651823574
48 0 0.00161315241881865
49 0 0.00171737914666104
50 0 0.00185650623103117
51 0 0.00203452917546687
52 0 0.00223220210312991
53 0 0.00234757515634398
54 0 0.00241336073620046
55 0 0.00245324883277465
56 0 0.00251285687742742
57 0 0.00258827950438145
58 0 0.00273802495152942
59 0 0.00289903028825544
60 0 0.00298855357449601
61 0 0.00321957021806407
62 0 0.00348780104442492
63 0 0.00357296730684642
64 0 0.00378566920886469
65 0 0.00410448462908264
66 0 0.00451345677779824
67 0 0.00480910044671778
68 0 0.00513992600555158
69 0 0.00560156075402463
70 0 0.00603598822360907
71 0 0.00649856366850221
72 0 0.00712186431132433
73 0 0.00781342998466827
74 0 0.0084980723914404
75 0 0.0092484840461362
76 0 0.00990547382750506
77 0 0.0107044284184494
78 0 0.0115881918303987
79 0 0.0123822383204717
80 0 0.0137248231104126
81 0 0.0144203971404776
82 0 0.0154451079608980
83 0 0.0168199902841035
84 0 0.0190000628366953
85 0 0.0210644018869575
86 0 0.0229131564080526
87 0 0.0251576141236265
88 0 0.0276136862727456
89 0 0.0300805810592761
90 0 0.0323038844394832
91 0 0.0342048192717662
92 0 0.0345434863503269
93 0 0.0334294497144312
94 0 0.0319639536356842
95 0 0.0307857208582554
96 0 0.0383774284781929
97 0 0.0770539727717962
98 0 1
99 0 0.193164668027066
100 0 0.252765120927125

death 1 M divorced
1 0 0.0191030328297055
2 0 0.00354748700969199
3 0 0.00230499823378050
4 0 0.00145043154154312
5 0 0.00106083436444171
6 0 0.000890515342337306
7 0 0.000728075116095517
8 0 0.000570369201531529
9 0 0.000470632982288555
10 0 0.000427922378036016
11 0 0.000421810541447409
12 0 0.000405570123935717
13 0 0.000392596618172703
14 0 0.000394354210486947
15 0 0.000387993561304478
16 0 0.000369667337974944
17 0 0.000367910223057155
18 0 0.000382553885591275
19 0 0.000424154758938755
20 0 0.000486633690815252
21 0 0.00054915561294655
22 0 0.000590329589710836
23 0 0.000641508600001006
24 0 0.000718079230491053
25 0 0.000796311710332342
26 0 0.000806316208712632
27 0 0.000788493835720327
28 0 0.000810099709525502
29 0 0.000856186991095576
30 0 0.000904149316412917
31 0 0.000913828997024413
32 0 0.000940769190831747
33 0 0.00100697498174829
34 0 0.00106850707901152
35 0 0.00109304725455261
36 0 0.00109692706463538
37 0 0.00110738650888276
38 0 0.00114856118720830
39 0 0.00119397623084883
40 0 0.00121753684566028
41 0 0.00124296214429553
42 0 0.00131547601352600
43 0 0.00142359368018141
44 0 0.00153539985875184
45 0 0.00156303381533029
46 0 0.00154446897224647
47 0 0.00155260651823574
48 0 0.00161315241881865
49 0 0.00171737914666104
50 0 0.00185650623103117
51 0 0.00203452917546687
52 0 0.00223220210312991
53 0 0.00234757515634398
54 0 0.00241336073620046
55 0 0.00245324883277465
56 0 0.00251285687742742
57 0 0.00258827950438145
58 0 0.00273802495152942
59 0 0.00289903028825544
60 0 0.00298855357449601
61 0 0.00321957021806407
62 0 0.00348780104442492
63 0 0.00357296730684642
64 0 0.00378566920886469
65 0 0.00410448462908264
66 0 0.00451345677779824
67 0 0.00480910044671778
68 0 0.00513992600555158
69 0 0.00560156075402463
70 0 0.00603598822360907
71 0 0.00649856366850221
72 0 0.00712186431132433
73 0 0.00781342998466827
74 0 0.0084980723914404
75 0 0.0092484840461362
76 0 0.00990547382750506
77 0 0.0107044284184494
78 0 0.0115881918303987
79 0 0.0123822383204717
80 0 0.0137248231104126
81 0 0.0144203971404776
82 0 0.0154451079608980
83 0 0.0168199902841035
84 0 0.0190000628366953
85 0 0.0210644018869575
86 0 0.0229131564080526
87 0 0.0251576141236265
88 0 0.0276136862727456
89 0 0.0300805810592761
90 0 0.0323038844394832
91 0 0.0342048192717662
92 0 0.0345434863503269
93 0 0.0334294497144312
94 0 0.0319639536356842
95 0 0.0307857208582554
96 0 0.0383774284781929
97 0 0.0770539727717962
98 0 1
99 0 0.193164668027066
100 0 0.252765120927125

death 1 M widowed
1 0 0.0191030328297055
2 0 0.00354748700969199
3 0 0.00230499823378050
4 0 0.00145043154154312
5 0 0.00106083436444171
6 0 0.000890515342337306
7 0 0.000728075116095517
8 0 0.000570369201531529
9 0 0.000470632982288555
10 0 0.000427922378036016
11 0 0.000421810541447409
12 0 0.000405570123935717
13 0 0.000392596618172703
14 0 0.000394354210486947
15 0 0.000387993561304478
16 0 0.000369667337974944
17 0 0.000367910223057155
18 0 0.000382553885591275
19 0 0.000424154758938755
20 0 0.000486633690815252
21 0 0.00054915561294655
22 0 0.000590329589710836
23 0 0.000641508600001006
24 0 0.000718079230491053
25 0 0.000796311710332342
26 0 0.000806316208712632
27 0 0.000788493835720327
28 0 0.000810099709525502
29 0 0.000856186991095576
30 0 0.000904149316412917
31 0 0.000913828997024413
32 0 0.000940769190831747
33 0 0.00100697498174829
34 0 0.00106850707901152
35 0 0.00109304725455261
36 0 0.00109692706463538
37 0 0.00110738650888276
38 0 0.00114856118720830
39 0 0.00119397623084883
40 0 0.00121753684566028
41 0 0.00124296214429553
42 0 0.00131547601352600
43 0 0.00142359368018141
44 0 0.00153539985875184
45 0 0.00156303381533029
46 0 0.00154446897224647
47 0 0.00155260651823574
48 0 0.00161315241881865
49 0 0.00171737914666104
50 0 0.00185650623103117
51 0 0.00203452917546687
52 0 0.00223220210312991
53 0 0.00234757515634398
54 0 0.00241336073620046
55 0 0.00245324883277465
56 0 0.00251285687742742
57 0 0.00258827950438145
58 0 0.00273802495152942
59 0 0.00289903028825544
60 0 0.00298855357449601
61 0 0.00321957021806407
62 0 0.00348780104442492
63 0 0.00357296730684642
64 0 0.00378566920886469
65 0 0.00410448462908264
66 0 0.00451345677779824
67 0 0.00480910044671778
68 0 0.00513992600555158
69 0 0.00560156075402463
70 0 0.00603598822360907
71 0 0.00649856366850221
72 0 0.00712186431132433
73 0 0.00781342998466827
74 0 0.0084980723914404
75 0 0.0092484840461362
76 0 0.00990547382750506
77 0 0.0107044284184494
78 0 0.0115881918303987
79 0 0.0123822383204717
80 0 0.0137248231104126
81 0 0.0144203971404776
82 0 0.0154451079608980
83 0 0.0168199902841035
84 0 0.0190000628366953
85 0 0.0210644018869575
86 0 0.0229131564080526
87 0 0.0251576141236265
88 0 0.0276136862727456
89 0 0.0300805810592761
90 0 0.0323038844394832
91 0 0.0342048192717662
92 0 0.0345434863503269
93 0 0.0334294497144312
94 0 0.0319639536356842
95 0 0.0307857208582554
96 0 0.0383774284781929
97 0 0.0770539727717962
98 0 1
99 0 0.193164668027066
100 0 0.252765120927125

death 1 F married
1 0 0.0161737667556792
2 0 0.00320308031602345
3 0 0.00207672352299026
4 0 0.00131581420918980
5 0 0.000961905998960066
6 0 0.000795975443813046
7 0 0.000636305482534905
8 0 0.000486214788183781
9 0 0.000395023778405612
10 0 0.000360547444289594
11 0 0.000365400117822823
12 0 0.00036314108238944
13 0 0.000362137084666481
14 0 0.000374018435427059
15 0 0.000380629155252943
16 0 0.000373097993592197
17 0 0.000374436821161228
18 0 0.000382386516117439
19 0 0.000405151594838449
20 0 0.000437132771292092
21 0 0.000455556358944786
22 0 0.000462424288251606
23 0 0.00048520942974728
24 0 0.000530796860720772
25 0 0.000583871337190622
26 0 0.000591252234689921
27 0 0.000582781028162782
28 0 0.000605260814042108
29 0 0.000642263916014407
30 0 0.000683983896020313
31 0 0.000697586904087832
32 0 0.000726815069930442
33 0 0.000790763471938849
34 0 0.00084146679574959
35 0 0.000856102868916353
36 0 0.000854168080295703
37 0 0.000849878043836738
38 0 0.000872760580057252
39 0 0.000893124154346614
40 0 0.000899688593464787
41 0 0.000914081524238886
42 0 0.000966875126148903
43 0 0.00104903145387392
44 0 0.00112729652209542
45 0 0.00115902658090483
46 0 0.00117709066239169
47 0 0.00119566496041179
48 0 0.00123147342001761
49 0 0.00127836669353054
50 0 0.00134050589600776
51 0 0.00143315957876600
52 0 0.00155065683138589
53 0 0.00162070228859990
54 0 0.00168282168307465
55 0 0.00175645256973789
56 0 0.00186433155858012
57 0 0.00197284993463653
58 0 0.00212840636688083
59 0 0.00227465941213534
60 0 0.00233312412071118
61 0 0.00248184895298054
62 0 0.00266213445753438
63 0 0.0027405156482998
64 0 0.00294894583070371
65 0 0.00327830209407287
66 0 0.00373676691186386
67 0 0.00411154730321539
68 0 0.00448946168630493
69 0 0.00497084076502508
70 0 0.00540958249017431
71 0 0.00585401920108286
72 0 0.00638350228922202
73 0 0.00703004868063606
74 0 0.00765006042673488
75 0 0.0082759151016133
76 0 0.00885053161284677
77 0 0.0094872137371368
78 0 0.0101217189586797
79 0 0.0108355714021695
80 0 0.0120220731928907
81 0 0.0126160303894515
82 0 0.0137126000328797
83 0 0.0152302668219810
84 0 0.0175128111702463
85 0 0.0197044824434683
86 0 0.0218554082119062
87 0 0.0245040184573391
88 0 0.0274901727207378
89 0 0.0303853361830086
90 0 0.0327335376312902
91 0 0.0343132806780456
92 0 0.0345605399419691
93 0 0.0340269491617106
94 0 0.0341665779286981
95 0 0.038221079559101
96 0 0.0554022759598471
97 0 0.084576659270604
98 0 0.121974617810786
99 0 0.121481578389285
100 0 0.110603228259553

death 1 F single
1 0 0.0161737667556792
2 0 0.00320308031602345
3 0 0.00207672352299026
4 0 0.00131581420918980
5 0 0.000961905998960066
6 0 0.000795975443813046
7 0 0.000636305482534905
8 0 0.000486214788183781
9 0 0.000395023778405612
10 0 0.000360547444289594
11 0 0.000365400117822823
12 0 0.00036314108238944
13 0 0.000362137084666481
14 0 0.000374018435427059
15 0 0.000380629155252943
16 0 0.000373097993592197
17 0 0.000374436821161228
18 0 0.000382386516117439
19 0 0.000405151594838449
20 0 0.000437132771292092
21 0 0.000455556358944786
22 0 0.000462424288251606
23 0 0.00048520942974728
24 0 0.000530796860720772
25 0 0.000583871337190622
26 0 0.000591252234689921
27 0 0.000582781028162782
28 0 0.000605260814042108
29 0 0.000642263916014407
30 0 0.000683983896020313
31 0 0.000697586904087832
32 0 0.000726815069930442
33 0 0.000790763471938849
34 0 0.00084146679574959
35 0 0.000856102868916353
36 0 0.000854168080295703
37 0 0.000849878043836738
38 0 0.000872760580057252
39 0 0.000893124154346614
40 0 0.000899688593464787
41 0 0.000914081524238886
42 0 0.000966875126148903
43 0 0.00104903145387392
44 0 0.00112729652209542
45 0 0.00115902658090483
46 0 0.00117709066239169
47 0 0.00119566496041179
48 0 0.00123147342001761
49 0 0.00127836669353054
50 0 0.00134050589600776
51 0 0.00143315957876600
52 0 0.00155065683138589
53 0 0.00162070228859990
54 0 0.00168282168307465
55 0 0.00175645256973789
56 0 0.00186433155858012
57 0 0.00197284993463653
58 0 0.00212840636688083
59 0 0.00227465941213534
60 0 0.00233312412071118
61 0 0.00248184895298054
62 0 0.00266213445753438
63 0 0.0027405156482998
64 0 0.00294894583070371
65 0 0.00327830209407287
66 0 0.00373676691186386
67 0 0.00411154730321539
68 0 0.00448946168630493
69 0 0.00497084076502508
70 0 0.00540958249017431
71 0 0.00585401920108286
72 0 0.00638350228922202
73 0 0.00703004868063606
74 0 0.00765006042673488
75 0 0.0082759151016133
76 0 0.00885053161284677
77 0 0.0094872137371368
78 0 0.0101217189586797
79 0 0.0108355714021695
80 0 0.0120220731928907
81 0 0.0126160303894515
82 0 0.0137126000328797
83 0 0.0152302668219810
84 0 0.0175128111702463
85 0 0.0197044824434683
86 0 0.0218554082119062
87 0 0.0245040184573391
88 0 0.0274901727207378
89 0 0.0303853361830086
90 0 0.0327335376312902
91 0 0.0343132806780456
92 0 0.0345605399419691
93 0 0.0340269491617106
94 0 0.0341665779286981
95 0 0.038221079559101
96 0 0.0554022759598471
97 0 0.084576659270604
98 0 0.121974617810786
99 0 0.121481578389285
100 0 0.110603228259553

death 1 F divorced
1 0 0.0161737667556792
2 0 0.00320308031602345
3 0 0.00207672352299026
4 0 0.00131581420918980
5 0 0.000961905998960066
6 0 0.000795975443813046
7 0 0.000636305482534905
8 0 0.000486214788183781
9 0 0.000395023778405612
10 0 0.000360547444289594
11 0 0.000365400117822823
12 0 0.00036314108238944
13 0 0.000362137084666481
14 0 0.000374018435427059
15 0 0.000380629155252943
16 0 0.000373097993592197
17 0 0.000374436821161228
18 0 0.000382386516117439
19 0 0.000405151594838449
20 0 0.000437132771292092
21 0 0.000455556358944786
22 0 0.000462424288251606
23 0 0.00048520942974728
24 0 0.000530796860720772
25 0 0.000583871337190622
26 0 0.000591252234689921
27 0 0.000582781028162782
28 0 0.000605260814042108
29 0 0.000642263916014407
30 0 0.000683983896020313
31 0 0.000697586904087832
32 0 0.000726815069930442
33 0 0.000790763471938849
34 0 0.00084146679574959
35 0 0.000856102868916353
36 0 0.000854168080295703
37 0 0.000849878043836738
38 0 0.000872760580057252
39 0 0.000893124154346614
40 0 0.000899688593464787
41 0 0.000914081524238886
42 0 0.000966875126148903
43 0 0.00104903145387392
44 0 0.00112729652209542
45 0 0.00115902658090483
46 0 0.00117709066239169
47 0 0.00119566496041179
48 0 0.00123147342001761
49 0 0.00127836669353054
50 0 0.00134050589600776
51 0 0.00143315957876600
52 0 0.00155065683138589
53 0 0.00162070228859990
54 0 0.00168282168307465
55 0 0.00175645256973789
56 0 0.00186433155858012
57 0 0.00197284993463653
58 0 0.00212840636688083
59 0 0.00227465941213534
60 0 0.00233312412071118
61 0 0.00248184895298054
62 0 0.00266213445753438
63 0 0.0027405156482998
64 0 0.00294894583070371
65 0 0.00327830209407287
66 0 0.00373676691186386
67 0 0.00411154730321539
68 0 0.00448946168630493
69 0 0.00497084076502508
70 0 0.00540958249017431
71 0 0.00585401920108286
72 0 0.00638350228922202
73 0 0.00703004868063606
74 0 0.00765006042673488
75 0 0.0082759151016133
76 0 0.00885053161284677
77 0 0.0094872137371368
78 0 0.0101217189586797
79 0 0.0108355714021695
80 0 0.0120220731928907
81 0 0.0126160303894515
82 0 0.0137126000328797
83 0 0.0152302668219810
84 0 0.0175128111702463
85 0 0.0197044824434683
86 0 0.0218554082119062
87 0 0.0245040184573391
88 0 0.0274901727207378
89 0 0.0303853361830086
90 0 0.0327335376312902
91 0 0.0343132806780456
92 0 0.0345605399419691
93 0 0.0340269491617106
94 0 0.0341665779286981
95 0 0.038221079559101
96 0 0.0554022759598471
97 0 0.084576659270604
98 0 0.121974617810786
99 0 0.121481578389285
100 0 0.110603228259553

death 1 F widowed
1 0 0.0161737667556792
2 0 0.00320308031602345
3 0 0.00207672352299026
4 0 0.00131581420918980
5 0 0.000961905998960066
6 0 0.000795975443813046
7 0 0.000636305482534905
8 0 0.000486214788183781
9 0 0.000395023778405612
10 0 0.000360547444289594
11 0 0.000365400117822823
12 0 0.00036314108238944
13 0 0.000362137084666481
14 0 0.000374018435427059
15 0 0.000380629155252943
16 0 0.000373097993592197
17 0 0.000374436821161228
18 0 0.000382386516117439
19 0 0.000405151594838449
20 0 0.000437132771292092
21 0 0.000455556358944786
22 0 0.000462424288251606
23 0 0.00048520942974728
24 0 0.000530796860720772
25 0 0.000583871337190622
26 0 0.000591252234689921
27 0 0.000582781028162782
28 0 0.000605260814042108
29 0 0.000642263916014407
30 0 0.000683983896020313
31 0 0.000697586904087832
32 0 0.000726815069930442
33 0 0.000790763471938849
34 0 0.00084146679574959
35 0 0.000856102868916353
36 0 0.000854168080295703
37 0 0.000849878043836738
38 0 0.000872760580057252
39 0 0.000893124154346614
40 0 0.000899688593464787
41 0 0.000914081524238886
42 0 0.000966875126148903
43 0 0.00104903145387392
44 0 0.00112729652209542
45 0 0.00115902658090483
46 0 0.00117709066239169
47 0 0.00119566496041179
48 0 0.00123147342001761
49 0 0.00127836669353054
50 0 0.00134050589600776
51 0 0.00143315957876600
52 0 0.00155065683138589
53 0 0.00162070228859990
54 0 0.00168282168307465
55 0 0.00175645256973789
56 0 0.00186433155858012
57 0 0.00197284993463653
58 0 0.00212840636688083
59 0 0.00227465941213534
60 0 0.00233312412071118
61 0 0.00248184895298054
62 0 0.00266213445753438
63 0 0.0027405156482998
64 0 0.00294894583070371
65 0 0.00327830209407287
66 0 0.00373676691186386
67 0 0.00411154730321539
68 0 0.00448946168630493
69 0 0.00497084076502508
70 0 0.00540958249017431
71 0 0.00585401920108286
72 0 0.00638350228922202
73 0 0.00703004868063606
74 0 0.00765006042673488
75 0 0.0082759151016133
76 0 0.00885053161284677
77 0 0.0094872137371368
78 0 0.0101217189586797
79 0 0.0108355714021695
80 0 0.0120220731928907
81 0 0.0126160303894515
82 0 0.0137126000328797
83 0 0.0152302668219810
84 0 0.0175128111702463
85 0 0.0197044824434683
86 0 0.0218554082119062
87 0 0.0245040184573391
88 0 0.0274901727207378
89 0 0.0303853361830086
90 0 0.0327335376312902
91 0 0.0343132806780456
92 0 0.0345605399419691
93 0 0.0340269491617106
94 0 0.0341665779286981
95 0 0.038221079559101
96 0 0.0554022759598471
97 0 0.084576659270604
98 0 0.121974617810786
99 0 0.121481578389285
100 0 0.110603228259553
