*Period monthly mortality rates for SWE in 2007 
* Mon Dec 20 14:21:51 2010
death 1 M married
1 0 0.000224192903701348
2 0 0.0000246700137440659
3 0 0.0000110006655561490
4 0 0.00000158334712174746
5 0 0.00000808369272708997
6 0 0.0000100838925813918
7 0 0.00000516681349194137
8 0 0.00000691692980214764
9 0 0.00000875042112202795
10 0 0.00000341673087322913
11 0 0.00000500013750526218
12 0 0.00000475012409828501
13 0 0.00000725028910986136
14 0 0.0000110006655561490
15 0 0.0000130842748826687
16 0 0.0000176683835103608
17 0 0.0000260037187412854
18 0 0.0000278375950621967
19 0 0.0000447610178739843
20 0 0.0000689428027651484
21 0 0.0000587689921486279
22 0 0.0000537658963947196
23 0 0.0000596028682123828
24 0 0.0000440940253185751
25 0 0.0000741135363607759
26 0 0.0000629384489625462
27 0 0.0000750309553007034
28 0 0.0000525151654794387
29 0 0.0000610204750761678
30 0 0.0000596028682123828
31 0 0.0000553501802583733
32 0 0.000047929299345828
33 0 0.0000498469970400262
34 0 0.0000529320738724692
35 0 0.0000579351237341985
36 0 0.000055850486162301
37 0 0.0000684424248000859
38 0 0.0000643561078448318
39 0 0.000064522892696206
40 0 0.0000847895297806378
41 0 0.0000914626624447523
42 0 0.0000943823120371778
43 0 0.000106562433357715
44 0 0.000125169468066844
45 0 0.000126170851481588
46 0 0.000166068265410657
47 0 0.000164649019346763
48 0 0.000170743585655830
49 0 0.000177172543686765
50 0 0.000218261819691423
51 0 0.00026931522757212
52 0 0.000283692228725485
53 0 0.000326418716656729
54 0 0.000307017899757955
55 0 0.000343732425234222
56 0 0.000374018435427059
57 0 0.000416871138264718
58 0 0.000476831875331651
59 0 0.00053054539671793
60 0 0.000583871337190622
61 0 0.000593516948454109
62 0 0.000716903316256956
63 0 0.000799758513928439
64 0 0.000894554825004001
65 0 0.00100343604690467
66 0 0.00113092466419717
67 0 0.00111514752028630
68 0 0.00133847618898442
69 0 0.00140421101181898
70 0 0.0015363321557349
71 0 0.00173470528437170
72 0 0.00187428430877545
73 0 0.00214060644853442
74 0 0.00242131983500193
75 0 0.00252922168622061
76 0 0.00304394733459756
77 0 0.00331157158629136
78 0 0.00382051626090185
79 0 0.00450662541053282
80 0 0.00468168855072526
81 0 0.00572051185537337
82 0 0.00631405327569845
83 0 0.00722027104448009
84 0 0.00806751233438507
85 0 0.00924949936320252
86 0 0.0103362427999543
87 0 0.0119631688485491
88 0 0.0138145099649496
89 0 0.0148354170910788
90 0 0.0168987606279831
91 0 0.0201342205045176
92 0 0.0221082500250573
93 0 0.026029105016239
94 0 0.0292527170840677
95 0 0.0351588955884
96 0 0.0359932837100826
97 0 0.0412309860960232
98 0 0.0399103145184356
99 0 0.0548295146552825
100 0 0.0482068899521462

death 1 M single
1 0 0.000224192903701348
2 0 0.0000246700137440659
3 0 0.0000110006655561490
4 0 0.00000158334712174746
5 0 0.00000808369272708997
6 0 0.0000100838925813918
7 0 0.00000516681349194137
8 0 0.00000691692980214764
9 0 0.00000875042112202795
10 0 0.00000341673087322913
11 0 0.00000500013750526218
12 0 0.00000475012409828501
13 0 0.00000725028910986136
14 0 0.0000110006655561490
15 0 0.0000130842748826687
16 0 0.0000176683835103608
17 0 0.0000260037187412854
18 0 0.0000278375950621967
19 0 0.0000447610178739843
20 0 0.0000689428027651484
21 0 0.0000587689921486279
22 0 0.0000537658963947196
23 0 0.0000596028682123828
24 0 0.0000440940253185751
25 0 0.0000741135363607759
26 0 0.0000629384489625462
27 0 0.0000750309553007034
28 0 0.0000525151654794387
29 0 0.0000610204750761678
30 0 0.0000596028682123828
31 0 0.0000553501802583733
32 0 0.000047929299345828
33 0 0.0000498469970400262
34 0 0.0000529320738724692
35 0 0.0000579351237341985
36 0 0.000055850486162301
37 0 0.0000684424248000859
38 0 0.0000643561078448318
39 0 0.000064522892696206
40 0 0.0000847895297806378
41 0 0.0000914626624447523
42 0 0.0000943823120371778
43 0 0.000106562433357715
44 0 0.000125169468066844
45 0 0.000126170851481588
46 0 0.000166068265410657
47 0 0.000164649019346763
48 0 0.000170743585655830
49 0 0.000177172543686765
50 0 0.000218261819691423
51 0 0.00026931522757212
52 0 0.000283692228725485
53 0 0.000326418716656729
54 0 0.000307017899757955
55 0 0.000343732425234222
56 0 0.000374018435427059
57 0 0.000416871138264718
58 0 0.000476831875331651
59 0 0.00053054539671793
60 0 0.000583871337190622
61 0 0.000593516948454109
62 0 0.000716903316256956
63 0 0.000799758513928439
64 0 0.000894554825004001
65 0 0.00100343604690467
66 0 0.00113092466419717
67 0 0.00111514752028630
68 0 0.00133847618898442
69 0 0.00140421101181898
70 0 0.0015363321557349
71 0 0.00173470528437170
72 0 0.00187428430877545
73 0 0.00214060644853442
74 0 0.00242131983500193
75 0 0.00252922168622061
76 0 0.00304394733459756
77 0 0.00331157158629136
78 0 0.00382051626090185
79 0 0.00450662541053282
80 0 0.00468168855072526
81 0 0.00572051185537337
82 0 0.00631405327569845
83 0 0.00722027104448009
84 0 0.00806751233438507
85 0 0.00924949936320252
86 0 0.0103362427999543
87 0 0.0119631688485491
88 0 0.0138145099649496
89 0 0.0148354170910788
90 0 0.0168987606279831
91 0 0.0201342205045176
92 0 0.0221082500250573
93 0 0.026029105016239
94 0 0.0292527170840677
95 0 0.0351588955884
96 0 0.0359932837100826
97 0 0.0412309860960232
98 0 0.0399103145184356
99 0 0.0548295146552825
100 0 0.0482068899521462

death 1 M divorced
1 0 0.000224192903701348
2 0 0.0000246700137440659
3 0 0.0000110006655561490
4 0 0.00000158334712174746
5 0 0.00000808369272708997
6 0 0.0000100838925813918
7 0 0.00000516681349194137
8 0 0.00000691692980214764
9 0 0.00000875042112202795
10 0 0.00000341673087322913
11 0 0.00000500013750526218
12 0 0.00000475012409828501
13 0 0.00000725028910986136
14 0 0.0000110006655561490
15 0 0.0000130842748826687
16 0 0.0000176683835103608
17 0 0.0000260037187412854
18 0 0.0000278375950621967
19 0 0.0000447610178739843
20 0 0.0000689428027651484
21 0 0.0000587689921486279
22 0 0.0000537658963947196
23 0 0.0000596028682123828
24 0 0.0000440940253185751
25 0 0.0000741135363607759
26 0 0.0000629384489625462
27 0 0.0000750309553007034
28 0 0.0000525151654794387
29 0 0.0000610204750761678
30 0 0.0000596028682123828
31 0 0.0000553501802583733
32 0 0.000047929299345828
33 0 0.0000498469970400262
34 0 0.0000529320738724692
35 0 0.0000579351237341985
36 0 0.000055850486162301
37 0 0.0000684424248000859
38 0 0.0000643561078448318
39 0 0.000064522892696206
40 0 0.0000847895297806378
41 0 0.0000914626624447523
42 0 0.0000943823120371778
43 0 0.000106562433357715
44 0 0.000125169468066844
45 0 0.000126170851481588
46 0 0.000166068265410657
47 0 0.000164649019346763
48 0 0.000170743585655830
49 0 0.000177172543686765
50 0 0.000218261819691423
51 0 0.00026931522757212
52 0 0.000283692228725485
53 0 0.000326418716656729
54 0 0.000307017899757955
55 0 0.000343732425234222
56 0 0.000374018435427059
57 0 0.000416871138264718
58 0 0.000476831875331651
59 0 0.00053054539671793
60 0 0.000583871337190622
61 0 0.000593516948454109
62 0 0.000716903316256956
63 0 0.000799758513928439
64 0 0.000894554825004001
65 0 0.00100343604690467
66 0 0.00113092466419717
67 0 0.00111514752028630
68 0 0.00133847618898442
69 0 0.00140421101181898
70 0 0.0015363321557349
71 0 0.00173470528437170
72 0 0.00187428430877545
73 0 0.00214060644853442
74 0 0.00242131983500193
75 0 0.00252922168622061
76 0 0.00304394733459756
77 0 0.00331157158629136
78 0 0.00382051626090185
79 0 0.00450662541053282
80 0 0.00468168855072526
81 0 0.00572051185537337
82 0 0.00631405327569845
83 0 0.00722027104448009
84 0 0.00806751233438507
85 0 0.00924949936320252
86 0 0.0103362427999543
87 0 0.0119631688485491
88 0 0.0138145099649496
89 0 0.0148354170910788
90 0 0.0168987606279831
91 0 0.0201342205045176
92 0 0.0221082500250573
93 0 0.026029105016239
94 0 0.0292527170840677
95 0 0.0351588955884
96 0 0.0359932837100826
97 0 0.0412309860960232
98 0 0.0399103145184356
99 0 0.0548295146552825
100 0 0.0482068899521462

death 1 M widowed
1 0 0.000224192903701348
2 0 0.0000246700137440659
3 0 0.0000110006655561490
4 0 0.00000158334712174746
5 0 0.00000808369272708997
6 0 0.0000100838925813918
7 0 0.00000516681349194137
8 0 0.00000691692980214764
9 0 0.00000875042112202795
10 0 0.00000341673087322913
11 0 0.00000500013750526218
12 0 0.00000475012409828501
13 0 0.00000725028910986136
14 0 0.0000110006655561490
15 0 0.0000130842748826687
16 0 0.0000176683835103608
17 0 0.0000260037187412854
18 0 0.0000278375950621967
19 0 0.0000447610178739843
20 0 0.0000689428027651484
21 0 0.0000587689921486279
22 0 0.0000537658963947196
23 0 0.0000596028682123828
24 0 0.0000440940253185751
25 0 0.0000741135363607759
26 0 0.0000629384489625462
27 0 0.0000750309553007034
28 0 0.0000525151654794387
29 0 0.0000610204750761678
30 0 0.0000596028682123828
31 0 0.0000553501802583733
32 0 0.000047929299345828
33 0 0.0000498469970400262
34 0 0.0000529320738724692
35 0 0.0000579351237341985
36 0 0.000055850486162301
37 0 0.0000684424248000859
38 0 0.0000643561078448318
39 0 0.000064522892696206
40 0 0.0000847895297806378
41 0 0.0000914626624447523
42 0 0.0000943823120371778
43 0 0.000106562433357715
44 0 0.000125169468066844
45 0 0.000126170851481588
46 0 0.000166068265410657
47 0 0.000164649019346763
48 0 0.000170743585655830
49 0 0.000177172543686765
50 0 0.000218261819691423
51 0 0.00026931522757212
52 0 0.000283692228725485
53 0 0.000326418716656729
54 0 0.000307017899757955
55 0 0.000343732425234222
56 0 0.000374018435427059
57 0 0.000416871138264718
58 0 0.000476831875331651
59 0 0.00053054539671793
60 0 0.000583871337190622
61 0 0.000593516948454109
62 0 0.000716903316256956
63 0 0.000799758513928439
64 0 0.000894554825004001
65 0 0.00100343604690467
66 0 0.00113092466419717
67 0 0.00111514752028630
68 0 0.00133847618898442
69 0 0.00140421101181898
70 0 0.0015363321557349
71 0 0.00173470528437170
72 0 0.00187428430877545
73 0 0.00214060644853442
74 0 0.00242131983500193
75 0 0.00252922168622061
76 0 0.00304394733459756
77 0 0.00331157158629136
78 0 0.00382051626090185
79 0 0.00450662541053282
80 0 0.00468168855072526
81 0 0.00572051185537337
82 0 0.00631405327569845
83 0 0.00722027104448009
84 0 0.00806751233438507
85 0 0.00924949936320252
86 0 0.0103362427999543
87 0 0.0119631688485491
88 0 0.0138145099649496
89 0 0.0148354170910788
90 0 0.0168987606279831
91 0 0.0201342205045176
92 0 0.0221082500250573
93 0 0.026029105016239
94 0 0.0292527170840677
95 0 0.0351588955884
96 0 0.0359932837100826
97 0 0.0412309860960232
98 0 0.0399103145184356
99 0 0.0548295146552825
100 0 0.0482068899521462

death 1 F married
1 0 0.000192620600526383
2 0 0.0000276708775043266
3 0 0.0000132509656918245
4 0 0.0000133343112110884
5 0 0.0000101672351970894
6 0 0.000008833762515148
7 0 0.0000108339788730261
8 0 0.00000366674061313965
9 0 0.00000741696922201829
10 0 0.00000733362912774815
11 0 0.0000070836093031268
12 0 0.00000166668194467867
13 0 0.00000458344887555029
14 0 0.00000433343661454533
15 0 0.00000691692980214764
16 0 0.0000173349859974303
17 0 0.0000196687942652929
18 0 0.0000187519338717967
19 0 0.0000097505228828787
20 0 0.0000202522556939089
21 0 0.0000224194309299541
22 0 0.0000305051175717441
23 0 0.000012500859457365
24 0 0.0000191686874497776
25 0 0.0000159180602082865
26 0 0.000032922627459242
27 0 0.0000168348920206451
28 0 0.0000167515432919485
29 0 0.0000124175147022676
30 0 0.0000217526022776582
31 0 0.0000213358368539307
32 0 0.0000279209539558734
33 0 0.0000168348920206451
34 0 0.0000384247861797693
35 0 0.0000258370045466139
36 0 0.0000376744721986011
37 0 0.0000461783933035642
38 0 0.0000456781406285023
39 0 0.0000449277667774473
40 0 0.0000493467241761136
41 0 0.000059352704590121
42 0 0.0000500971345044343
43 0 0.0000711111391094033
44 0 0.0000607703075525823
45 0 0.0000961341468066479
46 0 0.0000967180992323957
47 0 0.000105811556756596
48 0 0.000120663379214681
49 0 0.000122081938650043
50 0 0.000152628059122195
51 0 0.000163146312374018
52 0 0.000178508488132945
53 0 0.000195627014079602
54 0 0.000211913482563775
55 0 0.000204312767432491
56 0 0.000220099578987276
57 0 0.000284611765482445
58 0 0.000294727283900342
59 0 0.000359041494845114
60 0 0.00037460417599422
61 0 0.000402556757458705
62 0 0.000415029395628541
63 0 0.000488895798397726
64 0 0.000539850028357325
65 0 0.000633704035542637
66 0 0.000760254216732204
67 0 0.000739248290003602
68 0 0.000837009150046919
69 0 0.000834822460435203
70 0 0.000981110232683657
71 0 0.00102256478885987
72 0 0.00117346067526769
73 0 0.00137290277902513
74 0 0.00146940062014000
75 0 0.00155387807570062
76 0 0.00186901006586437
77 0 0.00214017984456982
78 0 0.00241772531678908
79 0 0.00266505214836377
80 0 0.00317364768793771
81 0 0.00379131682302136
82 0 0.00384720374255187
83 0 0.00485418979748675
84 0 0.00528803596528071
85 0 0.006036611730172
86 0 0.00732529036842677
87 0 0.008413441794907
88 0 0.0101335562214441
89 0 0.0111254772660557
90 0 0.0129411727627087
91 0 0.0141083672142506
92 0 0.0172194810465265
93 0 0.0187800030152964
94 0 0.0224958230953471
95 0 0.0251407411977725
96 0 0.0288703722804592
97 0 0.0324485860029425
98 0 0.0371605532361529
99 0 0.0391074174361513
100 0 0.0425612194682212

death 1 F single
1 0 0.000192620600526383
2 0 0.0000276708775043266
3 0 0.0000132509656918245
4 0 0.0000133343112110884
5 0 0.0000101672351970894
6 0 0.000008833762515148
7 0 0.0000108339788730261
8 0 0.00000366674061313965
9 0 0.00000741696922201829
10 0 0.00000733362912774815
11 0 0.0000070836093031268
12 0 0.00000166668194467867
13 0 0.00000458344887555029
14 0 0.00000433343661454533
15 0 0.00000691692980214764
16 0 0.0000173349859974303
17 0 0.0000196687942652929
18 0 0.0000187519338717967
19 0 0.0000097505228828787
20 0 0.0000202522556939089
21 0 0.0000224194309299541
22 0 0.0000305051175717441
23 0 0.000012500859457365
24 0 0.0000191686874497776
25 0 0.0000159180602082865
26 0 0.000032922627459242
27 0 0.0000168348920206451
28 0 0.0000167515432919485
29 0 0.0000124175147022676
30 0 0.0000217526022776582
31 0 0.0000213358368539307
32 0 0.0000279209539558734
33 0 0.0000168348920206451
34 0 0.0000384247861797693
35 0 0.0000258370045466139
36 0 0.0000376744721986011
37 0 0.0000461783933035642
38 0 0.0000456781406285023
39 0 0.0000449277667774473
40 0 0.0000493467241761136
41 0 0.000059352704590121
42 0 0.0000500971345044343
43 0 0.0000711111391094033
44 0 0.0000607703075525823
45 0 0.0000961341468066479
46 0 0.0000967180992323957
47 0 0.000105811556756596
48 0 0.000120663379214681
49 0 0.000122081938650043
50 0 0.000152628059122195
51 0 0.000163146312374018
52 0 0.000178508488132945
53 0 0.000195627014079602
54 0 0.000211913482563775
55 0 0.000204312767432491
56 0 0.000220099578987276
57 0 0.000284611765482445
58 0 0.000294727283900342
59 0 0.000359041494845114
60 0 0.00037460417599422
61 0 0.000402556757458705
62 0 0.000415029395628541
63 0 0.000488895798397726
64 0 0.000539850028357325
65 0 0.000633704035542637
66 0 0.000760254216732204
67 0 0.000739248290003602
68 0 0.000837009150046919
69 0 0.000834822460435203
70 0 0.000981110232683657
71 0 0.00102256478885987
72 0 0.00117346067526769
73 0 0.00137290277902513
74 0 0.00146940062014000
75 0 0.00155387807570062
76 0 0.00186901006586437
77 0 0.00214017984456982
78 0 0.00241772531678908
79 0 0.00266505214836377
80 0 0.00317364768793771
81 0 0.00379131682302136
82 0 0.00384720374255187
83 0 0.00485418979748675
84 0 0.00528803596528071
85 0 0.006036611730172
86 0 0.00732529036842677
87 0 0.008413441794907
88 0 0.0101335562214441
89 0 0.0111254772660557
90 0 0.0129411727627087
91 0 0.0141083672142506
92 0 0.0172194810465265
93 0 0.0187800030152964
94 0 0.0224958230953471
95 0 0.0251407411977725
96 0 0.0288703722804592
97 0 0.0324485860029425
98 0 0.0371605532361529
99 0 0.0391074174361513
100 0 0.0425612194682212

death 1 F divorced
1 0 0.000192620600526383
2 0 0.0000276708775043266
3 0 0.0000132509656918245
4 0 0.0000133343112110884
5 0 0.0000101672351970894
6 0 0.000008833762515148
7 0 0.0000108339788730261
8 0 0.00000366674061313965
9 0 0.00000741696922201829
10 0 0.00000733362912774815
11 0 0.0000070836093031268
12 0 0.00000166668194467867
13 0 0.00000458344887555029
14 0 0.00000433343661454533
15 0 0.00000691692980214764
16 0 0.0000173349859974303
17 0 0.0000196687942652929
18 0 0.0000187519338717967
19 0 0.0000097505228828787
20 0 0.0000202522556939089
21 0 0.0000224194309299541
22 0 0.0000305051175717441
23 0 0.000012500859457365
24 0 0.0000191686874497776
25 0 0.0000159180602082865
26 0 0.000032922627459242
27 0 0.0000168348920206451
28 0 0.0000167515432919485
29 0 0.0000124175147022676
30 0 0.0000217526022776582
31 0 0.0000213358368539307
32 0 0.0000279209539558734
33 0 0.0000168348920206451
34 0 0.0000384247861797693
35 0 0.0000258370045466139
36 0 0.0000376744721986011
37 0 0.0000461783933035642
38 0 0.0000456781406285023
39 0 0.0000449277667774473
40 0 0.0000493467241761136
41 0 0.000059352704590121
42 0 0.0000500971345044343
43 0 0.0000711111391094033
44 0 0.0000607703075525823
45 0 0.0000961341468066479
46 0 0.0000967180992323957
47 0 0.000105811556756596
48 0 0.000120663379214681
49 0 0.000122081938650043
50 0 0.000152628059122195
51 0 0.000163146312374018
52 0 0.000178508488132945
53 0 0.000195627014079602
54 0 0.000211913482563775
55 0 0.000204312767432491
56 0 0.000220099578987276
57 0 0.000284611765482445
58 0 0.000294727283900342
59 0 0.000359041494845114
60 0 0.00037460417599422
61 0 0.000402556757458705
62 0 0.000415029395628541
63 0 0.000488895798397726
64 0 0.000539850028357325
65 0 0.000633704035542637
66 0 0.000760254216732204
67 0 0.000739248290003602
68 0 0.000837009150046919
69 0 0.000834822460435203
70 0 0.000981110232683657
71 0 0.00102256478885987
72 0 0.00117346067526769
73 0 0.00137290277902513
74 0 0.00146940062014000
75 0 0.00155387807570062
76 0 0.00186901006586437
77 0 0.00214017984456982
78 0 0.00241772531678908
79 0 0.00266505214836377
80 0 0.00317364768793771
81 0 0.00379131682302136
82 0 0.00384720374255187
83 0 0.00485418979748675
84 0 0.00528803596528071
85 0 0.006036611730172
86 0 0.00732529036842677
87 0 0.008413441794907
88 0 0.0101335562214441
89 0 0.0111254772660557
90 0 0.0129411727627087
91 0 0.0141083672142506
92 0 0.0172194810465265
93 0 0.0187800030152964
94 0 0.0224958230953471
95 0 0.0251407411977725
96 0 0.0288703722804592
97 0 0.0324485860029425
98 0 0.0371605532361529
99 0 0.0391074174361513
100 0 0.0425612194682212

death 1 F widowed
1 0 0.000192620600526383
2 0 0.0000276708775043266
3 0 0.0000132509656918245
4 0 0.0000133343112110884
5 0 0.0000101672351970894
6 0 0.000008833762515148
7 0 0.0000108339788730261
8 0 0.00000366674061313965
9 0 0.00000741696922201829
10 0 0.00000733362912774815
11 0 0.0000070836093031268
12 0 0.00000166668194467867
13 0 0.00000458344887555029
14 0 0.00000433343661454533
15 0 0.00000691692980214764
16 0 0.0000173349859974303
17 0 0.0000196687942652929
18 0 0.0000187519338717967
19 0 0.0000097505228828787
20 0 0.0000202522556939089
21 0 0.0000224194309299541
22 0 0.0000305051175717441
23 0 0.000012500859457365
24 0 0.0000191686874497776
25 0 0.0000159180602082865
26 0 0.000032922627459242
27 0 0.0000168348920206451
28 0 0.0000167515432919485
29 0 0.0000124175147022676
30 0 0.0000217526022776582
31 0 0.0000213358368539307
32 0 0.0000279209539558734
33 0 0.0000168348920206451
34 0 0.0000384247861797693
35 0 0.0000258370045466139
36 0 0.0000376744721986011
37 0 0.0000461783933035642
38 0 0.0000456781406285023
39 0 0.0000449277667774473
40 0 0.0000493467241761136
41 0 0.000059352704590121
42 0 0.0000500971345044343
43 0 0.0000711111391094033
44 0 0.0000607703075525823
45 0 0.0000961341468066479
46 0 0.0000967180992323957
47 0 0.000105811556756596
48 0 0.000120663379214681
49 0 0.000122081938650043
50 0 0.000152628059122195
51 0 0.000163146312374018
52 0 0.000178508488132945
53 0 0.000195627014079602
54 0 0.000211913482563775
55 0 0.000204312767432491
56 0 0.000220099578987276
57 0 0.000284611765482445
58 0 0.000294727283900342
59 0 0.000359041494845114
60 0 0.00037460417599422
61 0 0.000402556757458705
62 0 0.000415029395628541
63 0 0.000488895798397726
64 0 0.000539850028357325
65 0 0.000633704035542637
66 0 0.000760254216732204
67 0 0.000739248290003602
68 0 0.000837009150046919
69 0 0.000834822460435203
70 0 0.000981110232683657
71 0 0.00102256478885987
72 0 0.00117346067526769
73 0 0.00137290277902513
74 0 0.00146940062014000
75 0 0.00155387807570062
76 0 0.00186901006586437
77 0 0.00214017984456982
78 0 0.00241772531678908
79 0 0.00266505214836377
80 0 0.00317364768793771
81 0 0.00379131682302136
82 0 0.00384720374255187
83 0 0.00485418979748675
84 0 0.00528803596528071
85 0 0.006036611730172
86 0 0.00732529036842677
87 0 0.008413441794907
88 0 0.0101335562214441
89 0 0.0111254772660557
90 0 0.0129411727627087
91 0 0.0141083672142506
92 0 0.0172194810465265
93 0 0.0187800030152964
94 0 0.0224958230953471
95 0 0.0251407411977725
96 0 0.0288703722804592
97 0 0.0324485860029425
98 0 0.0371605532361529
99 0 0.0391074174361513
100 0 0.0425612194682212
