*Period monthly mortality rates for SWE in 2108 
* Mon Dec 20 14:21:52 2010
death 1 M married
1 0 0.000110066606177961
2 0 0.0000116674153447516
3 0 0.00000333339444602565
4 0 0.00000250003437562984
5 0 0.00000250003437562984
6 0 0.00000166668194467867
7 0 0.00000166668194467867
8 0 0.00000166668194467867
9 0 0.00000166668194467867
10 0 0.00000166668194467867
11 0 0.00000166668194467867
12 0 0.00000166668194467867
13 0 0.00000166668194467867
14 0 0.00000250003437562984
15 0 0.00000333339444602565
16 0 0.00000416676215586609
17 0 0.00000583352049443597
18 0 0.00000750030939278279
19 0 0.0000100005500421885
20 0 0.0000133343112110884
21 0 0.0000150012376423092
22 0 0.0000166681946396352
23 0 0.0000166681946396352
24 0 0.0000166681946396352
25 0 0.0000158347123201397
26 0 0.0000158347123201397
27 0 0.0000158347123201397
28 0 0.0000150012376423092
29 0 0.0000150012376423092
30 0 0.0000150012376423092
31 0 0.0000150012376423092
32 0 0.0000141677706060328
33 0 0.0000150012376423092
34 0 0.0000158347123201397
35 0 0.0000158347123201397
36 0 0.0000175016846010179
37 0 0.0000183351822042876
38 0 0.0000191686874497776
39 0 0.0000208357208674181
40 0 0.0000225027848553827
41 0 0.0000241698794146705
42 0 0.0000266705785775256
43 0 0.0000291713465325749
44 0 0.0000333394460065861
45 0 0.0000350067393084519
46 0 0.0000391751063537615
47 0 0.0000433436645435048
48 0 0.0000466786487315352
49 0 0.0000533489841776369
50 0 0.0000575181923953005
51 0 0.0000633554051622243
52 0 0.0000716949308086079
53 0 0.0000783671022263066
54 0 0.0000900445807636707
55 0 0.0000967180992323957
56 0 0.000105894987183719
57 0 0.000117576002849673
58 0 0.000131762111637901
59 0 0.000139273300942766
60 0 0.000155967055273654
61 0 0.000167654507824855
62 0 0.00018602354153463
63 0 0.000206901950655758
64 0 0.000226949736477855
65 0 0.000252015688880669
66 0 0.000270401781932272
67 0 0.000297151831613829
68 0 0.000332273224842417
69 0 0.000364061423379858
70 0 0.000404230837609543
71 0 0.000450280131697789
72 0 0.000495514881089343
73 0 0.000554186055514827
74 0 0.000618768136389614
75 0 0.000692632486307909
76 0 0.00079261284708343
77 0 0.000878397972132072
78 0 0.00103925306135744
79 0 0.00119701596667587
80 0 0.00140074118917211
81 0 0.0016507383262081
82 0 0.00197208346754274
83 0 0.00238349894772105
84 0 0.00286298770519722
85 0 0.00353804205374442
86 0 0.00432648103921873
87 0 0.0053151598259491
88 0 0.0064488885616415
89 0 0.00794115493937109
90 0 0.00960482397410145
91 0 0.0116489362516244
92 0 0.0143403584653846
93 0 0.0175798372522474
94 0 0.0206933858884544
95 0 0.0246646629021838
96 0 0.0279812804334
97 0 0.0334114032853962
98 0 0.0380030935931683
99 0 0.0421599716068290
100 0 0.0478598871182333

death 1 M single
1 0 0.000110066606177961
2 0 0.0000116674153447516
3 0 0.00000333339444602565
4 0 0.00000250003437562984
5 0 0.00000250003437562984
6 0 0.00000166668194467867
7 0 0.00000166668194467867
8 0 0.00000166668194467867
9 0 0.00000166668194467867
10 0 0.00000166668194467867
11 0 0.00000166668194467867
12 0 0.00000166668194467867
13 0 0.00000166668194467867
14 0 0.00000250003437562984
15 0 0.00000333339444602565
16 0 0.00000416676215586609
17 0 0.00000583352049443597
18 0 0.00000750030939278279
19 0 0.0000100005500421885
20 0 0.0000133343112110884
21 0 0.0000150012376423092
22 0 0.0000166681946396352
23 0 0.0000166681946396352
24 0 0.0000166681946396352
25 0 0.0000158347123201397
26 0 0.0000158347123201397
27 0 0.0000158347123201397
28 0 0.0000150012376423092
29 0 0.0000150012376423092
30 0 0.0000150012376423092
31 0 0.0000150012376423092
32 0 0.0000141677706060328
33 0 0.0000150012376423092
34 0 0.0000158347123201397
35 0 0.0000158347123201397
36 0 0.0000175016846010179
37 0 0.0000183351822042876
38 0 0.0000191686874497776
39 0 0.0000208357208674181
40 0 0.0000225027848553827
41 0 0.0000241698794146705
42 0 0.0000266705785775256
43 0 0.0000291713465325749
44 0 0.0000333394460065861
45 0 0.0000350067393084519
46 0 0.0000391751063537615
47 0 0.0000433436645435048
48 0 0.0000466786487315352
49 0 0.0000533489841776369
50 0 0.0000575181923953005
51 0 0.0000633554051622243
52 0 0.0000716949308086079
53 0 0.0000783671022263066
54 0 0.0000900445807636707
55 0 0.0000967180992323957
56 0 0.000105894987183719
57 0 0.000117576002849673
58 0 0.000131762111637901
59 0 0.000139273300942766
60 0 0.000155967055273654
61 0 0.000167654507824855
62 0 0.00018602354153463
63 0 0.000206901950655758
64 0 0.000226949736477855
65 0 0.000252015688880669
66 0 0.000270401781932272
67 0 0.000297151831613829
68 0 0.000332273224842417
69 0 0.000364061423379858
70 0 0.000404230837609543
71 0 0.000450280131697789
72 0 0.000495514881089343
73 0 0.000554186055514827
74 0 0.000618768136389614
75 0 0.000692632486307909
76 0 0.00079261284708343
77 0 0.000878397972132072
78 0 0.00103925306135744
79 0 0.00119701596667587
80 0 0.00140074118917211
81 0 0.0016507383262081
82 0 0.00197208346754274
83 0 0.00238349894772105
84 0 0.00286298770519722
85 0 0.00353804205374442
86 0 0.00432648103921873
87 0 0.0053151598259491
88 0 0.0064488885616415
89 0 0.00794115493937109
90 0 0.00960482397410145
91 0 0.0116489362516244
92 0 0.0143403584653846
93 0 0.0175798372522474
94 0 0.0206933858884544
95 0 0.0246646629021838
96 0 0.0279812804334
97 0 0.0334114032853962
98 0 0.0380030935931683
99 0 0.0421599716068290
100 0 0.0478598871182333

death 1 M divorced
1 0 0.000110066606177961
2 0 0.0000116674153447516
3 0 0.00000333339444602565
4 0 0.00000250003437562984
5 0 0.00000250003437562984
6 0 0.00000166668194467867
7 0 0.00000166668194467867
8 0 0.00000166668194467867
9 0 0.00000166668194467867
10 0 0.00000166668194467867
11 0 0.00000166668194467867
12 0 0.00000166668194467867
13 0 0.00000166668194467867
14 0 0.00000250003437562984
15 0 0.00000333339444602565
16 0 0.00000416676215586609
17 0 0.00000583352049443597
18 0 0.00000750030939278279
19 0 0.0000100005500421885
20 0 0.0000133343112110884
21 0 0.0000150012376423092
22 0 0.0000166681946396352
23 0 0.0000166681946396352
24 0 0.0000166681946396352
25 0 0.0000158347123201397
26 0 0.0000158347123201397
27 0 0.0000158347123201397
28 0 0.0000150012376423092
29 0 0.0000150012376423092
30 0 0.0000150012376423092
31 0 0.0000150012376423092
32 0 0.0000141677706060328
33 0 0.0000150012376423092
34 0 0.0000158347123201397
35 0 0.0000158347123201397
36 0 0.0000175016846010179
37 0 0.0000183351822042876
38 0 0.0000191686874497776
39 0 0.0000208357208674181
40 0 0.0000225027848553827
41 0 0.0000241698794146705
42 0 0.0000266705785775256
43 0 0.0000291713465325749
44 0 0.0000333394460065861
45 0 0.0000350067393084519
46 0 0.0000391751063537615
47 0 0.0000433436645435048
48 0 0.0000466786487315352
49 0 0.0000533489841776369
50 0 0.0000575181923953005
51 0 0.0000633554051622243
52 0 0.0000716949308086079
53 0 0.0000783671022263066
54 0 0.0000900445807636707
55 0 0.0000967180992323957
56 0 0.000105894987183719
57 0 0.000117576002849673
58 0 0.000131762111637901
59 0 0.000139273300942766
60 0 0.000155967055273654
61 0 0.000167654507824855
62 0 0.00018602354153463
63 0 0.000206901950655758
64 0 0.000226949736477855
65 0 0.000252015688880669
66 0 0.000270401781932272
67 0 0.000297151831613829
68 0 0.000332273224842417
69 0 0.000364061423379858
70 0 0.000404230837609543
71 0 0.000450280131697789
72 0 0.000495514881089343
73 0 0.000554186055514827
74 0 0.000618768136389614
75 0 0.000692632486307909
76 0 0.00079261284708343
77 0 0.000878397972132072
78 0 0.00103925306135744
79 0 0.00119701596667587
80 0 0.00140074118917211
81 0 0.0016507383262081
82 0 0.00197208346754274
83 0 0.00238349894772105
84 0 0.00286298770519722
85 0 0.00353804205374442
86 0 0.00432648103921873
87 0 0.0053151598259491
88 0 0.0064488885616415
89 0 0.00794115493937109
90 0 0.00960482397410145
91 0 0.0116489362516244
92 0 0.0143403584653846
93 0 0.0175798372522474
94 0 0.0206933858884544
95 0 0.0246646629021838
96 0 0.0279812804334
97 0 0.0334114032853962
98 0 0.0380030935931683
99 0 0.0421599716068290
100 0 0.0478598871182333

death 1 M widowed
1 0 0.000110066606177961
2 0 0.0000116674153447516
3 0 0.00000333339444602565
4 0 0.00000250003437562984
5 0 0.00000250003437562984
6 0 0.00000166668194467867
7 0 0.00000166668194467867
8 0 0.00000166668194467867
9 0 0.00000166668194467867
10 0 0.00000166668194467867
11 0 0.00000166668194467867
12 0 0.00000166668194467867
13 0 0.00000166668194467867
14 0 0.00000250003437562984
15 0 0.00000333339444602565
16 0 0.00000416676215586609
17 0 0.00000583352049443597
18 0 0.00000750030939278279
19 0 0.0000100005500421885
20 0 0.0000133343112110884
21 0 0.0000150012376423092
22 0 0.0000166681946396352
23 0 0.0000166681946396352
24 0 0.0000166681946396352
25 0 0.0000158347123201397
26 0 0.0000158347123201397
27 0 0.0000158347123201397
28 0 0.0000150012376423092
29 0 0.0000150012376423092
30 0 0.0000150012376423092
31 0 0.0000150012376423092
32 0 0.0000141677706060328
33 0 0.0000150012376423092
34 0 0.0000158347123201397
35 0 0.0000158347123201397
36 0 0.0000175016846010179
37 0 0.0000183351822042876
38 0 0.0000191686874497776
39 0 0.0000208357208674181
40 0 0.0000225027848553827
41 0 0.0000241698794146705
42 0 0.0000266705785775256
43 0 0.0000291713465325749
44 0 0.0000333394460065861
45 0 0.0000350067393084519
46 0 0.0000391751063537615
47 0 0.0000433436645435048
48 0 0.0000466786487315352
49 0 0.0000533489841776369
50 0 0.0000575181923953005
51 0 0.0000633554051622243
52 0 0.0000716949308086079
53 0 0.0000783671022263066
54 0 0.0000900445807636707
55 0 0.0000967180992323957
56 0 0.000105894987183719
57 0 0.000117576002849673
58 0 0.000131762111637901
59 0 0.000139273300942766
60 0 0.000155967055273654
61 0 0.000167654507824855
62 0 0.00018602354153463
63 0 0.000206901950655758
64 0 0.000226949736477855
65 0 0.000252015688880669
66 0 0.000270401781932272
67 0 0.000297151831613829
68 0 0.000332273224842417
69 0 0.000364061423379858
70 0 0.000404230837609543
71 0 0.000450280131697789
72 0 0.000495514881089343
73 0 0.000554186055514827
74 0 0.000618768136389614
75 0 0.000692632486307909
76 0 0.00079261284708343
77 0 0.000878397972132072
78 0 0.00103925306135744
79 0 0.00119701596667587
80 0 0.00140074118917211
81 0 0.0016507383262081
82 0 0.00197208346754274
83 0 0.00238349894772105
84 0 0.00286298770519722
85 0 0.00353804205374442
86 0 0.00432648103921873
87 0 0.0053151598259491
88 0 0.0064488885616415
89 0 0.00794115493937109
90 0 0.00960482397410145
91 0 0.0116489362516244
92 0 0.0143403584653846
93 0 0.0175798372522474
94 0 0.0206933858884544
95 0 0.0246646629021838
96 0 0.0279812804334
97 0 0.0334114032853962
98 0 0.0380030935931683
99 0 0.0421599716068290
100 0 0.0478598871182333

death 1 F married
1 0 0.000109232267063164
2 0 0.0000116674153447516
3 0 0.00000333339444602565
4 0 0.00000250003437562984
5 0 0.00000166668194467867
6 0 0.00000166668194467867
7 0 0.00000166668194467867
8 0 0.00000166668194467867
9 0 0.00000166668194467867
10 0 0.00000166668194467867
11 0 0.00000166668194467867
12 0 0.00000166668194467867
13 0 0.00000166668194467867
14 0 0.00000166668194467867
15 0 0.00000250003437562984
16 0 0.00000333339444602565
17 0 0.00000416676215586609
18 0 0.00000416676215586609
19 0 0.00000500013750526218
20 0 0.00000583352049443597
21 0 0.00000666691112360951
22 0 0.00000666691112360951
23 0 0.00000583352049443597
24 0 0.00000666691112360951
25 0 0.00000500013750526218
26 0 0.00000500013750526218
27 0 0.00000583352049443597
28 0 0.00000583352049443597
29 0 0.00000583352049443597
30 0 0.00000583352049443597
31 0 0.00000666691112360951
32 0 0.00000750030939278279
33 0 0.00000750030939278279
34 0 0.00000750030939278279
35 0 0.00000833371530217786
36 0 0.0000100005500421885
37 0 0.0000108339788730261
38 0 0.0000116674153447516
39 0 0.000012500859457365
40 0 0.000012500859457365
41 0 0.0000133343112110884
42 0 0.0000150012376423092
43 0 0.0000175016846010179
44 0 0.0000191686874497776
45 0 0.0000216692490401238
46 0 0.0000258370045466139
47 0 0.0000300049511388067
48 0 0.0000350067393084519
49 0 0.0000433436645435048
50 0 0.0000525151654794387
51 0 0.0000625214946752273
52 0 0.0000725289254539518
53 0 0.000079201158088904
54 0 0.0000858738805041837
55 0 0.0000958838826297104
56 0 0.000108397935606575
57 0 0.000122582611971733
58 0 0.000134265772442244
59 0 0.000148454486411209
60 0 0.000159306174086660
61 0 0.000181013436895361
62 0 0.000199385170868593
63 0 0.000211913482563775
64 0 0.000236139783039269
65 0 0.000253686998195723
66 0 0.000283775822591648
67 0 0.000304676701919360
68 0 0.000333946010742214
69 0 0.00036573479451496
70 0 0.000396697719786565
71 0 0.000445255438177972
72 0 0.000488812015631224
73 0 0.000539933858198505
74 0 0.000601989156088334
75 0 0.00067583985983688
76 0 0.000753951928672225
77 0 0.000848111617127612
78 0 0.000965106422596285
79 0 0.00108815555635622
80 0 0.00125276249918205
81 0 0.00143544538515838
82 0 0.00166431719877891
83 0 0.0018852591193792
84 0 0.00219036223070923
85 0 0.00253590554653815
86 0 0.00313516664933378
87 0 0.00383398941360746
88 0 0.00467151036475877
89 0 0.00570125262452259
90 0 0.00690909199798329
91 0 0.0082519037171016
92 0 0.0100879866415231
93 0 0.0118596327394321
94 0 0.0140731040809862
95 0 0.0163256464572564
96 0 0.0192008614366936
97 0 0.0222711259865671
98 0 0.0261344231279232
99 0 0.0301401876444807
100 0 0.0332202661331372

death 1 F single
1 0 0.000109232267063164
2 0 0.0000116674153447516
3 0 0.00000333339444602565
4 0 0.00000250003437562984
5 0 0.00000166668194467867
6 0 0.00000166668194467867
7 0 0.00000166668194467867
8 0 0.00000166668194467867
9 0 0.00000166668194467867
10 0 0.00000166668194467867
11 0 0.00000166668194467867
12 0 0.00000166668194467867
13 0 0.00000166668194467867
14 0 0.00000166668194467867
15 0 0.00000250003437562984
16 0 0.00000333339444602565
17 0 0.00000416676215586609
18 0 0.00000416676215586609
19 0 0.00000500013750526218
20 0 0.00000583352049443597
21 0 0.00000666691112360951
22 0 0.00000666691112360951
23 0 0.00000583352049443597
24 0 0.00000666691112360951
25 0 0.00000500013750526218
26 0 0.00000500013750526218
27 0 0.00000583352049443597
28 0 0.00000583352049443597
29 0 0.00000583352049443597
30 0 0.00000583352049443597
31 0 0.00000666691112360951
32 0 0.00000750030939278279
33 0 0.00000750030939278279
34 0 0.00000750030939278279
35 0 0.00000833371530217786
36 0 0.0000100005500421885
37 0 0.0000108339788730261
38 0 0.0000116674153447516
39 0 0.000012500859457365
40 0 0.000012500859457365
41 0 0.0000133343112110884
42 0 0.0000150012376423092
43 0 0.0000175016846010179
44 0 0.0000191686874497776
45 0 0.0000216692490401238
46 0 0.0000258370045466139
47 0 0.0000300049511388067
48 0 0.0000350067393084519
49 0 0.0000433436645435048
50 0 0.0000525151654794387
51 0 0.0000625214946752273
52 0 0.0000725289254539518
53 0 0.000079201158088904
54 0 0.0000858738805041837
55 0 0.0000958838826297104
56 0 0.000108397935606575
57 0 0.000122582611971733
58 0 0.000134265772442244
59 0 0.000148454486411209
60 0 0.000159306174086660
61 0 0.000181013436895361
62 0 0.000199385170868593
63 0 0.000211913482563775
64 0 0.000236139783039269
65 0 0.000253686998195723
66 0 0.000283775822591648
67 0 0.000304676701919360
68 0 0.000333946010742214
69 0 0.00036573479451496
70 0 0.000396697719786565
71 0 0.000445255438177972
72 0 0.000488812015631224
73 0 0.000539933858198505
74 0 0.000601989156088334
75 0 0.00067583985983688
76 0 0.000753951928672225
77 0 0.000848111617127612
78 0 0.000965106422596285
79 0 0.00108815555635622
80 0 0.00125276249918205
81 0 0.00143544538515838
82 0 0.00166431719877891
83 0 0.0018852591193792
84 0 0.00219036223070923
85 0 0.00253590554653815
86 0 0.00313516664933378
87 0 0.00383398941360746
88 0 0.00467151036475877
89 0 0.00570125262452259
90 0 0.00690909199798329
91 0 0.0082519037171016
92 0 0.0100879866415231
93 0 0.0118596327394321
94 0 0.0140731040809862
95 0 0.0163256464572564
96 0 0.0192008614366936
97 0 0.0222711259865671
98 0 0.0261344231279232
99 0 0.0301401876444807
100 0 0.0332202661331372

death 1 F divorced
1 0 0.000109232267063164
2 0 0.0000116674153447516
3 0 0.00000333339444602565
4 0 0.00000250003437562984
5 0 0.00000166668194467867
6 0 0.00000166668194467867
7 0 0.00000166668194467867
8 0 0.00000166668194467867
9 0 0.00000166668194467867
10 0 0.00000166668194467867
11 0 0.00000166668194467867
12 0 0.00000166668194467867
13 0 0.00000166668194467867
14 0 0.00000166668194467867
15 0 0.00000250003437562984
16 0 0.00000333339444602565
17 0 0.00000416676215586609
18 0 0.00000416676215586609
19 0 0.00000500013750526218
20 0 0.00000583352049443597
21 0 0.00000666691112360951
22 0 0.00000666691112360951
23 0 0.00000583352049443597
24 0 0.00000666691112360951
25 0 0.00000500013750526218
26 0 0.00000500013750526218
27 0 0.00000583352049443597
28 0 0.00000583352049443597
29 0 0.00000583352049443597
30 0 0.00000583352049443597
31 0 0.00000666691112360951
32 0 0.00000750030939278279
33 0 0.00000750030939278279
34 0 0.00000750030939278279
35 0 0.00000833371530217786
36 0 0.0000100005500421885
37 0 0.0000108339788730261
38 0 0.0000116674153447516
39 0 0.000012500859457365
40 0 0.000012500859457365
41 0 0.0000133343112110884
42 0 0.0000150012376423092
43 0 0.0000175016846010179
44 0 0.0000191686874497776
45 0 0.0000216692490401238
46 0 0.0000258370045466139
47 0 0.0000300049511388067
48 0 0.0000350067393084519
49 0 0.0000433436645435048
50 0 0.0000525151654794387
51 0 0.0000625214946752273
52 0 0.0000725289254539518
53 0 0.000079201158088904
54 0 0.0000858738805041837
55 0 0.0000958838826297104
56 0 0.000108397935606575
57 0 0.000122582611971733
58 0 0.000134265772442244
59 0 0.000148454486411209
60 0 0.000159306174086660
61 0 0.000181013436895361
62 0 0.000199385170868593
63 0 0.000211913482563775
64 0 0.000236139783039269
65 0 0.000253686998195723
66 0 0.000283775822591648
67 0 0.000304676701919360
68 0 0.000333946010742214
69 0 0.00036573479451496
70 0 0.000396697719786565
71 0 0.000445255438177972
72 0 0.000488812015631224
73 0 0.000539933858198505
74 0 0.000601989156088334
75 0 0.00067583985983688
76 0 0.000753951928672225
77 0 0.000848111617127612
78 0 0.000965106422596285
79 0 0.00108815555635622
80 0 0.00125276249918205
81 0 0.00143544538515838
82 0 0.00166431719877891
83 0 0.0018852591193792
84 0 0.00219036223070923
85 0 0.00253590554653815
86 0 0.00313516664933378
87 0 0.00383398941360746
88 0 0.00467151036475877
89 0 0.00570125262452259
90 0 0.00690909199798329
91 0 0.0082519037171016
92 0 0.0100879866415231
93 0 0.0118596327394321
94 0 0.0140731040809862
95 0 0.0163256464572564
96 0 0.0192008614366936
97 0 0.0222711259865671
98 0 0.0261344231279232
99 0 0.0301401876444807
100 0 0.0332202661331372

death 1 F widowed
1 0 0.000109232267063164
2 0 0.0000116674153447516
3 0 0.00000333339444602565
4 0 0.00000250003437562984
5 0 0.00000166668194467867
6 0 0.00000166668194467867
7 0 0.00000166668194467867
8 0 0.00000166668194467867
9 0 0.00000166668194467867
10 0 0.00000166668194467867
11 0 0.00000166668194467867
12 0 0.00000166668194467867
13 0 0.00000166668194467867
14 0 0.00000166668194467867
15 0 0.00000250003437562984
16 0 0.00000333339444602565
17 0 0.00000416676215586609
18 0 0.00000416676215586609
19 0 0.00000500013750526218
20 0 0.00000583352049443597
21 0 0.00000666691112360951
22 0 0.00000666691112360951
23 0 0.00000583352049443597
24 0 0.00000666691112360951
25 0 0.00000500013750526218
26 0 0.00000500013750526218
27 0 0.00000583352049443597
28 0 0.00000583352049443597
29 0 0.00000583352049443597
30 0 0.00000583352049443597
31 0 0.00000666691112360951
32 0 0.00000750030939278279
33 0 0.00000750030939278279
34 0 0.00000750030939278279
35 0 0.00000833371530217786
36 0 0.0000100005500421885
37 0 0.0000108339788730261
38 0 0.0000116674153447516
39 0 0.000012500859457365
40 0 0.000012500859457365
41 0 0.0000133343112110884
42 0 0.0000150012376423092
43 0 0.0000175016846010179
44 0 0.0000191686874497776
45 0 0.0000216692490401238
46 0 0.0000258370045466139
47 0 0.0000300049511388067
48 0 0.0000350067393084519
49 0 0.0000433436645435048
50 0 0.0000525151654794387
51 0 0.0000625214946752273
52 0 0.0000725289254539518
53 0 0.000079201158088904
54 0 0.0000858738805041837
55 0 0.0000958838826297104
56 0 0.000108397935606575
57 0 0.000122582611971733
58 0 0.000134265772442244
59 0 0.000148454486411209
60 0 0.000159306174086660
61 0 0.000181013436895361
62 0 0.000199385170868593
63 0 0.000211913482563775
64 0 0.000236139783039269
65 0 0.000253686998195723
66 0 0.000283775822591648
67 0 0.000304676701919360
68 0 0.000333946010742214
69 0 0.00036573479451496
70 0 0.000396697719786565
71 0 0.000445255438177972
72 0 0.000488812015631224
73 0 0.000539933858198505
74 0 0.000601989156088334
75 0 0.00067583985983688
76 0 0.000753951928672225
77 0 0.000848111617127612
78 0 0.000965106422596285
79 0 0.00108815555635622
80 0 0.00125276249918205
81 0 0.00143544538515838
82 0 0.00166431719877891
83 0 0.0018852591193792
84 0 0.00219036223070923
85 0 0.00253590554653815
86 0 0.00313516664933378
87 0 0.00383398941360746
88 0 0.00467151036475877
89 0 0.00570125262452259
90 0 0.00690909199798329
91 0 0.0082519037171016
92 0 0.0100879866415231
93 0 0.0118596327394321
94 0 0.0140731040809862
95 0 0.0163256464572564
96 0 0.0192008614366936
97 0 0.0222711259865671
98 0 0.0261344231279232
99 0 0.0301401876444807
100 0 0.0332202661331372
