*Period monthly mortality rates for SWE in 1869 
* Mon Dec 20 14:20:06 2010
death 1 M married
1 0 0.0160414565987079
2 0 0.0057076423291863
3 0 0.00354419416094176
4 0 0.00264051214600614
5 0 0.00194968845451815
6 0 0.0015094688892493
7 0 0.0012013224333014
8 0 0.000924435744596441
9 0 0.000829944650220793
10 0 0.000679785848052727
11 0 0.000526773520185264
12 0 0.000504061751729346
13 0 0.00041871291822948
14 0 0.000407495382611311
15 0 0.000338546330737155
16 0 0.000388746772837067
17 0 0.000394688993829662
18 0 0.000503977954977586
19 0 0.000508084086699001
20 0 0.000573639721047292
21 0 0.000625648414116831
22 0 0.000608700376361515
23 0 0.000513447476991447
24 0 0.000698342686484721
25 0 0.000697418953298001
26 0 0.0006954035680381
27 0 0.000643690641172978
28 0 0.000651747862605134
29 0 0.000707580534986874
30 0 0.00073555174952511
31 0 0.000707748504564121
32 0 0.000746053678337355
33 0 0.000694060002703667
34 0 0.000720851088555463
35 0 0.000824562542920404
36 0 0.000851139798232592
37 0 0.000873181268877365
38 0 0.000807997745173816
39 0 0.00093293887325796
40 0 0.000918206234798657
41 0 0.00106757957357406
42 0 0.00099020839251096
43 0 0.00116324683897573
44 0 0.00123409204543501
45 0 0.00128225443031982
46 0 0.00141377486807748
47 0 0.00139820237857269
48 0 0.00144687528055243
49 0 0.00148786540526569
50 0 0.00160254972945395
51 0 0.00182147064846094
52 0 0.0017378481245498
53 0 0.00200819961881726
54 0 0.00204288124600494
55 0 0.00202967169216139
56 0 0.00203435873305347
57 0 0.00250703137559216
58 0 0.00281965235878778
59 0 0.00257730504080000
60 0 0.00259685422835720
61 0 0.00330439816929451
62 0 0.00329238612827654
63 0 0.00332730323594688
64 0 0.00384346528285495
65 0 0.00437290456463846
66 0 0.00459819106937398
67 0 0.00487590750237621
68 0 0.00519409305155938
69 0 0.00591155120344333
70 0 0.00665277520358831
71 0 0.00690981149899228
72 0 0.00707472843085499
73 0 0.0088021163814841
74 0 0.00904693964114822
75 0 0.0098308442484677
76 0 0.0119266466252865
77 0 0.0118384458428488
78 0 0.0129890788408881
79 0 0.0133225318123019
80 0 0.0164461761041466
81 0 0.0162714311284525
82 0 0.0183835002850379
83 0 0.0219017512787876
84 0 0.0192221113367701
85 0 0.0199700036995529
86 0 0.025118910414175
87 0 0.0274928904280706
88 0 0.0324811736898406
89 0 0.0376784014373847
90 0 0.0324984308838543
91 0 0.028535612342684
92 0 0.035719824381786
93 0 0.0703453097278772
94 0 0.0627171493523079
95 0 0.0525912784664301
96 0 0.0598466239092239
97 0 0.0560170532534316
98 0 0.0657530684721981
99 0 0.0555421588555634
100 0 0

death 1 M single
1 0 0.0160414565987079
2 0 0.0057076423291863
3 0 0.00354419416094176
4 0 0.00264051214600614
5 0 0.00194968845451815
6 0 0.0015094688892493
7 0 0.0012013224333014
8 0 0.000924435744596441
9 0 0.000829944650220793
10 0 0.000679785848052727
11 0 0.000526773520185264
12 0 0.000504061751729346
13 0 0.00041871291822948
14 0 0.000407495382611311
15 0 0.000338546330737155
16 0 0.000388746772837067
17 0 0.000394688993829662
18 0 0.000503977954977586
19 0 0.000508084086699001
20 0 0.000573639721047292
21 0 0.000625648414116831
22 0 0.000608700376361515
23 0 0.000513447476991447
24 0 0.000698342686484721
25 0 0.000697418953298001
26 0 0.0006954035680381
27 0 0.000643690641172978
28 0 0.000651747862605134
29 0 0.000707580534986874
30 0 0.00073555174952511
31 0 0.000707748504564121
32 0 0.000746053678337355
33 0 0.000694060002703667
34 0 0.000720851088555463
35 0 0.000824562542920404
36 0 0.000851139798232592
37 0 0.000873181268877365
38 0 0.000807997745173816
39 0 0.00093293887325796
40 0 0.000918206234798657
41 0 0.00106757957357406
42 0 0.00099020839251096
43 0 0.00116324683897573
44 0 0.00123409204543501
45 0 0.00128225443031982
46 0 0.00141377486807748
47 0 0.00139820237857269
48 0 0.00144687528055243
49 0 0.00148786540526569
50 0 0.00160254972945395
51 0 0.00182147064846094
52 0 0.0017378481245498
53 0 0.00200819961881726
54 0 0.00204288124600494
55 0 0.00202967169216139
56 0 0.00203435873305347
57 0 0.00250703137559216
58 0 0.00281965235878778
59 0 0.00257730504080000
60 0 0.00259685422835720
61 0 0.00330439816929451
62 0 0.00329238612827654
63 0 0.00332730323594688
64 0 0.00384346528285495
65 0 0.00437290456463846
66 0 0.00459819106937398
67 0 0.00487590750237621
68 0 0.00519409305155938
69 0 0.00591155120344333
70 0 0.00665277520358831
71 0 0.00690981149899228
72 0 0.00707472843085499
73 0 0.0088021163814841
74 0 0.00904693964114822
75 0 0.0098308442484677
76 0 0.0119266466252865
77 0 0.0118384458428488
78 0 0.0129890788408881
79 0 0.0133225318123019
80 0 0.0164461761041466
81 0 0.0162714311284525
82 0 0.0183835002850379
83 0 0.0219017512787876
84 0 0.0192221113367701
85 0 0.0199700036995529
86 0 0.025118910414175
87 0 0.0274928904280706
88 0 0.0324811736898406
89 0 0.0376784014373847
90 0 0.0324984308838543
91 0 0.028535612342684
92 0 0.035719824381786
93 0 0.0703453097278772
94 0 0.0627171493523079
95 0 0.0525912784664301
96 0 0.0598466239092239
97 0 0.0560170532534316
98 0 0.0657530684721981
99 0 0.0555421588555634
100 0 0

death 1 M divorced
1 0 0.0160414565987079
2 0 0.0057076423291863
3 0 0.00354419416094176
4 0 0.00264051214600614
5 0 0.00194968845451815
6 0 0.0015094688892493
7 0 0.0012013224333014
8 0 0.000924435744596441
9 0 0.000829944650220793
10 0 0.000679785848052727
11 0 0.000526773520185264
12 0 0.000504061751729346
13 0 0.00041871291822948
14 0 0.000407495382611311
15 0 0.000338546330737155
16 0 0.000388746772837067
17 0 0.000394688993829662
18 0 0.000503977954977586
19 0 0.000508084086699001
20 0 0.000573639721047292
21 0 0.000625648414116831
22 0 0.000608700376361515
23 0 0.000513447476991447
24 0 0.000698342686484721
25 0 0.000697418953298001
26 0 0.0006954035680381
27 0 0.000643690641172978
28 0 0.000651747862605134
29 0 0.000707580534986874
30 0 0.00073555174952511
31 0 0.000707748504564121
32 0 0.000746053678337355
33 0 0.000694060002703667
34 0 0.000720851088555463
35 0 0.000824562542920404
36 0 0.000851139798232592
37 0 0.000873181268877365
38 0 0.000807997745173816
39 0 0.00093293887325796
40 0 0.000918206234798657
41 0 0.00106757957357406
42 0 0.00099020839251096
43 0 0.00116324683897573
44 0 0.00123409204543501
45 0 0.00128225443031982
46 0 0.00141377486807748
47 0 0.00139820237857269
48 0 0.00144687528055243
49 0 0.00148786540526569
50 0 0.00160254972945395
51 0 0.00182147064846094
52 0 0.0017378481245498
53 0 0.00200819961881726
54 0 0.00204288124600494
55 0 0.00202967169216139
56 0 0.00203435873305347
57 0 0.00250703137559216
58 0 0.00281965235878778
59 0 0.00257730504080000
60 0 0.00259685422835720
61 0 0.00330439816929451
62 0 0.00329238612827654
63 0 0.00332730323594688
64 0 0.00384346528285495
65 0 0.00437290456463846
66 0 0.00459819106937398
67 0 0.00487590750237621
68 0 0.00519409305155938
69 0 0.00591155120344333
70 0 0.00665277520358831
71 0 0.00690981149899228
72 0 0.00707472843085499
73 0 0.0088021163814841
74 0 0.00904693964114822
75 0 0.0098308442484677
76 0 0.0119266466252865
77 0 0.0118384458428488
78 0 0.0129890788408881
79 0 0.0133225318123019
80 0 0.0164461761041466
81 0 0.0162714311284525
82 0 0.0183835002850379
83 0 0.0219017512787876
84 0 0.0192221113367701
85 0 0.0199700036995529
86 0 0.025118910414175
87 0 0.0274928904280706
88 0 0.0324811736898406
89 0 0.0376784014373847
90 0 0.0324984308838543
91 0 0.028535612342684
92 0 0.035719824381786
93 0 0.0703453097278772
94 0 0.0627171493523079
95 0 0.0525912784664301
96 0 0.0598466239092239
97 0 0.0560170532534316
98 0 0.0657530684721981
99 0 0.0555421588555634
100 0 0

death 1 M widowed
1 0 0.0160414565987079
2 0 0.0057076423291863
3 0 0.00354419416094176
4 0 0.00264051214600614
5 0 0.00194968845451815
6 0 0.0015094688892493
7 0 0.0012013224333014
8 0 0.000924435744596441
9 0 0.000829944650220793
10 0 0.000679785848052727
11 0 0.000526773520185264
12 0 0.000504061751729346
13 0 0.00041871291822948
14 0 0.000407495382611311
15 0 0.000338546330737155
16 0 0.000388746772837067
17 0 0.000394688993829662
18 0 0.000503977954977586
19 0 0.000508084086699001
20 0 0.000573639721047292
21 0 0.000625648414116831
22 0 0.000608700376361515
23 0 0.000513447476991447
24 0 0.000698342686484721
25 0 0.000697418953298001
26 0 0.0006954035680381
27 0 0.000643690641172978
28 0 0.000651747862605134
29 0 0.000707580534986874
30 0 0.00073555174952511
31 0 0.000707748504564121
32 0 0.000746053678337355
33 0 0.000694060002703667
34 0 0.000720851088555463
35 0 0.000824562542920404
36 0 0.000851139798232592
37 0 0.000873181268877365
38 0 0.000807997745173816
39 0 0.00093293887325796
40 0 0.000918206234798657
41 0 0.00106757957357406
42 0 0.00099020839251096
43 0 0.00116324683897573
44 0 0.00123409204543501
45 0 0.00128225443031982
46 0 0.00141377486807748
47 0 0.00139820237857269
48 0 0.00144687528055243
49 0 0.00148786540526569
50 0 0.00160254972945395
51 0 0.00182147064846094
52 0 0.0017378481245498
53 0 0.00200819961881726
54 0 0.00204288124600494
55 0 0.00202967169216139
56 0 0.00203435873305347
57 0 0.00250703137559216
58 0 0.00281965235878778
59 0 0.00257730504080000
60 0 0.00259685422835720
61 0 0.00330439816929451
62 0 0.00329238612827654
63 0 0.00332730323594688
64 0 0.00384346528285495
65 0 0.00437290456463846
66 0 0.00459819106937398
67 0 0.00487590750237621
68 0 0.00519409305155938
69 0 0.00591155120344333
70 0 0.00665277520358831
71 0 0.00690981149899228
72 0 0.00707472843085499
73 0 0.0088021163814841
74 0 0.00904693964114822
75 0 0.0098308442484677
76 0 0.0119266466252865
77 0 0.0118384458428488
78 0 0.0129890788408881
79 0 0.0133225318123019
80 0 0.0164461761041466
81 0 0.0162714311284525
82 0 0.0183835002850379
83 0 0.0219017512787876
84 0 0.0192221113367701
85 0 0.0199700036995529
86 0 0.025118910414175
87 0 0.0274928904280706
88 0 0.0324811736898406
89 0 0.0376784014373847
90 0 0.0324984308838543
91 0 0.028535612342684
92 0 0.035719824381786
93 0 0.0703453097278772
94 0 0.0627171493523079
95 0 0.0525912784664301
96 0 0.0598466239092239
97 0 0.0560170532534316
98 0 0.0657530684721981
99 0 0.0555421588555634
100 0 0

death 1 F married
1 0 0.0135293567278540
2 0 0.00537986585140837
3 0 0.0032772653191685
4 0 0.0026006273638115
5 0 0.00180616808547729
6 0 0.00139253262457173
7 0 0.00109017967537539
8 0 0.000877640690166492
9 0 0.000715895401885547
10 0 0.000635298461959422
11 0 0.000484539196969336
12 0 0.000448437711812466
13 0 0.000448270220948066
14 0 0.000382637570443767
15 0 0.000415447970222638
16 0 0.000420471015746493
17 0 0.000378788146987552
18 0 0.000458738993352914
19 0 0.00052685733796265
20 0 0.000532976244565497
21 0 0.000481104331573445
22 0 0.00051604548298112
23 0 0.000504564533862939
24 0 0.000574897644516681
25 0 0.000612056172412223
26 0 0.000577749002194095
27 0 0.000522666543806727
28 0 0.00058504553077654
29 0 0.000655273121693445
30 0 0.000595110669758481
31 0 0.000603666914681056
32 0 0.000606435284096096
33 0 0.00069951836048876
34 0 0.000703885282860028
35 0 0.0007274870923768
36 0 0.000656783988893017
37 0 0.000719423151111509
38 0 0.000727823105464265
39 0 0.000893965722592371
40 0 0.000799170026006824
41 0 0.000933780810498108
42 0 0.000854336321148397
43 0 0.00092510923070832
44 0 0.00094548454642962
45 0 0.000986080410746881
46 0 0.00101818251862229
47 0 0.000952136982243168
48 0 0.00105754625663557
49 0 0.00114408844330238
50 0 0.00119144319539177
51 0 0.00126366241215847
52 0 0.00128377576394567
53 0 0.00141174352229712
54 0 0.00146508141890422
55 0 0.00144408117322126
56 0 0.00159152424623421
57 0 0.00162579244288319
58 0 0.00175424362328436
59 0 0.00216620635846998
60 0 0.00214180095030814
61 0 0.00234030659617623
62 0 0.00267509315492898
63 0 0.00283933985896678
64 0 0.0030476529464748
65 0 0.00307764812570333
66 0 0.00365708582470037
67 0 0.00384494326010298
68 0 0.00429161348566842
69 0 0.00553855615768684
70 0 0.00480040157925676
71 0 0.0058466413930981
72 0 0.00699934417556125
73 0 0.00695569152722797
74 0 0.00729141438017589
75 0 0.00807188521139135
76 0 0.00876088748497728
77 0 0.00952775802600714
78 0 0.0111268909761557
79 0 0.0118513664050388
80 0 0.0122385141510315
81 0 0.0139854933830976
82 0 0.0157281012702513
83 0 0.0167816349744190
84 0 0.0172497495983953
85 0 0.0205355691021774
86 0 0.0214744198130842
87 0 0.0220407126102645
88 0 0.0241901453135684
89 0 0.0343464450080792
90 0 0.0291628895889233
91 0 0.0320981935083233
92 0 0.0332052830736782
93 0 0.03971110929113
94 0 0.0296872096961268
95 0 0.0334438652968134
96 0 0.0494447805002841
97 0 0.0222325933285465
98 0 0.0580256787028486
99 0 0.0163496195117987
100 0 0.0557151416788322

death 1 F single
1 0 0.0135293567278540
2 0 0.00537986585140837
3 0 0.0032772653191685
4 0 0.0026006273638115
5 0 0.00180616808547729
6 0 0.00139253262457173
7 0 0.00109017967537539
8 0 0.000877640690166492
9 0 0.000715895401885547
10 0 0.000635298461959422
11 0 0.000484539196969336
12 0 0.000448437711812466
13 0 0.000448270220948066
14 0 0.000382637570443767
15 0 0.000415447970222638
16 0 0.000420471015746493
17 0 0.000378788146987552
18 0 0.000458738993352914
19 0 0.00052685733796265
20 0 0.000532976244565497
21 0 0.000481104331573445
22 0 0.00051604548298112
23 0 0.000504564533862939
24 0 0.000574897644516681
25 0 0.000612056172412223
26 0 0.000577749002194095
27 0 0.000522666543806727
28 0 0.00058504553077654
29 0 0.000655273121693445
30 0 0.000595110669758481
31 0 0.000603666914681056
32 0 0.000606435284096096
33 0 0.00069951836048876
34 0 0.000703885282860028
35 0 0.0007274870923768
36 0 0.000656783988893017
37 0 0.000719423151111509
38 0 0.000727823105464265
39 0 0.000893965722592371
40 0 0.000799170026006824
41 0 0.000933780810498108
42 0 0.000854336321148397
43 0 0.00092510923070832
44 0 0.00094548454642962
45 0 0.000986080410746881
46 0 0.00101818251862229
47 0 0.000952136982243168
48 0 0.00105754625663557
49 0 0.00114408844330238
50 0 0.00119144319539177
51 0 0.00126366241215847
52 0 0.00128377576394567
53 0 0.00141174352229712
54 0 0.00146508141890422
55 0 0.00144408117322126
56 0 0.00159152424623421
57 0 0.00162579244288319
58 0 0.00175424362328436
59 0 0.00216620635846998
60 0 0.00214180095030814
61 0 0.00234030659617623
62 0 0.00267509315492898
63 0 0.00283933985896678
64 0 0.0030476529464748
65 0 0.00307764812570333
66 0 0.00365708582470037
67 0 0.00384494326010298
68 0 0.00429161348566842
69 0 0.00553855615768684
70 0 0.00480040157925676
71 0 0.0058466413930981
72 0 0.00699934417556125
73 0 0.00695569152722797
74 0 0.00729141438017589
75 0 0.00807188521139135
76 0 0.00876088748497728
77 0 0.00952775802600714
78 0 0.0111268909761557
79 0 0.0118513664050388
80 0 0.0122385141510315
81 0 0.0139854933830976
82 0 0.0157281012702513
83 0 0.0167816349744190
84 0 0.0172497495983953
85 0 0.0205355691021774
86 0 0.0214744198130842
87 0 0.0220407126102645
88 0 0.0241901453135684
89 0 0.0343464450080792
90 0 0.0291628895889233
91 0 0.0320981935083233
92 0 0.0332052830736782
93 0 0.03971110929113
94 0 0.0296872096961268
95 0 0.0334438652968134
96 0 0.0494447805002841
97 0 0.0222325933285465
98 0 0.0580256787028486
99 0 0.0163496195117987
100 0 0.0557151416788322

death 1 F divorced
1 0 0.0135293567278540
2 0 0.00537986585140837
3 0 0.0032772653191685
4 0 0.0026006273638115
5 0 0.00180616808547729
6 0 0.00139253262457173
7 0 0.00109017967537539
8 0 0.000877640690166492
9 0 0.000715895401885547
10 0 0.000635298461959422
11 0 0.000484539196969336
12 0 0.000448437711812466
13 0 0.000448270220948066
14 0 0.000382637570443767
15 0 0.000415447970222638
16 0 0.000420471015746493
17 0 0.000378788146987552
18 0 0.000458738993352914
19 0 0.00052685733796265
20 0 0.000532976244565497
21 0 0.000481104331573445
22 0 0.00051604548298112
23 0 0.000504564533862939
24 0 0.000574897644516681
25 0 0.000612056172412223
26 0 0.000577749002194095
27 0 0.000522666543806727
28 0 0.00058504553077654
29 0 0.000655273121693445
30 0 0.000595110669758481
31 0 0.000603666914681056
32 0 0.000606435284096096
33 0 0.00069951836048876
34 0 0.000703885282860028
35 0 0.0007274870923768
36 0 0.000656783988893017
37 0 0.000719423151111509
38 0 0.000727823105464265
39 0 0.000893965722592371
40 0 0.000799170026006824
41 0 0.000933780810498108
42 0 0.000854336321148397
43 0 0.00092510923070832
44 0 0.00094548454642962
45 0 0.000986080410746881
46 0 0.00101818251862229
47 0 0.000952136982243168
48 0 0.00105754625663557
49 0 0.00114408844330238
50 0 0.00119144319539177
51 0 0.00126366241215847
52 0 0.00128377576394567
53 0 0.00141174352229712
54 0 0.00146508141890422
55 0 0.00144408117322126
56 0 0.00159152424623421
57 0 0.00162579244288319
58 0 0.00175424362328436
59 0 0.00216620635846998
60 0 0.00214180095030814
61 0 0.00234030659617623
62 0 0.00267509315492898
63 0 0.00283933985896678
64 0 0.0030476529464748
65 0 0.00307764812570333
66 0 0.00365708582470037
67 0 0.00384494326010298
68 0 0.00429161348566842
69 0 0.00553855615768684
70 0 0.00480040157925676
71 0 0.0058466413930981
72 0 0.00699934417556125
73 0 0.00695569152722797
74 0 0.00729141438017589
75 0 0.00807188521139135
76 0 0.00876088748497728
77 0 0.00952775802600714
78 0 0.0111268909761557
79 0 0.0118513664050388
80 0 0.0122385141510315
81 0 0.0139854933830976
82 0 0.0157281012702513
83 0 0.0167816349744190
84 0 0.0172497495983953
85 0 0.0205355691021774
86 0 0.0214744198130842
87 0 0.0220407126102645
88 0 0.0241901453135684
89 0 0.0343464450080792
90 0 0.0291628895889233
91 0 0.0320981935083233
92 0 0.0332052830736782
93 0 0.03971110929113
94 0 0.0296872096961268
95 0 0.0334438652968134
96 0 0.0494447805002841
97 0 0.0222325933285465
98 0 0.0580256787028486
99 0 0.0163496195117987
100 0 0.0557151416788322

death 1 F widowed
1 0 0.0135293567278540
2 0 0.00537986585140837
3 0 0.0032772653191685
4 0 0.0026006273638115
5 0 0.00180616808547729
6 0 0.00139253262457173
7 0 0.00109017967537539
8 0 0.000877640690166492
9 0 0.000715895401885547
10 0 0.000635298461959422
11 0 0.000484539196969336
12 0 0.000448437711812466
13 0 0.000448270220948066
14 0 0.000382637570443767
15 0 0.000415447970222638
16 0 0.000420471015746493
17 0 0.000378788146987552
18 0 0.000458738993352914
19 0 0.00052685733796265
20 0 0.000532976244565497
21 0 0.000481104331573445
22 0 0.00051604548298112
23 0 0.000504564533862939
24 0 0.000574897644516681
25 0 0.000612056172412223
26 0 0.000577749002194095
27 0 0.000522666543806727
28 0 0.00058504553077654
29 0 0.000655273121693445
30 0 0.000595110669758481
31 0 0.000603666914681056
32 0 0.000606435284096096
33 0 0.00069951836048876
34 0 0.000703885282860028
35 0 0.0007274870923768
36 0 0.000656783988893017
37 0 0.000719423151111509
38 0 0.000727823105464265
39 0 0.000893965722592371
40 0 0.000799170026006824
41 0 0.000933780810498108
42 0 0.000854336321148397
43 0 0.00092510923070832
44 0 0.00094548454642962
45 0 0.000986080410746881
46 0 0.00101818251862229
47 0 0.000952136982243168
48 0 0.00105754625663557
49 0 0.00114408844330238
50 0 0.00119144319539177
51 0 0.00126366241215847
52 0 0.00128377576394567
53 0 0.00141174352229712
54 0 0.00146508141890422
55 0 0.00144408117322126
56 0 0.00159152424623421
57 0 0.00162579244288319
58 0 0.00175424362328436
59 0 0.00216620635846998
60 0 0.00214180095030814
61 0 0.00234030659617623
62 0 0.00267509315492898
63 0 0.00283933985896678
64 0 0.0030476529464748
65 0 0.00307764812570333
66 0 0.00365708582470037
67 0 0.00384494326010298
68 0 0.00429161348566842
69 0 0.00553855615768684
70 0 0.00480040157925676
71 0 0.0058466413930981
72 0 0.00699934417556125
73 0 0.00695569152722797
74 0 0.00729141438017589
75 0 0.00807188521139135
76 0 0.00876088748497728
77 0 0.00952775802600714
78 0 0.0111268909761557
79 0 0.0118513664050388
80 0 0.0122385141510315
81 0 0.0139854933830976
82 0 0.0157281012702513
83 0 0.0167816349744190
84 0 0.0172497495983953
85 0 0.0205355691021774
86 0 0.0214744198130842
87 0 0.0220407126102645
88 0 0.0241901453135684
89 0 0.0343464450080792
90 0 0.0291628895889233
91 0 0.0320981935083233
92 0 0.0332052830736782
93 0 0.03971110929113
94 0 0.0296872096961268
95 0 0.0334438652968134
96 0 0.0494447805002841
97 0 0.0222325933285465
98 0 0.0580256787028486
99 0 0.0163496195117987
100 0 0.0557151416788322
