*Period monthly mortality rates for SWE in 2005 
* Mon Dec 20 14:21:49 2010
death 1 M married
1 0 0.000209741784809925
2 0 0.0000385081547821242
3 0 0.00000816703350903225
4 0 0.0000220860159924063
5 0 0.00000691692980214764
6 0 0.0000175850340174977
7 0 0.0000176683835103608
8 0 0.00000700026951450106
9 0 0.0000102505778891704
10 0 0.00000475012409828501
11 0 0.00000591685921358387
12 0 0.00000691692980214764
13 0 0.00000400008800272023
14 0 0.0000190853365812371
15 0 0.0000138343859310552
16 0 0.0000230862644735597
17 0 0.000018668583385395
18 0 0.0000292547066492732
19 0 0.0000333394460065861
20 0 0.0000458448912142861
21 0 0.0000489298322259302
22 0 0.000059936420779727
23 0 0.0000600198091127435
24 0 0.0000515145931371253
25 0 0.0000565175649840377
26 0 0.0000664409404824706
27 0 0.0000615208121885757
28 0 0.0000475957908330216
29 0 0.0000642727155337752
30 0 0.000064856463317109
31 0 0.0000521816401416464
32 0 0.0000484295644093136
33 0 0.000064189323299324
34 0 0.0000408425066913409
35 0 0.0000546831100031175
36 0 0.0000759483834997798
37 0 0.0000544329599193594
38 0 0.0000565175649840377
39 0 0.0000665243347826028
40 0 0.000097302055409476
41 0 0.000082871094802206
42 0 0.000106896158282521
43 0 0.000123917754311864
44 0 0.000130677213371788
45 0 0.000139607145984932
46 0 0.000149706538102978
47 0 0.000168739847532073
48 0 0.000177256039639362
49 0 0.000193622727328258
50 0 0.000247837550048202
51 0 0.000224694139804638
52 0 0.000243910274670078
53 0 0.000304425862870827
54 0 0.000402724164085932
55 0 0.000366571491637546
56 0 0.000427085115847881
57 0 0.000474151221038555
58 0 0.000482025868081104
59 0 0.000508586891090346
60 0 0.000627913985449258
61 0 0.000679450012595617
62 0 0.00072320303445228
63 0 0.000828430900309485
64 0 0.000909115284560391
65 0 0.000934959535746405
66 0 0.00116172752347432
67 0 0.00136469673105299
68 0 0.0013202108674647
69 0 0.00154641852618531
70 0 0.00167399338508389
71 0 0.00187547530928167
72 0 0.00200785883322474
73 0 0.00228602459881744
74 0 0.00270427846107757
75 0 0.00300043927349480
76 0 0.00327691973016986
77 0 0.00364554742628098
78 0 0.0040137651932195
79 0 0.00452387998555903
80 0 0.0053697856389352
81 0 0.0059492736583352
82 0 0.00671386952682806
83 0 0.00744201145023282
84 0 0.0086420811827147
85 0 0.00964356711214487
86 0 0.0116002237348695
87 0 0.0120820639962197
88 0 0.0143671277933675
89 0 0.0160905519126543
90 0 0.0179339246894924
91 0 0.0211538661090548
92 0 0.0213198606381629
93 0 0.0257315486686646
94 0 0.0323183558501942
95 0 0.0355066057287652
96 0 0.0371724350696595
97 0 0.0370500283754182
98 0 0.0494567179551747
99 0 0.0430052662219192
100 0 0.0380848065977761

death 1 M single
1 0 0.000209741784809925
2 0 0.0000385081547821242
3 0 0.00000816703350903225
4 0 0.0000220860159924063
5 0 0.00000691692980214764
6 0 0.0000175850340174977
7 0 0.0000176683835103608
8 0 0.00000700026951450106
9 0 0.0000102505778891704
10 0 0.00000475012409828501
11 0 0.00000591685921358387
12 0 0.00000691692980214764
13 0 0.00000400008800272023
14 0 0.0000190853365812371
15 0 0.0000138343859310552
16 0 0.0000230862644735597
17 0 0.000018668583385395
18 0 0.0000292547066492732
19 0 0.0000333394460065861
20 0 0.0000458448912142861
21 0 0.0000489298322259302
22 0 0.000059936420779727
23 0 0.0000600198091127435
24 0 0.0000515145931371253
25 0 0.0000565175649840377
26 0 0.0000664409404824706
27 0 0.0000615208121885757
28 0 0.0000475957908330216
29 0 0.0000642727155337752
30 0 0.000064856463317109
31 0 0.0000521816401416464
32 0 0.0000484295644093136
33 0 0.000064189323299324
34 0 0.0000408425066913409
35 0 0.0000546831100031175
36 0 0.0000759483834997798
37 0 0.0000544329599193594
38 0 0.0000565175649840377
39 0 0.0000665243347826028
40 0 0.000097302055409476
41 0 0.000082871094802206
42 0 0.000106896158282521
43 0 0.000123917754311864
44 0 0.000130677213371788
45 0 0.000139607145984932
46 0 0.000149706538102978
47 0 0.000168739847532073
48 0 0.000177256039639362
49 0 0.000193622727328258
50 0 0.000247837550048202
51 0 0.000224694139804638
52 0 0.000243910274670078
53 0 0.000304425862870827
54 0 0.000402724164085932
55 0 0.000366571491637546
56 0 0.000427085115847881
57 0 0.000474151221038555
58 0 0.000482025868081104
59 0 0.000508586891090346
60 0 0.000627913985449258
61 0 0.000679450012595617
62 0 0.00072320303445228
63 0 0.000828430900309485
64 0 0.000909115284560391
65 0 0.000934959535746405
66 0 0.00116172752347432
67 0 0.00136469673105299
68 0 0.0013202108674647
69 0 0.00154641852618531
70 0 0.00167399338508389
71 0 0.00187547530928167
72 0 0.00200785883322474
73 0 0.00228602459881744
74 0 0.00270427846107757
75 0 0.00300043927349480
76 0 0.00327691973016986
77 0 0.00364554742628098
78 0 0.0040137651932195
79 0 0.00452387998555903
80 0 0.0053697856389352
81 0 0.0059492736583352
82 0 0.00671386952682806
83 0 0.00744201145023282
84 0 0.0086420811827147
85 0 0.00964356711214487
86 0 0.0116002237348695
87 0 0.0120820639962197
88 0 0.0143671277933675
89 0 0.0160905519126543
90 0 0.0179339246894924
91 0 0.0211538661090548
92 0 0.0213198606381629
93 0 0.0257315486686646
94 0 0.0323183558501942
95 0 0.0355066057287652
96 0 0.0371724350696595
97 0 0.0370500283754182
98 0 0.0494567179551747
99 0 0.0430052662219192
100 0 0.0380848065977761

death 1 M divorced
1 0 0.000209741784809925
2 0 0.0000385081547821242
3 0 0.00000816703350903225
4 0 0.0000220860159924063
5 0 0.00000691692980214764
6 0 0.0000175850340174977
7 0 0.0000176683835103608
8 0 0.00000700026951450106
9 0 0.0000102505778891704
10 0 0.00000475012409828501
11 0 0.00000591685921358387
12 0 0.00000691692980214764
13 0 0.00000400008800272023
14 0 0.0000190853365812371
15 0 0.0000138343859310552
16 0 0.0000230862644735597
17 0 0.000018668583385395
18 0 0.0000292547066492732
19 0 0.0000333394460065861
20 0 0.0000458448912142861
21 0 0.0000489298322259302
22 0 0.000059936420779727
23 0 0.0000600198091127435
24 0 0.0000515145931371253
25 0 0.0000565175649840377
26 0 0.0000664409404824706
27 0 0.0000615208121885757
28 0 0.0000475957908330216
29 0 0.0000642727155337752
30 0 0.000064856463317109
31 0 0.0000521816401416464
32 0 0.0000484295644093136
33 0 0.000064189323299324
34 0 0.0000408425066913409
35 0 0.0000546831100031175
36 0 0.0000759483834997798
37 0 0.0000544329599193594
38 0 0.0000565175649840377
39 0 0.0000665243347826028
40 0 0.000097302055409476
41 0 0.000082871094802206
42 0 0.000106896158282521
43 0 0.000123917754311864
44 0 0.000130677213371788
45 0 0.000139607145984932
46 0 0.000149706538102978
47 0 0.000168739847532073
48 0 0.000177256039639362
49 0 0.000193622727328258
50 0 0.000247837550048202
51 0 0.000224694139804638
52 0 0.000243910274670078
53 0 0.000304425862870827
54 0 0.000402724164085932
55 0 0.000366571491637546
56 0 0.000427085115847881
57 0 0.000474151221038555
58 0 0.000482025868081104
59 0 0.000508586891090346
60 0 0.000627913985449258
61 0 0.000679450012595617
62 0 0.00072320303445228
63 0 0.000828430900309485
64 0 0.000909115284560391
65 0 0.000934959535746405
66 0 0.00116172752347432
67 0 0.00136469673105299
68 0 0.0013202108674647
69 0 0.00154641852618531
70 0 0.00167399338508389
71 0 0.00187547530928167
72 0 0.00200785883322474
73 0 0.00228602459881744
74 0 0.00270427846107757
75 0 0.00300043927349480
76 0 0.00327691973016986
77 0 0.00364554742628098
78 0 0.0040137651932195
79 0 0.00452387998555903
80 0 0.0053697856389352
81 0 0.0059492736583352
82 0 0.00671386952682806
83 0 0.00744201145023282
84 0 0.0086420811827147
85 0 0.00964356711214487
86 0 0.0116002237348695
87 0 0.0120820639962197
88 0 0.0143671277933675
89 0 0.0160905519126543
90 0 0.0179339246894924
91 0 0.0211538661090548
92 0 0.0213198606381629
93 0 0.0257315486686646
94 0 0.0323183558501942
95 0 0.0355066057287652
96 0 0.0371724350696595
97 0 0.0370500283754182
98 0 0.0494567179551747
99 0 0.0430052662219192
100 0 0.0380848065977761

death 1 M widowed
1 0 0.000209741784809925
2 0 0.0000385081547821242
3 0 0.00000816703350903225
4 0 0.0000220860159924063
5 0 0.00000691692980214764
6 0 0.0000175850340174977
7 0 0.0000176683835103608
8 0 0.00000700026951450106
9 0 0.0000102505778891704
10 0 0.00000475012409828501
11 0 0.00000591685921358387
12 0 0.00000691692980214764
13 0 0.00000400008800272023
14 0 0.0000190853365812371
15 0 0.0000138343859310552
16 0 0.0000230862644735597
17 0 0.000018668583385395
18 0 0.0000292547066492732
19 0 0.0000333394460065861
20 0 0.0000458448912142861
21 0 0.0000489298322259302
22 0 0.000059936420779727
23 0 0.0000600198091127435
24 0 0.0000515145931371253
25 0 0.0000565175649840377
26 0 0.0000664409404824706
27 0 0.0000615208121885757
28 0 0.0000475957908330216
29 0 0.0000642727155337752
30 0 0.000064856463317109
31 0 0.0000521816401416464
32 0 0.0000484295644093136
33 0 0.000064189323299324
34 0 0.0000408425066913409
35 0 0.0000546831100031175
36 0 0.0000759483834997798
37 0 0.0000544329599193594
38 0 0.0000565175649840377
39 0 0.0000665243347826028
40 0 0.000097302055409476
41 0 0.000082871094802206
42 0 0.000106896158282521
43 0 0.000123917754311864
44 0 0.000130677213371788
45 0 0.000139607145984932
46 0 0.000149706538102978
47 0 0.000168739847532073
48 0 0.000177256039639362
49 0 0.000193622727328258
50 0 0.000247837550048202
51 0 0.000224694139804638
52 0 0.000243910274670078
53 0 0.000304425862870827
54 0 0.000402724164085932
55 0 0.000366571491637546
56 0 0.000427085115847881
57 0 0.000474151221038555
58 0 0.000482025868081104
59 0 0.000508586891090346
60 0 0.000627913985449258
61 0 0.000679450012595617
62 0 0.00072320303445228
63 0 0.000828430900309485
64 0 0.000909115284560391
65 0 0.000934959535746405
66 0 0.00116172752347432
67 0 0.00136469673105299
68 0 0.0013202108674647
69 0 0.00154641852618531
70 0 0.00167399338508389
71 0 0.00187547530928167
72 0 0.00200785883322474
73 0 0.00228602459881744
74 0 0.00270427846107757
75 0 0.00300043927349480
76 0 0.00327691973016986
77 0 0.00364554742628098
78 0 0.0040137651932195
79 0 0.00452387998555903
80 0 0.0053697856389352
81 0 0.0059492736583352
82 0 0.00671386952682806
83 0 0.00744201145023282
84 0 0.0086420811827147
85 0 0.00964356711214487
86 0 0.0116002237348695
87 0 0.0120820639962197
88 0 0.0143671277933675
89 0 0.0160905519126543
90 0 0.0179339246894924
91 0 0.0211538661090548
92 0 0.0213198606381629
93 0 0.0257315486686646
94 0 0.0323183558501942
95 0 0.0355066057287652
96 0 0.0371724350696595
97 0 0.0370500283754182
98 0 0.0494567179551747
99 0 0.0430052662219192
100 0 0.0380848065977761

death 1 F married
1 0 0.000194791889228663
2 0 0.0000304217563084075
3 0 0.0000155013215320521
4 0 0.0000107506356461506
5 0 0.00000733362912774815
6 0 0.00000375007734598753
7 0 0.00000933381247869569
8 0 0.00000558350479551439
9 0 0.00000358340395678614
10 0 0.00000666691112360951
11 0 0.00000616687582932762
12 0 0.00000141667770503506
13 0 0.00000691692980214764
14 0 0.0000121674808953864
15 0 0.00000666691112360951
16 0 0.0000149178905948233
17 0 0.00000850039740085684
18 0 0.0000117507594121768
19 0 0.0000121674808953864
20 0 0.0000203356076323713
21 0 0.0000257536475638531
22 0 0.0000314220965127454
23 0 0.0000197521456686278
24 0 0.0000227528470903016
25 0 0.0000126675491968209
26 0 0.0000171682876994872
27 0 0.0000222527233083580
28 0 0.0000222527233083580
29 0 0.000018668583385395
30 0 0.0000254202203973097
31 0 0.0000384247861797693
32 0 0.0000389249989409812
33 0 0.0000220860159924063
34 0 0.0000190853365812371
35 0 0.0000288379068305034
36 0 0.0000335895380524365
37 0 0.0000439272779444444
38 0 0.0000444275209845468
39 0 0.0000533489841776369
40 0 0.0000529320738724692
41 0 0.00005268192860719
42 0 0.000061103864403611
43 0 0.0000635221881777337
44 0 0.0000857904684508082
45 0 0.0000684424248000859
46 0 0.0000947994124914642
47 0 0.000112235923717230
48 0 0.000093714955291202
49 0 0.000134516142315522
50 0 0.000146785110982983
51 0 0.000195292963218519
52 0 0.000202642365785488
53 0 0.000213751113501193
54 0 0.000226532029166893
55 0 0.000244829409016045
56 0 0.000286450866907706
57 0 0.000322237155992444
58 0 0.000369248974198655
59 0 0.00033461513372357
60 0 0.000404816772948458
61 0 0.000442826935906804
62 0 0.000489649846773466
63 0 0.000510681939337232
64 0 0.000621033536154059
65 0 0.000596620536782444
66 0 0.000741768744757065
67 0 0.000783870678089937
68 0 0.000817414924653481
69 0 0.000893292467371909
70 0 0.00101514876309683
71 0 0.00113657810476386
72 0 0.00115700092669901
73 0 0.00139634062925686
74 0 0.0014320590258452
75 0 0.00171644498812173
76 0 0.00183371455711590
77 0 0.00215647754163228
78 0 0.00243159067215504
79 0 0.00281140035534144
80 0 0.00305368566199860
81 0 0.00360010216925455
82 0 0.00412131388378234
83 0 0.00459757740255828
84 0 0.00567206097017725
85 0 0.00616175638699534
86 0 0.00720086984309232
87 0 0.00828760356468872
88 0 0.00968075024770587
89 0 0.0110090638743541
90 0 0.0128284347111266
91 0 0.0148298184407869
92 0 0.0170491595263750
93 0 0.0192296428566672
94 0 0.0209829191611242
95 0 0.0244014941238722
96 0 0.0254019143928763
97 0 0.0295352646117212
98 0 0.0360223484227586
99 0 0.0380518568564999
100 0 0.0438100074825342

death 1 F single
1 0 0.000194791889228663
2 0 0.0000304217563084075
3 0 0.0000155013215320521
4 0 0.0000107506356461506
5 0 0.00000733362912774815
6 0 0.00000375007734598753
7 0 0.00000933381247869569
8 0 0.00000558350479551439
9 0 0.00000358340395678614
10 0 0.00000666691112360951
11 0 0.00000616687582932762
12 0 0.00000141667770503506
13 0 0.00000691692980214764
14 0 0.0000121674808953864
15 0 0.00000666691112360951
16 0 0.0000149178905948233
17 0 0.00000850039740085684
18 0 0.0000117507594121768
19 0 0.0000121674808953864
20 0 0.0000203356076323713
21 0 0.0000257536475638531
22 0 0.0000314220965127454
23 0 0.0000197521456686278
24 0 0.0000227528470903016
25 0 0.0000126675491968209
26 0 0.0000171682876994872
27 0 0.0000222527233083580
28 0 0.0000222527233083580
29 0 0.000018668583385395
30 0 0.0000254202203973097
31 0 0.0000384247861797693
32 0 0.0000389249989409812
33 0 0.0000220860159924063
34 0 0.0000190853365812371
35 0 0.0000288379068305034
36 0 0.0000335895380524365
37 0 0.0000439272779444444
38 0 0.0000444275209845468
39 0 0.0000533489841776369
40 0 0.0000529320738724692
41 0 0.00005268192860719
42 0 0.000061103864403611
43 0 0.0000635221881777337
44 0 0.0000857904684508082
45 0 0.0000684424248000859
46 0 0.0000947994124914642
47 0 0.000112235923717230
48 0 0.000093714955291202
49 0 0.000134516142315522
50 0 0.000146785110982983
51 0 0.000195292963218519
52 0 0.000202642365785488
53 0 0.000213751113501193
54 0 0.000226532029166893
55 0 0.000244829409016045
56 0 0.000286450866907706
57 0 0.000322237155992444
58 0 0.000369248974198655
59 0 0.00033461513372357
60 0 0.000404816772948458
61 0 0.000442826935906804
62 0 0.000489649846773466
63 0 0.000510681939337232
64 0 0.000621033536154059
65 0 0.000596620536782444
66 0 0.000741768744757065
67 0 0.000783870678089937
68 0 0.000817414924653481
69 0 0.000893292467371909
70 0 0.00101514876309683
71 0 0.00113657810476386
72 0 0.00115700092669901
73 0 0.00139634062925686
74 0 0.0014320590258452
75 0 0.00171644498812173
76 0 0.00183371455711590
77 0 0.00215647754163228
78 0 0.00243159067215504
79 0 0.00281140035534144
80 0 0.00305368566199860
81 0 0.00360010216925455
82 0 0.00412131388378234
83 0 0.00459757740255828
84 0 0.00567206097017725
85 0 0.00616175638699534
86 0 0.00720086984309232
87 0 0.00828760356468872
88 0 0.00968075024770587
89 0 0.0110090638743541
90 0 0.0128284347111266
91 0 0.0148298184407869
92 0 0.0170491595263750
93 0 0.0192296428566672
94 0 0.0209829191611242
95 0 0.0244014941238722
96 0 0.0254019143928763
97 0 0.0295352646117212
98 0 0.0360223484227586
99 0 0.0380518568564999
100 0 0.0438100074825342

death 1 F divorced
1 0 0.000194791889228663
2 0 0.0000304217563084075
3 0 0.0000155013215320521
4 0 0.0000107506356461506
5 0 0.00000733362912774815
6 0 0.00000375007734598753
7 0 0.00000933381247869569
8 0 0.00000558350479551439
9 0 0.00000358340395678614
10 0 0.00000666691112360951
11 0 0.00000616687582932762
12 0 0.00000141667770503506
13 0 0.00000691692980214764
14 0 0.0000121674808953864
15 0 0.00000666691112360951
16 0 0.0000149178905948233
17 0 0.00000850039740085684
18 0 0.0000117507594121768
19 0 0.0000121674808953864
20 0 0.0000203356076323713
21 0 0.0000257536475638531
22 0 0.0000314220965127454
23 0 0.0000197521456686278
24 0 0.0000227528470903016
25 0 0.0000126675491968209
26 0 0.0000171682876994872
27 0 0.0000222527233083580
28 0 0.0000222527233083580
29 0 0.000018668583385395
30 0 0.0000254202203973097
31 0 0.0000384247861797693
32 0 0.0000389249989409812
33 0 0.0000220860159924063
34 0 0.0000190853365812371
35 0 0.0000288379068305034
36 0 0.0000335895380524365
37 0 0.0000439272779444444
38 0 0.0000444275209845468
39 0 0.0000533489841776369
40 0 0.0000529320738724692
41 0 0.00005268192860719
42 0 0.000061103864403611
43 0 0.0000635221881777337
44 0 0.0000857904684508082
45 0 0.0000684424248000859
46 0 0.0000947994124914642
47 0 0.000112235923717230
48 0 0.000093714955291202
49 0 0.000134516142315522
50 0 0.000146785110982983
51 0 0.000195292963218519
52 0 0.000202642365785488
53 0 0.000213751113501193
54 0 0.000226532029166893
55 0 0.000244829409016045
56 0 0.000286450866907706
57 0 0.000322237155992444
58 0 0.000369248974198655
59 0 0.00033461513372357
60 0 0.000404816772948458
61 0 0.000442826935906804
62 0 0.000489649846773466
63 0 0.000510681939337232
64 0 0.000621033536154059
65 0 0.000596620536782444
66 0 0.000741768744757065
67 0 0.000783870678089937
68 0 0.000817414924653481
69 0 0.000893292467371909
70 0 0.00101514876309683
71 0 0.00113657810476386
72 0 0.00115700092669901
73 0 0.00139634062925686
74 0 0.0014320590258452
75 0 0.00171644498812173
76 0 0.00183371455711590
77 0 0.00215647754163228
78 0 0.00243159067215504
79 0 0.00281140035534144
80 0 0.00305368566199860
81 0 0.00360010216925455
82 0 0.00412131388378234
83 0 0.00459757740255828
84 0 0.00567206097017725
85 0 0.00616175638699534
86 0 0.00720086984309232
87 0 0.00828760356468872
88 0 0.00968075024770587
89 0 0.0110090638743541
90 0 0.0128284347111266
91 0 0.0148298184407869
92 0 0.0170491595263750
93 0 0.0192296428566672
94 0 0.0209829191611242
95 0 0.0244014941238722
96 0 0.0254019143928763
97 0 0.0295352646117212
98 0 0.0360223484227586
99 0 0.0380518568564999
100 0 0.0438100074825342

death 1 F widowed
1 0 0.000194791889228663
2 0 0.0000304217563084075
3 0 0.0000155013215320521
4 0 0.0000107506356461506
5 0 0.00000733362912774815
6 0 0.00000375007734598753
7 0 0.00000933381247869569
8 0 0.00000558350479551439
9 0 0.00000358340395678614
10 0 0.00000666691112360951
11 0 0.00000616687582932762
12 0 0.00000141667770503506
13 0 0.00000691692980214764
14 0 0.0000121674808953864
15 0 0.00000666691112360951
16 0 0.0000149178905948233
17 0 0.00000850039740085684
18 0 0.0000117507594121768
19 0 0.0000121674808953864
20 0 0.0000203356076323713
21 0 0.0000257536475638531
22 0 0.0000314220965127454
23 0 0.0000197521456686278
24 0 0.0000227528470903016
25 0 0.0000126675491968209
26 0 0.0000171682876994872
27 0 0.0000222527233083580
28 0 0.0000222527233083580
29 0 0.000018668583385395
30 0 0.0000254202203973097
31 0 0.0000384247861797693
32 0 0.0000389249989409812
33 0 0.0000220860159924063
34 0 0.0000190853365812371
35 0 0.0000288379068305034
36 0 0.0000335895380524365
37 0 0.0000439272779444444
38 0 0.0000444275209845468
39 0 0.0000533489841776369
40 0 0.0000529320738724692
41 0 0.00005268192860719
42 0 0.000061103864403611
43 0 0.0000635221881777337
44 0 0.0000857904684508082
45 0 0.0000684424248000859
46 0 0.0000947994124914642
47 0 0.000112235923717230
48 0 0.000093714955291202
49 0 0.000134516142315522
50 0 0.000146785110982983
51 0 0.000195292963218519
52 0 0.000202642365785488
53 0 0.000213751113501193
54 0 0.000226532029166893
55 0 0.000244829409016045
56 0 0.000286450866907706
57 0 0.000322237155992444
58 0 0.000369248974198655
59 0 0.00033461513372357
60 0 0.000404816772948458
61 0 0.000442826935906804
62 0 0.000489649846773466
63 0 0.000510681939337232
64 0 0.000621033536154059
65 0 0.000596620536782444
66 0 0.000741768744757065
67 0 0.000783870678089937
68 0 0.000817414924653481
69 0 0.000893292467371909
70 0 0.00101514876309683
71 0 0.00113657810476386
72 0 0.00115700092669901
73 0 0.00139634062925686
74 0 0.0014320590258452
75 0 0.00171644498812173
76 0 0.00183371455711590
77 0 0.00215647754163228
78 0 0.00243159067215504
79 0 0.00281140035534144
80 0 0.00305368566199860
81 0 0.00360010216925455
82 0 0.00412131388378234
83 0 0.00459757740255828
84 0 0.00567206097017725
85 0 0.00616175638699534
86 0 0.00720086984309232
87 0 0.00828760356468872
88 0 0.00968075024770587
89 0 0.0110090638743541
90 0 0.0128284347111266
91 0 0.0148298184407869
92 0 0.0170491595263750
93 0 0.0192296428566672
94 0 0.0209829191611242
95 0 0.0244014941238722
96 0 0.0254019143928763
97 0 0.0295352646117212
98 0 0.0360223484227586
99 0 0.0380518568564999
100 0 0.0438100074825342
