*Period monthly mortality rates for SWE in 2043 
* Mon Dec 20 14:21:52 2010
death 1 M married
1 0 0.000211913482563775
2 0 0.0000216692490401238
3 0 0.00000666691112360951
4 0 0.00000500013750526218
5 0 0.00000416676215586609
6 0 0.00000416676215586609
7 0 0.00000333339444602565
8 0 0.00000333339444602565
9 0 0.00000333339444602565
10 0 0.00000333339444602565
11 0 0.00000333339444602565
12 0 0.00000416676215586609
13 0 0.00000333339444602565
14 0 0.00000500013750526218
15 0 0.00000583352049443597
16 0 0.00000833371530217786
17 0 0.0000116674153447516
18 0 0.0000141677706060328
19 0 0.0000183351822042876
20 0 0.0000250034381590325
21 0 0.0000291713465325749
22 0 0.0000316721832838152
23 0 0.0000325058108229248
24 0 0.0000316721832838152
25 0 0.0000308385633891461
26 0 0.0000308385633891461
27 0 0.0000308385633891461
28 0 0.0000283377495704507
29 0 0.0000283377495704507
30 0 0.0000283377495704507
31 0 0.0000291713465325749
32 0 0.0000266705785775256
33 0 0.0000283377495704507
34 0 0.0000300049511388067
35 0 0.0000300049511388067
36 0 0.0000333394460065861
37 0 0.0000358403974268784
38 0 0.0000366740631904117
39 0 0.0000400088026996093
40 0 0.0000433436645435048
41 0 0.0000466786487315352
42 0 0.0000508475510273554
43 0 0.00005668433545436
44 0 0.0000633554051622243
45 0 0.0000683590287403613
46 0 0.0000758649805536749
47 0 0.0000833715521976197
48 0 0.0000900445807636707
49 0 0.000101723559627565
50 0 0.000110900952950965
51 0 0.000120913711624038
52 0 0.000137604094123889
53 0 0.000150958607041618
54 0 0.000172663876141788
55 0 0.00018602354153463
56 0 0.000203561082892323
57 0 0.000225278918752347
58 0 0.000252851339696436
59 0 0.000267058579253132
60 0 0.000300496141496964
61 0 0.000323073452733302
62 0 0.000357368246952983
63 0 0.000397534702040403
64 0 0.000436881566365344
65 0 0.000492163386553224
66 0 0.000538257276069709
67 0 0.000591084480360493
68 0 0.000661568567462911
69 0 0.000725387038738257
70 0 0.000804382480263932
71 0 0.000896911272859957
72 0 0.000986164653397181
73 0 0.00110418106729526
74 0 0.00123333179156593
75 0 0.00138127878878114
76 0 0.00156845987464871
77 0 0.00172884460287703
78 0 0.00200785883322474
79 0 0.00228944297864919
80 0 0.0026062016012286
81 0 0.00300414310691943
82 0 0.00350252397114614
83 0 0.00411259367216865
84 0 0.00476104746001338
85 0 0.00566398834690673
86 0 0.00665851505459614
87 0 0.0078620441441255
88 0 0.00916757239458288
89 0 0.0108646045381303
90 0 0.0126575315510034
91 0 0.0147986884713054
92 0 0.0175788243994016
93 0 0.0208088341624102
94 0 0.0236927634912378
95 0 0.0274748871734085
96 0 0.0305073463709886
97 0 0.0358812315772853
98 0 0.0403833720994767
99 0 0.044446345295357
100 0 0.0500542375508416

death 1 M single
1 0 0.000211913482563775
2 0 0.0000216692490401238
3 0 0.00000666691112360951
4 0 0.00000500013750526218
5 0 0.00000416676215586609
6 0 0.00000416676215586609
7 0 0.00000333339444602565
8 0 0.00000333339444602565
9 0 0.00000333339444602565
10 0 0.00000333339444602565
11 0 0.00000333339444602565
12 0 0.00000416676215586609
13 0 0.00000333339444602565
14 0 0.00000500013750526218
15 0 0.00000583352049443597
16 0 0.00000833371530217786
17 0 0.0000116674153447516
18 0 0.0000141677706060328
19 0 0.0000183351822042876
20 0 0.0000250034381590325
21 0 0.0000291713465325749
22 0 0.0000316721832838152
23 0 0.0000325058108229248
24 0 0.0000316721832838152
25 0 0.0000308385633891461
26 0 0.0000308385633891461
27 0 0.0000308385633891461
28 0 0.0000283377495704507
29 0 0.0000283377495704507
30 0 0.0000283377495704507
31 0 0.0000291713465325749
32 0 0.0000266705785775256
33 0 0.0000283377495704507
34 0 0.0000300049511388067
35 0 0.0000300049511388067
36 0 0.0000333394460065861
37 0 0.0000358403974268784
38 0 0.0000366740631904117
39 0 0.0000400088026996093
40 0 0.0000433436645435048
41 0 0.0000466786487315352
42 0 0.0000508475510273554
43 0 0.00005668433545436
44 0 0.0000633554051622243
45 0 0.0000683590287403613
46 0 0.0000758649805536749
47 0 0.0000833715521976197
48 0 0.0000900445807636707
49 0 0.000101723559627565
50 0 0.000110900952950965
51 0 0.000120913711624038
52 0 0.000137604094123889
53 0 0.000150958607041618
54 0 0.000172663876141788
55 0 0.00018602354153463
56 0 0.000203561082892323
57 0 0.000225278918752347
58 0 0.000252851339696436
59 0 0.000267058579253132
60 0 0.000300496141496964
61 0 0.000323073452733302
62 0 0.000357368246952983
63 0 0.000397534702040403
64 0 0.000436881566365344
65 0 0.000492163386553224
66 0 0.000538257276069709
67 0 0.000591084480360493
68 0 0.000661568567462911
69 0 0.000725387038738257
70 0 0.000804382480263932
71 0 0.000896911272859957
72 0 0.000986164653397181
73 0 0.00110418106729526
74 0 0.00123333179156593
75 0 0.00138127878878114
76 0 0.00156845987464871
77 0 0.00172884460287703
78 0 0.00200785883322474
79 0 0.00228944297864919
80 0 0.0026062016012286
81 0 0.00300414310691943
82 0 0.00350252397114614
83 0 0.00411259367216865
84 0 0.00476104746001338
85 0 0.00566398834690673
86 0 0.00665851505459614
87 0 0.0078620441441255
88 0 0.00916757239458288
89 0 0.0108646045381303
90 0 0.0126575315510034
91 0 0.0147986884713054
92 0 0.0175788243994016
93 0 0.0208088341624102
94 0 0.0236927634912378
95 0 0.0274748871734085
96 0 0.0305073463709886
97 0 0.0358812315772853
98 0 0.0403833720994767
99 0 0.044446345295357
100 0 0.0500542375508416

death 1 M divorced
1 0 0.000211913482563775
2 0 0.0000216692490401238
3 0 0.00000666691112360951
4 0 0.00000500013750526218
5 0 0.00000416676215586609
6 0 0.00000416676215586609
7 0 0.00000333339444602565
8 0 0.00000333339444602565
9 0 0.00000333339444602565
10 0 0.00000333339444602565
11 0 0.00000333339444602565
12 0 0.00000416676215586609
13 0 0.00000333339444602565
14 0 0.00000500013750526218
15 0 0.00000583352049443597
16 0 0.00000833371530217786
17 0 0.0000116674153447516
18 0 0.0000141677706060328
19 0 0.0000183351822042876
20 0 0.0000250034381590325
21 0 0.0000291713465325749
22 0 0.0000316721832838152
23 0 0.0000325058108229248
24 0 0.0000316721832838152
25 0 0.0000308385633891461
26 0 0.0000308385633891461
27 0 0.0000308385633891461
28 0 0.0000283377495704507
29 0 0.0000283377495704507
30 0 0.0000283377495704507
31 0 0.0000291713465325749
32 0 0.0000266705785775256
33 0 0.0000283377495704507
34 0 0.0000300049511388067
35 0 0.0000300049511388067
36 0 0.0000333394460065861
37 0 0.0000358403974268784
38 0 0.0000366740631904117
39 0 0.0000400088026996093
40 0 0.0000433436645435048
41 0 0.0000466786487315352
42 0 0.0000508475510273554
43 0 0.00005668433545436
44 0 0.0000633554051622243
45 0 0.0000683590287403613
46 0 0.0000758649805536749
47 0 0.0000833715521976197
48 0 0.0000900445807636707
49 0 0.000101723559627565
50 0 0.000110900952950965
51 0 0.000120913711624038
52 0 0.000137604094123889
53 0 0.000150958607041618
54 0 0.000172663876141788
55 0 0.00018602354153463
56 0 0.000203561082892323
57 0 0.000225278918752347
58 0 0.000252851339696436
59 0 0.000267058579253132
60 0 0.000300496141496964
61 0 0.000323073452733302
62 0 0.000357368246952983
63 0 0.000397534702040403
64 0 0.000436881566365344
65 0 0.000492163386553224
66 0 0.000538257276069709
67 0 0.000591084480360493
68 0 0.000661568567462911
69 0 0.000725387038738257
70 0 0.000804382480263932
71 0 0.000896911272859957
72 0 0.000986164653397181
73 0 0.00110418106729526
74 0 0.00123333179156593
75 0 0.00138127878878114
76 0 0.00156845987464871
77 0 0.00172884460287703
78 0 0.00200785883322474
79 0 0.00228944297864919
80 0 0.0026062016012286
81 0 0.00300414310691943
82 0 0.00350252397114614
83 0 0.00411259367216865
84 0 0.00476104746001338
85 0 0.00566398834690673
86 0 0.00665851505459614
87 0 0.0078620441441255
88 0 0.00916757239458288
89 0 0.0108646045381303
90 0 0.0126575315510034
91 0 0.0147986884713054
92 0 0.0175788243994016
93 0 0.0208088341624102
94 0 0.0236927634912378
95 0 0.0274748871734085
96 0 0.0305073463709886
97 0 0.0358812315772853
98 0 0.0403833720994767
99 0 0.044446345295357
100 0 0.0500542375508416

death 1 M widowed
1 0 0.000211913482563775
2 0 0.0000216692490401238
3 0 0.00000666691112360951
4 0 0.00000500013750526218
5 0 0.00000416676215586609
6 0 0.00000416676215586609
7 0 0.00000333339444602565
8 0 0.00000333339444602565
9 0 0.00000333339444602565
10 0 0.00000333339444602565
11 0 0.00000333339444602565
12 0 0.00000416676215586609
13 0 0.00000333339444602565
14 0 0.00000500013750526218
15 0 0.00000583352049443597
16 0 0.00000833371530217786
17 0 0.0000116674153447516
18 0 0.0000141677706060328
19 0 0.0000183351822042876
20 0 0.0000250034381590325
21 0 0.0000291713465325749
22 0 0.0000316721832838152
23 0 0.0000325058108229248
24 0 0.0000316721832838152
25 0 0.0000308385633891461
26 0 0.0000308385633891461
27 0 0.0000308385633891461
28 0 0.0000283377495704507
29 0 0.0000283377495704507
30 0 0.0000283377495704507
31 0 0.0000291713465325749
32 0 0.0000266705785775256
33 0 0.0000283377495704507
34 0 0.0000300049511388067
35 0 0.0000300049511388067
36 0 0.0000333394460065861
37 0 0.0000358403974268784
38 0 0.0000366740631904117
39 0 0.0000400088026996093
40 0 0.0000433436645435048
41 0 0.0000466786487315352
42 0 0.0000508475510273554
43 0 0.00005668433545436
44 0 0.0000633554051622243
45 0 0.0000683590287403613
46 0 0.0000758649805536749
47 0 0.0000833715521976197
48 0 0.0000900445807636707
49 0 0.000101723559627565
50 0 0.000110900952950965
51 0 0.000120913711624038
52 0 0.000137604094123889
53 0 0.000150958607041618
54 0 0.000172663876141788
55 0 0.00018602354153463
56 0 0.000203561082892323
57 0 0.000225278918752347
58 0 0.000252851339696436
59 0 0.000267058579253132
60 0 0.000300496141496964
61 0 0.000323073452733302
62 0 0.000357368246952983
63 0 0.000397534702040403
64 0 0.000436881566365344
65 0 0.000492163386553224
66 0 0.000538257276069709
67 0 0.000591084480360493
68 0 0.000661568567462911
69 0 0.000725387038738257
70 0 0.000804382480263932
71 0 0.000896911272859957
72 0 0.000986164653397181
73 0 0.00110418106729526
74 0 0.00123333179156593
75 0 0.00138127878878114
76 0 0.00156845987464871
77 0 0.00172884460287703
78 0 0.00200785883322474
79 0 0.00228944297864919
80 0 0.0026062016012286
81 0 0.00300414310691943
82 0 0.00350252397114614
83 0 0.00411259367216865
84 0 0.00476104746001338
85 0 0.00566398834690673
86 0 0.00665851505459614
87 0 0.0078620441441255
88 0 0.00916757239458288
89 0 0.0108646045381303
90 0 0.0126575315510034
91 0 0.0147986884713054
92 0 0.0175788243994016
93 0 0.0208088341624102
94 0 0.0236927634912378
95 0 0.0274748871734085
96 0 0.0305073463709886
97 0 0.0358812315772853
98 0 0.0403833720994767
99 0 0.044446345295357
100 0 0.0500542375508416

death 1 F married
1 0 0.000209407682068785
2 0 0.0000225027848553827
3 0 0.00000750030939278279
4 0 0.00000500013750526218
5 0 0.00000416676215586609
6 0 0.00000416676215586609
7 0 0.00000416676215586609
8 0 0.00000250003437562984
9 0 0.00000250003437562984
10 0 0.00000333339444602565
11 0 0.00000333339444602565
12 0 0.00000333339444602565
13 0 0.00000333339444602565
14 0 0.00000333339444602565
15 0 0.00000500013750526218
16 0 0.00000666691112360951
17 0 0.00000750030939278279
18 0 0.00000833371530217786
19 0 0.00000916712885190574
20 0 0.0000108339788730261
21 0 0.000012500859457365
22 0 0.000012500859457365
23 0 0.0000116674153447516
24 0 0.000012500859457365
25 0 0.0000100005500421885
26 0 0.0000100005500421885
27 0 0.0000116674153447516
28 0 0.0000108339788730261
29 0 0.0000108339788730261
30 0 0.0000116674153447516
31 0 0.0000133343112110884
32 0 0.0000141677706060328
33 0 0.0000141677706060328
34 0 0.0000150012376423092
35 0 0.0000158347123201397
36 0 0.0000183351822042876
37 0 0.0000216692490401238
38 0 0.0000225027848553827
39 0 0.0000241698794146705
40 0 0.0000250034381590325
41 0 0.0000258370045466139
42 0 0.0000283377495704507
43 0 0.0000341730888351321
44 0 0.0000366740631904117
45 0 0.0000416762183291786
46 0 0.0000483461867075707
47 0 0.0000550166445189015
48 0 0.0000625214946752273
49 0 0.0000750309553007034
50 0 0.000086708005247571
51 0 0.000100055042203562
52 0 0.000113404039220888
53 0 0.000122582611971733
54 0 0.000132596657577144
55 0 0.000148454486411209
56 0 0.000165984779734729
57 0 0.000187693637785924
58 0 0.000205231501423930
59 0 0.000226949736477855
60 0 0.000243659603279878
61 0 0.000276252682558709
62 0 0.000305512837081023
63 0 0.000323073452733302
64 0 0.000360714773546156
65 0 0.000388328321214826
66 0 0.000434369555291303
67 0 0.000466193494457423
68 0 0.000510598136479801
69 0 0.000560055257209369
70 0 0.00060702252481648
71 0 0.000680877321862394
72 0 0.000748070187608252
73 0 0.000826244417195032
74 0 0.000922162765838341
75 0 0.00103419568523511
76 0 0.00115396253011568
77 0 0.00129924410299831
78 0 0.00147863254320468
79 0 0.00166771223438567
80 0 0.00192100026015540
81 0 0.0022023145108222
82 0 0.00255561723412234
83 0 0.00289567488440889
84 0 0.00336837398446532
85 0 0.00387746486381313
86 0 0.00464343854438531
87 0 0.00550091613939896
88 0 0.0064936396904045
89 0 0.0077022157703529
90 0 0.00910304280574792
91 0 0.0105999888549104
92 0 0.0126834195898812
93 0 0.0145829421016264
94 0 0.0169872590970547
95 0 0.0194042841763387
96 0 0.0223095685482290
97 0 0.0253738275749809
98 0 0.0291896666285146
99 0 0.0331007144667074
100 0 0.0361144711424886

death 1 F single
1 0 0.000209407682068785
2 0 0.0000225027848553827
3 0 0.00000750030939278279
4 0 0.00000500013750526218
5 0 0.00000416676215586609
6 0 0.00000416676215586609
7 0 0.00000416676215586609
8 0 0.00000250003437562984
9 0 0.00000250003437562984
10 0 0.00000333339444602565
11 0 0.00000333339444602565
12 0 0.00000333339444602565
13 0 0.00000333339444602565
14 0 0.00000333339444602565
15 0 0.00000500013750526218
16 0 0.00000666691112360951
17 0 0.00000750030939278279
18 0 0.00000833371530217786
19 0 0.00000916712885190574
20 0 0.0000108339788730261
21 0 0.000012500859457365
22 0 0.000012500859457365
23 0 0.0000116674153447516
24 0 0.000012500859457365
25 0 0.0000100005500421885
26 0 0.0000100005500421885
27 0 0.0000116674153447516
28 0 0.0000108339788730261
29 0 0.0000108339788730261
30 0 0.0000116674153447516
31 0 0.0000133343112110884
32 0 0.0000141677706060328
33 0 0.0000141677706060328
34 0 0.0000150012376423092
35 0 0.0000158347123201397
36 0 0.0000183351822042876
37 0 0.0000216692490401238
38 0 0.0000225027848553827
39 0 0.0000241698794146705
40 0 0.0000250034381590325
41 0 0.0000258370045466139
42 0 0.0000283377495704507
43 0 0.0000341730888351321
44 0 0.0000366740631904117
45 0 0.0000416762183291786
46 0 0.0000483461867075707
47 0 0.0000550166445189015
48 0 0.0000625214946752273
49 0 0.0000750309553007034
50 0 0.000086708005247571
51 0 0.000100055042203562
52 0 0.000113404039220888
53 0 0.000122582611971733
54 0 0.000132596657577144
55 0 0.000148454486411209
56 0 0.000165984779734729
57 0 0.000187693637785924
58 0 0.000205231501423930
59 0 0.000226949736477855
60 0 0.000243659603279878
61 0 0.000276252682558709
62 0 0.000305512837081023
63 0 0.000323073452733302
64 0 0.000360714773546156
65 0 0.000388328321214826
66 0 0.000434369555291303
67 0 0.000466193494457423
68 0 0.000510598136479801
69 0 0.000560055257209369
70 0 0.00060702252481648
71 0 0.000680877321862394
72 0 0.000748070187608252
73 0 0.000826244417195032
74 0 0.000922162765838341
75 0 0.00103419568523511
76 0 0.00115396253011568
77 0 0.00129924410299831
78 0 0.00147863254320468
79 0 0.00166771223438567
80 0 0.00192100026015540
81 0 0.0022023145108222
82 0 0.00255561723412234
83 0 0.00289567488440889
84 0 0.00336837398446532
85 0 0.00387746486381313
86 0 0.00464343854438531
87 0 0.00550091613939896
88 0 0.0064936396904045
89 0 0.0077022157703529
90 0 0.00910304280574792
91 0 0.0105999888549104
92 0 0.0126834195898812
93 0 0.0145829421016264
94 0 0.0169872590970547
95 0 0.0194042841763387
96 0 0.0223095685482290
97 0 0.0253738275749809
98 0 0.0291896666285146
99 0 0.0331007144667074
100 0 0.0361144711424886

death 1 F divorced
1 0 0.000209407682068785
2 0 0.0000225027848553827
3 0 0.00000750030939278279
4 0 0.00000500013750526218
5 0 0.00000416676215586609
6 0 0.00000416676215586609
7 0 0.00000416676215586609
8 0 0.00000250003437562984
9 0 0.00000250003437562984
10 0 0.00000333339444602565
11 0 0.00000333339444602565
12 0 0.00000333339444602565
13 0 0.00000333339444602565
14 0 0.00000333339444602565
15 0 0.00000500013750526218
16 0 0.00000666691112360951
17 0 0.00000750030939278279
18 0 0.00000833371530217786
19 0 0.00000916712885190574
20 0 0.0000108339788730261
21 0 0.000012500859457365
22 0 0.000012500859457365
23 0 0.0000116674153447516
24 0 0.000012500859457365
25 0 0.0000100005500421885
26 0 0.0000100005500421885
27 0 0.0000116674153447516
28 0 0.0000108339788730261
29 0 0.0000108339788730261
30 0 0.0000116674153447516
31 0 0.0000133343112110884
32 0 0.0000141677706060328
33 0 0.0000141677706060328
34 0 0.0000150012376423092
35 0 0.0000158347123201397
36 0 0.0000183351822042876
37 0 0.0000216692490401238
38 0 0.0000225027848553827
39 0 0.0000241698794146705
40 0 0.0000250034381590325
41 0 0.0000258370045466139
42 0 0.0000283377495704507
43 0 0.0000341730888351321
44 0 0.0000366740631904117
45 0 0.0000416762183291786
46 0 0.0000483461867075707
47 0 0.0000550166445189015
48 0 0.0000625214946752273
49 0 0.0000750309553007034
50 0 0.000086708005247571
51 0 0.000100055042203562
52 0 0.000113404039220888
53 0 0.000122582611971733
54 0 0.000132596657577144
55 0 0.000148454486411209
56 0 0.000165984779734729
57 0 0.000187693637785924
58 0 0.000205231501423930
59 0 0.000226949736477855
60 0 0.000243659603279878
61 0 0.000276252682558709
62 0 0.000305512837081023
63 0 0.000323073452733302
64 0 0.000360714773546156
65 0 0.000388328321214826
66 0 0.000434369555291303
67 0 0.000466193494457423
68 0 0.000510598136479801
69 0 0.000560055257209369
70 0 0.00060702252481648
71 0 0.000680877321862394
72 0 0.000748070187608252
73 0 0.000826244417195032
74 0 0.000922162765838341
75 0 0.00103419568523511
76 0 0.00115396253011568
77 0 0.00129924410299831
78 0 0.00147863254320468
79 0 0.00166771223438567
80 0 0.00192100026015540
81 0 0.0022023145108222
82 0 0.00255561723412234
83 0 0.00289567488440889
84 0 0.00336837398446532
85 0 0.00387746486381313
86 0 0.00464343854438531
87 0 0.00550091613939896
88 0 0.0064936396904045
89 0 0.0077022157703529
90 0 0.00910304280574792
91 0 0.0105999888549104
92 0 0.0126834195898812
93 0 0.0145829421016264
94 0 0.0169872590970547
95 0 0.0194042841763387
96 0 0.0223095685482290
97 0 0.0253738275749809
98 0 0.0291896666285146
99 0 0.0331007144667074
100 0 0.0361144711424886

death 1 F widowed
1 0 0.000209407682068785
2 0 0.0000225027848553827
3 0 0.00000750030939278279
4 0 0.00000500013750526218
5 0 0.00000416676215586609
6 0 0.00000416676215586609
7 0 0.00000416676215586609
8 0 0.00000250003437562984
9 0 0.00000250003437562984
10 0 0.00000333339444602565
11 0 0.00000333339444602565
12 0 0.00000333339444602565
13 0 0.00000333339444602565
14 0 0.00000333339444602565
15 0 0.00000500013750526218
16 0 0.00000666691112360951
17 0 0.00000750030939278279
18 0 0.00000833371530217786
19 0 0.00000916712885190574
20 0 0.0000108339788730261
21 0 0.000012500859457365
22 0 0.000012500859457365
23 0 0.0000116674153447516
24 0 0.000012500859457365
25 0 0.0000100005500421885
26 0 0.0000100005500421885
27 0 0.0000116674153447516
28 0 0.0000108339788730261
29 0 0.0000108339788730261
30 0 0.0000116674153447516
31 0 0.0000133343112110884
32 0 0.0000141677706060328
33 0 0.0000141677706060328
34 0 0.0000150012376423092
35 0 0.0000158347123201397
36 0 0.0000183351822042876
37 0 0.0000216692490401238
38 0 0.0000225027848553827
39 0 0.0000241698794146705
40 0 0.0000250034381590325
41 0 0.0000258370045466139
42 0 0.0000283377495704507
43 0 0.0000341730888351321
44 0 0.0000366740631904117
45 0 0.0000416762183291786
46 0 0.0000483461867075707
47 0 0.0000550166445189015
48 0 0.0000625214946752273
49 0 0.0000750309553007034
50 0 0.000086708005247571
51 0 0.000100055042203562
52 0 0.000113404039220888
53 0 0.000122582611971733
54 0 0.000132596657577144
55 0 0.000148454486411209
56 0 0.000165984779734729
57 0 0.000187693637785924
58 0 0.000205231501423930
59 0 0.000226949736477855
60 0 0.000243659603279878
61 0 0.000276252682558709
62 0 0.000305512837081023
63 0 0.000323073452733302
64 0 0.000360714773546156
65 0 0.000388328321214826
66 0 0.000434369555291303
67 0 0.000466193494457423
68 0 0.000510598136479801
69 0 0.000560055257209369
70 0 0.00060702252481648
71 0 0.000680877321862394
72 0 0.000748070187608252
73 0 0.000826244417195032
74 0 0.000922162765838341
75 0 0.00103419568523511
76 0 0.00115396253011568
77 0 0.00129924410299831
78 0 0.00147863254320468
79 0 0.00166771223438567
80 0 0.00192100026015540
81 0 0.0022023145108222
82 0 0.00255561723412234
83 0 0.00289567488440889
84 0 0.00336837398446532
85 0 0.00387746486381313
86 0 0.00464343854438531
87 0 0.00550091613939896
88 0 0.0064936396904045
89 0 0.0077022157703529
90 0 0.00910304280574792
91 0 0.0105999888549104
92 0 0.0126834195898812
93 0 0.0145829421016264
94 0 0.0169872590970547
95 0 0.0194042841763387
96 0 0.0223095685482290
97 0 0.0253738275749809
98 0 0.0291896666285146
99 0 0.0331007144667074
100 0 0.0361144711424886
