*Period monthly mortality rates for SWE in 1772 
* Mon Dec 20 14:18:53 2010
death 1 M married
1 0 0.0266138915702036
2 0 0.00752238448194142
3 0 0.00445461883052478
4 0 0.00319220380321117
5 0 0.00311127521387322
6 0 0.00281690160750847
7 0 0.00208320358524028
8 0 0.00158211123967011
9 0 0.00127777509600402
10 0 0.00115489091828525
11 0 0.00114231628495787
12 0 0.00119422953828108
13 0 0.00123138894948738
14 0 0.00124718630548160
15 0 0.00122556067267199
16 0 0.00115868896873239
17 0 0.00106698934777327
18 0 0.00101430607121367
19 0 0.00101969943438962
20 0 0.00106243630624647
21 0 0.00113640934024739
22 0 0.00123932952284811
23 0 0.00132993500252732
24 0 0.00142020776293772
25 0 0.00149811582919768
26 0 0.00158338321053964
27 0 0.00161696969021530
28 0 0.00164980485335231
29 0 0.00167883186512874
30 0 0.00169199044003121
31 0 0.00169394316532323
32 0 0.00179333292550121
33 0 0.00188849226244281
34 0 0.00197046539160795
35 0 0.00202617787375026
36 0 0.00205174550883402
37 0 0.00195369019950109
38 0 0.00190568090446064
39 0 0.00192142583473676
40 0 0.00197659720030519
41 0 0.00205327979609715
42 0 0.00229405799579374
43 0 0.00252605130936479
44 0 0.00273424609399076
45 0 0.00290376247914226
46 0 0.00305187580517774
47 0 0.00293878837212447
48 0 0.00290496707626942
49 0 0.00295962099692892
50 0 0.00307092420506250
51 0 0.00322060633304488
52 0 0.00362950021814079
53 0 0.00400270381484669
54 0 0.00430882711544389
55 0 0.00450224660016252
56 0 0.0045642703044515
57 0 0.00422803008076389
58 0 0.00407667525638744
59 0 0.00411695367298548
60 0 0.00436634612533093
61 0 0.00484012443049708
62 0 0.0058938519886107
63 0 0.00685451657507208
64 0 0.00756549681632845
65 0 0.00803763668215407
66 0 0.00828477262597427
67 0 0.00799448020039883
68 0 0.00790904759527322
69 0 0.00819359089892502
70 0 0.0089316187690548
71 0 0.0102928115275954
72 0 0.012021216471654
73 0 0.0136383273168973
74 0 0.0149657582515405
75 0 0.0157116340257951
76 0 0.0156879304830497
77 0 0.0158202149882266
78 0 0.0158752505294777
79 0 0.0159617465728886
80 0 0.0165304234042408
81 0 0.0207397571124340
82 0 0.0225662781187433
83 0 0.0243764554951753
84 0 0.0263133608675185
85 0 0.0279906180198346
86 0 0.0285561252156036
87 0 0.0296653877456421
88 0 0.0322726773508530
89 0 0.0337196700623205
90 0 0.0340578094848369
91 0 0.0418729501672723
92 0 0.045139304308235
93 0 0.0487547806651655
94 0 0.0527036778399180
95 0 0.0577118159508957
96 0 0.0637808281738822
97 0 0.0716544744334222
98 0 0.079957136212005
99 0 0.0897922590598111
100 0 0.105227512590861

death 1 M single
1 0 0.0266138915702036
2 0 0.00752238448194142
3 0 0.00445461883052478
4 0 0.00319220380321117
5 0 0.00311127521387322
6 0 0.00281690160750847
7 0 0.00208320358524028
8 0 0.00158211123967011
9 0 0.00127777509600402
10 0 0.00115489091828525
11 0 0.00114231628495787
12 0 0.00119422953828108
13 0 0.00123138894948738
14 0 0.00124718630548160
15 0 0.00122556067267199
16 0 0.00115868896873239
17 0 0.00106698934777327
18 0 0.00101430607121367
19 0 0.00101969943438962
20 0 0.00106243630624647
21 0 0.00113640934024739
22 0 0.00123932952284811
23 0 0.00132993500252732
24 0 0.00142020776293772
25 0 0.00149811582919768
26 0 0.00158338321053964
27 0 0.00161696969021530
28 0 0.00164980485335231
29 0 0.00167883186512874
30 0 0.00169199044003121
31 0 0.00169394316532323
32 0 0.00179333292550121
33 0 0.00188849226244281
34 0 0.00197046539160795
35 0 0.00202617787375026
36 0 0.00205174550883402
37 0 0.00195369019950109
38 0 0.00190568090446064
39 0 0.00192142583473676
40 0 0.00197659720030519
41 0 0.00205327979609715
42 0 0.00229405799579374
43 0 0.00252605130936479
44 0 0.00273424609399076
45 0 0.00290376247914226
46 0 0.00305187580517774
47 0 0.00293878837212447
48 0 0.00290496707626942
49 0 0.00295962099692892
50 0 0.00307092420506250
51 0 0.00322060633304488
52 0 0.00362950021814079
53 0 0.00400270381484669
54 0 0.00430882711544389
55 0 0.00450224660016252
56 0 0.0045642703044515
57 0 0.00422803008076389
58 0 0.00407667525638744
59 0 0.00411695367298548
60 0 0.00436634612533093
61 0 0.00484012443049708
62 0 0.0058938519886107
63 0 0.00685451657507208
64 0 0.00756549681632845
65 0 0.00803763668215407
66 0 0.00828477262597427
67 0 0.00799448020039883
68 0 0.00790904759527322
69 0 0.00819359089892502
70 0 0.0089316187690548
71 0 0.0102928115275954
72 0 0.012021216471654
73 0 0.0136383273168973
74 0 0.0149657582515405
75 0 0.0157116340257951
76 0 0.0156879304830497
77 0 0.0158202149882266
78 0 0.0158752505294777
79 0 0.0159617465728886
80 0 0.0165304234042408
81 0 0.0207397571124340
82 0 0.0225662781187433
83 0 0.0243764554951753
84 0 0.0263133608675185
85 0 0.0279906180198346
86 0 0.0285561252156036
87 0 0.0296653877456421
88 0 0.0322726773508530
89 0 0.0337196700623205
90 0 0.0340578094848369
91 0 0.0418729501672723
92 0 0.045139304308235
93 0 0.0487547806651655
94 0 0.0527036778399180
95 0 0.0577118159508957
96 0 0.0637808281738822
97 0 0.0716544744334222
98 0 0.079957136212005
99 0 0.0897922590598111
100 0 0.105227512590861

death 1 M divorced
1 0 0.0266138915702036
2 0 0.00752238448194142
3 0 0.00445461883052478
4 0 0.00319220380321117
5 0 0.00311127521387322
6 0 0.00281690160750847
7 0 0.00208320358524028
8 0 0.00158211123967011
9 0 0.00127777509600402
10 0 0.00115489091828525
11 0 0.00114231628495787
12 0 0.00119422953828108
13 0 0.00123138894948738
14 0 0.00124718630548160
15 0 0.00122556067267199
16 0 0.00115868896873239
17 0 0.00106698934777327
18 0 0.00101430607121367
19 0 0.00101969943438962
20 0 0.00106243630624647
21 0 0.00113640934024739
22 0 0.00123932952284811
23 0 0.00132993500252732
24 0 0.00142020776293772
25 0 0.00149811582919768
26 0 0.00158338321053964
27 0 0.00161696969021530
28 0 0.00164980485335231
29 0 0.00167883186512874
30 0 0.00169199044003121
31 0 0.00169394316532323
32 0 0.00179333292550121
33 0 0.00188849226244281
34 0 0.00197046539160795
35 0 0.00202617787375026
36 0 0.00205174550883402
37 0 0.00195369019950109
38 0 0.00190568090446064
39 0 0.00192142583473676
40 0 0.00197659720030519
41 0 0.00205327979609715
42 0 0.00229405799579374
43 0 0.00252605130936479
44 0 0.00273424609399076
45 0 0.00290376247914226
46 0 0.00305187580517774
47 0 0.00293878837212447
48 0 0.00290496707626942
49 0 0.00295962099692892
50 0 0.00307092420506250
51 0 0.00322060633304488
52 0 0.00362950021814079
53 0 0.00400270381484669
54 0 0.00430882711544389
55 0 0.00450224660016252
56 0 0.0045642703044515
57 0 0.00422803008076389
58 0 0.00407667525638744
59 0 0.00411695367298548
60 0 0.00436634612533093
61 0 0.00484012443049708
62 0 0.0058938519886107
63 0 0.00685451657507208
64 0 0.00756549681632845
65 0 0.00803763668215407
66 0 0.00828477262597427
67 0 0.00799448020039883
68 0 0.00790904759527322
69 0 0.00819359089892502
70 0 0.0089316187690548
71 0 0.0102928115275954
72 0 0.012021216471654
73 0 0.0136383273168973
74 0 0.0149657582515405
75 0 0.0157116340257951
76 0 0.0156879304830497
77 0 0.0158202149882266
78 0 0.0158752505294777
79 0 0.0159617465728886
80 0 0.0165304234042408
81 0 0.0207397571124340
82 0 0.0225662781187433
83 0 0.0243764554951753
84 0 0.0263133608675185
85 0 0.0279906180198346
86 0 0.0285561252156036
87 0 0.0296653877456421
88 0 0.0322726773508530
89 0 0.0337196700623205
90 0 0.0340578094848369
91 0 0.0418729501672723
92 0 0.045139304308235
93 0 0.0487547806651655
94 0 0.0527036778399180
95 0 0.0577118159508957
96 0 0.0637808281738822
97 0 0.0716544744334222
98 0 0.079957136212005
99 0 0.0897922590598111
100 0 0.105227512590861

death 1 M widowed
1 0 0.0266138915702036
2 0 0.00752238448194142
3 0 0.00445461883052478
4 0 0.00319220380321117
5 0 0.00311127521387322
6 0 0.00281690160750847
7 0 0.00208320358524028
8 0 0.00158211123967011
9 0 0.00127777509600402
10 0 0.00115489091828525
11 0 0.00114231628495787
12 0 0.00119422953828108
13 0 0.00123138894948738
14 0 0.00124718630548160
15 0 0.00122556067267199
16 0 0.00115868896873239
17 0 0.00106698934777327
18 0 0.00101430607121367
19 0 0.00101969943438962
20 0 0.00106243630624647
21 0 0.00113640934024739
22 0 0.00123932952284811
23 0 0.00132993500252732
24 0 0.00142020776293772
25 0 0.00149811582919768
26 0 0.00158338321053964
27 0 0.00161696969021530
28 0 0.00164980485335231
29 0 0.00167883186512874
30 0 0.00169199044003121
31 0 0.00169394316532323
32 0 0.00179333292550121
33 0 0.00188849226244281
34 0 0.00197046539160795
35 0 0.00202617787375026
36 0 0.00205174550883402
37 0 0.00195369019950109
38 0 0.00190568090446064
39 0 0.00192142583473676
40 0 0.00197659720030519
41 0 0.00205327979609715
42 0 0.00229405799579374
43 0 0.00252605130936479
44 0 0.00273424609399076
45 0 0.00290376247914226
46 0 0.00305187580517774
47 0 0.00293878837212447
48 0 0.00290496707626942
49 0 0.00295962099692892
50 0 0.00307092420506250
51 0 0.00322060633304488
52 0 0.00362950021814079
53 0 0.00400270381484669
54 0 0.00430882711544389
55 0 0.00450224660016252
56 0 0.0045642703044515
57 0 0.00422803008076389
58 0 0.00407667525638744
59 0 0.00411695367298548
60 0 0.00436634612533093
61 0 0.00484012443049708
62 0 0.0058938519886107
63 0 0.00685451657507208
64 0 0.00756549681632845
65 0 0.00803763668215407
66 0 0.00828477262597427
67 0 0.00799448020039883
68 0 0.00790904759527322
69 0 0.00819359089892502
70 0 0.0089316187690548
71 0 0.0102928115275954
72 0 0.012021216471654
73 0 0.0136383273168973
74 0 0.0149657582515405
75 0 0.0157116340257951
76 0 0.0156879304830497
77 0 0.0158202149882266
78 0 0.0158752505294777
79 0 0.0159617465728886
80 0 0.0165304234042408
81 0 0.0207397571124340
82 0 0.0225662781187433
83 0 0.0243764554951753
84 0 0.0263133608675185
85 0 0.0279906180198346
86 0 0.0285561252156036
87 0 0.0296653877456421
88 0 0.0322726773508530
89 0 0.0337196700623205
90 0 0.0340578094848369
91 0 0.0418729501672723
92 0 0.045139304308235
93 0 0.0487547806651655
94 0 0.0527036778399180
95 0 0.0577118159508957
96 0 0.0637808281738822
97 0 0.0716544744334222
98 0 0.079957136212005
99 0 0.0897922590598111
100 0 0.105227512590861

death 1 F married
1 0 0.0234695665498101
2 0 0.00704256759011046
3 0 0.00419773886546559
4 0 0.00286986823716018
5 0 0.002721965894664
6 0 0.00247568289493205
7 0 0.00181738971267287
8 0 0.00136850356828933
9 0 0.00109195081652780
10 0 0.00096628555447087
11 0 0.000930581490505844
12 0 0.000964432639826929
13 0 0.00099560032475332
14 0 0.00102838005084904
15 0 0.00105560717194209
16 0 0.00106774821022171
17 0 0.00100731203035431
18 0 0.000947926523225506
19 0 0.00091037786212611
20 0 0.00088100643611999
21 0 0.000861066210799843
22 0 0.000894975614780136
23 0 0.00093285467996318
24 0 0.000984142851356173
25 0 0.00103798869092286
26 0 0.00110620554355489
27 0 0.00114586063623323
28 0 0.00119878919290362
29 0 0.00126323991053412
30 0 0.00133187995452955
31 0 0.00139557901554110
32 0 0.00149286340126087
33 0 0.00156294903572718
34 0 0.00160789333008127
35 0 0.00161349172533065
36 0 0.00158016091895674
37 0 0.00149133855975192
38 0 0.00146567423827859
39 0 0.00151379020310016
40 0 0.00162129612522355
41 0 0.00176511895586251
42 0 0.00198536981382536
43 0 0.00216441412959822
44 0 0.00228619551474929
45 0 0.00232209499789293
46 0 0.00228234998418175
47 0 0.00213122162471302
48 0 0.00207646774055514
49 0 0.00212234959318491
50 0 0.00225663184923075
51 0 0.00245932774418822
52 0 0.00279275015674296
53 0 0.00305989115978145
54 0 0.00324677216329605
55 0 0.00332194379579120
56 0 0.00328435018412621
57 0 0.00310265169402146
58 0 0.00307583779030252
59 0 0.00318987329172693
60 0 0.00345628470441839
61 0 0.00388337913768433
62 0 0.00460073344765943
63 0 0.00524396599940402
64 0 0.00573968641012412
65 0 0.00606823806331003
66 0 0.00619101745488082
67 0 0.00613277229490639
68 0 0.00628144764438088
69 0 0.00672015175659724
70 0 0.0075302627189644
71 0 0.0088901467182908
72 0 0.0103372704602844
73 0 0.0116561411222098
74 0 0.0127535465556552
75 0 0.0133461006582871
76 0 0.0132453003164272
77 0 0.0137650934459030
78 0 0.0145960681661742
79 0 0.0157482430445294
80 0 0.0175921949819523
81 0 0.0196401949330804
82 0 0.0220837431394361
83 0 0.0244055403299007
84 0 0.0265568410051950
85 0 0.0281001235868535
86 0 0.0283147421105601
87 0 0.0282287179386251
88 0 0.0282683494810153
89 0 0.0279100284317730
90 0 0.0277357829133232
91 0 0.0403440382286206
92 0 0.0431370013089623
93 0 0.0461961679665636
94 0 0.0494024303983416
95 0 0.0528863373075031
96 0 0.0568401784378216
97 0 0.061435617815554
98 0 0.0665982780778572
99 0 0.0727712498222923
100 0 0.0813525976927731

death 1 F single
1 0 0.0234695665498101
2 0 0.00704256759011046
3 0 0.00419773886546559
4 0 0.00286986823716018
5 0 0.002721965894664
6 0 0.00247568289493205
7 0 0.00181738971267287
8 0 0.00136850356828933
9 0 0.00109195081652780
10 0 0.00096628555447087
11 0 0.000930581490505844
12 0 0.000964432639826929
13 0 0.00099560032475332
14 0 0.00102838005084904
15 0 0.00105560717194209
16 0 0.00106774821022171
17 0 0.00100731203035431
18 0 0.000947926523225506
19 0 0.00091037786212611
20 0 0.00088100643611999
21 0 0.000861066210799843
22 0 0.000894975614780136
23 0 0.00093285467996318
24 0 0.000984142851356173
25 0 0.00103798869092286
26 0 0.00110620554355489
27 0 0.00114586063623323
28 0 0.00119878919290362
29 0 0.00126323991053412
30 0 0.00133187995452955
31 0 0.00139557901554110
32 0 0.00149286340126087
33 0 0.00156294903572718
34 0 0.00160789333008127
35 0 0.00161349172533065
36 0 0.00158016091895674
37 0 0.00149133855975192
38 0 0.00146567423827859
39 0 0.00151379020310016
40 0 0.00162129612522355
41 0 0.00176511895586251
42 0 0.00198536981382536
43 0 0.00216441412959822
44 0 0.00228619551474929
45 0 0.00232209499789293
46 0 0.00228234998418175
47 0 0.00213122162471302
48 0 0.00207646774055514
49 0 0.00212234959318491
50 0 0.00225663184923075
51 0 0.00245932774418822
52 0 0.00279275015674296
53 0 0.00305989115978145
54 0 0.00324677216329605
55 0 0.00332194379579120
56 0 0.00328435018412621
57 0 0.00310265169402146
58 0 0.00307583779030252
59 0 0.00318987329172693
60 0 0.00345628470441839
61 0 0.00388337913768433
62 0 0.00460073344765943
63 0 0.00524396599940402
64 0 0.00573968641012412
65 0 0.00606823806331003
66 0 0.00619101745488082
67 0 0.00613277229490639
68 0 0.00628144764438088
69 0 0.00672015175659724
70 0 0.0075302627189644
71 0 0.0088901467182908
72 0 0.0103372704602844
73 0 0.0116561411222098
74 0 0.0127535465556552
75 0 0.0133461006582871
76 0 0.0132453003164272
77 0 0.0137650934459030
78 0 0.0145960681661742
79 0 0.0157482430445294
80 0 0.0175921949819523
81 0 0.0196401949330804
82 0 0.0220837431394361
83 0 0.0244055403299007
84 0 0.0265568410051950
85 0 0.0281001235868535
86 0 0.0283147421105601
87 0 0.0282287179386251
88 0 0.0282683494810153
89 0 0.0279100284317730
90 0 0.0277357829133232
91 0 0.0403440382286206
92 0 0.0431370013089623
93 0 0.0461961679665636
94 0 0.0494024303983416
95 0 0.0528863373075031
96 0 0.0568401784378216
97 0 0.061435617815554
98 0 0.0665982780778572
99 0 0.0727712498222923
100 0 0.0813525976927731

death 1 F divorced
1 0 0.0234695665498101
2 0 0.00704256759011046
3 0 0.00419773886546559
4 0 0.00286986823716018
5 0 0.002721965894664
6 0 0.00247568289493205
7 0 0.00181738971267287
8 0 0.00136850356828933
9 0 0.00109195081652780
10 0 0.00096628555447087
11 0 0.000930581490505844
12 0 0.000964432639826929
13 0 0.00099560032475332
14 0 0.00102838005084904
15 0 0.00105560717194209
16 0 0.00106774821022171
17 0 0.00100731203035431
18 0 0.000947926523225506
19 0 0.00091037786212611
20 0 0.00088100643611999
21 0 0.000861066210799843
22 0 0.000894975614780136
23 0 0.00093285467996318
24 0 0.000984142851356173
25 0 0.00103798869092286
26 0 0.00110620554355489
27 0 0.00114586063623323
28 0 0.00119878919290362
29 0 0.00126323991053412
30 0 0.00133187995452955
31 0 0.00139557901554110
32 0 0.00149286340126087
33 0 0.00156294903572718
34 0 0.00160789333008127
35 0 0.00161349172533065
36 0 0.00158016091895674
37 0 0.00149133855975192
38 0 0.00146567423827859
39 0 0.00151379020310016
40 0 0.00162129612522355
41 0 0.00176511895586251
42 0 0.00198536981382536
43 0 0.00216441412959822
44 0 0.00228619551474929
45 0 0.00232209499789293
46 0 0.00228234998418175
47 0 0.00213122162471302
48 0 0.00207646774055514
49 0 0.00212234959318491
50 0 0.00225663184923075
51 0 0.00245932774418822
52 0 0.00279275015674296
53 0 0.00305989115978145
54 0 0.00324677216329605
55 0 0.00332194379579120
56 0 0.00328435018412621
57 0 0.00310265169402146
58 0 0.00307583779030252
59 0 0.00318987329172693
60 0 0.00345628470441839
61 0 0.00388337913768433
62 0 0.00460073344765943
63 0 0.00524396599940402
64 0 0.00573968641012412
65 0 0.00606823806331003
66 0 0.00619101745488082
67 0 0.00613277229490639
68 0 0.00628144764438088
69 0 0.00672015175659724
70 0 0.0075302627189644
71 0 0.0088901467182908
72 0 0.0103372704602844
73 0 0.0116561411222098
74 0 0.0127535465556552
75 0 0.0133461006582871
76 0 0.0132453003164272
77 0 0.0137650934459030
78 0 0.0145960681661742
79 0 0.0157482430445294
80 0 0.0175921949819523
81 0 0.0196401949330804
82 0 0.0220837431394361
83 0 0.0244055403299007
84 0 0.0265568410051950
85 0 0.0281001235868535
86 0 0.0283147421105601
87 0 0.0282287179386251
88 0 0.0282683494810153
89 0 0.0279100284317730
90 0 0.0277357829133232
91 0 0.0403440382286206
92 0 0.0431370013089623
93 0 0.0461961679665636
94 0 0.0494024303983416
95 0 0.0528863373075031
96 0 0.0568401784378216
97 0 0.061435617815554
98 0 0.0665982780778572
99 0 0.0727712498222923
100 0 0.0813525976927731

death 1 F widowed
1 0 0.0234695665498101
2 0 0.00704256759011046
3 0 0.00419773886546559
4 0 0.00286986823716018
5 0 0.002721965894664
6 0 0.00247568289493205
7 0 0.00181738971267287
8 0 0.00136850356828933
9 0 0.00109195081652780
10 0 0.00096628555447087
11 0 0.000930581490505844
12 0 0.000964432639826929
13 0 0.00099560032475332
14 0 0.00102838005084904
15 0 0.00105560717194209
16 0 0.00106774821022171
17 0 0.00100731203035431
18 0 0.000947926523225506
19 0 0.00091037786212611
20 0 0.00088100643611999
21 0 0.000861066210799843
22 0 0.000894975614780136
23 0 0.00093285467996318
24 0 0.000984142851356173
25 0 0.00103798869092286
26 0 0.00110620554355489
27 0 0.00114586063623323
28 0 0.00119878919290362
29 0 0.00126323991053412
30 0 0.00133187995452955
31 0 0.00139557901554110
32 0 0.00149286340126087
33 0 0.00156294903572718
34 0 0.00160789333008127
35 0 0.00161349172533065
36 0 0.00158016091895674
37 0 0.00149133855975192
38 0 0.00146567423827859
39 0 0.00151379020310016
40 0 0.00162129612522355
41 0 0.00176511895586251
42 0 0.00198536981382536
43 0 0.00216441412959822
44 0 0.00228619551474929
45 0 0.00232209499789293
46 0 0.00228234998418175
47 0 0.00213122162471302
48 0 0.00207646774055514
49 0 0.00212234959318491
50 0 0.00225663184923075
51 0 0.00245932774418822
52 0 0.00279275015674296
53 0 0.00305989115978145
54 0 0.00324677216329605
55 0 0.00332194379579120
56 0 0.00328435018412621
57 0 0.00310265169402146
58 0 0.00307583779030252
59 0 0.00318987329172693
60 0 0.00345628470441839
61 0 0.00388337913768433
62 0 0.00460073344765943
63 0 0.00524396599940402
64 0 0.00573968641012412
65 0 0.00606823806331003
66 0 0.00619101745488082
67 0 0.00613277229490639
68 0 0.00628144764438088
69 0 0.00672015175659724
70 0 0.0075302627189644
71 0 0.0088901467182908
72 0 0.0103372704602844
73 0 0.0116561411222098
74 0 0.0127535465556552
75 0 0.0133461006582871
76 0 0.0132453003164272
77 0 0.0137650934459030
78 0 0.0145960681661742
79 0 0.0157482430445294
80 0 0.0175921949819523
81 0 0.0196401949330804
82 0 0.0220837431394361
83 0 0.0244055403299007
84 0 0.0265568410051950
85 0 0.0281001235868535
86 0 0.0283147421105601
87 0 0.0282287179386251
88 0 0.0282683494810153
89 0 0.0279100284317730
90 0 0.0277357829133232
91 0 0.0403440382286206
92 0 0.0431370013089623
93 0 0.0461961679665636
94 0 0.0494024303983416
95 0 0.0528863373075031
96 0 0.0568401784378216
97 0 0.061435617815554
98 0 0.0665982780778572
99 0 0.0727712498222923
100 0 0.0813525976927731
