*Period monthly mortality rates for SWE in 1967 
* Mon Dec 20 14:21:21 2010
death 1 M married
1 0 0.00119912695420654
2 0 0.0000611872538076597
3 0 0.0000465952726357299
4 0 0.0000539326618169689
5 0 0.0000368407972606288
6 0 0.0000369241644103679
7 0 0.0000425933099621467
8 0 0.0000314220965127454
9 0 0.0000309219250346215
10 0 0.0000230862644735597
11 0 0.0000258370045466139
12 0 0.0000196687942652929
13 0 0.0000261704332417123
14 0 0.0000289212666413352
15 0 0.0000312553723809117
16 0 0.0000358403974268784
17 0 0.0000553501802583733
18 0 0.0000485963200422823
19 0 0.000100889297087292
20 0 0.0000691095960323462
21 0 0.0000845392968351621
22 0 0.0000822038225609667
23 0 0.000101723559627565
24 0 0.0000847061187222442
25 0 0.0000918797495023105
26 0 0.0000835383719416383
27 0 0.0000890435952493052
28 0 0.000127506046528669
29 0 0.000111735307382288
30 0 0.000104643538816784
31 0 0.000115406557866016
32 0 0.000120830267411054
33 0 0.000107730475954915
34 0 0.000124835676046819
35 0 0.000151042078917363
36 0 0.000147870201523848
37 0 0.000131595203369583
38 0 0.000150791663519945
39 0 0.000168572871348971
40 0 0.000190699888372281
41 0 0.000202725885138699
42 0 0.000226197864700350
43 0 0.000257948976063349
44 0 0.000271488349282700
45 0 0.000229790197103896
46 0 0.000269900293690339
47 0 0.000313205641532255
48 0 0.000366655161773477
49 0 0.000384980777602628
50 0 0.000414192252224388
51 0 0.000405821242319360
52 0 0.000483533857071783
53 0 0.000559132928977579
54 0 0.000633116622337337
55 0 0.000710939985541614
56 0 0.000696075358156856
57 0 0.000850214509961811
58 0 0.000907936894667283
59 0 0.000983216207129156
60 0 0.00102770579849065
61 0 0.00124127253484607
62 0 0.00146110116050724
63 0 0.00149743807948255
64 0 0.00167102251638473
65 0 0.00186084410098664
66 0 0.00200002111787034
67 0 0.00234458214925692
68 0 0.0026243845728644
69 0 0.00279721897921492
70 0 0.00309083880380645
71 0 0.00344234828125523
72 0 0.00381443226825573
73 0 0.00419075673750102
74 0 0.00453097546077841
75 0 0.005112590142342
76 0 0.00584957466631564
77 0 0.00633415850239427
78 0 0.00718066093343639
79 0 0.0077211805784898
80 0 0.00843786214582143
81 0 0.0089311588855615
82 0 0.00990333538205312
83 0 0.0120372099490295
84 0 0.0133168337177303
85 0 0.0142511200270865
86 0 0.0153983422915187
87 0 0.0172040480327329
88 0 0.0194231009894067
89 0 0.0206041735053594
90 0 0.0236060183999132
91 0 0.0253470759732849
92 0 0.0272209678870966
93 0 0.0319266746332776
94 0 0.0375947806000919
95 0 0.0468157070030635
96 0 0.0507343445048588
97 0 0.0563312259729507
98 0 0.0309046381793088
99 0 0.080922862335248
100 0 0.0441877160406822

death 1 M single
1 0 0.00119912695420654
2 0 0.0000611872538076597
3 0 0.0000465952726357299
4 0 0.0000539326618169689
5 0 0.0000368407972606288
6 0 0.0000369241644103679
7 0 0.0000425933099621467
8 0 0.0000314220965127454
9 0 0.0000309219250346215
10 0 0.0000230862644735597
11 0 0.0000258370045466139
12 0 0.0000196687942652929
13 0 0.0000261704332417123
14 0 0.0000289212666413352
15 0 0.0000312553723809117
16 0 0.0000358403974268784
17 0 0.0000553501802583733
18 0 0.0000485963200422823
19 0 0.000100889297087292
20 0 0.0000691095960323462
21 0 0.0000845392968351621
22 0 0.0000822038225609667
23 0 0.000101723559627565
24 0 0.0000847061187222442
25 0 0.0000918797495023105
26 0 0.0000835383719416383
27 0 0.0000890435952493052
28 0 0.000127506046528669
29 0 0.000111735307382288
30 0 0.000104643538816784
31 0 0.000115406557866016
32 0 0.000120830267411054
33 0 0.000107730475954915
34 0 0.000124835676046819
35 0 0.000151042078917363
36 0 0.000147870201523848
37 0 0.000131595203369583
38 0 0.000150791663519945
39 0 0.000168572871348971
40 0 0.000190699888372281
41 0 0.000202725885138699
42 0 0.000226197864700350
43 0 0.000257948976063349
44 0 0.000271488349282700
45 0 0.000229790197103896
46 0 0.000269900293690339
47 0 0.000313205641532255
48 0 0.000366655161773477
49 0 0.000384980777602628
50 0 0.000414192252224388
51 0 0.000405821242319360
52 0 0.000483533857071783
53 0 0.000559132928977579
54 0 0.000633116622337337
55 0 0.000710939985541614
56 0 0.000696075358156856
57 0 0.000850214509961811
58 0 0.000907936894667283
59 0 0.000983216207129156
60 0 0.00102770579849065
61 0 0.00124127253484607
62 0 0.00146110116050724
63 0 0.00149743807948255
64 0 0.00167102251638473
65 0 0.00186084410098664
66 0 0.00200002111787034
67 0 0.00234458214925692
68 0 0.0026243845728644
69 0 0.00279721897921492
70 0 0.00309083880380645
71 0 0.00344234828125523
72 0 0.00381443226825573
73 0 0.00419075673750102
74 0 0.00453097546077841
75 0 0.005112590142342
76 0 0.00584957466631564
77 0 0.00633415850239427
78 0 0.00718066093343639
79 0 0.0077211805784898
80 0 0.00843786214582143
81 0 0.0089311588855615
82 0 0.00990333538205312
83 0 0.0120372099490295
84 0 0.0133168337177303
85 0 0.0142511200270865
86 0 0.0153983422915187
87 0 0.0172040480327329
88 0 0.0194231009894067
89 0 0.0206041735053594
90 0 0.0236060183999132
91 0 0.0253470759732849
92 0 0.0272209678870966
93 0 0.0319266746332776
94 0 0.0375947806000919
95 0 0.0468157070030635
96 0 0.0507343445048588
97 0 0.0563312259729507
98 0 0.0309046381793088
99 0 0.080922862335248
100 0 0.0441877160406822

death 1 M divorced
1 0 0.00119912695420654
2 0 0.0000611872538076597
3 0 0.0000465952726357299
4 0 0.0000539326618169689
5 0 0.0000368407972606288
6 0 0.0000369241644103679
7 0 0.0000425933099621467
8 0 0.0000314220965127454
9 0 0.0000309219250346215
10 0 0.0000230862644735597
11 0 0.0000258370045466139
12 0 0.0000196687942652929
13 0 0.0000261704332417123
14 0 0.0000289212666413352
15 0 0.0000312553723809117
16 0 0.0000358403974268784
17 0 0.0000553501802583733
18 0 0.0000485963200422823
19 0 0.000100889297087292
20 0 0.0000691095960323462
21 0 0.0000845392968351621
22 0 0.0000822038225609667
23 0 0.000101723559627565
24 0 0.0000847061187222442
25 0 0.0000918797495023105
26 0 0.0000835383719416383
27 0 0.0000890435952493052
28 0 0.000127506046528669
29 0 0.000111735307382288
30 0 0.000104643538816784
31 0 0.000115406557866016
32 0 0.000120830267411054
33 0 0.000107730475954915
34 0 0.000124835676046819
35 0 0.000151042078917363
36 0 0.000147870201523848
37 0 0.000131595203369583
38 0 0.000150791663519945
39 0 0.000168572871348971
40 0 0.000190699888372281
41 0 0.000202725885138699
42 0 0.000226197864700350
43 0 0.000257948976063349
44 0 0.000271488349282700
45 0 0.000229790197103896
46 0 0.000269900293690339
47 0 0.000313205641532255
48 0 0.000366655161773477
49 0 0.000384980777602628
50 0 0.000414192252224388
51 0 0.000405821242319360
52 0 0.000483533857071783
53 0 0.000559132928977579
54 0 0.000633116622337337
55 0 0.000710939985541614
56 0 0.000696075358156856
57 0 0.000850214509961811
58 0 0.000907936894667283
59 0 0.000983216207129156
60 0 0.00102770579849065
61 0 0.00124127253484607
62 0 0.00146110116050724
63 0 0.00149743807948255
64 0 0.00167102251638473
65 0 0.00186084410098664
66 0 0.00200002111787034
67 0 0.00234458214925692
68 0 0.0026243845728644
69 0 0.00279721897921492
70 0 0.00309083880380645
71 0 0.00344234828125523
72 0 0.00381443226825573
73 0 0.00419075673750102
74 0 0.00453097546077841
75 0 0.005112590142342
76 0 0.00584957466631564
77 0 0.00633415850239427
78 0 0.00718066093343639
79 0 0.0077211805784898
80 0 0.00843786214582143
81 0 0.0089311588855615
82 0 0.00990333538205312
83 0 0.0120372099490295
84 0 0.0133168337177303
85 0 0.0142511200270865
86 0 0.0153983422915187
87 0 0.0172040480327329
88 0 0.0194231009894067
89 0 0.0206041735053594
90 0 0.0236060183999132
91 0 0.0253470759732849
92 0 0.0272209678870966
93 0 0.0319266746332776
94 0 0.0375947806000919
95 0 0.0468157070030635
96 0 0.0507343445048588
97 0 0.0563312259729507
98 0 0.0309046381793088
99 0 0.080922862335248
100 0 0.0441877160406822

death 1 M widowed
1 0 0.00119912695420654
2 0 0.0000611872538076597
3 0 0.0000465952726357299
4 0 0.0000539326618169689
5 0 0.0000368407972606288
6 0 0.0000369241644103679
7 0 0.0000425933099621467
8 0 0.0000314220965127454
9 0 0.0000309219250346215
10 0 0.0000230862644735597
11 0 0.0000258370045466139
12 0 0.0000196687942652929
13 0 0.0000261704332417123
14 0 0.0000289212666413352
15 0 0.0000312553723809117
16 0 0.0000358403974268784
17 0 0.0000553501802583733
18 0 0.0000485963200422823
19 0 0.000100889297087292
20 0 0.0000691095960323462
21 0 0.0000845392968351621
22 0 0.0000822038225609667
23 0 0.000101723559627565
24 0 0.0000847061187222442
25 0 0.0000918797495023105
26 0 0.0000835383719416383
27 0 0.0000890435952493052
28 0 0.000127506046528669
29 0 0.000111735307382288
30 0 0.000104643538816784
31 0 0.000115406557866016
32 0 0.000120830267411054
33 0 0.000107730475954915
34 0 0.000124835676046819
35 0 0.000151042078917363
36 0 0.000147870201523848
37 0 0.000131595203369583
38 0 0.000150791663519945
39 0 0.000168572871348971
40 0 0.000190699888372281
41 0 0.000202725885138699
42 0 0.000226197864700350
43 0 0.000257948976063349
44 0 0.000271488349282700
45 0 0.000229790197103896
46 0 0.000269900293690339
47 0 0.000313205641532255
48 0 0.000366655161773477
49 0 0.000384980777602628
50 0 0.000414192252224388
51 0 0.000405821242319360
52 0 0.000483533857071783
53 0 0.000559132928977579
54 0 0.000633116622337337
55 0 0.000710939985541614
56 0 0.000696075358156856
57 0 0.000850214509961811
58 0 0.000907936894667283
59 0 0.000983216207129156
60 0 0.00102770579849065
61 0 0.00124127253484607
62 0 0.00146110116050724
63 0 0.00149743807948255
64 0 0.00167102251638473
65 0 0.00186084410098664
66 0 0.00200002111787034
67 0 0.00234458214925692
68 0 0.0026243845728644
69 0 0.00279721897921492
70 0 0.00309083880380645
71 0 0.00344234828125523
72 0 0.00381443226825573
73 0 0.00419075673750102
74 0 0.00453097546077841
75 0 0.005112590142342
76 0 0.00584957466631564
77 0 0.00633415850239427
78 0 0.00718066093343639
79 0 0.0077211805784898
80 0 0.00843786214582143
81 0 0.0089311588855615
82 0 0.00990333538205312
83 0 0.0120372099490295
84 0 0.0133168337177303
85 0 0.0142511200270865
86 0 0.0153983422915187
87 0 0.0172040480327329
88 0 0.0194231009894067
89 0 0.0206041735053594
90 0 0.0236060183999132
91 0 0.0253470759732849
92 0 0.0272209678870966
93 0 0.0319266746332776
94 0 0.0375947806000919
95 0 0.0468157070030635
96 0 0.0507343445048588
97 0 0.0563312259729507
98 0 0.0309046381793088
99 0 0.080922862335248
100 0 0.0441877160406822

death 1 F married
1 0 0.000951884349197574
2 0 0.0000591859292243813
3 0 0.0000336729022206717
4 0 0.000019001985789302
5 0 0.0000405923946910081
6 0 0.0000210857785167828
7 0 0.0000231696190104991
8 0 0.0000232529736238218
9 0 0.0000213358368539307
10 0 0.0000178350827253482
11 0 0.0000192520383945904
12 0 0.0000176683835103608
13 0 0.00000808369272708997
14 0 0.0000192520383945904
15 0 0.000033089354648852
16 0 0.0000220860159924063
17 0 0.0000245866578314491
18 0 0.000024753369733177
19 0 0.0000288379068305034
20 0 0.0000303383951216762
21 0 0.0000205856639059476
22 0 0.0000392584756443437
23 0 0.0000418429615742788
24 0 0.0000470955303578657
25 0 0.0000450111413439203
26 0 0.0000498469970400262
27 0 0.0000422598210251257
28 0 0.000061687591838111
29 0 0.0000430935456615655
30 0 0.000057434806357004
31 0 0.0000461783933035642
32 0 0.0000532656019636146
33 0 0.0000876255513057034
34 0 0.0000764488027836796
35 0 0.0000805356633871712
36 0 0.0000837886021317624
37 0 0.0000822038225609667
38 0 0.0000872084837675313
39 0 0.0000807024779270193
40 0 0.000102641257265446
41 0 0.000117409120627965
42 0 0.000132012474615140
43 0 0.000133347755473578
44 0 0.000161476667096760
45 0 0.000164732503795895
46 0 0.000178424991029824
47 0 0.000206400812662655
48 0 0.000239648955059013
49 0 0.000253269167985626
50 0 0.000230458553681756
51 0 0.000275918335232883
52 0 0.000307268745960765
53 0 0.000322488044206648
54 0 0.000339717358464720
55 0 0.00035971080262831
56 0 0.000408583590340683
57 0 0.000432359996429321
58 0 0.000535910113061977
59 0 0.000578923116659191
60 0 0.000580516581988211
61 0 0.00061893594184248
62 0 0.000721103079846186
63 0 0.000836168109351054
64 0 0.00102703155113815
65 0 0.000885550391004353
66 0 0.00114316016557037
67 0 0.00129239713603735
68 0 0.00142833417649735
69 0 0.00158253522797935
70 0 0.00202941604234952
71 0 0.00207032917845407
72 0 0.002429707598262
73 0 0.00277917316293153
74 0 0.00296831702118894
75 0 0.0034541205229468
76 0 0.00405131427969296
77 0 0.00451993829525377
78 0 0.00528732926333453
79 0 0.00610575857542406
80 0 0.00704337822683243
81 0 0.00703977545267709
82 0 0.00852105073085208
83 0 0.00926094554737877
84 0 0.0101562098131744
85 0 0.0117829845421914
86 0 0.0138132475144561
87 0 0.0150669377682082
88 0 0.0163208526174606
89 0 0.0188276485737735
90 0 0.0199325584324127
91 0 0.0217064450138124
92 0 0.0256236038269894
93 0 0.028242192952353
94 0 0.0316940676220440
95 0 0.0300353489454737
96 0 0.0291497348818708
97 0 0.040597528125112
98 0 0.0416209171989287
99 0 0.0428601019183407
100 0 0.0222213889038292

death 1 F single
1 0 0.000951884349197574
2 0 0.0000591859292243813
3 0 0.0000336729022206717
4 0 0.000019001985789302
5 0 0.0000405923946910081
6 0 0.0000210857785167828
7 0 0.0000231696190104991
8 0 0.0000232529736238218
9 0 0.0000213358368539307
10 0 0.0000178350827253482
11 0 0.0000192520383945904
12 0 0.0000176683835103608
13 0 0.00000808369272708997
14 0 0.0000192520383945904
15 0 0.000033089354648852
16 0 0.0000220860159924063
17 0 0.0000245866578314491
18 0 0.000024753369733177
19 0 0.0000288379068305034
20 0 0.0000303383951216762
21 0 0.0000205856639059476
22 0 0.0000392584756443437
23 0 0.0000418429615742788
24 0 0.0000470955303578657
25 0 0.0000450111413439203
26 0 0.0000498469970400262
27 0 0.0000422598210251257
28 0 0.000061687591838111
29 0 0.0000430935456615655
30 0 0.000057434806357004
31 0 0.0000461783933035642
32 0 0.0000532656019636146
33 0 0.0000876255513057034
34 0 0.0000764488027836796
35 0 0.0000805356633871712
36 0 0.0000837886021317624
37 0 0.0000822038225609667
38 0 0.0000872084837675313
39 0 0.0000807024779270193
40 0 0.000102641257265446
41 0 0.000117409120627965
42 0 0.000132012474615140
43 0 0.000133347755473578
44 0 0.000161476667096760
45 0 0.000164732503795895
46 0 0.000178424991029824
47 0 0.000206400812662655
48 0 0.000239648955059013
49 0 0.000253269167985626
50 0 0.000230458553681756
51 0 0.000275918335232883
52 0 0.000307268745960765
53 0 0.000322488044206648
54 0 0.000339717358464720
55 0 0.00035971080262831
56 0 0.000408583590340683
57 0 0.000432359996429321
58 0 0.000535910113061977
59 0 0.000578923116659191
60 0 0.000580516581988211
61 0 0.00061893594184248
62 0 0.000721103079846186
63 0 0.000836168109351054
64 0 0.00102703155113815
65 0 0.000885550391004353
66 0 0.00114316016557037
67 0 0.00129239713603735
68 0 0.00142833417649735
69 0 0.00158253522797935
70 0 0.00202941604234952
71 0 0.00207032917845407
72 0 0.002429707598262
73 0 0.00277917316293153
74 0 0.00296831702118894
75 0 0.0034541205229468
76 0 0.00405131427969296
77 0 0.00451993829525377
78 0 0.00528732926333453
79 0 0.00610575857542406
80 0 0.00704337822683243
81 0 0.00703977545267709
82 0 0.00852105073085208
83 0 0.00926094554737877
84 0 0.0101562098131744
85 0 0.0117829845421914
86 0 0.0138132475144561
87 0 0.0150669377682082
88 0 0.0163208526174606
89 0 0.0188276485737735
90 0 0.0199325584324127
91 0 0.0217064450138124
92 0 0.0256236038269894
93 0 0.028242192952353
94 0 0.0316940676220440
95 0 0.0300353489454737
96 0 0.0291497348818708
97 0 0.040597528125112
98 0 0.0416209171989287
99 0 0.0428601019183407
100 0 0.0222213889038292

death 1 F divorced
1 0 0.000951884349197574
2 0 0.0000591859292243813
3 0 0.0000336729022206717
4 0 0.000019001985789302
5 0 0.0000405923946910081
6 0 0.0000210857785167828
7 0 0.0000231696190104991
8 0 0.0000232529736238218
9 0 0.0000213358368539307
10 0 0.0000178350827253482
11 0 0.0000192520383945904
12 0 0.0000176683835103608
13 0 0.00000808369272708997
14 0 0.0000192520383945904
15 0 0.000033089354648852
16 0 0.0000220860159924063
17 0 0.0000245866578314491
18 0 0.000024753369733177
19 0 0.0000288379068305034
20 0 0.0000303383951216762
21 0 0.0000205856639059476
22 0 0.0000392584756443437
23 0 0.0000418429615742788
24 0 0.0000470955303578657
25 0 0.0000450111413439203
26 0 0.0000498469970400262
27 0 0.0000422598210251257
28 0 0.000061687591838111
29 0 0.0000430935456615655
30 0 0.000057434806357004
31 0 0.0000461783933035642
32 0 0.0000532656019636146
33 0 0.0000876255513057034
34 0 0.0000764488027836796
35 0 0.0000805356633871712
36 0 0.0000837886021317624
37 0 0.0000822038225609667
38 0 0.0000872084837675313
39 0 0.0000807024779270193
40 0 0.000102641257265446
41 0 0.000117409120627965
42 0 0.000132012474615140
43 0 0.000133347755473578
44 0 0.000161476667096760
45 0 0.000164732503795895
46 0 0.000178424991029824
47 0 0.000206400812662655
48 0 0.000239648955059013
49 0 0.000253269167985626
50 0 0.000230458553681756
51 0 0.000275918335232883
52 0 0.000307268745960765
53 0 0.000322488044206648
54 0 0.000339717358464720
55 0 0.00035971080262831
56 0 0.000408583590340683
57 0 0.000432359996429321
58 0 0.000535910113061977
59 0 0.000578923116659191
60 0 0.000580516581988211
61 0 0.00061893594184248
62 0 0.000721103079846186
63 0 0.000836168109351054
64 0 0.00102703155113815
65 0 0.000885550391004353
66 0 0.00114316016557037
67 0 0.00129239713603735
68 0 0.00142833417649735
69 0 0.00158253522797935
70 0 0.00202941604234952
71 0 0.00207032917845407
72 0 0.002429707598262
73 0 0.00277917316293153
74 0 0.00296831702118894
75 0 0.0034541205229468
76 0 0.00405131427969296
77 0 0.00451993829525377
78 0 0.00528732926333453
79 0 0.00610575857542406
80 0 0.00704337822683243
81 0 0.00703977545267709
82 0 0.00852105073085208
83 0 0.00926094554737877
84 0 0.0101562098131744
85 0 0.0117829845421914
86 0 0.0138132475144561
87 0 0.0150669377682082
88 0 0.0163208526174606
89 0 0.0188276485737735
90 0 0.0199325584324127
91 0 0.0217064450138124
92 0 0.0256236038269894
93 0 0.028242192952353
94 0 0.0316940676220440
95 0 0.0300353489454737
96 0 0.0291497348818708
97 0 0.040597528125112
98 0 0.0416209171989287
99 0 0.0428601019183407
100 0 0.0222213889038292

death 1 F widowed
1 0 0.000951884349197574
2 0 0.0000591859292243813
3 0 0.0000336729022206717
4 0 0.000019001985789302
5 0 0.0000405923946910081
6 0 0.0000210857785167828
7 0 0.0000231696190104991
8 0 0.0000232529736238218
9 0 0.0000213358368539307
10 0 0.0000178350827253482
11 0 0.0000192520383945904
12 0 0.0000176683835103608
13 0 0.00000808369272708997
14 0 0.0000192520383945904
15 0 0.000033089354648852
16 0 0.0000220860159924063
17 0 0.0000245866578314491
18 0 0.000024753369733177
19 0 0.0000288379068305034
20 0 0.0000303383951216762
21 0 0.0000205856639059476
22 0 0.0000392584756443437
23 0 0.0000418429615742788
24 0 0.0000470955303578657
25 0 0.0000450111413439203
26 0 0.0000498469970400262
27 0 0.0000422598210251257
28 0 0.000061687591838111
29 0 0.0000430935456615655
30 0 0.000057434806357004
31 0 0.0000461783933035642
32 0 0.0000532656019636146
33 0 0.0000876255513057034
34 0 0.0000764488027836796
35 0 0.0000805356633871712
36 0 0.0000837886021317624
37 0 0.0000822038225609667
38 0 0.0000872084837675313
39 0 0.0000807024779270193
40 0 0.000102641257265446
41 0 0.000117409120627965
42 0 0.000132012474615140
43 0 0.000133347755473578
44 0 0.000161476667096760
45 0 0.000164732503795895
46 0 0.000178424991029824
47 0 0.000206400812662655
48 0 0.000239648955059013
49 0 0.000253269167985626
50 0 0.000230458553681756
51 0 0.000275918335232883
52 0 0.000307268745960765
53 0 0.000322488044206648
54 0 0.000339717358464720
55 0 0.00035971080262831
56 0 0.000408583590340683
57 0 0.000432359996429321
58 0 0.000535910113061977
59 0 0.000578923116659191
60 0 0.000580516581988211
61 0 0.00061893594184248
62 0 0.000721103079846186
63 0 0.000836168109351054
64 0 0.00102703155113815
65 0 0.000885550391004353
66 0 0.00114316016557037
67 0 0.00129239713603735
68 0 0.00142833417649735
69 0 0.00158253522797935
70 0 0.00202941604234952
71 0 0.00207032917845407
72 0 0.002429707598262
73 0 0.00277917316293153
74 0 0.00296831702118894
75 0 0.0034541205229468
76 0 0.00405131427969296
77 0 0.00451993829525377
78 0 0.00528732926333453
79 0 0.00610575857542406
80 0 0.00704337822683243
81 0 0.00703977545267709
82 0 0.00852105073085208
83 0 0.00926094554737877
84 0 0.0101562098131744
85 0 0.0117829845421914
86 0 0.0138132475144561
87 0 0.0150669377682082
88 0 0.0163208526174606
89 0 0.0188276485737735
90 0 0.0199325584324127
91 0 0.0217064450138124
92 0 0.0256236038269894
93 0 0.028242192952353
94 0 0.0316940676220440
95 0 0.0300353489454737
96 0 0.0291497348818708
97 0 0.040597528125112
98 0 0.0416209171989287
99 0 0.0428601019183407
100 0 0.0222213889038292
