*Period monthly mortality rates for SWE in 1761 
* Mon Dec 20 14:18:45 2010
death 1 M married
1 0 0.0255504580821714
2 0 0.00468590054880258
3 0 0.00303257291422498
4 0 0.00211612262775185
5 0 0.00187607081539709
6 0 0.00170659444702537
7 0 0.00131632150504768
8 0 0.00101346338714980
9 0 0.00078370256770055
10 0 0.000624389787788227
11 0 0.000521828408169944
12 0 0.000470046622407128
13 0 0.000442408235178271
14 0 0.000435458084897422
15 0 0.000456561389346799
16 0 0.000506491891148486
17 0 0.000549071774596732
18 0 0.000593516948454109
19 0 0.000630767007495314
20 0 0.000658798517578663
21 0 0.000678946261737701
22 0 0.000705732890134758
23 0 0.000725471039951686
24 0 0.000740256463513167
25 0 0.000746557801458603
26 0 0.000745549558013647
27 0 0.000716735329751805
28 0 0.000715643425040047
29 0 0.000738240127682643
30 0 0.000781265002015807
31 0 0.000834317847231314
32 0 0.000927550659728715
33 0 0.000996274338792569
34 0 0.00102804292404413
35 0 0.00102264906535987
36 0 0.000991387850335257
37 0 0.0009224994998428
38 0 0.000898173680788816
39 0 0.00091500746336537
40 0 0.000973529129001727
41 0 0.00107213287298247
42 0 0.00123198024484961
43 0 0.00137307198369541
44 0 0.00147626095041620
45 0 0.00153794250944195
46 0 0.00156871422913818
47 0 0.00152667063340461
48 0 0.00150887578379599
49 0 0.00153023002198849
50 0 0.00160136230537000
51 0 0.00171500130747415
52 0 0.00190551070392542
53 0 0.00206700429740247
54 0 0.00220385134681722
55 0 0.00232884910772935
56 0 0.00244211948757989
57 0 0.00235766659385606
58 0 0.00229414346128876
59 0 0.00228875929237615
60 0 0.00236459441705206
61 0 0.00252570857256007
62 0 0.00296728378651279
63 0 0.00348658867473961
64 0 0.00397779888603167
65 0 0.00436652101087864
66 0 0.00464659618945118
67 0 0.00464466650437301
68 0 0.00462379345055108
69 0 0.00470564690383912
70 0 0.00494918826759916
71 0 0.0052779659839054
72 0 0.00579528009872998
73 0 0.00642705805837673
74 0 0.00713800251493624
75 0 0.00782006177508665
76 0 0.00856070442964008
77 0 0.00897706683518462
78 0 0.0095473887608778
79 0 0.0103014961050144
80 0 0.0113823832785545
81 0 0.0109627664735015
82 0 0.0123397178448783
83 0 0.0137843131379779
84 0 0.0151364911497107
85 0 0.0160858702641293
86 0 0.0162047803466076
87 0 0.0159772650544517
88 0 0.0156774196243447
89 0 0.0153078464784649
90 0 0.0153032056009734
91 0 0.0229680167130389
92 0 0.024645361422718
93 0 0.0264394930575608
94 0 0.0284872712336502
95 0 0.030927946432572
96 0 0.0333023557860929
97 0 0.0366157248114232
98 0 0.0420472149176258
99 0 0.0472115813559246
100 0 0.0504992851623655

death 1 M single
1 0 0.0255504580821714
2 0 0.00468590054880258
3 0 0.00303257291422498
4 0 0.00211612262775185
5 0 0.00187607081539709
6 0 0.00170659444702537
7 0 0.00131632150504768
8 0 0.00101346338714980
9 0 0.00078370256770055
10 0 0.000624389787788227
11 0 0.000521828408169944
12 0 0.000470046622407128
13 0 0.000442408235178271
14 0 0.000435458084897422
15 0 0.000456561389346799
16 0 0.000506491891148486
17 0 0.000549071774596732
18 0 0.000593516948454109
19 0 0.000630767007495314
20 0 0.000658798517578663
21 0 0.000678946261737701
22 0 0.000705732890134758
23 0 0.000725471039951686
24 0 0.000740256463513167
25 0 0.000746557801458603
26 0 0.000745549558013647
27 0 0.000716735329751805
28 0 0.000715643425040047
29 0 0.000738240127682643
30 0 0.000781265002015807
31 0 0.000834317847231314
32 0 0.000927550659728715
33 0 0.000996274338792569
34 0 0.00102804292404413
35 0 0.00102264906535987
36 0 0.000991387850335257
37 0 0.0009224994998428
38 0 0.000898173680788816
39 0 0.00091500746336537
40 0 0.000973529129001727
41 0 0.00107213287298247
42 0 0.00123198024484961
43 0 0.00137307198369541
44 0 0.00147626095041620
45 0 0.00153794250944195
46 0 0.00156871422913818
47 0 0.00152667063340461
48 0 0.00150887578379599
49 0 0.00153023002198849
50 0 0.00160136230537000
51 0 0.00171500130747415
52 0 0.00190551070392542
53 0 0.00206700429740247
54 0 0.00220385134681722
55 0 0.00232884910772935
56 0 0.00244211948757989
57 0 0.00235766659385606
58 0 0.00229414346128876
59 0 0.00228875929237615
60 0 0.00236459441705206
61 0 0.00252570857256007
62 0 0.00296728378651279
63 0 0.00348658867473961
64 0 0.00397779888603167
65 0 0.00436652101087864
66 0 0.00464659618945118
67 0 0.00464466650437301
68 0 0.00462379345055108
69 0 0.00470564690383912
70 0 0.00494918826759916
71 0 0.0052779659839054
72 0 0.00579528009872998
73 0 0.00642705805837673
74 0 0.00713800251493624
75 0 0.00782006177508665
76 0 0.00856070442964008
77 0 0.00897706683518462
78 0 0.0095473887608778
79 0 0.0103014961050144
80 0 0.0113823832785545
81 0 0.0109627664735015
82 0 0.0123397178448783
83 0 0.0137843131379779
84 0 0.0151364911497107
85 0 0.0160858702641293
86 0 0.0162047803466076
87 0 0.0159772650544517
88 0 0.0156774196243447
89 0 0.0153078464784649
90 0 0.0153032056009734
91 0 0.0229680167130389
92 0 0.024645361422718
93 0 0.0264394930575608
94 0 0.0284872712336502
95 0 0.030927946432572
96 0 0.0333023557860929
97 0 0.0366157248114232
98 0 0.0420472149176258
99 0 0.0472115813559246
100 0 0.0504992851623655

death 1 M divorced
1 0 0.0255504580821714
2 0 0.00468590054880258
3 0 0.00303257291422498
4 0 0.00211612262775185
5 0 0.00187607081539709
6 0 0.00170659444702537
7 0 0.00131632150504768
8 0 0.00101346338714980
9 0 0.00078370256770055
10 0 0.000624389787788227
11 0 0.000521828408169944
12 0 0.000470046622407128
13 0 0.000442408235178271
14 0 0.000435458084897422
15 0 0.000456561389346799
16 0 0.000506491891148486
17 0 0.000549071774596732
18 0 0.000593516948454109
19 0 0.000630767007495314
20 0 0.000658798517578663
21 0 0.000678946261737701
22 0 0.000705732890134758
23 0 0.000725471039951686
24 0 0.000740256463513167
25 0 0.000746557801458603
26 0 0.000745549558013647
27 0 0.000716735329751805
28 0 0.000715643425040047
29 0 0.000738240127682643
30 0 0.000781265002015807
31 0 0.000834317847231314
32 0 0.000927550659728715
33 0 0.000996274338792569
34 0 0.00102804292404413
35 0 0.00102264906535987
36 0 0.000991387850335257
37 0 0.0009224994998428
38 0 0.000898173680788816
39 0 0.00091500746336537
40 0 0.000973529129001727
41 0 0.00107213287298247
42 0 0.00123198024484961
43 0 0.00137307198369541
44 0 0.00147626095041620
45 0 0.00153794250944195
46 0 0.00156871422913818
47 0 0.00152667063340461
48 0 0.00150887578379599
49 0 0.00153023002198849
50 0 0.00160136230537000
51 0 0.00171500130747415
52 0 0.00190551070392542
53 0 0.00206700429740247
54 0 0.00220385134681722
55 0 0.00232884910772935
56 0 0.00244211948757989
57 0 0.00235766659385606
58 0 0.00229414346128876
59 0 0.00228875929237615
60 0 0.00236459441705206
61 0 0.00252570857256007
62 0 0.00296728378651279
63 0 0.00348658867473961
64 0 0.00397779888603167
65 0 0.00436652101087864
66 0 0.00464659618945118
67 0 0.00464466650437301
68 0 0.00462379345055108
69 0 0.00470564690383912
70 0 0.00494918826759916
71 0 0.0052779659839054
72 0 0.00579528009872998
73 0 0.00642705805837673
74 0 0.00713800251493624
75 0 0.00782006177508665
76 0 0.00856070442964008
77 0 0.00897706683518462
78 0 0.0095473887608778
79 0 0.0103014961050144
80 0 0.0113823832785545
81 0 0.0109627664735015
82 0 0.0123397178448783
83 0 0.0137843131379779
84 0 0.0151364911497107
85 0 0.0160858702641293
86 0 0.0162047803466076
87 0 0.0159772650544517
88 0 0.0156774196243447
89 0 0.0153078464784649
90 0 0.0153032056009734
91 0 0.0229680167130389
92 0 0.024645361422718
93 0 0.0264394930575608
94 0 0.0284872712336502
95 0 0.030927946432572
96 0 0.0333023557860929
97 0 0.0366157248114232
98 0 0.0420472149176258
99 0 0.0472115813559246
100 0 0.0504992851623655

death 1 M widowed
1 0 0.0255504580821714
2 0 0.00468590054880258
3 0 0.00303257291422498
4 0 0.00211612262775185
5 0 0.00187607081539709
6 0 0.00170659444702537
7 0 0.00131632150504768
8 0 0.00101346338714980
9 0 0.00078370256770055
10 0 0.000624389787788227
11 0 0.000521828408169944
12 0 0.000470046622407128
13 0 0.000442408235178271
14 0 0.000435458084897422
15 0 0.000456561389346799
16 0 0.000506491891148486
17 0 0.000549071774596732
18 0 0.000593516948454109
19 0 0.000630767007495314
20 0 0.000658798517578663
21 0 0.000678946261737701
22 0 0.000705732890134758
23 0 0.000725471039951686
24 0 0.000740256463513167
25 0 0.000746557801458603
26 0 0.000745549558013647
27 0 0.000716735329751805
28 0 0.000715643425040047
29 0 0.000738240127682643
30 0 0.000781265002015807
31 0 0.000834317847231314
32 0 0.000927550659728715
33 0 0.000996274338792569
34 0 0.00102804292404413
35 0 0.00102264906535987
36 0 0.000991387850335257
37 0 0.0009224994998428
38 0 0.000898173680788816
39 0 0.00091500746336537
40 0 0.000973529129001727
41 0 0.00107213287298247
42 0 0.00123198024484961
43 0 0.00137307198369541
44 0 0.00147626095041620
45 0 0.00153794250944195
46 0 0.00156871422913818
47 0 0.00152667063340461
48 0 0.00150887578379599
49 0 0.00153023002198849
50 0 0.00160136230537000
51 0 0.00171500130747415
52 0 0.00190551070392542
53 0 0.00206700429740247
54 0 0.00220385134681722
55 0 0.00232884910772935
56 0 0.00244211948757989
57 0 0.00235766659385606
58 0 0.00229414346128876
59 0 0.00228875929237615
60 0 0.00236459441705206
61 0 0.00252570857256007
62 0 0.00296728378651279
63 0 0.00348658867473961
64 0 0.00397779888603167
65 0 0.00436652101087864
66 0 0.00464659618945118
67 0 0.00464466650437301
68 0 0.00462379345055108
69 0 0.00470564690383912
70 0 0.00494918826759916
71 0 0.0052779659839054
72 0 0.00579528009872998
73 0 0.00642705805837673
74 0 0.00713800251493624
75 0 0.00782006177508665
76 0 0.00856070442964008
77 0 0.00897706683518462
78 0 0.0095473887608778
79 0 0.0103014961050144
80 0 0.0113823832785545
81 0 0.0109627664735015
82 0 0.0123397178448783
83 0 0.0137843131379779
84 0 0.0151364911497107
85 0 0.0160858702641293
86 0 0.0162047803466076
87 0 0.0159772650544517
88 0 0.0156774196243447
89 0 0.0153078464784649
90 0 0.0153032056009734
91 0 0.0229680167130389
92 0 0.024645361422718
93 0 0.0264394930575608
94 0 0.0284872712336502
95 0 0.030927946432572
96 0 0.0333023557860929
97 0 0.0366157248114232
98 0 0.0420472149176258
99 0 0.0472115813559246
100 0 0.0504992851623655

death 1 F married
1 0 0.0219408853332925
2 0 0.00471100110270639
3 0 0.00299578816217572
4 0 0.00206589603079699
5 0 0.00194781535793398
6 0 0.00185990846443618
7 0 0.00134913265713799
8 0 0.0009688965438156
9 0 0.000698510638982297
10 0 0.000533395362836475
11 0 0.000452792582654515
12 0 0.000441403361301274
13 0 0.000442743195606776
14 0 0.000450531373667462
15 0 0.000468120038008668
16 0 0.000498447540217883
17 0 0.000503307583745283
18 0 0.000511687579654252
19 0 0.000517805464728793
20 0 0.000522498916060821
21 0 0.000525097180874123
22 0 0.000548820260011129
23 0 0.000569949912671674
24 0 0.000589239203178771
25 0 0.000604170248300506
26 0 0.000616754495130545
27 0 0.00061893594184248
28 0 0.000641005059480726
29 0 0.000677938768401831
30 0 0.000727571095532231
31 0 0.000783870678089937
32 0 0.000873012993115485
33 0 0.00094725286789621
34 0 0.00099458931307339
35 0 0.00100461567653010
36 0 0.000982879247936275
37 0 0.000907431875107556
38 0 0.000868974468355099
39 0 0.000871414388926683
40 0 0.00091778533738407
41 0 0.00099753812859904
42 0 0.00112113744998665
43 0 0.00122074629137758
44 0 0.00127633837520225
45 0 0.00127270441818106
46 0 0.00122480049023310
47 0 0.00112923713821089
48 0 0.00107871026409623
49 0 0.00108621581796464
50 0 0.00115818255282740
51 0 0.00127566227916220
52 0 0.00143993250583430
53 0 0.00156837508997720
54 0 0.00165022915800561
55 0 0.00167968074787472
56 0 0.00167204108898333
57 0 0.00157312315354652
58 0 0.00155074159950852
59 0 0.00161586690643212
60 0 0.00177106695467377
61 0 0.00199593214384597
62 0 0.00243689772714095
63 0 0.00288225451093849
64 0 0.00324133112094416
65 0 0.0034691842983855
66 0 0.00361414960407858
67 0 0.00357314066674785
68 0 0.00363921494510644
69 0 0.00385685489848042
70 0 0.00426627957928194
71 0 0.00484003652882936
72 0 0.005730009853255
73 0 0.0066265021055798
74 0 0.00750644900212305
75 0 0.00825966335111739
76 0 0.00885742394107569
77 0 0.00884942888925389
78 0 0.00908608841203296
79 0 0.00970709373119127
80 0 0.0107621378088705
81 0 0.0102873957639141
82 0 0.0117807060429602
83 0 0.0133625252368617
84 0 0.0149094110788086
85 0 0.0161521334155301
86 0 0.0166568431474378
87 0 0.0167912724568419
88 0 0.0168291297099333
89 0 0.0169104213218838
90 0 0.0173438493707339
91 0 0.0224178309525597
92 0 0.0243250883004977
93 0 0.0264161092495037
94 0 0.0289092572578367
95 0 0.0317817581936873
96 0 0.0348483739843598
97 0 0.0385370106437020
98 0 0.0431502670212397
99 0 0.0485944882719088
100 0 0.055449866769154

death 1 F single
1 0 0.0219408853332925
2 0 0.00471100110270639
3 0 0.00299578816217572
4 0 0.00206589603079699
5 0 0.00194781535793398
6 0 0.00185990846443618
7 0 0.00134913265713799
8 0 0.0009688965438156
9 0 0.000698510638982297
10 0 0.000533395362836475
11 0 0.000452792582654515
12 0 0.000441403361301274
13 0 0.000442743195606776
14 0 0.000450531373667462
15 0 0.000468120038008668
16 0 0.000498447540217883
17 0 0.000503307583745283
18 0 0.000511687579654252
19 0 0.000517805464728793
20 0 0.000522498916060821
21 0 0.000525097180874123
22 0 0.000548820260011129
23 0 0.000569949912671674
24 0 0.000589239203178771
25 0 0.000604170248300506
26 0 0.000616754495130545
27 0 0.00061893594184248
28 0 0.000641005059480726
29 0 0.000677938768401831
30 0 0.000727571095532231
31 0 0.000783870678089937
32 0 0.000873012993115485
33 0 0.00094725286789621
34 0 0.00099458931307339
35 0 0.00100461567653010
36 0 0.000982879247936275
37 0 0.000907431875107556
38 0 0.000868974468355099
39 0 0.000871414388926683
40 0 0.00091778533738407
41 0 0.00099753812859904
42 0 0.00112113744998665
43 0 0.00122074629137758
44 0 0.00127633837520225
45 0 0.00127270441818106
46 0 0.00122480049023310
47 0 0.00112923713821089
48 0 0.00107871026409623
49 0 0.00108621581796464
50 0 0.00115818255282740
51 0 0.00127566227916220
52 0 0.00143993250583430
53 0 0.00156837508997720
54 0 0.00165022915800561
55 0 0.00167968074787472
56 0 0.00167204108898333
57 0 0.00157312315354652
58 0 0.00155074159950852
59 0 0.00161586690643212
60 0 0.00177106695467377
61 0 0.00199593214384597
62 0 0.00243689772714095
63 0 0.00288225451093849
64 0 0.00324133112094416
65 0 0.0034691842983855
66 0 0.00361414960407858
67 0 0.00357314066674785
68 0 0.00363921494510644
69 0 0.00385685489848042
70 0 0.00426627957928194
71 0 0.00484003652882936
72 0 0.005730009853255
73 0 0.0066265021055798
74 0 0.00750644900212305
75 0 0.00825966335111739
76 0 0.00885742394107569
77 0 0.00884942888925389
78 0 0.00908608841203296
79 0 0.00970709373119127
80 0 0.0107621378088705
81 0 0.0102873957639141
82 0 0.0117807060429602
83 0 0.0133625252368617
84 0 0.0149094110788086
85 0 0.0161521334155301
86 0 0.0166568431474378
87 0 0.0167912724568419
88 0 0.0168291297099333
89 0 0.0169104213218838
90 0 0.0173438493707339
91 0 0.0224178309525597
92 0 0.0243250883004977
93 0 0.0264161092495037
94 0 0.0289092572578367
95 0 0.0317817581936873
96 0 0.0348483739843598
97 0 0.0385370106437020
98 0 0.0431502670212397
99 0 0.0485944882719088
100 0 0.055449866769154

death 1 F divorced
1 0 0.0219408853332925
2 0 0.00471100110270639
3 0 0.00299578816217572
4 0 0.00206589603079699
5 0 0.00194781535793398
6 0 0.00185990846443618
7 0 0.00134913265713799
8 0 0.0009688965438156
9 0 0.000698510638982297
10 0 0.000533395362836475
11 0 0.000452792582654515
12 0 0.000441403361301274
13 0 0.000442743195606776
14 0 0.000450531373667462
15 0 0.000468120038008668
16 0 0.000498447540217883
17 0 0.000503307583745283
18 0 0.000511687579654252
19 0 0.000517805464728793
20 0 0.000522498916060821
21 0 0.000525097180874123
22 0 0.000548820260011129
23 0 0.000569949912671674
24 0 0.000589239203178771
25 0 0.000604170248300506
26 0 0.000616754495130545
27 0 0.00061893594184248
28 0 0.000641005059480726
29 0 0.000677938768401831
30 0 0.000727571095532231
31 0 0.000783870678089937
32 0 0.000873012993115485
33 0 0.00094725286789621
34 0 0.00099458931307339
35 0 0.00100461567653010
36 0 0.000982879247936275
37 0 0.000907431875107556
38 0 0.000868974468355099
39 0 0.000871414388926683
40 0 0.00091778533738407
41 0 0.00099753812859904
42 0 0.00112113744998665
43 0 0.00122074629137758
44 0 0.00127633837520225
45 0 0.00127270441818106
46 0 0.00122480049023310
47 0 0.00112923713821089
48 0 0.00107871026409623
49 0 0.00108621581796464
50 0 0.00115818255282740
51 0 0.00127566227916220
52 0 0.00143993250583430
53 0 0.00156837508997720
54 0 0.00165022915800561
55 0 0.00167968074787472
56 0 0.00167204108898333
57 0 0.00157312315354652
58 0 0.00155074159950852
59 0 0.00161586690643212
60 0 0.00177106695467377
61 0 0.00199593214384597
62 0 0.00243689772714095
63 0 0.00288225451093849
64 0 0.00324133112094416
65 0 0.0034691842983855
66 0 0.00361414960407858
67 0 0.00357314066674785
68 0 0.00363921494510644
69 0 0.00385685489848042
70 0 0.00426627957928194
71 0 0.00484003652882936
72 0 0.005730009853255
73 0 0.0066265021055798
74 0 0.00750644900212305
75 0 0.00825966335111739
76 0 0.00885742394107569
77 0 0.00884942888925389
78 0 0.00908608841203296
79 0 0.00970709373119127
80 0 0.0107621378088705
81 0 0.0102873957639141
82 0 0.0117807060429602
83 0 0.0133625252368617
84 0 0.0149094110788086
85 0 0.0161521334155301
86 0 0.0166568431474378
87 0 0.0167912724568419
88 0 0.0168291297099333
89 0 0.0169104213218838
90 0 0.0173438493707339
91 0 0.0224178309525597
92 0 0.0243250883004977
93 0 0.0264161092495037
94 0 0.0289092572578367
95 0 0.0317817581936873
96 0 0.0348483739843598
97 0 0.0385370106437020
98 0 0.0431502670212397
99 0 0.0485944882719088
100 0 0.055449866769154

death 1 F widowed
1 0 0.0219408853332925
2 0 0.00471100110270639
3 0 0.00299578816217572
4 0 0.00206589603079699
5 0 0.00194781535793398
6 0 0.00185990846443618
7 0 0.00134913265713799
8 0 0.0009688965438156
9 0 0.000698510638982297
10 0 0.000533395362836475
11 0 0.000452792582654515
12 0 0.000441403361301274
13 0 0.000442743195606776
14 0 0.000450531373667462
15 0 0.000468120038008668
16 0 0.000498447540217883
17 0 0.000503307583745283
18 0 0.000511687579654252
19 0 0.000517805464728793
20 0 0.000522498916060821
21 0 0.000525097180874123
22 0 0.000548820260011129
23 0 0.000569949912671674
24 0 0.000589239203178771
25 0 0.000604170248300506
26 0 0.000616754495130545
27 0 0.00061893594184248
28 0 0.000641005059480726
29 0 0.000677938768401831
30 0 0.000727571095532231
31 0 0.000783870678089937
32 0 0.000873012993115485
33 0 0.00094725286789621
34 0 0.00099458931307339
35 0 0.00100461567653010
36 0 0.000982879247936275
37 0 0.000907431875107556
38 0 0.000868974468355099
39 0 0.000871414388926683
40 0 0.00091778533738407
41 0 0.00099753812859904
42 0 0.00112113744998665
43 0 0.00122074629137758
44 0 0.00127633837520225
45 0 0.00127270441818106
46 0 0.00122480049023310
47 0 0.00112923713821089
48 0 0.00107871026409623
49 0 0.00108621581796464
50 0 0.00115818255282740
51 0 0.00127566227916220
52 0 0.00143993250583430
53 0 0.00156837508997720
54 0 0.00165022915800561
55 0 0.00167968074787472
56 0 0.00167204108898333
57 0 0.00157312315354652
58 0 0.00155074159950852
59 0 0.00161586690643212
60 0 0.00177106695467377
61 0 0.00199593214384597
62 0 0.00243689772714095
63 0 0.00288225451093849
64 0 0.00324133112094416
65 0 0.0034691842983855
66 0 0.00361414960407858
67 0 0.00357314066674785
68 0 0.00363921494510644
69 0 0.00385685489848042
70 0 0.00426627957928194
71 0 0.00484003652882936
72 0 0.005730009853255
73 0 0.0066265021055798
74 0 0.00750644900212305
75 0 0.00825966335111739
76 0 0.00885742394107569
77 0 0.00884942888925389
78 0 0.00908608841203296
79 0 0.00970709373119127
80 0 0.0107621378088705
81 0 0.0102873957639141
82 0 0.0117807060429602
83 0 0.0133625252368617
84 0 0.0149094110788086
85 0 0.0161521334155301
86 0 0.0166568431474378
87 0 0.0167912724568419
88 0 0.0168291297099333
89 0 0.0169104213218838
90 0 0.0173438493707339
91 0 0.0224178309525597
92 0 0.0243250883004977
93 0 0.0264161092495037
94 0 0.0289092572578367
95 0 0.0317817581936873
96 0 0.0348483739843598
97 0 0.0385370106437020
98 0 0.0431502670212397
99 0 0.0485944882719088
100 0 0.055449866769154
