*Period monthly mortality rates for SWE in 2034 
* Mon Dec 20 14:21:52 2010
death 1 M married
1 0 0.000235304285861493
2 0 0.0000241698794146705
3 0 0.00000750030939278279
4 0 0.00000583352049443597
5 0 0.00000500013750526218
6 0 0.00000416676215586609
7 0 0.00000416676215586609
8 0 0.00000416676215586609
9 0 0.00000333339444602565
10 0 0.00000333339444602565
11 0 0.00000416676215586609
12 0 0.00000416676215586609
13 0 0.00000416676215586609
14 0 0.00000583352049443597
15 0 0.00000666691112360951
16 0 0.00000916712885190574
17 0 0.000012500859457365
18 0 0.0000158347123201397
19 0 0.0000208357208674181
20 0 0.0000283377495704507
21 0 0.0000325058108229248
22 0 0.0000350067393084519
23 0 0.0000358403974268784
24 0 0.0000350067393084519
25 0 0.0000341730888351321
26 0 0.0000341730888351321
27 0 0.0000341730888351321
28 0 0.0000316721832838152
29 0 0.0000316721832838152
30 0 0.0000308385633891461
31 0 0.0000316721832838152
32 0 0.0000300049511388067
33 0 0.0000308385633891461
34 0 0.0000333394460065861
35 0 0.0000333394460065861
36 0 0.0000366740631904117
37 0 0.0000391751063537615
38 0 0.0000408425066913409
39 0 0.0000450111413439203
40 0 0.0000483461867075707
41 0 0.0000516813544294559
42 0 0.000055850486162301
43 0 0.0000633554051622243
44 0 0.000070860943814588
45 0 0.0000758649805536749
46 0 0.0000842056539793745
47 0 0.0000925470927749528
48 0 0.000100055042203562
49 0 0.000113404039220888
50 0 0.000122582611971733
51 0 0.000135100341368544
52 0 0.000152628059122195
53 0 0.000167654507824855
54 0 0.000191869012675761
55 0 0.000206901950655758
56 0 0.000226114323775728
57 0 0.000251180045748089
58 0 0.000281268040052463
59 0 0.000297151831613829
60 0 0.000333946010742214
61 0 0.000359041494845114
62 0 0.000397534702040403
63 0 0.000441905796850772
64 0 0.000485460768313573
65 0 0.00054915561294655
66 0 0.000601989156088334
67 0 0.000660729149487893
68 0 0.000739668360939527
69 0 0.000810267868774917
70 0 0.000899436106264195
71 0 0.00100301475432318
72 0 0.00110333754884095
73 0 0.00123502125325325
74 0 0.00137874052239706
75 0 0.00154472325951605
76 0 0.00175262942718590
77 0 0.00193121460107026
78 0 0.00223903493574107
79 0 0.00254704640865944
80 0 0.00288707185229975
81 0 0.00331390522990926
82 0 0.00384702985728336
83 0 0.00449357718063026
84 0 0.00517212237463638
85 0 0.00611485140100954
86 0 0.00714413398551672
87 0 0.00838070878145392
88 0 0.00970867087440086
89 0 0.0114349497410918
90 0 0.0132413439929339
91 0 0.0153887548872534
92 0 0.0181743341713765
93 0 0.0213904467010541
94 0 0.0242226613359068
95 0 0.0279630635930120
96 0 0.0309396028721322
97 0 0.0363007598605204
98 0 0.0407842765206786
99 0 0.0448305629467513
100 0 0.0504215157585773

death 1 M single
1 0 0.000235304285861493
2 0 0.0000241698794146705
3 0 0.00000750030939278279
4 0 0.00000583352049443597
5 0 0.00000500013750526218
6 0 0.00000416676215586609
7 0 0.00000416676215586609
8 0 0.00000416676215586609
9 0 0.00000333339444602565
10 0 0.00000333339444602565
11 0 0.00000416676215586609
12 0 0.00000416676215586609
13 0 0.00000416676215586609
14 0 0.00000583352049443597
15 0 0.00000666691112360951
16 0 0.00000916712885190574
17 0 0.000012500859457365
18 0 0.0000158347123201397
19 0 0.0000208357208674181
20 0 0.0000283377495704507
21 0 0.0000325058108229248
22 0 0.0000350067393084519
23 0 0.0000358403974268784
24 0 0.0000350067393084519
25 0 0.0000341730888351321
26 0 0.0000341730888351321
27 0 0.0000341730888351321
28 0 0.0000316721832838152
29 0 0.0000316721832838152
30 0 0.0000308385633891461
31 0 0.0000316721832838152
32 0 0.0000300049511388067
33 0 0.0000308385633891461
34 0 0.0000333394460065861
35 0 0.0000333394460065861
36 0 0.0000366740631904117
37 0 0.0000391751063537615
38 0 0.0000408425066913409
39 0 0.0000450111413439203
40 0 0.0000483461867075707
41 0 0.0000516813544294559
42 0 0.000055850486162301
43 0 0.0000633554051622243
44 0 0.000070860943814588
45 0 0.0000758649805536749
46 0 0.0000842056539793745
47 0 0.0000925470927749528
48 0 0.000100055042203562
49 0 0.000113404039220888
50 0 0.000122582611971733
51 0 0.000135100341368544
52 0 0.000152628059122195
53 0 0.000167654507824855
54 0 0.000191869012675761
55 0 0.000206901950655758
56 0 0.000226114323775728
57 0 0.000251180045748089
58 0 0.000281268040052463
59 0 0.000297151831613829
60 0 0.000333946010742214
61 0 0.000359041494845114
62 0 0.000397534702040403
63 0 0.000441905796850772
64 0 0.000485460768313573
65 0 0.00054915561294655
66 0 0.000601989156088334
67 0 0.000660729149487893
68 0 0.000739668360939527
69 0 0.000810267868774917
70 0 0.000899436106264195
71 0 0.00100301475432318
72 0 0.00110333754884095
73 0 0.00123502125325325
74 0 0.00137874052239706
75 0 0.00154472325951605
76 0 0.00175262942718590
77 0 0.00193121460107026
78 0 0.00223903493574107
79 0 0.00254704640865944
80 0 0.00288707185229975
81 0 0.00331390522990926
82 0 0.00384702985728336
83 0 0.00449357718063026
84 0 0.00517212237463638
85 0 0.00611485140100954
86 0 0.00714413398551672
87 0 0.00838070878145392
88 0 0.00970867087440086
89 0 0.0114349497410918
90 0 0.0132413439929339
91 0 0.0153887548872534
92 0 0.0181743341713765
93 0 0.0213904467010541
94 0 0.0242226613359068
95 0 0.0279630635930120
96 0 0.0309396028721322
97 0 0.0363007598605204
98 0 0.0407842765206786
99 0 0.0448305629467513
100 0 0.0504215157585773

death 1 M divorced
1 0 0.000235304285861493
2 0 0.0000241698794146705
3 0 0.00000750030939278279
4 0 0.00000583352049443597
5 0 0.00000500013750526218
6 0 0.00000416676215586609
7 0 0.00000416676215586609
8 0 0.00000416676215586609
9 0 0.00000333339444602565
10 0 0.00000333339444602565
11 0 0.00000416676215586609
12 0 0.00000416676215586609
13 0 0.00000416676215586609
14 0 0.00000583352049443597
15 0 0.00000666691112360951
16 0 0.00000916712885190574
17 0 0.000012500859457365
18 0 0.0000158347123201397
19 0 0.0000208357208674181
20 0 0.0000283377495704507
21 0 0.0000325058108229248
22 0 0.0000350067393084519
23 0 0.0000358403974268784
24 0 0.0000350067393084519
25 0 0.0000341730888351321
26 0 0.0000341730888351321
27 0 0.0000341730888351321
28 0 0.0000316721832838152
29 0 0.0000316721832838152
30 0 0.0000308385633891461
31 0 0.0000316721832838152
32 0 0.0000300049511388067
33 0 0.0000308385633891461
34 0 0.0000333394460065861
35 0 0.0000333394460065861
36 0 0.0000366740631904117
37 0 0.0000391751063537615
38 0 0.0000408425066913409
39 0 0.0000450111413439203
40 0 0.0000483461867075707
41 0 0.0000516813544294559
42 0 0.000055850486162301
43 0 0.0000633554051622243
44 0 0.000070860943814588
45 0 0.0000758649805536749
46 0 0.0000842056539793745
47 0 0.0000925470927749528
48 0 0.000100055042203562
49 0 0.000113404039220888
50 0 0.000122582611971733
51 0 0.000135100341368544
52 0 0.000152628059122195
53 0 0.000167654507824855
54 0 0.000191869012675761
55 0 0.000206901950655758
56 0 0.000226114323775728
57 0 0.000251180045748089
58 0 0.000281268040052463
59 0 0.000297151831613829
60 0 0.000333946010742214
61 0 0.000359041494845114
62 0 0.000397534702040403
63 0 0.000441905796850772
64 0 0.000485460768313573
65 0 0.00054915561294655
66 0 0.000601989156088334
67 0 0.000660729149487893
68 0 0.000739668360939527
69 0 0.000810267868774917
70 0 0.000899436106264195
71 0 0.00100301475432318
72 0 0.00110333754884095
73 0 0.00123502125325325
74 0 0.00137874052239706
75 0 0.00154472325951605
76 0 0.00175262942718590
77 0 0.00193121460107026
78 0 0.00223903493574107
79 0 0.00254704640865944
80 0 0.00288707185229975
81 0 0.00331390522990926
82 0 0.00384702985728336
83 0 0.00449357718063026
84 0 0.00517212237463638
85 0 0.00611485140100954
86 0 0.00714413398551672
87 0 0.00838070878145392
88 0 0.00970867087440086
89 0 0.0114349497410918
90 0 0.0132413439929339
91 0 0.0153887548872534
92 0 0.0181743341713765
93 0 0.0213904467010541
94 0 0.0242226613359068
95 0 0.0279630635930120
96 0 0.0309396028721322
97 0 0.0363007598605204
98 0 0.0407842765206786
99 0 0.0448305629467513
100 0 0.0504215157585773

death 1 M widowed
1 0 0.000235304285861493
2 0 0.0000241698794146705
3 0 0.00000750030939278279
4 0 0.00000583352049443597
5 0 0.00000500013750526218
6 0 0.00000416676215586609
7 0 0.00000416676215586609
8 0 0.00000416676215586609
9 0 0.00000333339444602565
10 0 0.00000333339444602565
11 0 0.00000416676215586609
12 0 0.00000416676215586609
13 0 0.00000416676215586609
14 0 0.00000583352049443597
15 0 0.00000666691112360951
16 0 0.00000916712885190574
17 0 0.000012500859457365
18 0 0.0000158347123201397
19 0 0.0000208357208674181
20 0 0.0000283377495704507
21 0 0.0000325058108229248
22 0 0.0000350067393084519
23 0 0.0000358403974268784
24 0 0.0000350067393084519
25 0 0.0000341730888351321
26 0 0.0000341730888351321
27 0 0.0000341730888351321
28 0 0.0000316721832838152
29 0 0.0000316721832838152
30 0 0.0000308385633891461
31 0 0.0000316721832838152
32 0 0.0000300049511388067
33 0 0.0000308385633891461
34 0 0.0000333394460065861
35 0 0.0000333394460065861
36 0 0.0000366740631904117
37 0 0.0000391751063537615
38 0 0.0000408425066913409
39 0 0.0000450111413439203
40 0 0.0000483461867075707
41 0 0.0000516813544294559
42 0 0.000055850486162301
43 0 0.0000633554051622243
44 0 0.000070860943814588
45 0 0.0000758649805536749
46 0 0.0000842056539793745
47 0 0.0000925470927749528
48 0 0.000100055042203562
49 0 0.000113404039220888
50 0 0.000122582611971733
51 0 0.000135100341368544
52 0 0.000152628059122195
53 0 0.000167654507824855
54 0 0.000191869012675761
55 0 0.000206901950655758
56 0 0.000226114323775728
57 0 0.000251180045748089
58 0 0.000281268040052463
59 0 0.000297151831613829
60 0 0.000333946010742214
61 0 0.000359041494845114
62 0 0.000397534702040403
63 0 0.000441905796850772
64 0 0.000485460768313573
65 0 0.00054915561294655
66 0 0.000601989156088334
67 0 0.000660729149487893
68 0 0.000739668360939527
69 0 0.000810267868774917
70 0 0.000899436106264195
71 0 0.00100301475432318
72 0 0.00110333754884095
73 0 0.00123502125325325
74 0 0.00137874052239706
75 0 0.00154472325951605
76 0 0.00175262942718590
77 0 0.00193121460107026
78 0 0.00223903493574107
79 0 0.00254704640865944
80 0 0.00288707185229975
81 0 0.00331390522990926
82 0 0.00384702985728336
83 0 0.00449357718063026
84 0 0.00517212237463638
85 0 0.00611485140100954
86 0 0.00714413398551672
87 0 0.00838070878145392
88 0 0.00970867087440086
89 0 0.0114349497410918
90 0 0.0132413439929339
91 0 0.0153887548872534
92 0 0.0181743341713765
93 0 0.0213904467010541
94 0 0.0242226613359068
95 0 0.0279630635930120
96 0 0.0309396028721322
97 0 0.0363007598605204
98 0 0.0407842765206786
99 0 0.0448305629467513
100 0 0.0504215157585773

death 1 F married
1 0 0.000232797840409416
2 0 0.0000250034381590325
3 0 0.00000833371530217786
4 0 0.00000583352049443597
5 0 0.00000416676215586609
6 0 0.00000416676215586609
7 0 0.00000416676215586609
8 0 0.00000333339444602565
9 0 0.00000333339444602565
10 0 0.00000333339444602565
11 0 0.00000333339444602565
12 0 0.00000333339444602565
13 0 0.00000333339444602565
14 0 0.00000416676215586609
15 0 0.00000500013750526218
16 0 0.00000750030939278279
17 0 0.00000833371530217786
18 0 0.00000916712885190574
19 0 0.0000100005500421885
20 0 0.0000116674153447516
21 0 0.0000133343112110884
22 0 0.0000141677706060328
23 0 0.0000133343112110884
24 0 0.0000133343112110884
25 0 0.0000116674153447516
26 0 0.0000116674153447516
27 0 0.0000133343112110884
28 0 0.000012500859457365
29 0 0.000012500859457365
30 0 0.0000133343112110884
31 0 0.0000150012376423092
32 0 0.0000158347123201397
33 0 0.0000158347123201397
34 0 0.0000166681946396352
35 0 0.0000175016846010179
36 0 0.0000208357208674181
37 0 0.0000233363283135279
38 0 0.0000250034381590325
39 0 0.0000266705785775256
40 0 0.0000275041602521009
41 0 0.0000291713465325749
42 0 0.0000316721832838152
43 0 0.0000375077365993848
44 0 0.0000408425066913409
45 0 0.0000466786487315352
46 0 0.0000541828105240505
47 0 0.0000608536966506534
48 0 0.0000683590287403613
49 0 0.0000817033715945215
50 0 0.0000942154723914124
51 0 0.000107563611807859
52 0 0.000121748157967727
53 0 0.000131762111637901
54 0 0.000142611806542514
55 0 0.000158471382883385
56 0 0.000177673520552979
57 0 0.000201055512655035
58 0 0.000220266649856748
59 0 0.000242824036972289
60 0 0.000260372542811527
61 0 0.000296315773371636
62 0 0.000327255051878472
63 0 0.000346492886541427
64 0 0.000386654533994446
65 0 0.000415950262280695
66 0 0.000464518272397019
67 0 0.000499704423105984
68 0 0.000546640496100648
69 0 0.00059947257628945
70 0 0.000649817421544685
71 0 0.000729587194564396
72 0 0.000801019572312933
73 0 0.00088512964489107
74 0 0.000987849522813833
75 0 0.00110755521946915
76 0 0.00123671074637699
77 0 0.00139227876327208
78 0 0.00158457039943372
79 0 0.00178661856508233
80 0 0.00205899098229745
81 0 0.00236040344842703
82 0 0.00273922734832366
83 0 0.00310497996351600
84 0 0.0036117214966499
85 0 0.00415445835020511
86 0 0.00494918826759916
87 0 0.00583357615067381
88 0 0.00685065169232002
89 0 0.0080886498713123
90 0 0.0095214622816392
91 0 0.0110423901727748
92 0 0.0131651464451455
93 0 0.0150838778072044
94 0 0.0175170620862362
95 0 0.0199590805375308
96 0 0.0228624139056884
97 0 0.0259205746131235
98 0 0.0297211140715801
99 0 0.0336102395356269
100 0 0.0366104493569644

death 1 F single
1 0 0.000232797840409416
2 0 0.0000250034381590325
3 0 0.00000833371530217786
4 0 0.00000583352049443597
5 0 0.00000416676215586609
6 0 0.00000416676215586609
7 0 0.00000416676215586609
8 0 0.00000333339444602565
9 0 0.00000333339444602565
10 0 0.00000333339444602565
11 0 0.00000333339444602565
12 0 0.00000333339444602565
13 0 0.00000333339444602565
14 0 0.00000416676215586609
15 0 0.00000500013750526218
16 0 0.00000750030939278279
17 0 0.00000833371530217786
18 0 0.00000916712885190574
19 0 0.0000100005500421885
20 0 0.0000116674153447516
21 0 0.0000133343112110884
22 0 0.0000141677706060328
23 0 0.0000133343112110884
24 0 0.0000133343112110884
25 0 0.0000116674153447516
26 0 0.0000116674153447516
27 0 0.0000133343112110884
28 0 0.000012500859457365
29 0 0.000012500859457365
30 0 0.0000133343112110884
31 0 0.0000150012376423092
32 0 0.0000158347123201397
33 0 0.0000158347123201397
34 0 0.0000166681946396352
35 0 0.0000175016846010179
36 0 0.0000208357208674181
37 0 0.0000233363283135279
38 0 0.0000250034381590325
39 0 0.0000266705785775256
40 0 0.0000275041602521009
41 0 0.0000291713465325749
42 0 0.0000316721832838152
43 0 0.0000375077365993848
44 0 0.0000408425066913409
45 0 0.0000466786487315352
46 0 0.0000541828105240505
47 0 0.0000608536966506534
48 0 0.0000683590287403613
49 0 0.0000817033715945215
50 0 0.0000942154723914124
51 0 0.000107563611807859
52 0 0.000121748157967727
53 0 0.000131762111637901
54 0 0.000142611806542514
55 0 0.000158471382883385
56 0 0.000177673520552979
57 0 0.000201055512655035
58 0 0.000220266649856748
59 0 0.000242824036972289
60 0 0.000260372542811527
61 0 0.000296315773371636
62 0 0.000327255051878472
63 0 0.000346492886541427
64 0 0.000386654533994446
65 0 0.000415950262280695
66 0 0.000464518272397019
67 0 0.000499704423105984
68 0 0.000546640496100648
69 0 0.00059947257628945
70 0 0.000649817421544685
71 0 0.000729587194564396
72 0 0.000801019572312933
73 0 0.00088512964489107
74 0 0.000987849522813833
75 0 0.00110755521946915
76 0 0.00123671074637699
77 0 0.00139227876327208
78 0 0.00158457039943372
79 0 0.00178661856508233
80 0 0.00205899098229745
81 0 0.00236040344842703
82 0 0.00273922734832366
83 0 0.00310497996351600
84 0 0.0036117214966499
85 0 0.00415445835020511
86 0 0.00494918826759916
87 0 0.00583357615067381
88 0 0.00685065169232002
89 0 0.0080886498713123
90 0 0.0095214622816392
91 0 0.0110423901727748
92 0 0.0131651464451455
93 0 0.0150838778072044
94 0 0.0175170620862362
95 0 0.0199590805375308
96 0 0.0228624139056884
97 0 0.0259205746131235
98 0 0.0297211140715801
99 0 0.0336102395356269
100 0 0.0366104493569644

death 1 F divorced
1 0 0.000232797840409416
2 0 0.0000250034381590325
3 0 0.00000833371530217786
4 0 0.00000583352049443597
5 0 0.00000416676215586609
6 0 0.00000416676215586609
7 0 0.00000416676215586609
8 0 0.00000333339444602565
9 0 0.00000333339444602565
10 0 0.00000333339444602565
11 0 0.00000333339444602565
12 0 0.00000333339444602565
13 0 0.00000333339444602565
14 0 0.00000416676215586609
15 0 0.00000500013750526218
16 0 0.00000750030939278279
17 0 0.00000833371530217786
18 0 0.00000916712885190574
19 0 0.0000100005500421885
20 0 0.0000116674153447516
21 0 0.0000133343112110884
22 0 0.0000141677706060328
23 0 0.0000133343112110884
24 0 0.0000133343112110884
25 0 0.0000116674153447516
26 0 0.0000116674153447516
27 0 0.0000133343112110884
28 0 0.000012500859457365
29 0 0.000012500859457365
30 0 0.0000133343112110884
31 0 0.0000150012376423092
32 0 0.0000158347123201397
33 0 0.0000158347123201397
34 0 0.0000166681946396352
35 0 0.0000175016846010179
36 0 0.0000208357208674181
37 0 0.0000233363283135279
38 0 0.0000250034381590325
39 0 0.0000266705785775256
40 0 0.0000275041602521009
41 0 0.0000291713465325749
42 0 0.0000316721832838152
43 0 0.0000375077365993848
44 0 0.0000408425066913409
45 0 0.0000466786487315352
46 0 0.0000541828105240505
47 0 0.0000608536966506534
48 0 0.0000683590287403613
49 0 0.0000817033715945215
50 0 0.0000942154723914124
51 0 0.000107563611807859
52 0 0.000121748157967727
53 0 0.000131762111637901
54 0 0.000142611806542514
55 0 0.000158471382883385
56 0 0.000177673520552979
57 0 0.000201055512655035
58 0 0.000220266649856748
59 0 0.000242824036972289
60 0 0.000260372542811527
61 0 0.000296315773371636
62 0 0.000327255051878472
63 0 0.000346492886541427
64 0 0.000386654533994446
65 0 0.000415950262280695
66 0 0.000464518272397019
67 0 0.000499704423105984
68 0 0.000546640496100648
69 0 0.00059947257628945
70 0 0.000649817421544685
71 0 0.000729587194564396
72 0 0.000801019572312933
73 0 0.00088512964489107
74 0 0.000987849522813833
75 0 0.00110755521946915
76 0 0.00123671074637699
77 0 0.00139227876327208
78 0 0.00158457039943372
79 0 0.00178661856508233
80 0 0.00205899098229745
81 0 0.00236040344842703
82 0 0.00273922734832366
83 0 0.00310497996351600
84 0 0.0036117214966499
85 0 0.00415445835020511
86 0 0.00494918826759916
87 0 0.00583357615067381
88 0 0.00685065169232002
89 0 0.0080886498713123
90 0 0.0095214622816392
91 0 0.0110423901727748
92 0 0.0131651464451455
93 0 0.0150838778072044
94 0 0.0175170620862362
95 0 0.0199590805375308
96 0 0.0228624139056884
97 0 0.0259205746131235
98 0 0.0297211140715801
99 0 0.0336102395356269
100 0 0.0366104493569644

death 1 F widowed
1 0 0.000232797840409416
2 0 0.0000250034381590325
3 0 0.00000833371530217786
4 0 0.00000583352049443597
5 0 0.00000416676215586609
6 0 0.00000416676215586609
7 0 0.00000416676215586609
8 0 0.00000333339444602565
9 0 0.00000333339444602565
10 0 0.00000333339444602565
11 0 0.00000333339444602565
12 0 0.00000333339444602565
13 0 0.00000333339444602565
14 0 0.00000416676215586609
15 0 0.00000500013750526218
16 0 0.00000750030939278279
17 0 0.00000833371530217786
18 0 0.00000916712885190574
19 0 0.0000100005500421885
20 0 0.0000116674153447516
21 0 0.0000133343112110884
22 0 0.0000141677706060328
23 0 0.0000133343112110884
24 0 0.0000133343112110884
25 0 0.0000116674153447516
26 0 0.0000116674153447516
27 0 0.0000133343112110884
28 0 0.000012500859457365
29 0 0.000012500859457365
30 0 0.0000133343112110884
31 0 0.0000150012376423092
32 0 0.0000158347123201397
33 0 0.0000158347123201397
34 0 0.0000166681946396352
35 0 0.0000175016846010179
36 0 0.0000208357208674181
37 0 0.0000233363283135279
38 0 0.0000250034381590325
39 0 0.0000266705785775256
40 0 0.0000275041602521009
41 0 0.0000291713465325749
42 0 0.0000316721832838152
43 0 0.0000375077365993848
44 0 0.0000408425066913409
45 0 0.0000466786487315352
46 0 0.0000541828105240505
47 0 0.0000608536966506534
48 0 0.0000683590287403613
49 0 0.0000817033715945215
50 0 0.0000942154723914124
51 0 0.000107563611807859
52 0 0.000121748157967727
53 0 0.000131762111637901
54 0 0.000142611806542514
55 0 0.000158471382883385
56 0 0.000177673520552979
57 0 0.000201055512655035
58 0 0.000220266649856748
59 0 0.000242824036972289
60 0 0.000260372542811527
61 0 0.000296315773371636
62 0 0.000327255051878472
63 0 0.000346492886541427
64 0 0.000386654533994446
65 0 0.000415950262280695
66 0 0.000464518272397019
67 0 0.000499704423105984
68 0 0.000546640496100648
69 0 0.00059947257628945
70 0 0.000649817421544685
71 0 0.000729587194564396
72 0 0.000801019572312933
73 0 0.00088512964489107
74 0 0.000987849522813833
75 0 0.00110755521946915
76 0 0.00123671074637699
77 0 0.00139227876327208
78 0 0.00158457039943372
79 0 0.00178661856508233
80 0 0.00205899098229745
81 0 0.00236040344842703
82 0 0.00273922734832366
83 0 0.00310497996351600
84 0 0.0036117214966499
85 0 0.00415445835020511
86 0 0.00494918826759916
87 0 0.00583357615067381
88 0 0.00685065169232002
89 0 0.0080886498713123
90 0 0.0095214622816392
91 0 0.0110423901727748
92 0 0.0131651464451455
93 0 0.0150838778072044
94 0 0.0175170620862362
95 0 0.0199590805375308
96 0 0.0228624139056884
97 0 0.0259205746131235
98 0 0.0297211140715801
99 0 0.0336102395356269
100 0 0.0366104493569644
