*Period monthly mortality rates for SWE in 2085 
* Mon Dec 20 14:21:52 2010
death 1 M married
1 0 0.000138438693701781
2 0 0.0000141677706060328
3 0 0.00000416676215586609
4 0 0.00000333339444602565
5 0 0.00000250003437562984
6 0 0.00000250003437562984
7 0 0.00000250003437562984
8 0 0.00000250003437562984
9 0 0.00000166668194467867
10 0 0.00000250003437562984
11 0 0.00000250003437562984
12 0 0.00000250003437562984
13 0 0.00000250003437562984
14 0 0.00000333339444602565
15 0 0.00000416676215586609
16 0 0.00000583352049443597
17 0 0.00000750030939278279
18 0 0.00000916712885190574
19 0 0.000012500859457365
20 0 0.0000166681946396352
21 0 0.0000191686874497776
22 0 0.0000208357208674181
23 0 0.0000216692490401238
24 0 0.0000208357208674181
25 0 0.0000200022003373768
26 0 0.0000200022003373768
27 0 0.0000200022003373768
28 0 0.0000191686874497776
29 0 0.0000183351822042876
30 0 0.0000183351822042876
31 0 0.0000191686874497776
32 0 0.0000175016846010179
33 0 0.0000183351822042876
34 0 0.0000191686874497776
35 0 0.0000200022003373768
36 0 0.0000216692490401238
37 0 0.0000233363283135279
38 0 0.0000241698794146705
39 0 0.0000266705785775256
40 0 0.0000283377495704507
41 0 0.0000300049511388067
42 0 0.0000333394460065861
43 0 0.0000375077365993848
44 0 0.0000416762183291786
45 0 0.0000441773991204375
46 0 0.0000491799671665794
47 0 0.0000541828105240505
48 0 0.0000591859292243813
49 0 0.0000666911236122392
50 0 0.0000725289254539518
51 0 0.000079201158088904
52 0 0.0000900445807636707
53 0 0.0000992207949763735
54 0 0.000113404039220888
55 0 0.000121748157967727
56 0 0.000133431211178481
57 0 0.000147619794864662
58 0 0.000165984779734729
59 0 0.000175168663833603
60 0 0.000196879715743670
61 0 0.000211078208056104
62 0 0.000234468796364018
63 0 0.000260372542811527
64 0 0.000286283674331145
65 0 0.000318892045984898
66 0 0.000344819869678825
67 0 0.000379122872988913
68 0 0.000424322205359373
69 0 0.000464518272397019
70 0 0.000515626444732575
71 0 0.000574310611397011
72 0 0.000632193552116744
73 0 0.000707748504564121
74 0 0.000790090981221403
75 0 0.000884288158511493
76 0 0.00100891302831552
77 0 0.00111599114845129
78 0 0.00131107958453414
79 0 0.00150489360468453
80 0 0.00174413413144814
81 0 0.00203938691886196
82 0 0.00241515789100399
83 0 0.00288879239340334
84 0 0.0034254716327633
85 0 0.00417627053975145
86 0 0.00503635792659773
87 0 0.00610147991528809
88 0 0.00729936280358168
89 0 0.00886744173142673
90 0 0.0105840617000280
91 0 0.0126719128729990
92 0 0.0154055582318068
93 0 0.0186538242172606
94 0 0.0217028381665811
95 0 0.0256196125013023
96 0 0.0288463365859102
97 0 0.0342608062878446
98 0 0.0388249690971578
99 0 0.0429505479754821
100 0 0.0486207264527667

death 1 M single
1 0 0.000138438693701781
2 0 0.0000141677706060328
3 0 0.00000416676215586609
4 0 0.00000333339444602565
5 0 0.00000250003437562984
6 0 0.00000250003437562984
7 0 0.00000250003437562984
8 0 0.00000250003437562984
9 0 0.00000166668194467867
10 0 0.00000250003437562984
11 0 0.00000250003437562984
12 0 0.00000250003437562984
13 0 0.00000250003437562984
14 0 0.00000333339444602565
15 0 0.00000416676215586609
16 0 0.00000583352049443597
17 0 0.00000750030939278279
18 0 0.00000916712885190574
19 0 0.000012500859457365
20 0 0.0000166681946396352
21 0 0.0000191686874497776
22 0 0.0000208357208674181
23 0 0.0000216692490401238
24 0 0.0000208357208674181
25 0 0.0000200022003373768
26 0 0.0000200022003373768
27 0 0.0000200022003373768
28 0 0.0000191686874497776
29 0 0.0000183351822042876
30 0 0.0000183351822042876
31 0 0.0000191686874497776
32 0 0.0000175016846010179
33 0 0.0000183351822042876
34 0 0.0000191686874497776
35 0 0.0000200022003373768
36 0 0.0000216692490401238
37 0 0.0000233363283135279
38 0 0.0000241698794146705
39 0 0.0000266705785775256
40 0 0.0000283377495704507
41 0 0.0000300049511388067
42 0 0.0000333394460065861
43 0 0.0000375077365993848
44 0 0.0000416762183291786
45 0 0.0000441773991204375
46 0 0.0000491799671665794
47 0 0.0000541828105240505
48 0 0.0000591859292243813
49 0 0.0000666911236122392
50 0 0.0000725289254539518
51 0 0.000079201158088904
52 0 0.0000900445807636707
53 0 0.0000992207949763735
54 0 0.000113404039220888
55 0 0.000121748157967727
56 0 0.000133431211178481
57 0 0.000147619794864662
58 0 0.000165984779734729
59 0 0.000175168663833603
60 0 0.000196879715743670
61 0 0.000211078208056104
62 0 0.000234468796364018
63 0 0.000260372542811527
64 0 0.000286283674331145
65 0 0.000318892045984898
66 0 0.000344819869678825
67 0 0.000379122872988913
68 0 0.000424322205359373
69 0 0.000464518272397019
70 0 0.000515626444732575
71 0 0.000574310611397011
72 0 0.000632193552116744
73 0 0.000707748504564121
74 0 0.000790090981221403
75 0 0.000884288158511493
76 0 0.00100891302831552
77 0 0.00111599114845129
78 0 0.00131107958453414
79 0 0.00150489360468453
80 0 0.00174413413144814
81 0 0.00203938691886196
82 0 0.00241515789100399
83 0 0.00288879239340334
84 0 0.0034254716327633
85 0 0.00417627053975145
86 0 0.00503635792659773
87 0 0.00610147991528809
88 0 0.00729936280358168
89 0 0.00886744173142673
90 0 0.0105840617000280
91 0 0.0126719128729990
92 0 0.0154055582318068
93 0 0.0186538242172606
94 0 0.0217028381665811
95 0 0.0256196125013023
96 0 0.0288463365859102
97 0 0.0342608062878446
98 0 0.0388249690971578
99 0 0.0429505479754821
100 0 0.0486207264527667

death 1 M divorced
1 0 0.000138438693701781
2 0 0.0000141677706060328
3 0 0.00000416676215586609
4 0 0.00000333339444602565
5 0 0.00000250003437562984
6 0 0.00000250003437562984
7 0 0.00000250003437562984
8 0 0.00000250003437562984
9 0 0.00000166668194467867
10 0 0.00000250003437562984
11 0 0.00000250003437562984
12 0 0.00000250003437562984
13 0 0.00000250003437562984
14 0 0.00000333339444602565
15 0 0.00000416676215586609
16 0 0.00000583352049443597
17 0 0.00000750030939278279
18 0 0.00000916712885190574
19 0 0.000012500859457365
20 0 0.0000166681946396352
21 0 0.0000191686874497776
22 0 0.0000208357208674181
23 0 0.0000216692490401238
24 0 0.0000208357208674181
25 0 0.0000200022003373768
26 0 0.0000200022003373768
27 0 0.0000200022003373768
28 0 0.0000191686874497776
29 0 0.0000183351822042876
30 0 0.0000183351822042876
31 0 0.0000191686874497776
32 0 0.0000175016846010179
33 0 0.0000183351822042876
34 0 0.0000191686874497776
35 0 0.0000200022003373768
36 0 0.0000216692490401238
37 0 0.0000233363283135279
38 0 0.0000241698794146705
39 0 0.0000266705785775256
40 0 0.0000283377495704507
41 0 0.0000300049511388067
42 0 0.0000333394460065861
43 0 0.0000375077365993848
44 0 0.0000416762183291786
45 0 0.0000441773991204375
46 0 0.0000491799671665794
47 0 0.0000541828105240505
48 0 0.0000591859292243813
49 0 0.0000666911236122392
50 0 0.0000725289254539518
51 0 0.000079201158088904
52 0 0.0000900445807636707
53 0 0.0000992207949763735
54 0 0.000113404039220888
55 0 0.000121748157967727
56 0 0.000133431211178481
57 0 0.000147619794864662
58 0 0.000165984779734729
59 0 0.000175168663833603
60 0 0.000196879715743670
61 0 0.000211078208056104
62 0 0.000234468796364018
63 0 0.000260372542811527
64 0 0.000286283674331145
65 0 0.000318892045984898
66 0 0.000344819869678825
67 0 0.000379122872988913
68 0 0.000424322205359373
69 0 0.000464518272397019
70 0 0.000515626444732575
71 0 0.000574310611397011
72 0 0.000632193552116744
73 0 0.000707748504564121
74 0 0.000790090981221403
75 0 0.000884288158511493
76 0 0.00100891302831552
77 0 0.00111599114845129
78 0 0.00131107958453414
79 0 0.00150489360468453
80 0 0.00174413413144814
81 0 0.00203938691886196
82 0 0.00241515789100399
83 0 0.00288879239340334
84 0 0.0034254716327633
85 0 0.00417627053975145
86 0 0.00503635792659773
87 0 0.00610147991528809
88 0 0.00729936280358168
89 0 0.00886744173142673
90 0 0.0105840617000280
91 0 0.0126719128729990
92 0 0.0154055582318068
93 0 0.0186538242172606
94 0 0.0217028381665811
95 0 0.0256196125013023
96 0 0.0288463365859102
97 0 0.0342608062878446
98 0 0.0388249690971578
99 0 0.0429505479754821
100 0 0.0486207264527667

death 1 M widowed
1 0 0.000138438693701781
2 0 0.0000141677706060328
3 0 0.00000416676215586609
4 0 0.00000333339444602565
5 0 0.00000250003437562984
6 0 0.00000250003437562984
7 0 0.00000250003437562984
8 0 0.00000250003437562984
9 0 0.00000166668194467867
10 0 0.00000250003437562984
11 0 0.00000250003437562984
12 0 0.00000250003437562984
13 0 0.00000250003437562984
14 0 0.00000333339444602565
15 0 0.00000416676215586609
16 0 0.00000583352049443597
17 0 0.00000750030939278279
18 0 0.00000916712885190574
19 0 0.000012500859457365
20 0 0.0000166681946396352
21 0 0.0000191686874497776
22 0 0.0000208357208674181
23 0 0.0000216692490401238
24 0 0.0000208357208674181
25 0 0.0000200022003373768
26 0 0.0000200022003373768
27 0 0.0000200022003373768
28 0 0.0000191686874497776
29 0 0.0000183351822042876
30 0 0.0000183351822042876
31 0 0.0000191686874497776
32 0 0.0000175016846010179
33 0 0.0000183351822042876
34 0 0.0000191686874497776
35 0 0.0000200022003373768
36 0 0.0000216692490401238
37 0 0.0000233363283135279
38 0 0.0000241698794146705
39 0 0.0000266705785775256
40 0 0.0000283377495704507
41 0 0.0000300049511388067
42 0 0.0000333394460065861
43 0 0.0000375077365993848
44 0 0.0000416762183291786
45 0 0.0000441773991204375
46 0 0.0000491799671665794
47 0 0.0000541828105240505
48 0 0.0000591859292243813
49 0 0.0000666911236122392
50 0 0.0000725289254539518
51 0 0.000079201158088904
52 0 0.0000900445807636707
53 0 0.0000992207949763735
54 0 0.000113404039220888
55 0 0.000121748157967727
56 0 0.000133431211178481
57 0 0.000147619794864662
58 0 0.000165984779734729
59 0 0.000175168663833603
60 0 0.000196879715743670
61 0 0.000211078208056104
62 0 0.000234468796364018
63 0 0.000260372542811527
64 0 0.000286283674331145
65 0 0.000318892045984898
66 0 0.000344819869678825
67 0 0.000379122872988913
68 0 0.000424322205359373
69 0 0.000464518272397019
70 0 0.000515626444732575
71 0 0.000574310611397011
72 0 0.000632193552116744
73 0 0.000707748504564121
74 0 0.000790090981221403
75 0 0.000884288158511493
76 0 0.00100891302831552
77 0 0.00111599114845129
78 0 0.00131107958453414
79 0 0.00150489360468453
80 0 0.00174413413144814
81 0 0.00203938691886196
82 0 0.00241515789100399
83 0 0.00288879239340334
84 0 0.0034254716327633
85 0 0.00417627053975145
86 0 0.00503635792659773
87 0 0.00610147991528809
88 0 0.00729936280358168
89 0 0.00886744173142673
90 0 0.0105840617000280
91 0 0.0126719128729990
92 0 0.0154055582318068
93 0 0.0186538242172606
94 0 0.0217028381665811
95 0 0.0256196125013023
96 0 0.0288463365859102
97 0 0.0342608062878446
98 0 0.0388249690971578
99 0 0.0429505479754821
100 0 0.0486207264527667

death 1 F married
1 0 0.000137604094123889
2 0 0.0000150012376423092
3 0 0.00000500013750526218
4 0 0.00000333339444602565
5 0 0.00000250003437562984
6 0 0.00000250003437562984
7 0 0.00000250003437562984
8 0 0.00000166668194467867
9 0 0.00000166668194467867
10 0 0.00000250003437562984
11 0 0.00000166668194467867
12 0 0.00000250003437562984
13 0 0.00000166668194467867
14 0 0.00000250003437562984
15 0 0.00000333339444602565
16 0 0.00000416676215586609
17 0 0.00000500013750526218
18 0 0.00000583352049443597
19 0 0.00000583352049443597
20 0 0.00000666691112360951
21 0 0.00000833371530217786
22 0 0.00000833371530217786
23 0 0.00000750030939278279
24 0 0.00000833371530217786
25 0 0.00000666691112360951
26 0 0.00000666691112360951
27 0 0.00000750030939278279
28 0 0.00000750030939278279
29 0 0.00000750030939278279
30 0 0.00000750030939278279
31 0 0.00000833371530217786
32 0 0.00000916712885190574
33 0 0.00000916712885190574
34 0 0.0000100005500421885
35 0 0.0000100005500421885
36 0 0.000012500859457365
37 0 0.0000141677706060328
38 0 0.0000150012376423092
39 0 0.0000158347123201397
40 0 0.0000166681946396352
41 0 0.0000166681946396352
42 0 0.0000183351822042876
43 0 0.0000225027848553827
44 0 0.0000241698794146705
45 0 0.0000275041602521009
46 0 0.0000325058108229248
47 0 0.0000375077365993848
48 0 0.0000433436645435048
49 0 0.0000525151654794387
50 0 0.0000625214946752273
51 0 0.0000733629277510639
52 0 0.0000850397634148958
53 0 0.0000925470927749528
54 0 0.000100055042203562
55 0 0.000111735307382288
56 0 0.000125920504593591
57 0 0.000142611806542514
58 0 0.000155967055273654
59 0 0.000172663876141788
60 0 0.000185188504916445
61 0 0.000210242941224514
62 0 0.000231962373952066
63 0 0.000246166348294219
64 0 0.000273745107596257
65 0 0.000295479722820513
66 0 0.000329764103723651
67 0 0.000354858432879190
68 0 0.000387491423751052
69 0 0.000425159442090872
70 0 0.00046116792092632
71 0 0.000517302609322257
72 0 0.000568440488797339
73 0 0.000627158788727766
74 0 0.00070019018103662
75 0 0.000785047459526789
76 0 0.000875873723466647
77 0 0.000986164653397181
78 0 0.00112189676506769
79 0 0.00126543694045067
80 0 0.00145745980037426
81 0 0.00166940979981556
82 0 0.00193632220276463
83 0 0.00219377700718482
84 0 0.00254961757123728
85 0 0.00294644940063915
86 0 0.00360131605910996
87 0 0.0043544547007508
88 0 0.00524714467701859
89 0 0.00633889505147822
90 0 0.00761424943683586
91 0 0.00901277896921804
92 0 0.0109351123282353
93 0 0.0127544102934991
94 0 0.0150366112853461
95 0 0.0173481932767811
96 0 0.0202414318391816
97 0 0.0233171186896182
98 0 0.0271708581104341
99 0 0.0311494469084652
100 0 0.0342106852321484

death 1 F single
1 0 0.000137604094123889
2 0 0.0000150012376423092
3 0 0.00000500013750526218
4 0 0.00000333339444602565
5 0 0.00000250003437562984
6 0 0.00000250003437562984
7 0 0.00000250003437562984
8 0 0.00000166668194467867
9 0 0.00000166668194467867
10 0 0.00000250003437562984
11 0 0.00000166668194467867
12 0 0.00000250003437562984
13 0 0.00000166668194467867
14 0 0.00000250003437562984
15 0 0.00000333339444602565
16 0 0.00000416676215586609
17 0 0.00000500013750526218
18 0 0.00000583352049443597
19 0 0.00000583352049443597
20 0 0.00000666691112360951
21 0 0.00000833371530217786
22 0 0.00000833371530217786
23 0 0.00000750030939278279
24 0 0.00000833371530217786
25 0 0.00000666691112360951
26 0 0.00000666691112360951
27 0 0.00000750030939278279
28 0 0.00000750030939278279
29 0 0.00000750030939278279
30 0 0.00000750030939278279
31 0 0.00000833371530217786
32 0 0.00000916712885190574
33 0 0.00000916712885190574
34 0 0.0000100005500421885
35 0 0.0000100005500421885
36 0 0.000012500859457365
37 0 0.0000141677706060328
38 0 0.0000150012376423092
39 0 0.0000158347123201397
40 0 0.0000166681946396352
41 0 0.0000166681946396352
42 0 0.0000183351822042876
43 0 0.0000225027848553827
44 0 0.0000241698794146705
45 0 0.0000275041602521009
46 0 0.0000325058108229248
47 0 0.0000375077365993848
48 0 0.0000433436645435048
49 0 0.0000525151654794387
50 0 0.0000625214946752273
51 0 0.0000733629277510639
52 0 0.0000850397634148958
53 0 0.0000925470927749528
54 0 0.000100055042203562
55 0 0.000111735307382288
56 0 0.000125920504593591
57 0 0.000142611806542514
58 0 0.000155967055273654
59 0 0.000172663876141788
60 0 0.000185188504916445
61 0 0.000210242941224514
62 0 0.000231962373952066
63 0 0.000246166348294219
64 0 0.000273745107596257
65 0 0.000295479722820513
66 0 0.000329764103723651
67 0 0.000354858432879190
68 0 0.000387491423751052
69 0 0.000425159442090872
70 0 0.00046116792092632
71 0 0.000517302609322257
72 0 0.000568440488797339
73 0 0.000627158788727766
74 0 0.00070019018103662
75 0 0.000785047459526789
76 0 0.000875873723466647
77 0 0.000986164653397181
78 0 0.00112189676506769
79 0 0.00126543694045067
80 0 0.00145745980037426
81 0 0.00166940979981556
82 0 0.00193632220276463
83 0 0.00219377700718482
84 0 0.00254961757123728
85 0 0.00294644940063915
86 0 0.00360131605910996
87 0 0.0043544547007508
88 0 0.00524714467701859
89 0 0.00633889505147822
90 0 0.00761424943683586
91 0 0.00901277896921804
92 0 0.0109351123282353
93 0 0.0127544102934991
94 0 0.0150366112853461
95 0 0.0173481932767811
96 0 0.0202414318391816
97 0 0.0233171186896182
98 0 0.0271708581104341
99 0 0.0311494469084652
100 0 0.0342106852321484

death 1 F divorced
1 0 0.000137604094123889
2 0 0.0000150012376423092
3 0 0.00000500013750526218
4 0 0.00000333339444602565
5 0 0.00000250003437562984
6 0 0.00000250003437562984
7 0 0.00000250003437562984
8 0 0.00000166668194467867
9 0 0.00000166668194467867
10 0 0.00000250003437562984
11 0 0.00000166668194467867
12 0 0.00000250003437562984
13 0 0.00000166668194467867
14 0 0.00000250003437562984
15 0 0.00000333339444602565
16 0 0.00000416676215586609
17 0 0.00000500013750526218
18 0 0.00000583352049443597
19 0 0.00000583352049443597
20 0 0.00000666691112360951
21 0 0.00000833371530217786
22 0 0.00000833371530217786
23 0 0.00000750030939278279
24 0 0.00000833371530217786
25 0 0.00000666691112360951
26 0 0.00000666691112360951
27 0 0.00000750030939278279
28 0 0.00000750030939278279
29 0 0.00000750030939278279
30 0 0.00000750030939278279
31 0 0.00000833371530217786
32 0 0.00000916712885190574
33 0 0.00000916712885190574
34 0 0.0000100005500421885
35 0 0.0000100005500421885
36 0 0.000012500859457365
37 0 0.0000141677706060328
38 0 0.0000150012376423092
39 0 0.0000158347123201397
40 0 0.0000166681946396352
41 0 0.0000166681946396352
42 0 0.0000183351822042876
43 0 0.0000225027848553827
44 0 0.0000241698794146705
45 0 0.0000275041602521009
46 0 0.0000325058108229248
47 0 0.0000375077365993848
48 0 0.0000433436645435048
49 0 0.0000525151654794387
50 0 0.0000625214946752273
51 0 0.0000733629277510639
52 0 0.0000850397634148958
53 0 0.0000925470927749528
54 0 0.000100055042203562
55 0 0.000111735307382288
56 0 0.000125920504593591
57 0 0.000142611806542514
58 0 0.000155967055273654
59 0 0.000172663876141788
60 0 0.000185188504916445
61 0 0.000210242941224514
62 0 0.000231962373952066
63 0 0.000246166348294219
64 0 0.000273745107596257
65 0 0.000295479722820513
66 0 0.000329764103723651
67 0 0.000354858432879190
68 0 0.000387491423751052
69 0 0.000425159442090872
70 0 0.00046116792092632
71 0 0.000517302609322257
72 0 0.000568440488797339
73 0 0.000627158788727766
74 0 0.00070019018103662
75 0 0.000785047459526789
76 0 0.000875873723466647
77 0 0.000986164653397181
78 0 0.00112189676506769
79 0 0.00126543694045067
80 0 0.00145745980037426
81 0 0.00166940979981556
82 0 0.00193632220276463
83 0 0.00219377700718482
84 0 0.00254961757123728
85 0 0.00294644940063915
86 0 0.00360131605910996
87 0 0.0043544547007508
88 0 0.00524714467701859
89 0 0.00633889505147822
90 0 0.00761424943683586
91 0 0.00901277896921804
92 0 0.0109351123282353
93 0 0.0127544102934991
94 0 0.0150366112853461
95 0 0.0173481932767811
96 0 0.0202414318391816
97 0 0.0233171186896182
98 0 0.0271708581104341
99 0 0.0311494469084652
100 0 0.0342106852321484

death 1 F widowed
1 0 0.000137604094123889
2 0 0.0000150012376423092
3 0 0.00000500013750526218
4 0 0.00000333339444602565
5 0 0.00000250003437562984
6 0 0.00000250003437562984
7 0 0.00000250003437562984
8 0 0.00000166668194467867
9 0 0.00000166668194467867
10 0 0.00000250003437562984
11 0 0.00000166668194467867
12 0 0.00000250003437562984
13 0 0.00000166668194467867
14 0 0.00000250003437562984
15 0 0.00000333339444602565
16 0 0.00000416676215586609
17 0 0.00000500013750526218
18 0 0.00000583352049443597
19 0 0.00000583352049443597
20 0 0.00000666691112360951
21 0 0.00000833371530217786
22 0 0.00000833371530217786
23 0 0.00000750030939278279
24 0 0.00000833371530217786
25 0 0.00000666691112360951
26 0 0.00000666691112360951
27 0 0.00000750030939278279
28 0 0.00000750030939278279
29 0 0.00000750030939278279
30 0 0.00000750030939278279
31 0 0.00000833371530217786
32 0 0.00000916712885190574
33 0 0.00000916712885190574
34 0 0.0000100005500421885
35 0 0.0000100005500421885
36 0 0.000012500859457365
37 0 0.0000141677706060328
38 0 0.0000150012376423092
39 0 0.0000158347123201397
40 0 0.0000166681946396352
41 0 0.0000166681946396352
42 0 0.0000183351822042876
43 0 0.0000225027848553827
44 0 0.0000241698794146705
45 0 0.0000275041602521009
46 0 0.0000325058108229248
47 0 0.0000375077365993848
48 0 0.0000433436645435048
49 0 0.0000525151654794387
50 0 0.0000625214946752273
51 0 0.0000733629277510639
52 0 0.0000850397634148958
53 0 0.0000925470927749528
54 0 0.000100055042203562
55 0 0.000111735307382288
56 0 0.000125920504593591
57 0 0.000142611806542514
58 0 0.000155967055273654
59 0 0.000172663876141788
60 0 0.000185188504916445
61 0 0.000210242941224514
62 0 0.000231962373952066
63 0 0.000246166348294219
64 0 0.000273745107596257
65 0 0.000295479722820513
66 0 0.000329764103723651
67 0 0.000354858432879190
68 0 0.000387491423751052
69 0 0.000425159442090872
70 0 0.00046116792092632
71 0 0.000517302609322257
72 0 0.000568440488797339
73 0 0.000627158788727766
74 0 0.00070019018103662
75 0 0.000785047459526789
76 0 0.000875873723466647
77 0 0.000986164653397181
78 0 0.00112189676506769
79 0 0.00126543694045067
80 0 0.00145745980037426
81 0 0.00166940979981556
82 0 0.00193632220276463
83 0 0.00219377700718482
84 0 0.00254961757123728
85 0 0.00294644940063915
86 0 0.00360131605910996
87 0 0.0043544547007508
88 0 0.00524714467701859
89 0 0.00633889505147822
90 0 0.00761424943683586
91 0 0.00901277896921804
92 0 0.0109351123282353
93 0 0.0127544102934991
94 0 0.0150366112853461
95 0 0.0173481932767811
96 0 0.0202414318391816
97 0 0.0233171186896182
98 0 0.0271708581104341
99 0 0.0311494469084652
100 0 0.0342106852321484
