*Period monthly mortality rates for SWE in 2032 
* Mon Dec 20 14:21:52 2010
death 1 M married
1 0 0.000241988478346333
2 0 0.0000250034381590325
3 0 0.00000750030939278279
4 0 0.00000583352049443597
5 0 0.00000500013750526218
6 0 0.00000416676215586609
7 0 0.00000416676215586609
8 0 0.00000416676215586609
9 0 0.00000333339444602565
10 0 0.00000416676215586609
11 0 0.00000416676215586609
12 0 0.00000416676215586609
13 0 0.00000416676215586609
14 0 0.00000583352049443597
15 0 0.00000666691112360951
16 0 0.0000100005500421885
17 0 0.0000133343112110884
18 0 0.0000166681946396352
19 0 0.0000208357208674181
20 0 0.0000291713465325749
21 0 0.0000341730888351321
22 0 0.0000358403974268784
23 0 0.0000375077365993848
24 0 0.0000358403974268784
25 0 0.0000358403974268784
26 0 0.0000350067393084519
27 0 0.0000350067393084519
28 0 0.0000325058108229248
29 0 0.0000325058108229248
30 0 0.0000325058108229248
31 0 0.0000333394460065861
32 0 0.0000308385633891461
33 0 0.0000325058108229248
34 0 0.0000341730888351321
35 0 0.0000350067393084519
36 0 0.0000375077365993848
37 0 0.0000408425066913409
38 0 0.0000416762183291786
39 0 0.0000466786487315352
40 0 0.0000500137552731372
41 0 0.0000533489841776369
42 0 0.0000583520569852336
43 0 0.0000650232490866376
44 0 0.0000725289254539518
45 0 0.0000775330540162544
46 0 0.000086708005247571
47 0 0.000095049673682679
48 0 0.000103392107678624
49 0 0.000116741594805347
50 0 0.000126754996901401
51 0 0.000139273300942766
52 0 0.000157636599346866
53 0 0.000172663876141788
54 0 0.000197714859778153
55 0 0.000212748764747639
56 0 0.000232797840409416
57 0 0.000258701110551818
58 0 0.000289627584302288
59 0 0.000306348979935533
60 0 0.000344819869678825
61 0 0.000369918357165155
62 0 0.000410090361018356
63 0 0.000455305103081116
64 0 0.000500542354690436
65 0 0.000565924838063614
66 0 0.000621285250725911
67 0 0.000681716926024034
68 0 0.000763195434133168
69 0 0.000836336316867303
70 0 0.000928055791168059
71 0 0.00103503856169740
72 0 0.00113877207202173
73 0 0.00127557776751108
74 0 0.00142359368018141
75 0 0.00159474694126538
76 0 0.00180871833344454
77 0 0.00199252480625978
78 0 0.00230910116326277
79 0 0.00262507079413832
80 0 0.00297141679588908
81 0 0.00340730029570191
82 0 0.00395142106509194
83 0 0.00460923778375122
84 0 0.00529572170558346
85 0 0.00625046087030123
86 0 0.00728942738370364
87 0 0.00853533504157322
88 0 0.00987024244289048
89 0 0.0116043926445148
90 0 0.0134142339870721
91 0 0.0155618815869965
92 0 0.0183488606096931
93 0 0.0215597431922169
94 0 0.0243766741425602
95 0 0.0281043424365255
96 0 0.0310645059576494
97 0 0.0364222482862888
98 0 0.0409002907132227
99 0 0.0449410472086454
100 0 0.0505261082866728

death 1 M single
1 0 0.000241988478346333
2 0 0.0000250034381590325
3 0 0.00000750030939278279
4 0 0.00000583352049443597
5 0 0.00000500013750526218
6 0 0.00000416676215586609
7 0 0.00000416676215586609
8 0 0.00000416676215586609
9 0 0.00000333339444602565
10 0 0.00000416676215586609
11 0 0.00000416676215586609
12 0 0.00000416676215586609
13 0 0.00000416676215586609
14 0 0.00000583352049443597
15 0 0.00000666691112360951
16 0 0.0000100005500421885
17 0 0.0000133343112110884
18 0 0.0000166681946396352
19 0 0.0000208357208674181
20 0 0.0000291713465325749
21 0 0.0000341730888351321
22 0 0.0000358403974268784
23 0 0.0000375077365993848
24 0 0.0000358403974268784
25 0 0.0000358403974268784
26 0 0.0000350067393084519
27 0 0.0000350067393084519
28 0 0.0000325058108229248
29 0 0.0000325058108229248
30 0 0.0000325058108229248
31 0 0.0000333394460065861
32 0 0.0000308385633891461
33 0 0.0000325058108229248
34 0 0.0000341730888351321
35 0 0.0000350067393084519
36 0 0.0000375077365993848
37 0 0.0000408425066913409
38 0 0.0000416762183291786
39 0 0.0000466786487315352
40 0 0.0000500137552731372
41 0 0.0000533489841776369
42 0 0.0000583520569852336
43 0 0.0000650232490866376
44 0 0.0000725289254539518
45 0 0.0000775330540162544
46 0 0.000086708005247571
47 0 0.000095049673682679
48 0 0.000103392107678624
49 0 0.000116741594805347
50 0 0.000126754996901401
51 0 0.000139273300942766
52 0 0.000157636599346866
53 0 0.000172663876141788
54 0 0.000197714859778153
55 0 0.000212748764747639
56 0 0.000232797840409416
57 0 0.000258701110551818
58 0 0.000289627584302288
59 0 0.000306348979935533
60 0 0.000344819869678825
61 0 0.000369918357165155
62 0 0.000410090361018356
63 0 0.000455305103081116
64 0 0.000500542354690436
65 0 0.000565924838063614
66 0 0.000621285250725911
67 0 0.000681716926024034
68 0 0.000763195434133168
69 0 0.000836336316867303
70 0 0.000928055791168059
71 0 0.00103503856169740
72 0 0.00113877207202173
73 0 0.00127557776751108
74 0 0.00142359368018141
75 0 0.00159474694126538
76 0 0.00180871833344454
77 0 0.00199252480625978
78 0 0.00230910116326277
79 0 0.00262507079413832
80 0 0.00297141679588908
81 0 0.00340730029570191
82 0 0.00395142106509194
83 0 0.00460923778375122
84 0 0.00529572170558346
85 0 0.00625046087030123
86 0 0.00728942738370364
87 0 0.00853533504157322
88 0 0.00987024244289048
89 0 0.0116043926445148
90 0 0.0134142339870721
91 0 0.0155618815869965
92 0 0.0183488606096931
93 0 0.0215597431922169
94 0 0.0243766741425602
95 0 0.0281043424365255
96 0 0.0310645059576494
97 0 0.0364222482862888
98 0 0.0409002907132227
99 0 0.0449410472086454
100 0 0.0505261082866728

death 1 M divorced
1 0 0.000241988478346333
2 0 0.0000250034381590325
3 0 0.00000750030939278279
4 0 0.00000583352049443597
5 0 0.00000500013750526218
6 0 0.00000416676215586609
7 0 0.00000416676215586609
8 0 0.00000416676215586609
9 0 0.00000333339444602565
10 0 0.00000416676215586609
11 0 0.00000416676215586609
12 0 0.00000416676215586609
13 0 0.00000416676215586609
14 0 0.00000583352049443597
15 0 0.00000666691112360951
16 0 0.0000100005500421885
17 0 0.0000133343112110884
18 0 0.0000166681946396352
19 0 0.0000208357208674181
20 0 0.0000291713465325749
21 0 0.0000341730888351321
22 0 0.0000358403974268784
23 0 0.0000375077365993848
24 0 0.0000358403974268784
25 0 0.0000358403974268784
26 0 0.0000350067393084519
27 0 0.0000350067393084519
28 0 0.0000325058108229248
29 0 0.0000325058108229248
30 0 0.0000325058108229248
31 0 0.0000333394460065861
32 0 0.0000308385633891461
33 0 0.0000325058108229248
34 0 0.0000341730888351321
35 0 0.0000350067393084519
36 0 0.0000375077365993848
37 0 0.0000408425066913409
38 0 0.0000416762183291786
39 0 0.0000466786487315352
40 0 0.0000500137552731372
41 0 0.0000533489841776369
42 0 0.0000583520569852336
43 0 0.0000650232490866376
44 0 0.0000725289254539518
45 0 0.0000775330540162544
46 0 0.000086708005247571
47 0 0.000095049673682679
48 0 0.000103392107678624
49 0 0.000116741594805347
50 0 0.000126754996901401
51 0 0.000139273300942766
52 0 0.000157636599346866
53 0 0.000172663876141788
54 0 0.000197714859778153
55 0 0.000212748764747639
56 0 0.000232797840409416
57 0 0.000258701110551818
58 0 0.000289627584302288
59 0 0.000306348979935533
60 0 0.000344819869678825
61 0 0.000369918357165155
62 0 0.000410090361018356
63 0 0.000455305103081116
64 0 0.000500542354690436
65 0 0.000565924838063614
66 0 0.000621285250725911
67 0 0.000681716926024034
68 0 0.000763195434133168
69 0 0.000836336316867303
70 0 0.000928055791168059
71 0 0.00103503856169740
72 0 0.00113877207202173
73 0 0.00127557776751108
74 0 0.00142359368018141
75 0 0.00159474694126538
76 0 0.00180871833344454
77 0 0.00199252480625978
78 0 0.00230910116326277
79 0 0.00262507079413832
80 0 0.00297141679588908
81 0 0.00340730029570191
82 0 0.00395142106509194
83 0 0.00460923778375122
84 0 0.00529572170558346
85 0 0.00625046087030123
86 0 0.00728942738370364
87 0 0.00853533504157322
88 0 0.00987024244289048
89 0 0.0116043926445148
90 0 0.0134142339870721
91 0 0.0155618815869965
92 0 0.0183488606096931
93 0 0.0215597431922169
94 0 0.0243766741425602
95 0 0.0281043424365255
96 0 0.0310645059576494
97 0 0.0364222482862888
98 0 0.0409002907132227
99 0 0.0449410472086454
100 0 0.0505261082866728

death 1 M widowed
1 0 0.000241988478346333
2 0 0.0000250034381590325
3 0 0.00000750030939278279
4 0 0.00000583352049443597
5 0 0.00000500013750526218
6 0 0.00000416676215586609
7 0 0.00000416676215586609
8 0 0.00000416676215586609
9 0 0.00000333339444602565
10 0 0.00000416676215586609
11 0 0.00000416676215586609
12 0 0.00000416676215586609
13 0 0.00000416676215586609
14 0 0.00000583352049443597
15 0 0.00000666691112360951
16 0 0.0000100005500421885
17 0 0.0000133343112110884
18 0 0.0000166681946396352
19 0 0.0000208357208674181
20 0 0.0000291713465325749
21 0 0.0000341730888351321
22 0 0.0000358403974268784
23 0 0.0000375077365993848
24 0 0.0000358403974268784
25 0 0.0000358403974268784
26 0 0.0000350067393084519
27 0 0.0000350067393084519
28 0 0.0000325058108229248
29 0 0.0000325058108229248
30 0 0.0000325058108229248
31 0 0.0000333394460065861
32 0 0.0000308385633891461
33 0 0.0000325058108229248
34 0 0.0000341730888351321
35 0 0.0000350067393084519
36 0 0.0000375077365993848
37 0 0.0000408425066913409
38 0 0.0000416762183291786
39 0 0.0000466786487315352
40 0 0.0000500137552731372
41 0 0.0000533489841776369
42 0 0.0000583520569852336
43 0 0.0000650232490866376
44 0 0.0000725289254539518
45 0 0.0000775330540162544
46 0 0.000086708005247571
47 0 0.000095049673682679
48 0 0.000103392107678624
49 0 0.000116741594805347
50 0 0.000126754996901401
51 0 0.000139273300942766
52 0 0.000157636599346866
53 0 0.000172663876141788
54 0 0.000197714859778153
55 0 0.000212748764747639
56 0 0.000232797840409416
57 0 0.000258701110551818
58 0 0.000289627584302288
59 0 0.000306348979935533
60 0 0.000344819869678825
61 0 0.000369918357165155
62 0 0.000410090361018356
63 0 0.000455305103081116
64 0 0.000500542354690436
65 0 0.000565924838063614
66 0 0.000621285250725911
67 0 0.000681716926024034
68 0 0.000763195434133168
69 0 0.000836336316867303
70 0 0.000928055791168059
71 0 0.00103503856169740
72 0 0.00113877207202173
73 0 0.00127557776751108
74 0 0.00142359368018141
75 0 0.00159474694126538
76 0 0.00180871833344454
77 0 0.00199252480625978
78 0 0.00230910116326277
79 0 0.00262507079413832
80 0 0.00297141679588908
81 0 0.00340730029570191
82 0 0.00395142106509194
83 0 0.00460923778375122
84 0 0.00529572170558346
85 0 0.00625046087030123
86 0 0.00728942738370364
87 0 0.00853533504157322
88 0 0.00987024244289048
89 0 0.0116043926445148
90 0 0.0134142339870721
91 0 0.0155618815869965
92 0 0.0183488606096931
93 0 0.0215597431922169
94 0 0.0243766741425602
95 0 0.0281043424365255
96 0 0.0310645059576494
97 0 0.0364222482862888
98 0 0.0409002907132227
99 0 0.0449410472086454
100 0 0.0505261082866728

death 1 F married
1 0 0.000239481848557044
2 0 0.0000258370045466139
3 0 0.00000833371530217786
4 0 0.00000583352049443597
5 0 0.00000416676215586609
6 0 0.00000416676215586609
7 0 0.00000416676215586609
8 0 0.00000333339444602565
9 0 0.00000333339444602565
10 0 0.00000416676215586609
11 0 0.00000333339444602565
12 0 0.00000416676215586609
13 0 0.00000333339444602565
14 0 0.00000416676215586609
15 0 0.00000500013750526218
16 0 0.00000750030939278279
17 0 0.00000833371530217786
18 0 0.0000100005500421885
19 0 0.0000108339788730261
20 0 0.000012500859457365
21 0 0.0000141677706060328
22 0 0.0000150012376423092
23 0 0.0000133343112110884
24 0 0.0000141677706060328
25 0 0.0000116674153447516
26 0 0.0000116674153447516
27 0 0.0000133343112110884
28 0 0.000012500859457365
29 0 0.000012500859457365
30 0 0.0000133343112110884
31 0 0.0000150012376423092
32 0 0.0000158347123201397
33 0 0.0000158347123201397
34 0 0.0000175016846010179
35 0 0.0000183351822042876
36 0 0.0000208357208674181
37 0 0.0000241698794146705
38 0 0.0000258370045466139
39 0 0.0000275041602521009
40 0 0.0000283377495704507
41 0 0.0000300049511388067
42 0 0.0000325058108229248
43 0 0.0000391751063537615
44 0 0.0000416762183291786
45 0 0.0000475124138960004
46 0 0.000055850486162301
47 0 0.0000625214946752273
48 0 0.0000700269644720031
49 0 0.0000833715521976197
50 0 0.0000958838826297104
51 0 0.000110066606177961
52 0 0.000124251542961140
53 0 0.000134265772442244
54 0 0.000145950434766062
55 0 0.000161810593698575
56 0 0.000181013436895361
57 0 0.000204396288320696
58 0 0.000224443521407491
59 0 0.000247837550048202
60 0 0.000265387024029895
61 0 0.000302168342589226
62 0 0.000333109613943505
63 0 0.000353185262004341
64 0 0.000394186819278164
65 0 0.000424322205359373
66 0 0.000473732375948943
67 0 0.000509760112157309
68 0 0.000557539838629828
69 0 0.000611217211779147
70 0 0.000663247426681335
71 0 0.000743869177139422
72 0 0.000816994494034828
73 0 0.000902802659984658
74 0 0.00100722776808559
75 0 0.00113033402653473
76 0 0.0012612119301042
77 0 0.00142020776293772
78 0 0.00161595173547813
79 0 0.00182232086651768
80 0 0.00209991746116223
81 0 0.00240745604972326
82 0 0.00279421109369904
83 0 0.00316708922581976
84 0 0.00368546092006861
85 0 0.00423737264459678
86 0 0.00504076266388787
87 0 0.00593227881103298
88 0 0.00695677133812111
89 0 0.00820262281068795
90 0 0.00964467960155935
91 0 0.0111714813755545
92 0 0.0133069836283106
93 0 0.0152297735278500
94 0 0.0176720549785271
95 0 0.0201215055418155
96 0 0.0230237722793939
97 0 0.0260786836529260
98 0 0.029875706615477
99 0 0.0337584467547190
100 0 0.0367524950624427

death 1 F single
1 0 0.000239481848557044
2 0 0.0000258370045466139
3 0 0.00000833371530217786
4 0 0.00000583352049443597
5 0 0.00000416676215586609
6 0 0.00000416676215586609
7 0 0.00000416676215586609
8 0 0.00000333339444602565
9 0 0.00000333339444602565
10 0 0.00000416676215586609
11 0 0.00000333339444602565
12 0 0.00000416676215586609
13 0 0.00000333339444602565
14 0 0.00000416676215586609
15 0 0.00000500013750526218
16 0 0.00000750030939278279
17 0 0.00000833371530217786
18 0 0.0000100005500421885
19 0 0.0000108339788730261
20 0 0.000012500859457365
21 0 0.0000141677706060328
22 0 0.0000150012376423092
23 0 0.0000133343112110884
24 0 0.0000141677706060328
25 0 0.0000116674153447516
26 0 0.0000116674153447516
27 0 0.0000133343112110884
28 0 0.000012500859457365
29 0 0.000012500859457365
30 0 0.0000133343112110884
31 0 0.0000150012376423092
32 0 0.0000158347123201397
33 0 0.0000158347123201397
34 0 0.0000175016846010179
35 0 0.0000183351822042876
36 0 0.0000208357208674181
37 0 0.0000241698794146705
38 0 0.0000258370045466139
39 0 0.0000275041602521009
40 0 0.0000283377495704507
41 0 0.0000300049511388067
42 0 0.0000325058108229248
43 0 0.0000391751063537615
44 0 0.0000416762183291786
45 0 0.0000475124138960004
46 0 0.000055850486162301
47 0 0.0000625214946752273
48 0 0.0000700269644720031
49 0 0.0000833715521976197
50 0 0.0000958838826297104
51 0 0.000110066606177961
52 0 0.000124251542961140
53 0 0.000134265772442244
54 0 0.000145950434766062
55 0 0.000161810593698575
56 0 0.000181013436895361
57 0 0.000204396288320696
58 0 0.000224443521407491
59 0 0.000247837550048202
60 0 0.000265387024029895
61 0 0.000302168342589226
62 0 0.000333109613943505
63 0 0.000353185262004341
64 0 0.000394186819278164
65 0 0.000424322205359373
66 0 0.000473732375948943
67 0 0.000509760112157309
68 0 0.000557539838629828
69 0 0.000611217211779147
70 0 0.000663247426681335
71 0 0.000743869177139422
72 0 0.000816994494034828
73 0 0.000902802659984658
74 0 0.00100722776808559
75 0 0.00113033402653473
76 0 0.0012612119301042
77 0 0.00142020776293772
78 0 0.00161595173547813
79 0 0.00182232086651768
80 0 0.00209991746116223
81 0 0.00240745604972326
82 0 0.00279421109369904
83 0 0.00316708922581976
84 0 0.00368546092006861
85 0 0.00423737264459678
86 0 0.00504076266388787
87 0 0.00593227881103298
88 0 0.00695677133812111
89 0 0.00820262281068795
90 0 0.00964467960155935
91 0 0.0111714813755545
92 0 0.0133069836283106
93 0 0.0152297735278500
94 0 0.0176720549785271
95 0 0.0201215055418155
96 0 0.0230237722793939
97 0 0.0260786836529260
98 0 0.029875706615477
99 0 0.0337584467547190
100 0 0.0367524950624427

death 1 F divorced
1 0 0.000239481848557044
2 0 0.0000258370045466139
3 0 0.00000833371530217786
4 0 0.00000583352049443597
5 0 0.00000416676215586609
6 0 0.00000416676215586609
7 0 0.00000416676215586609
8 0 0.00000333339444602565
9 0 0.00000333339444602565
10 0 0.00000416676215586609
11 0 0.00000333339444602565
12 0 0.00000416676215586609
13 0 0.00000333339444602565
14 0 0.00000416676215586609
15 0 0.00000500013750526218
16 0 0.00000750030939278279
17 0 0.00000833371530217786
18 0 0.0000100005500421885
19 0 0.0000108339788730261
20 0 0.000012500859457365
21 0 0.0000141677706060328
22 0 0.0000150012376423092
23 0 0.0000133343112110884
24 0 0.0000141677706060328
25 0 0.0000116674153447516
26 0 0.0000116674153447516
27 0 0.0000133343112110884
28 0 0.000012500859457365
29 0 0.000012500859457365
30 0 0.0000133343112110884
31 0 0.0000150012376423092
32 0 0.0000158347123201397
33 0 0.0000158347123201397
34 0 0.0000175016846010179
35 0 0.0000183351822042876
36 0 0.0000208357208674181
37 0 0.0000241698794146705
38 0 0.0000258370045466139
39 0 0.0000275041602521009
40 0 0.0000283377495704507
41 0 0.0000300049511388067
42 0 0.0000325058108229248
43 0 0.0000391751063537615
44 0 0.0000416762183291786
45 0 0.0000475124138960004
46 0 0.000055850486162301
47 0 0.0000625214946752273
48 0 0.0000700269644720031
49 0 0.0000833715521976197
50 0 0.0000958838826297104
51 0 0.000110066606177961
52 0 0.000124251542961140
53 0 0.000134265772442244
54 0 0.000145950434766062
55 0 0.000161810593698575
56 0 0.000181013436895361
57 0 0.000204396288320696
58 0 0.000224443521407491
59 0 0.000247837550048202
60 0 0.000265387024029895
61 0 0.000302168342589226
62 0 0.000333109613943505
63 0 0.000353185262004341
64 0 0.000394186819278164
65 0 0.000424322205359373
66 0 0.000473732375948943
67 0 0.000509760112157309
68 0 0.000557539838629828
69 0 0.000611217211779147
70 0 0.000663247426681335
71 0 0.000743869177139422
72 0 0.000816994494034828
73 0 0.000902802659984658
74 0 0.00100722776808559
75 0 0.00113033402653473
76 0 0.0012612119301042
77 0 0.00142020776293772
78 0 0.00161595173547813
79 0 0.00182232086651768
80 0 0.00209991746116223
81 0 0.00240745604972326
82 0 0.00279421109369904
83 0 0.00316708922581976
84 0 0.00368546092006861
85 0 0.00423737264459678
86 0 0.00504076266388787
87 0 0.00593227881103298
88 0 0.00695677133812111
89 0 0.00820262281068795
90 0 0.00964467960155935
91 0 0.0111714813755545
92 0 0.0133069836283106
93 0 0.0152297735278500
94 0 0.0176720549785271
95 0 0.0201215055418155
96 0 0.0230237722793939
97 0 0.0260786836529260
98 0 0.029875706615477
99 0 0.0337584467547190
100 0 0.0367524950624427

death 1 F widowed
1 0 0.000239481848557044
2 0 0.0000258370045466139
3 0 0.00000833371530217786
4 0 0.00000583352049443597
5 0 0.00000416676215586609
6 0 0.00000416676215586609
7 0 0.00000416676215586609
8 0 0.00000333339444602565
9 0 0.00000333339444602565
10 0 0.00000416676215586609
11 0 0.00000333339444602565
12 0 0.00000416676215586609
13 0 0.00000333339444602565
14 0 0.00000416676215586609
15 0 0.00000500013750526218
16 0 0.00000750030939278279
17 0 0.00000833371530217786
18 0 0.0000100005500421885
19 0 0.0000108339788730261
20 0 0.000012500859457365
21 0 0.0000141677706060328
22 0 0.0000150012376423092
23 0 0.0000133343112110884
24 0 0.0000141677706060328
25 0 0.0000116674153447516
26 0 0.0000116674153447516
27 0 0.0000133343112110884
28 0 0.000012500859457365
29 0 0.000012500859457365
30 0 0.0000133343112110884
31 0 0.0000150012376423092
32 0 0.0000158347123201397
33 0 0.0000158347123201397
34 0 0.0000175016846010179
35 0 0.0000183351822042876
36 0 0.0000208357208674181
37 0 0.0000241698794146705
38 0 0.0000258370045466139
39 0 0.0000275041602521009
40 0 0.0000283377495704507
41 0 0.0000300049511388067
42 0 0.0000325058108229248
43 0 0.0000391751063537615
44 0 0.0000416762183291786
45 0 0.0000475124138960004
46 0 0.000055850486162301
47 0 0.0000625214946752273
48 0 0.0000700269644720031
49 0 0.0000833715521976197
50 0 0.0000958838826297104
51 0 0.000110066606177961
52 0 0.000124251542961140
53 0 0.000134265772442244
54 0 0.000145950434766062
55 0 0.000161810593698575
56 0 0.000181013436895361
57 0 0.000204396288320696
58 0 0.000224443521407491
59 0 0.000247837550048202
60 0 0.000265387024029895
61 0 0.000302168342589226
62 0 0.000333109613943505
63 0 0.000353185262004341
64 0 0.000394186819278164
65 0 0.000424322205359373
66 0 0.000473732375948943
67 0 0.000509760112157309
68 0 0.000557539838629828
69 0 0.000611217211779147
70 0 0.000663247426681335
71 0 0.000743869177139422
72 0 0.000816994494034828
73 0 0.000902802659984658
74 0 0.00100722776808559
75 0 0.00113033402653473
76 0 0.0012612119301042
77 0 0.00142020776293772
78 0 0.00161595173547813
79 0 0.00182232086651768
80 0 0.00209991746116223
81 0 0.00240745604972326
82 0 0.00279421109369904
83 0 0.00316708922581976
84 0 0.00368546092006861
85 0 0.00423737264459678
86 0 0.00504076266388787
87 0 0.00593227881103298
88 0 0.00695677133812111
89 0 0.00820262281068795
90 0 0.00964467960155935
91 0 0.0111714813755545
92 0 0.0133069836283106
93 0 0.0152297735278500
94 0 0.0176720549785271
95 0 0.0201215055418155
96 0 0.0230237722793939
97 0 0.0260786836529260
98 0 0.029875706615477
99 0 0.0337584467547190
100 0 0.0367524950624427
