*Period monthly mortality rates for SWE in 1979 
* Mon Dec 20 14:21:30 2010
death 1 M married
1 0 0.000720599097963848
2 0 0.0000650232490866376
3 0 0.0000364239626585716
4 0 0.0000206690161500545
5 0 0.000033089354648852
6 0 0.0000278375950621967
7 0 0.0000261704332417123
8 0 0.0000215025427940940
9 0 0.000024753369733177
10 0 0.0000194187405135882
11 0 0.00000875042112202795
12 0 0.0000193353894158976
13 0 0.0000185018826420746
14 0 0.0000223360770809089
15 0 0.0000197521456686278
16 0 0.0000601865860083706
17 0 0.0000480960540610864
18 0 0.0000560172554088245
19 0 0.0000741969376999441
20 0 0.0000905450776544914
21 0 0.0000782002919720304
22 0 0.0000905450776544914
23 0 0.0000782836970608658
24 0 0.0000917129144495377
25 0 0.000105728126406079
26 0 0.0000769492248224868
27 0 0.000100305317864757
28 0 0.000115406557866016
29 0 0.0000812863312270595
30 0 0.000100805871254384
31 0 0.000115406557866016
32 0 0.000114572169735871
33 0 0.0000982197084101744
34 0 0.000127672947288548
35 0 0.000122499166226642
36 0 0.000151459439446278
37 0 0.00014853795598746
38 0 0.000152795006016726
39 0 0.000177757016965874
40 0 0.000181347435279644
41 0 0.000179510459353716
42 0 0.000223775209060029
43 0 0.000228704128147239
44 0 0.000221185545128622
45 0 0.000269983874871871
46 0 0.000288958792465155
47 0 0.000321986268470908
48 0 0.000374353143860251
49 0 0.000388830463392664
50 0 0.000480434129074503
51 0 0.000496855513517747
52 0 0.000487555283402719
53 0 0.000670047123801809
54 0 0.000620697917809832
55 0 0.000692884399336013
56 0 0.000789082254479823
57 0 0.000830281042515812
58 0 0.00098717557129624
59 0 0.000963674640186318
60 0 0.00110384365897331
61 0 0.00119617158540519
62 0 0.00130220282874072
63 0 0.00148735714990189
64 0 0.00164556191591603
65 0 0.00168638720071246
66 0 0.00191657440283288
67 0 0.00207851402022863
68 0 0.00252827913017162
69 0 0.00262978870599218
70 0 0.00309126990411546
71 0 0.00329048508788499
72 0 0.00376725174521853
73 0 0.00419224039463606
74 0 0.00466852732030809
75 0 0.00493396420819758
76 0 0.00577600493164232
77 0 0.00607661421391081
78 0 0.00692285344872356
79 0 0.0076709189459151
80 0 0.0082355650244812
81 0 0.009330577064524
82 0 0.0106321328205152
83 0 0.0110649913021023
84 0 0.0118470910132966
85 0 0.0133164474193357
86 0 0.0144212770836374
87 0 0.0171311555178435
88 0 0.0186923770111662
89 0 0.0203087655962684
90 0 0.0223466386502000
91 0 0.0224378306414755
92 0 0.0282539567209152
93 0 0.0282933710500883
94 0 0.0299001407537803
95 0 0.0359088885306438
96 0 0.0352546908065896
97 0 0.048807940386543
98 0 0.0495005512917603
99 0 0.039925446107738
100 0 0.0650882866914149

death 1 M single
1 0 0.000720599097963848
2 0 0.0000650232490866376
3 0 0.0000364239626585716
4 0 0.0000206690161500545
5 0 0.000033089354648852
6 0 0.0000278375950621967
7 0 0.0000261704332417123
8 0 0.0000215025427940940
9 0 0.000024753369733177
10 0 0.0000194187405135882
11 0 0.00000875042112202795
12 0 0.0000193353894158976
13 0 0.0000185018826420746
14 0 0.0000223360770809089
15 0 0.0000197521456686278
16 0 0.0000601865860083706
17 0 0.0000480960540610864
18 0 0.0000560172554088245
19 0 0.0000741969376999441
20 0 0.0000905450776544914
21 0 0.0000782002919720304
22 0 0.0000905450776544914
23 0 0.0000782836970608658
24 0 0.0000917129144495377
25 0 0.000105728126406079
26 0 0.0000769492248224868
27 0 0.000100305317864757
28 0 0.000115406557866016
29 0 0.0000812863312270595
30 0 0.000100805871254384
31 0 0.000115406557866016
32 0 0.000114572169735871
33 0 0.0000982197084101744
34 0 0.000127672947288548
35 0 0.000122499166226642
36 0 0.000151459439446278
37 0 0.00014853795598746
38 0 0.000152795006016726
39 0 0.000177757016965874
40 0 0.000181347435279644
41 0 0.000179510459353716
42 0 0.000223775209060029
43 0 0.000228704128147239
44 0 0.000221185545128622
45 0 0.000269983874871871
46 0 0.000288958792465155
47 0 0.000321986268470908
48 0 0.000374353143860251
49 0 0.000388830463392664
50 0 0.000480434129074503
51 0 0.000496855513517747
52 0 0.000487555283402719
53 0 0.000670047123801809
54 0 0.000620697917809832
55 0 0.000692884399336013
56 0 0.000789082254479823
57 0 0.000830281042515812
58 0 0.00098717557129624
59 0 0.000963674640186318
60 0 0.00110384365897331
61 0 0.00119617158540519
62 0 0.00130220282874072
63 0 0.00148735714990189
64 0 0.00164556191591603
65 0 0.00168638720071246
66 0 0.00191657440283288
67 0 0.00207851402022863
68 0 0.00252827913017162
69 0 0.00262978870599218
70 0 0.00309126990411546
71 0 0.00329048508788499
72 0 0.00376725174521853
73 0 0.00419224039463606
74 0 0.00466852732030809
75 0 0.00493396420819758
76 0 0.00577600493164232
77 0 0.00607661421391081
78 0 0.00692285344872356
79 0 0.0076709189459151
80 0 0.0082355650244812
81 0 0.009330577064524
82 0 0.0106321328205152
83 0 0.0110649913021023
84 0 0.0118470910132966
85 0 0.0133164474193357
86 0 0.0144212770836374
87 0 0.0171311555178435
88 0 0.0186923770111662
89 0 0.0203087655962684
90 0 0.0223466386502000
91 0 0.0224378306414755
92 0 0.0282539567209152
93 0 0.0282933710500883
94 0 0.0299001407537803
95 0 0.0359088885306438
96 0 0.0352546908065896
97 0 0.048807940386543
98 0 0.0495005512917603
99 0 0.039925446107738
100 0 0.0650882866914149

death 1 M divorced
1 0 0.000720599097963848
2 0 0.0000650232490866376
3 0 0.0000364239626585716
4 0 0.0000206690161500545
5 0 0.000033089354648852
6 0 0.0000278375950621967
7 0 0.0000261704332417123
8 0 0.0000215025427940940
9 0 0.000024753369733177
10 0 0.0000194187405135882
11 0 0.00000875042112202795
12 0 0.0000193353894158976
13 0 0.0000185018826420746
14 0 0.0000223360770809089
15 0 0.0000197521456686278
16 0 0.0000601865860083706
17 0 0.0000480960540610864
18 0 0.0000560172554088245
19 0 0.0000741969376999441
20 0 0.0000905450776544914
21 0 0.0000782002919720304
22 0 0.0000905450776544914
23 0 0.0000782836970608658
24 0 0.0000917129144495377
25 0 0.000105728126406079
26 0 0.0000769492248224868
27 0 0.000100305317864757
28 0 0.000115406557866016
29 0 0.0000812863312270595
30 0 0.000100805871254384
31 0 0.000115406557866016
32 0 0.000114572169735871
33 0 0.0000982197084101744
34 0 0.000127672947288548
35 0 0.000122499166226642
36 0 0.000151459439446278
37 0 0.00014853795598746
38 0 0.000152795006016726
39 0 0.000177757016965874
40 0 0.000181347435279644
41 0 0.000179510459353716
42 0 0.000223775209060029
43 0 0.000228704128147239
44 0 0.000221185545128622
45 0 0.000269983874871871
46 0 0.000288958792465155
47 0 0.000321986268470908
48 0 0.000374353143860251
49 0 0.000388830463392664
50 0 0.000480434129074503
51 0 0.000496855513517747
52 0 0.000487555283402719
53 0 0.000670047123801809
54 0 0.000620697917809832
55 0 0.000692884399336013
56 0 0.000789082254479823
57 0 0.000830281042515812
58 0 0.00098717557129624
59 0 0.000963674640186318
60 0 0.00110384365897331
61 0 0.00119617158540519
62 0 0.00130220282874072
63 0 0.00148735714990189
64 0 0.00164556191591603
65 0 0.00168638720071246
66 0 0.00191657440283288
67 0 0.00207851402022863
68 0 0.00252827913017162
69 0 0.00262978870599218
70 0 0.00309126990411546
71 0 0.00329048508788499
72 0 0.00376725174521853
73 0 0.00419224039463606
74 0 0.00466852732030809
75 0 0.00493396420819758
76 0 0.00577600493164232
77 0 0.00607661421391081
78 0 0.00692285344872356
79 0 0.0076709189459151
80 0 0.0082355650244812
81 0 0.009330577064524
82 0 0.0106321328205152
83 0 0.0110649913021023
84 0 0.0118470910132966
85 0 0.0133164474193357
86 0 0.0144212770836374
87 0 0.0171311555178435
88 0 0.0186923770111662
89 0 0.0203087655962684
90 0 0.0223466386502000
91 0 0.0224378306414755
92 0 0.0282539567209152
93 0 0.0282933710500883
94 0 0.0299001407537803
95 0 0.0359088885306438
96 0 0.0352546908065896
97 0 0.048807940386543
98 0 0.0495005512917603
99 0 0.039925446107738
100 0 0.0650882866914149

death 1 M widowed
1 0 0.000720599097963848
2 0 0.0000650232490866376
3 0 0.0000364239626585716
4 0 0.0000206690161500545
5 0 0.000033089354648852
6 0 0.0000278375950621967
7 0 0.0000261704332417123
8 0 0.0000215025427940940
9 0 0.000024753369733177
10 0 0.0000194187405135882
11 0 0.00000875042112202795
12 0 0.0000193353894158976
13 0 0.0000185018826420746
14 0 0.0000223360770809089
15 0 0.0000197521456686278
16 0 0.0000601865860083706
17 0 0.0000480960540610864
18 0 0.0000560172554088245
19 0 0.0000741969376999441
20 0 0.0000905450776544914
21 0 0.0000782002919720304
22 0 0.0000905450776544914
23 0 0.0000782836970608658
24 0 0.0000917129144495377
25 0 0.000105728126406079
26 0 0.0000769492248224868
27 0 0.000100305317864757
28 0 0.000115406557866016
29 0 0.0000812863312270595
30 0 0.000100805871254384
31 0 0.000115406557866016
32 0 0.000114572169735871
33 0 0.0000982197084101744
34 0 0.000127672947288548
35 0 0.000122499166226642
36 0 0.000151459439446278
37 0 0.00014853795598746
38 0 0.000152795006016726
39 0 0.000177757016965874
40 0 0.000181347435279644
41 0 0.000179510459353716
42 0 0.000223775209060029
43 0 0.000228704128147239
44 0 0.000221185545128622
45 0 0.000269983874871871
46 0 0.000288958792465155
47 0 0.000321986268470908
48 0 0.000374353143860251
49 0 0.000388830463392664
50 0 0.000480434129074503
51 0 0.000496855513517747
52 0 0.000487555283402719
53 0 0.000670047123801809
54 0 0.000620697917809832
55 0 0.000692884399336013
56 0 0.000789082254479823
57 0 0.000830281042515812
58 0 0.00098717557129624
59 0 0.000963674640186318
60 0 0.00110384365897331
61 0 0.00119617158540519
62 0 0.00130220282874072
63 0 0.00148735714990189
64 0 0.00164556191591603
65 0 0.00168638720071246
66 0 0.00191657440283288
67 0 0.00207851402022863
68 0 0.00252827913017162
69 0 0.00262978870599218
70 0 0.00309126990411546
71 0 0.00329048508788499
72 0 0.00376725174521853
73 0 0.00419224039463606
74 0 0.00466852732030809
75 0 0.00493396420819758
76 0 0.00577600493164232
77 0 0.00607661421391081
78 0 0.00692285344872356
79 0 0.0076709189459151
80 0 0.0082355650244812
81 0 0.009330577064524
82 0 0.0106321328205152
83 0 0.0110649913021023
84 0 0.0118470910132966
85 0 0.0133164474193357
86 0 0.0144212770836374
87 0 0.0171311555178435
88 0 0.0186923770111662
89 0 0.0203087655962684
90 0 0.0223466386502000
91 0 0.0224378306414755
92 0 0.0282539567209152
93 0 0.0282933710500883
94 0 0.0299001407537803
95 0 0.0359088885306438
96 0 0.0352546908065896
97 0 0.048807940386543
98 0 0.0495005512917603
99 0 0.039925446107738
100 0 0.0650882866914149

death 1 F married
1 0 0.000550916236164878
2 0 0.0000467620249039458
3 0 0.0000279209539558734
4 0 0.0000233363283135279
5 0 0.0000283377495704507
6 0 0.0000260870759533072
7 0 0.0000152512792432891
8 0 0.00000750030939278279
9 0 0.00000608353688102969
10 0 0.0000219193089822101
11 0 0.0000107506356461506
12 0 0.0000203356076323713
13 0 0.0000238364580570360
14 0 0.000012500859457365
15 0 0.0000193353894158976
16 0 0.0000316721832838152
17 0 0.0000184185323849340
18 0 0.0000270040103301783
19 0 0.0000338396307862920
20 0 0.0000288379068305034
21 0 0.0000408425066913409
22 0 0.0000169182408257251
23 0 0.0000377578401129508
24 0 0.0000436771574566786
25 0 0.000033172718358343
26 0 0.0000283377495704507
27 0 0.0000394252144547691
28 0 0.000040759135948143
29 0 0.0000426766823875546
30 0 0.0000500971345044343
31 0 0.0000569344917334957
32 0 0.0000404256537397396
33 0 0.0000486796979735082
34 0 0.0000634387966317318
35 0 0.0000768658209580053
36 0 0.0000626048853796801
37 0 0.0000731127262585396
38 0 0.0000513478321508831
39 0 0.0000845392968351621
40 0 0.000113153727492099
41 0 0.000112152487469985
42 0 0.000141944095612967
43 0 0.000118326976638383
44 0 0.000169574733048905
45 0 0.000128924712756162
46 0 0.000161560148632223
47 0 0.000164148114262130
48 0 0.000198967590218313
49 0 0.000197380801243541
50 0 0.000192871131191041
51 0 0.000234468796364018
52 0 0.000318808419812244
53 0 0.000333276892687362
54 0 0.000340302877987031
55 0 0.000355946010467401
56 0 0.000398622790495406
57 0 0.0003934335626542
58 0 0.000462173013396905
59 0 0.000523504687174658
60 0 0.000595278431522073
61 0 0.000546808168391033
62 0 0.000647970951086263
63 0 0.00065191572898371
64 0 0.000773364376633223
65 0 0.000898173680788816
66 0 0.00098355316757237
67 0 0.00102180630387849
68 0 0.00117211001942752
69 0 0.00134507290272912
70 0 0.00142774160091985
71 0 0.00168553825523599
72 0 0.00183881667335295
73 0 0.0020948859194454
74 0 0.00227269414833331
75 0 0.00268573611941780
76 0 0.00306876920785681
77 0 0.00342668318483086
78 0 0.00408486898014082
79 0 0.00437928856864611
80 0 0.00523416578005298
81 0 0.00581669190041112
82 0 0.0067803037928944
83 0 0.0074994781146237
84 0 0.00810204561684646
85 0 0.00948952741768272
86 0 0.0106931723660258
87 0 0.0116254296390494
88 0 0.0134100768547774
89 0 0.0144200060574027
90 0 0.0172978977213867
91 0 0.0184907743936429
92 0 0.0195078258367403
93 0 0.0233337562954447
94 0 0.0272189358573616
95 0 0.0259683116029544
96 0 0.0314811461863614
97 0 0.0316891984840714
98 0 0.0356443872878367
99 0 0.0468157070030635
100 0 0.0437287476585821

death 1 F single
1 0 0.000550916236164878
2 0 0.0000467620249039458
3 0 0.0000279209539558734
4 0 0.0000233363283135279
5 0 0.0000283377495704507
6 0 0.0000260870759533072
7 0 0.0000152512792432891
8 0 0.00000750030939278279
9 0 0.00000608353688102969
10 0 0.0000219193089822101
11 0 0.0000107506356461506
12 0 0.0000203356076323713
13 0 0.0000238364580570360
14 0 0.000012500859457365
15 0 0.0000193353894158976
16 0 0.0000316721832838152
17 0 0.0000184185323849340
18 0 0.0000270040103301783
19 0 0.0000338396307862920
20 0 0.0000288379068305034
21 0 0.0000408425066913409
22 0 0.0000169182408257251
23 0 0.0000377578401129508
24 0 0.0000436771574566786
25 0 0.000033172718358343
26 0 0.0000283377495704507
27 0 0.0000394252144547691
28 0 0.000040759135948143
29 0 0.0000426766823875546
30 0 0.0000500971345044343
31 0 0.0000569344917334957
32 0 0.0000404256537397396
33 0 0.0000486796979735082
34 0 0.0000634387966317318
35 0 0.0000768658209580053
36 0 0.0000626048853796801
37 0 0.0000731127262585396
38 0 0.0000513478321508831
39 0 0.0000845392968351621
40 0 0.000113153727492099
41 0 0.000112152487469985
42 0 0.000141944095612967
43 0 0.000118326976638383
44 0 0.000169574733048905
45 0 0.000128924712756162
46 0 0.000161560148632223
47 0 0.000164148114262130
48 0 0.000198967590218313
49 0 0.000197380801243541
50 0 0.000192871131191041
51 0 0.000234468796364018
52 0 0.000318808419812244
53 0 0.000333276892687362
54 0 0.000340302877987031
55 0 0.000355946010467401
56 0 0.000398622790495406
57 0 0.0003934335626542
58 0 0.000462173013396905
59 0 0.000523504687174658
60 0 0.000595278431522073
61 0 0.000546808168391033
62 0 0.000647970951086263
63 0 0.00065191572898371
64 0 0.000773364376633223
65 0 0.000898173680788816
66 0 0.00098355316757237
67 0 0.00102180630387849
68 0 0.00117211001942752
69 0 0.00134507290272912
70 0 0.00142774160091985
71 0 0.00168553825523599
72 0 0.00183881667335295
73 0 0.0020948859194454
74 0 0.00227269414833331
75 0 0.00268573611941780
76 0 0.00306876920785681
77 0 0.00342668318483086
78 0 0.00408486898014082
79 0 0.00437928856864611
80 0 0.00523416578005298
81 0 0.00581669190041112
82 0 0.0067803037928944
83 0 0.0074994781146237
84 0 0.00810204561684646
85 0 0.00948952741768272
86 0 0.0106931723660258
87 0 0.0116254296390494
88 0 0.0134100768547774
89 0 0.0144200060574027
90 0 0.0172978977213867
91 0 0.0184907743936429
92 0 0.0195078258367403
93 0 0.0233337562954447
94 0 0.0272189358573616
95 0 0.0259683116029544
96 0 0.0314811461863614
97 0 0.0316891984840714
98 0 0.0356443872878367
99 0 0.0468157070030635
100 0 0.0437287476585821

death 1 F divorced
1 0 0.000550916236164878
2 0 0.0000467620249039458
3 0 0.0000279209539558734
4 0 0.0000233363283135279
5 0 0.0000283377495704507
6 0 0.0000260870759533072
7 0 0.0000152512792432891
8 0 0.00000750030939278279
9 0 0.00000608353688102969
10 0 0.0000219193089822101
11 0 0.0000107506356461506
12 0 0.0000203356076323713
13 0 0.0000238364580570360
14 0 0.000012500859457365
15 0 0.0000193353894158976
16 0 0.0000316721832838152
17 0 0.0000184185323849340
18 0 0.0000270040103301783
19 0 0.0000338396307862920
20 0 0.0000288379068305034
21 0 0.0000408425066913409
22 0 0.0000169182408257251
23 0 0.0000377578401129508
24 0 0.0000436771574566786
25 0 0.000033172718358343
26 0 0.0000283377495704507
27 0 0.0000394252144547691
28 0 0.000040759135948143
29 0 0.0000426766823875546
30 0 0.0000500971345044343
31 0 0.0000569344917334957
32 0 0.0000404256537397396
33 0 0.0000486796979735082
34 0 0.0000634387966317318
35 0 0.0000768658209580053
36 0 0.0000626048853796801
37 0 0.0000731127262585396
38 0 0.0000513478321508831
39 0 0.0000845392968351621
40 0 0.000113153727492099
41 0 0.000112152487469985
42 0 0.000141944095612967
43 0 0.000118326976638383
44 0 0.000169574733048905
45 0 0.000128924712756162
46 0 0.000161560148632223
47 0 0.000164148114262130
48 0 0.000198967590218313
49 0 0.000197380801243541
50 0 0.000192871131191041
51 0 0.000234468796364018
52 0 0.000318808419812244
53 0 0.000333276892687362
54 0 0.000340302877987031
55 0 0.000355946010467401
56 0 0.000398622790495406
57 0 0.0003934335626542
58 0 0.000462173013396905
59 0 0.000523504687174658
60 0 0.000595278431522073
61 0 0.000546808168391033
62 0 0.000647970951086263
63 0 0.00065191572898371
64 0 0.000773364376633223
65 0 0.000898173680788816
66 0 0.00098355316757237
67 0 0.00102180630387849
68 0 0.00117211001942752
69 0 0.00134507290272912
70 0 0.00142774160091985
71 0 0.00168553825523599
72 0 0.00183881667335295
73 0 0.0020948859194454
74 0 0.00227269414833331
75 0 0.00268573611941780
76 0 0.00306876920785681
77 0 0.00342668318483086
78 0 0.00408486898014082
79 0 0.00437928856864611
80 0 0.00523416578005298
81 0 0.00581669190041112
82 0 0.0067803037928944
83 0 0.0074994781146237
84 0 0.00810204561684646
85 0 0.00948952741768272
86 0 0.0106931723660258
87 0 0.0116254296390494
88 0 0.0134100768547774
89 0 0.0144200060574027
90 0 0.0172978977213867
91 0 0.0184907743936429
92 0 0.0195078258367403
93 0 0.0233337562954447
94 0 0.0272189358573616
95 0 0.0259683116029544
96 0 0.0314811461863614
97 0 0.0316891984840714
98 0 0.0356443872878367
99 0 0.0468157070030635
100 0 0.0437287476585821

death 1 F widowed
1 0 0.000550916236164878
2 0 0.0000467620249039458
3 0 0.0000279209539558734
4 0 0.0000233363283135279
5 0 0.0000283377495704507
6 0 0.0000260870759533072
7 0 0.0000152512792432891
8 0 0.00000750030939278279
9 0 0.00000608353688102969
10 0 0.0000219193089822101
11 0 0.0000107506356461506
12 0 0.0000203356076323713
13 0 0.0000238364580570360
14 0 0.000012500859457365
15 0 0.0000193353894158976
16 0 0.0000316721832838152
17 0 0.0000184185323849340
18 0 0.0000270040103301783
19 0 0.0000338396307862920
20 0 0.0000288379068305034
21 0 0.0000408425066913409
22 0 0.0000169182408257251
23 0 0.0000377578401129508
24 0 0.0000436771574566786
25 0 0.000033172718358343
26 0 0.0000283377495704507
27 0 0.0000394252144547691
28 0 0.000040759135948143
29 0 0.0000426766823875546
30 0 0.0000500971345044343
31 0 0.0000569344917334957
32 0 0.0000404256537397396
33 0 0.0000486796979735082
34 0 0.0000634387966317318
35 0 0.0000768658209580053
36 0 0.0000626048853796801
37 0 0.0000731127262585396
38 0 0.0000513478321508831
39 0 0.0000845392968351621
40 0 0.000113153727492099
41 0 0.000112152487469985
42 0 0.000141944095612967
43 0 0.000118326976638383
44 0 0.000169574733048905
45 0 0.000128924712756162
46 0 0.000161560148632223
47 0 0.000164148114262130
48 0 0.000198967590218313
49 0 0.000197380801243541
50 0 0.000192871131191041
51 0 0.000234468796364018
52 0 0.000318808419812244
53 0 0.000333276892687362
54 0 0.000340302877987031
55 0 0.000355946010467401
56 0 0.000398622790495406
57 0 0.0003934335626542
58 0 0.000462173013396905
59 0 0.000523504687174658
60 0 0.000595278431522073
61 0 0.000546808168391033
62 0 0.000647970951086263
63 0 0.00065191572898371
64 0 0.000773364376633223
65 0 0.000898173680788816
66 0 0.00098355316757237
67 0 0.00102180630387849
68 0 0.00117211001942752
69 0 0.00134507290272912
70 0 0.00142774160091985
71 0 0.00168553825523599
72 0 0.00183881667335295
73 0 0.0020948859194454
74 0 0.00227269414833331
75 0 0.00268573611941780
76 0 0.00306876920785681
77 0 0.00342668318483086
78 0 0.00408486898014082
79 0 0.00437928856864611
80 0 0.00523416578005298
81 0 0.00581669190041112
82 0 0.0067803037928944
83 0 0.0074994781146237
84 0 0.00810204561684646
85 0 0.00948952741768272
86 0 0.0106931723660258
87 0 0.0116254296390494
88 0 0.0134100768547774
89 0 0.0144200060574027
90 0 0.0172978977213867
91 0 0.0184907743936429
92 0 0.0195078258367403
93 0 0.0233337562954447
94 0 0.0272189358573616
95 0 0.0259683116029544
96 0 0.0314811461863614
97 0 0.0316891984840714
98 0 0.0356443872878367
99 0 0.0468157070030635
100 0 0.0437287476585821
