*Period monthly mortality rates for SWE in 1969 
* Mon Dec 20 14:21:22 2010
death 1 M married
1 0 0.00114653576644752
2 0 0.0000624381040472688
3 0 0.0000571012629687617
4 0 0.0000396753232437819
5 0 0.0000609370858251079
6 0 0.0000412593615545243
7 0 0.000046928777477917
8 0 0.0000412593615545243
9 0 0.000032922627459242
10 0 0.0000328392639790120
11 0 0.0000184185323849340
12 0 0.0000321723588899703
13 0 0.0000362572293529650
14 0 0.0000165014975644917
15 0 0.0000229195556291639
16 0 0.000074030135097991
17 0 0.0000722787262569247
18 0 0.0000734463284016718
19 0 0.0000671080970252591
20 0 0.000101806986302688
21 0 0.0000978025922614423
22 0 0.0000656903952246379
23 0 0.0000853734093321235
24 0 0.000099053946449712
25 0 0.0000905450776544914
26 0 0.0000957170402278162
27 0 0.0000946325720800889
28 0 0.0000898777490792035
29 0 0.000096050725337693
30 0 0.000120329603741309
31 0 0.000114321854790322
32 0 0.0000958004613904606
33 0 0.000123667413629236
34 0 0.000124001201359247
35 0 0.000135100341368544
36 0 0.000122582611971733
37 0 0.000141526778772771
38 0 0.000155048819104664
39 0 0.000181931935405499
40 0 0.000157803555440816
41 0 0.000207737186784573
42 0 0.000196211606040997
43 0 0.000237727248837083
44 0 0.000236641085032629
45 0 0.000253854130817577
46 0 0.000298071504563735
47 0 0.000331771395076563
48 0 0.000348500547432740
49 0 0.000383223366569152
50 0 0.000427922378036016
51 0 0.000398287992660062
52 0 0.00055393452677166
53 0 0.000507748885317127
54 0 0.000597962661868623
55 0 0.000658882457243326
56 0 0.000692716457239673
57 0 0.000787737302915814
58 0 0.000921994399304293
59 0 0.00100630088828890
60 0 0.00115885777466174
61 0 0.00114037538931033
62 0 0.00136782678555813
63 0 0.00160195601547020
64 0 0.00178568369353982
65 0 0.00191470198972177
66 0 0.00199175817293773
67 0 0.00235646924595112
68 0 0.00261074700230313
69 0 0.00292277977365429
70 0 0.00315992723702163
71 0 0.00352270692930345
72 0 0.00385633318807921
73 0 0.00433513446720579
74 0 0.00479258209914246
75 0 0.005687054897764
76 0 0.00586788755453593
77 0 0.00637965751151659
78 0 0.00722541531828813
79 0 0.00768080575486585
80 0 0.00868674131839497
81 0 0.0098412496428848
82 0 0.0106714146584374
83 0 0.0111844006972420
84 0 0.0129172293112457
85 0 0.0134893856188428
86 0 0.0154872476479889
87 0 0.0183129067925513
88 0 0.0194634361116846
89 0 0.0206347744967454
90 0 0.0260694342952090
91 0 0.0261770317465566
92 0 0.0280213707065107
93 0 0.0316582085770358
94 0 0.0406799955510979
95 0 0.0378643564622803
96 0 0.0333263080111887
97 0 0.0472852376040083
98 0 0.0523009886096804
99 0 0.0660363445801138
100 0 0.076353104903299

death 1 M single
1 0 0.00114653576644752
2 0 0.0000624381040472688
3 0 0.0000571012629687617
4 0 0.0000396753232437819
5 0 0.0000609370858251079
6 0 0.0000412593615545243
7 0 0.000046928777477917
8 0 0.0000412593615545243
9 0 0.000032922627459242
10 0 0.0000328392639790120
11 0 0.0000184185323849340
12 0 0.0000321723588899703
13 0 0.0000362572293529650
14 0 0.0000165014975644917
15 0 0.0000229195556291639
16 0 0.000074030135097991
17 0 0.0000722787262569247
18 0 0.0000734463284016718
19 0 0.0000671080970252591
20 0 0.000101806986302688
21 0 0.0000978025922614423
22 0 0.0000656903952246379
23 0 0.0000853734093321235
24 0 0.000099053946449712
25 0 0.0000905450776544914
26 0 0.0000957170402278162
27 0 0.0000946325720800889
28 0 0.0000898777490792035
29 0 0.000096050725337693
30 0 0.000120329603741309
31 0 0.000114321854790322
32 0 0.0000958004613904606
33 0 0.000123667413629236
34 0 0.000124001201359247
35 0 0.000135100341368544
36 0 0.000122582611971733
37 0 0.000141526778772771
38 0 0.000155048819104664
39 0 0.000181931935405499
40 0 0.000157803555440816
41 0 0.000207737186784573
42 0 0.000196211606040997
43 0 0.000237727248837083
44 0 0.000236641085032629
45 0 0.000253854130817577
46 0 0.000298071504563735
47 0 0.000331771395076563
48 0 0.000348500547432740
49 0 0.000383223366569152
50 0 0.000427922378036016
51 0 0.000398287992660062
52 0 0.00055393452677166
53 0 0.000507748885317127
54 0 0.000597962661868623
55 0 0.000658882457243326
56 0 0.000692716457239673
57 0 0.000787737302915814
58 0 0.000921994399304293
59 0 0.00100630088828890
60 0 0.00115885777466174
61 0 0.00114037538931033
62 0 0.00136782678555813
63 0 0.00160195601547020
64 0 0.00178568369353982
65 0 0.00191470198972177
66 0 0.00199175817293773
67 0 0.00235646924595112
68 0 0.00261074700230313
69 0 0.00292277977365429
70 0 0.00315992723702163
71 0 0.00352270692930345
72 0 0.00385633318807921
73 0 0.00433513446720579
74 0 0.00479258209914246
75 0 0.005687054897764
76 0 0.00586788755453593
77 0 0.00637965751151659
78 0 0.00722541531828813
79 0 0.00768080575486585
80 0 0.00868674131839497
81 0 0.0098412496428848
82 0 0.0106714146584374
83 0 0.0111844006972420
84 0 0.0129172293112457
85 0 0.0134893856188428
86 0 0.0154872476479889
87 0 0.0183129067925513
88 0 0.0194634361116846
89 0 0.0206347744967454
90 0 0.0260694342952090
91 0 0.0261770317465566
92 0 0.0280213707065107
93 0 0.0316582085770358
94 0 0.0406799955510979
95 0 0.0378643564622803
96 0 0.0333263080111887
97 0 0.0472852376040083
98 0 0.0523009886096804
99 0 0.0660363445801138
100 0 0.076353104903299

death 1 M divorced
1 0 0.00114653576644752
2 0 0.0000624381040472688
3 0 0.0000571012629687617
4 0 0.0000396753232437819
5 0 0.0000609370858251079
6 0 0.0000412593615545243
7 0 0.000046928777477917
8 0 0.0000412593615545243
9 0 0.000032922627459242
10 0 0.0000328392639790120
11 0 0.0000184185323849340
12 0 0.0000321723588899703
13 0 0.0000362572293529650
14 0 0.0000165014975644917
15 0 0.0000229195556291639
16 0 0.000074030135097991
17 0 0.0000722787262569247
18 0 0.0000734463284016718
19 0 0.0000671080970252591
20 0 0.000101806986302688
21 0 0.0000978025922614423
22 0 0.0000656903952246379
23 0 0.0000853734093321235
24 0 0.000099053946449712
25 0 0.0000905450776544914
26 0 0.0000957170402278162
27 0 0.0000946325720800889
28 0 0.0000898777490792035
29 0 0.000096050725337693
30 0 0.000120329603741309
31 0 0.000114321854790322
32 0 0.0000958004613904606
33 0 0.000123667413629236
34 0 0.000124001201359247
35 0 0.000135100341368544
36 0 0.000122582611971733
37 0 0.000141526778772771
38 0 0.000155048819104664
39 0 0.000181931935405499
40 0 0.000157803555440816
41 0 0.000207737186784573
42 0 0.000196211606040997
43 0 0.000237727248837083
44 0 0.000236641085032629
45 0 0.000253854130817577
46 0 0.000298071504563735
47 0 0.000331771395076563
48 0 0.000348500547432740
49 0 0.000383223366569152
50 0 0.000427922378036016
51 0 0.000398287992660062
52 0 0.00055393452677166
53 0 0.000507748885317127
54 0 0.000597962661868623
55 0 0.000658882457243326
56 0 0.000692716457239673
57 0 0.000787737302915814
58 0 0.000921994399304293
59 0 0.00100630088828890
60 0 0.00115885777466174
61 0 0.00114037538931033
62 0 0.00136782678555813
63 0 0.00160195601547020
64 0 0.00178568369353982
65 0 0.00191470198972177
66 0 0.00199175817293773
67 0 0.00235646924595112
68 0 0.00261074700230313
69 0 0.00292277977365429
70 0 0.00315992723702163
71 0 0.00352270692930345
72 0 0.00385633318807921
73 0 0.00433513446720579
74 0 0.00479258209914246
75 0 0.005687054897764
76 0 0.00586788755453593
77 0 0.00637965751151659
78 0 0.00722541531828813
79 0 0.00768080575486585
80 0 0.00868674131839497
81 0 0.0098412496428848
82 0 0.0106714146584374
83 0 0.0111844006972420
84 0 0.0129172293112457
85 0 0.0134893856188428
86 0 0.0154872476479889
87 0 0.0183129067925513
88 0 0.0194634361116846
89 0 0.0206347744967454
90 0 0.0260694342952090
91 0 0.0261770317465566
92 0 0.0280213707065107
93 0 0.0316582085770358
94 0 0.0406799955510979
95 0 0.0378643564622803
96 0 0.0333263080111887
97 0 0.0472852376040083
98 0 0.0523009886096804
99 0 0.0660363445801138
100 0 0.076353104903299

death 1 M widowed
1 0 0.00114653576644752
2 0 0.0000624381040472688
3 0 0.0000571012629687617
4 0 0.0000396753232437819
5 0 0.0000609370858251079
6 0 0.0000412593615545243
7 0 0.000046928777477917
8 0 0.0000412593615545243
9 0 0.000032922627459242
10 0 0.0000328392639790120
11 0 0.0000184185323849340
12 0 0.0000321723588899703
13 0 0.0000362572293529650
14 0 0.0000165014975644917
15 0 0.0000229195556291639
16 0 0.000074030135097991
17 0 0.0000722787262569247
18 0 0.0000734463284016718
19 0 0.0000671080970252591
20 0 0.000101806986302688
21 0 0.0000978025922614423
22 0 0.0000656903952246379
23 0 0.0000853734093321235
24 0 0.000099053946449712
25 0 0.0000905450776544914
26 0 0.0000957170402278162
27 0 0.0000946325720800889
28 0 0.0000898777490792035
29 0 0.000096050725337693
30 0 0.000120329603741309
31 0 0.000114321854790322
32 0 0.0000958004613904606
33 0 0.000123667413629236
34 0 0.000124001201359247
35 0 0.000135100341368544
36 0 0.000122582611971733
37 0 0.000141526778772771
38 0 0.000155048819104664
39 0 0.000181931935405499
40 0 0.000157803555440816
41 0 0.000207737186784573
42 0 0.000196211606040997
43 0 0.000237727248837083
44 0 0.000236641085032629
45 0 0.000253854130817577
46 0 0.000298071504563735
47 0 0.000331771395076563
48 0 0.000348500547432740
49 0 0.000383223366569152
50 0 0.000427922378036016
51 0 0.000398287992660062
52 0 0.00055393452677166
53 0 0.000507748885317127
54 0 0.000597962661868623
55 0 0.000658882457243326
56 0 0.000692716457239673
57 0 0.000787737302915814
58 0 0.000921994399304293
59 0 0.00100630088828890
60 0 0.00115885777466174
61 0 0.00114037538931033
62 0 0.00136782678555813
63 0 0.00160195601547020
64 0 0.00178568369353982
65 0 0.00191470198972177
66 0 0.00199175817293773
67 0 0.00235646924595112
68 0 0.00261074700230313
69 0 0.00292277977365429
70 0 0.00315992723702163
71 0 0.00352270692930345
72 0 0.00385633318807921
73 0 0.00433513446720579
74 0 0.00479258209914246
75 0 0.005687054897764
76 0 0.00586788755453593
77 0 0.00637965751151659
78 0 0.00722541531828813
79 0 0.00768080575486585
80 0 0.00868674131839497
81 0 0.0098412496428848
82 0 0.0106714146584374
83 0 0.0111844006972420
84 0 0.0129172293112457
85 0 0.0134893856188428
86 0 0.0154872476479889
87 0 0.0183129067925513
88 0 0.0194634361116846
89 0 0.0206347744967454
90 0 0.0260694342952090
91 0 0.0261770317465566
92 0 0.0280213707065107
93 0 0.0316582085770358
94 0 0.0406799955510979
95 0 0.0378643564622803
96 0 0.0333263080111887
97 0 0.0472852376040083
98 0 0.0523009886096804
99 0 0.0660363445801138
100 0 0.076353104903299

death 1 F married
1 0 0.000769834532063807
2 0 0.0000483461867075707
3 0 0.0000310052867564803
4 0 0.000034923373917084
5 0 0.0000348400086022105
6 0 0.0000231696190104991
7 0 0.0000248367257986715
8 0 0.0000290046265286614
9 0 0.0000296715083790700
10 0 0.0000131676202490549
11 0 0.0000130842748826687
12 0 0.0000160847562136190
13 0 0.0000127508941811794
14 0 0.0000255869338277037
15 0 0.000020919073340786
16 0 0.0000254202203973097
17 0 0.0000403422833787914
18 0 0.0000261704332417123
19 0 0.0000358403974268784
20 0 0.00004801267666521
21 0 0.0000386748922163171
22 0 0.0000257536475638531
23 0 0.0000390917371397848
24 0 0.0000461783933035642
25 0 0.0000339229951838993
26 0 0.000041592846821259
27 0 0.0000433436645435048
28 0 0.0000418429615742788
29 0 0.0000470955303578657
30 0 0.0000425933099621467
31 0 0.0000635221881777337
32 0 0.0000626048853796801
33 0 0.0000625214946752273
34 0 0.000053015455780514
35 0 0.0000814531471444724
36 0 0.0000782002919720304
37 0 0.0000727791253396504
38 0 0.0000966346772275362
39 0 0.0000929641848083085
40 0 0.000114321854790322
41 0 0.000136185292428426
42 0 0.000104309822162030
43 0 0.000162979346466141
44 0 0.000182933944366193
45 0 0.000184687486627921
46 0 0.000198967590218313
47 0 0.000204730372641015
48 0 0.000239565401769615
49 0 0.000248422477922117
50 0 0.000258784681434809
51 0 0.000267810789133738
52 0 0.000312703917044521
53 0 0.000318724793716529
54 0 0.000371006115002070
55 0 0.000418126893282467
56 0 0.00048093678048533
57 0 0.000457733938865612
58 0 0.00050506731877864
59 0 0.000582445551094213
60 0 0.000556030620908476
61 0 0.000707412565720267
62 0 0.000808754446737114
63 0 0.000913323944701894
64 0 0.00094405307331591
65 0 0.00104658675703484
66 0 0.00105189773397973
67 0 0.00128360672561734
68 0 0.00138398635114978
69 0 0.00159313557944663
70 0 0.00180710316807675
71 0 0.00214640846163616
72 0 0.00249495321858850
73 0 0.00280014102071158
74 0 0.00314086012279546
75 0 0.00360261667343553
76 0 0.00392200536499121
77 0 0.00431363353576264
78 0 0.00507891666365645
79 0 0.00587722322160256
80 0 0.0066941282210129
81 0 0.00715982523347558
82 0 0.00831701405740914
83 0 0.00908894463529186
84 0 0.0105684183581563
85 0 0.0117744404680269
86 0 0.0131570482327826
87 0 0.0148778603488853
88 0 0.0164665802787126
89 0 0.0179908883024592
90 0 0.0202187899054418
91 0 0.0219239747562534
92 0 0.0227939789514592
93 0 0.0264020148185375
94 0 0.0286456813052792
95 0 0.0326268876198407
96 0 0.0387334243224287
97 0 0.0362891208470223
98 0 0.0352200688481255
99 0 0.0438437062294763
100 0 0.0741301995249982

death 1 F single
1 0 0.000769834532063807
2 0 0.0000483461867075707
3 0 0.0000310052867564803
4 0 0.000034923373917084
5 0 0.0000348400086022105
6 0 0.0000231696190104991
7 0 0.0000248367257986715
8 0 0.0000290046265286614
9 0 0.0000296715083790700
10 0 0.0000131676202490549
11 0 0.0000130842748826687
12 0 0.0000160847562136190
13 0 0.0000127508941811794
14 0 0.0000255869338277037
15 0 0.000020919073340786
16 0 0.0000254202203973097
17 0 0.0000403422833787914
18 0 0.0000261704332417123
19 0 0.0000358403974268784
20 0 0.00004801267666521
21 0 0.0000386748922163171
22 0 0.0000257536475638531
23 0 0.0000390917371397848
24 0 0.0000461783933035642
25 0 0.0000339229951838993
26 0 0.000041592846821259
27 0 0.0000433436645435048
28 0 0.0000418429615742788
29 0 0.0000470955303578657
30 0 0.0000425933099621467
31 0 0.0000635221881777337
32 0 0.0000626048853796801
33 0 0.0000625214946752273
34 0 0.000053015455780514
35 0 0.0000814531471444724
36 0 0.0000782002919720304
37 0 0.0000727791253396504
38 0 0.0000966346772275362
39 0 0.0000929641848083085
40 0 0.000114321854790322
41 0 0.000136185292428426
42 0 0.000104309822162030
43 0 0.000162979346466141
44 0 0.000182933944366193
45 0 0.000184687486627921
46 0 0.000198967590218313
47 0 0.000204730372641015
48 0 0.000239565401769615
49 0 0.000248422477922117
50 0 0.000258784681434809
51 0 0.000267810789133738
52 0 0.000312703917044521
53 0 0.000318724793716529
54 0 0.000371006115002070
55 0 0.000418126893282467
56 0 0.00048093678048533
57 0 0.000457733938865612
58 0 0.00050506731877864
59 0 0.000582445551094213
60 0 0.000556030620908476
61 0 0.000707412565720267
62 0 0.000808754446737114
63 0 0.000913323944701894
64 0 0.00094405307331591
65 0 0.00104658675703484
66 0 0.00105189773397973
67 0 0.00128360672561734
68 0 0.00138398635114978
69 0 0.00159313557944663
70 0 0.00180710316807675
71 0 0.00214640846163616
72 0 0.00249495321858850
73 0 0.00280014102071158
74 0 0.00314086012279546
75 0 0.00360261667343553
76 0 0.00392200536499121
77 0 0.00431363353576264
78 0 0.00507891666365645
79 0 0.00587722322160256
80 0 0.0066941282210129
81 0 0.00715982523347558
82 0 0.00831701405740914
83 0 0.00908894463529186
84 0 0.0105684183581563
85 0 0.0117744404680269
86 0 0.0131570482327826
87 0 0.0148778603488853
88 0 0.0164665802787126
89 0 0.0179908883024592
90 0 0.0202187899054418
91 0 0.0219239747562534
92 0 0.0227939789514592
93 0 0.0264020148185375
94 0 0.0286456813052792
95 0 0.0326268876198407
96 0 0.0387334243224287
97 0 0.0362891208470223
98 0 0.0352200688481255
99 0 0.0438437062294763
100 0 0.0741301995249982

death 1 F divorced
1 0 0.000769834532063807
2 0 0.0000483461867075707
3 0 0.0000310052867564803
4 0 0.000034923373917084
5 0 0.0000348400086022105
6 0 0.0000231696190104991
7 0 0.0000248367257986715
8 0 0.0000290046265286614
9 0 0.0000296715083790700
10 0 0.0000131676202490549
11 0 0.0000130842748826687
12 0 0.0000160847562136190
13 0 0.0000127508941811794
14 0 0.0000255869338277037
15 0 0.000020919073340786
16 0 0.0000254202203973097
17 0 0.0000403422833787914
18 0 0.0000261704332417123
19 0 0.0000358403974268784
20 0 0.00004801267666521
21 0 0.0000386748922163171
22 0 0.0000257536475638531
23 0 0.0000390917371397848
24 0 0.0000461783933035642
25 0 0.0000339229951838993
26 0 0.000041592846821259
27 0 0.0000433436645435048
28 0 0.0000418429615742788
29 0 0.0000470955303578657
30 0 0.0000425933099621467
31 0 0.0000635221881777337
32 0 0.0000626048853796801
33 0 0.0000625214946752273
34 0 0.000053015455780514
35 0 0.0000814531471444724
36 0 0.0000782002919720304
37 0 0.0000727791253396504
38 0 0.0000966346772275362
39 0 0.0000929641848083085
40 0 0.000114321854790322
41 0 0.000136185292428426
42 0 0.000104309822162030
43 0 0.000162979346466141
44 0 0.000182933944366193
45 0 0.000184687486627921
46 0 0.000198967590218313
47 0 0.000204730372641015
48 0 0.000239565401769615
49 0 0.000248422477922117
50 0 0.000258784681434809
51 0 0.000267810789133738
52 0 0.000312703917044521
53 0 0.000318724793716529
54 0 0.000371006115002070
55 0 0.000418126893282467
56 0 0.00048093678048533
57 0 0.000457733938865612
58 0 0.00050506731877864
59 0 0.000582445551094213
60 0 0.000556030620908476
61 0 0.000707412565720267
62 0 0.000808754446737114
63 0 0.000913323944701894
64 0 0.00094405307331591
65 0 0.00104658675703484
66 0 0.00105189773397973
67 0 0.00128360672561734
68 0 0.00138398635114978
69 0 0.00159313557944663
70 0 0.00180710316807675
71 0 0.00214640846163616
72 0 0.00249495321858850
73 0 0.00280014102071158
74 0 0.00314086012279546
75 0 0.00360261667343553
76 0 0.00392200536499121
77 0 0.00431363353576264
78 0 0.00507891666365645
79 0 0.00587722322160256
80 0 0.0066941282210129
81 0 0.00715982523347558
82 0 0.00831701405740914
83 0 0.00908894463529186
84 0 0.0105684183581563
85 0 0.0117744404680269
86 0 0.0131570482327826
87 0 0.0148778603488853
88 0 0.0164665802787126
89 0 0.0179908883024592
90 0 0.0202187899054418
91 0 0.0219239747562534
92 0 0.0227939789514592
93 0 0.0264020148185375
94 0 0.0286456813052792
95 0 0.0326268876198407
96 0 0.0387334243224287
97 0 0.0362891208470223
98 0 0.0352200688481255
99 0 0.0438437062294763
100 0 0.0741301995249982

death 1 F widowed
1 0 0.000769834532063807
2 0 0.0000483461867075707
3 0 0.0000310052867564803
4 0 0.000034923373917084
5 0 0.0000348400086022105
6 0 0.0000231696190104991
7 0 0.0000248367257986715
8 0 0.0000290046265286614
9 0 0.0000296715083790700
10 0 0.0000131676202490549
11 0 0.0000130842748826687
12 0 0.0000160847562136190
13 0 0.0000127508941811794
14 0 0.0000255869338277037
15 0 0.000020919073340786
16 0 0.0000254202203973097
17 0 0.0000403422833787914
18 0 0.0000261704332417123
19 0 0.0000358403974268784
20 0 0.00004801267666521
21 0 0.0000386748922163171
22 0 0.0000257536475638531
23 0 0.0000390917371397848
24 0 0.0000461783933035642
25 0 0.0000339229951838993
26 0 0.000041592846821259
27 0 0.0000433436645435048
28 0 0.0000418429615742788
29 0 0.0000470955303578657
30 0 0.0000425933099621467
31 0 0.0000635221881777337
32 0 0.0000626048853796801
33 0 0.0000625214946752273
34 0 0.000053015455780514
35 0 0.0000814531471444724
36 0 0.0000782002919720304
37 0 0.0000727791253396504
38 0 0.0000966346772275362
39 0 0.0000929641848083085
40 0 0.000114321854790322
41 0 0.000136185292428426
42 0 0.000104309822162030
43 0 0.000162979346466141
44 0 0.000182933944366193
45 0 0.000184687486627921
46 0 0.000198967590218313
47 0 0.000204730372641015
48 0 0.000239565401769615
49 0 0.000248422477922117
50 0 0.000258784681434809
51 0 0.000267810789133738
52 0 0.000312703917044521
53 0 0.000318724793716529
54 0 0.000371006115002070
55 0 0.000418126893282467
56 0 0.00048093678048533
57 0 0.000457733938865612
58 0 0.00050506731877864
59 0 0.000582445551094213
60 0 0.000556030620908476
61 0 0.000707412565720267
62 0 0.000808754446737114
63 0 0.000913323944701894
64 0 0.00094405307331591
65 0 0.00104658675703484
66 0 0.00105189773397973
67 0 0.00128360672561734
68 0 0.00138398635114978
69 0 0.00159313557944663
70 0 0.00180710316807675
71 0 0.00214640846163616
72 0 0.00249495321858850
73 0 0.00280014102071158
74 0 0.00314086012279546
75 0 0.00360261667343553
76 0 0.00392200536499121
77 0 0.00431363353576264
78 0 0.00507891666365645
79 0 0.00587722322160256
80 0 0.0066941282210129
81 0 0.00715982523347558
82 0 0.00831701405740914
83 0 0.00908894463529186
84 0 0.0105684183581563
85 0 0.0117744404680269
86 0 0.0131570482327826
87 0 0.0148778603488853
88 0 0.0164665802787126
89 0 0.0179908883024592
90 0 0.0202187899054418
91 0 0.0219239747562534
92 0 0.0227939789514592
93 0 0.0264020148185375
94 0 0.0286456813052792
95 0 0.0326268876198407
96 0 0.0387334243224287
97 0 0.0362891208470223
98 0 0.0352200688481255
99 0 0.0438437062294763
100 0 0.0741301995249982
