*Period monthly mortality rates for SWE in 1840 
* Mon Dec 20 14:19:44 2010
death 1 M married
1 0 0.0170460383157175
2 0 0.00313257882509232
3 0 0.00213651113328817
4 0 0.00128732564154388
5 0 0.000824394357205716
6 0 0.000690533238238644
7 0 0.000629004836240732
8 0 0.000575065368961902
9 0 0.000530126291592881
10 0 0.000479931480444229
11 0 0.000430517939845165
12 0 0.000385985027738345
13 0 0.000367575538353426
14 0 0.000357200923858270
15 0 0.000340219232110028
16 0 0.000342561345768932
17 0 0.000370420397625915
18 0 0.00040289157102158
19 0 0.000437551447713291
20 0 0.000486214788183781
21 0 0.000565170156425543
22 0 0.000624389787788227
23 0 0.000654769504877195
24 0 0.00066752865811981
25 0 0.000675420083942946
26 0 0.000698510638982297
27 0 0.00073193936665461
28 0 0.000741600712264479
29 0 0.000727151080532229
30 0 0.000738156114660882
31 0 0.000795302914508911
32 0 0.000880501566275949
33 0 0.000891861816598283
34 0 0.000900951039996545
35 0 0.000966706676707396
36 0 0.00106547164190030
37 0 0.00113202157290559
38 0 0.00114206312230336
39 0 0.00116873346772051
40 0 0.00124879153826229
41 0 0.00131598330749416
42 0 0.00136740379891320
43 0 0.00140861195327013
44 0 0.00147541396800743
45 0 0.00158024571463811
46 0 0.00168350081849178
47 0 0.00169759402531588
48 0 0.00170659444702537
49 0 0.00174982589167538
50 0 0.00185480516216396
51 0 0.00197710820306973
52 0 0.00208362992135314
53 0 0.00215127219971523
54 0 0.00227705196467343
55 0 0.00242577038828562
56 0 0.00258905119633435
57 0 0.00261494955696506
58 0 0.00266479470127845
59 0 0.00273416021269546
60 0 0.00281028295428665
61 0 0.00293491506483079
62 0 0.00329039867790581
63 0 0.00369578923160585
64 0 0.00414564771586956
65 0 0.00459862940536171
66 0 0.00493396420819758
67 0 0.00501028627452105
68 0 0.00545922044112412
69 0 0.0059392187290791
70 0 0.00622769638302434
71 0 0.00686539306325984
72 0 0.00775603540660641
73 0 0.0086304383370186
74 0 0.0092624225803315
75 0 0.00982684963977987
76 0 0.0105195387407037
77 0 0.0113271082127783
78 0 0.0123525196446332
79 0 0.0137833423476638
80 0 0.0154237489367512
81 0 0.0161686819518827
82 0 0.0185055103681234
83 0 0.0209407332688265
84 0 0.0233550440125121
85 0 0.0254471595244582
86 0 0.0274012139427133
87 0 0.0289169672611769
88 0 0.0306100500819677
89 0 0.0327530080109472
90 0 0.0364940933712111
91 0 0.0420489526435927
92 0 0.0464646586515026
93 0 0.0494724429734711
94 0 0.0493595193379675
95 0 0.046975848646012
96 0 0.0523271740147511
97 0 0.0654737177359962
98 0 0.0503772126417193
99 0 0
100 0 0

death 1 M single
1 0 0.0170460383157175
2 0 0.00313257882509232
3 0 0.00213651113328817
4 0 0.00128732564154388
5 0 0.000824394357205716
6 0 0.000690533238238644
7 0 0.000629004836240732
8 0 0.000575065368961902
9 0 0.000530126291592881
10 0 0.000479931480444229
11 0 0.000430517939845165
12 0 0.000385985027738345
13 0 0.000367575538353426
14 0 0.000357200923858270
15 0 0.000340219232110028
16 0 0.000342561345768932
17 0 0.000370420397625915
18 0 0.00040289157102158
19 0 0.000437551447713291
20 0 0.000486214788183781
21 0 0.000565170156425543
22 0 0.000624389787788227
23 0 0.000654769504877195
24 0 0.00066752865811981
25 0 0.000675420083942946
26 0 0.000698510638982297
27 0 0.00073193936665461
28 0 0.000741600712264479
29 0 0.000727151080532229
30 0 0.000738156114660882
31 0 0.000795302914508911
32 0 0.000880501566275949
33 0 0.000891861816598283
34 0 0.000900951039996545
35 0 0.000966706676707396
36 0 0.00106547164190030
37 0 0.00113202157290559
38 0 0.00114206312230336
39 0 0.00116873346772051
40 0 0.00124879153826229
41 0 0.00131598330749416
42 0 0.00136740379891320
43 0 0.00140861195327013
44 0 0.00147541396800743
45 0 0.00158024571463811
46 0 0.00168350081849178
47 0 0.00169759402531588
48 0 0.00170659444702537
49 0 0.00174982589167538
50 0 0.00185480516216396
51 0 0.00197710820306973
52 0 0.00208362992135314
53 0 0.00215127219971523
54 0 0.00227705196467343
55 0 0.00242577038828562
56 0 0.00258905119633435
57 0 0.00261494955696506
58 0 0.00266479470127845
59 0 0.00273416021269546
60 0 0.00281028295428665
61 0 0.00293491506483079
62 0 0.00329039867790581
63 0 0.00369578923160585
64 0 0.00414564771586956
65 0 0.00459862940536171
66 0 0.00493396420819758
67 0 0.00501028627452105
68 0 0.00545922044112412
69 0 0.0059392187290791
70 0 0.00622769638302434
71 0 0.00686539306325984
72 0 0.00775603540660641
73 0 0.0086304383370186
74 0 0.0092624225803315
75 0 0.00982684963977987
76 0 0.0105195387407037
77 0 0.0113271082127783
78 0 0.0123525196446332
79 0 0.0137833423476638
80 0 0.0154237489367512
81 0 0.0161686819518827
82 0 0.0185055103681234
83 0 0.0209407332688265
84 0 0.0233550440125121
85 0 0.0254471595244582
86 0 0.0274012139427133
87 0 0.0289169672611769
88 0 0.0306100500819677
89 0 0.0327530080109472
90 0 0.0364940933712111
91 0 0.0420489526435927
92 0 0.0464646586515026
93 0 0.0494724429734711
94 0 0.0493595193379675
95 0 0.046975848646012
96 0 0.0523271740147511
97 0 0.0654737177359962
98 0 0.0503772126417193
99 0 0
100 0 0

death 1 M divorced
1 0 0.0170460383157175
2 0 0.00313257882509232
3 0 0.00213651113328817
4 0 0.00128732564154388
5 0 0.000824394357205716
6 0 0.000690533238238644
7 0 0.000629004836240732
8 0 0.000575065368961902
9 0 0.000530126291592881
10 0 0.000479931480444229
11 0 0.000430517939845165
12 0 0.000385985027738345
13 0 0.000367575538353426
14 0 0.000357200923858270
15 0 0.000340219232110028
16 0 0.000342561345768932
17 0 0.000370420397625915
18 0 0.00040289157102158
19 0 0.000437551447713291
20 0 0.000486214788183781
21 0 0.000565170156425543
22 0 0.000624389787788227
23 0 0.000654769504877195
24 0 0.00066752865811981
25 0 0.000675420083942946
26 0 0.000698510638982297
27 0 0.00073193936665461
28 0 0.000741600712264479
29 0 0.000727151080532229
30 0 0.000738156114660882
31 0 0.000795302914508911
32 0 0.000880501566275949
33 0 0.000891861816598283
34 0 0.000900951039996545
35 0 0.000966706676707396
36 0 0.00106547164190030
37 0 0.00113202157290559
38 0 0.00114206312230336
39 0 0.00116873346772051
40 0 0.00124879153826229
41 0 0.00131598330749416
42 0 0.00136740379891320
43 0 0.00140861195327013
44 0 0.00147541396800743
45 0 0.00158024571463811
46 0 0.00168350081849178
47 0 0.00169759402531588
48 0 0.00170659444702537
49 0 0.00174982589167538
50 0 0.00185480516216396
51 0 0.00197710820306973
52 0 0.00208362992135314
53 0 0.00215127219971523
54 0 0.00227705196467343
55 0 0.00242577038828562
56 0 0.00258905119633435
57 0 0.00261494955696506
58 0 0.00266479470127845
59 0 0.00273416021269546
60 0 0.00281028295428665
61 0 0.00293491506483079
62 0 0.00329039867790581
63 0 0.00369578923160585
64 0 0.00414564771586956
65 0 0.00459862940536171
66 0 0.00493396420819758
67 0 0.00501028627452105
68 0 0.00545922044112412
69 0 0.0059392187290791
70 0 0.00622769638302434
71 0 0.00686539306325984
72 0 0.00775603540660641
73 0 0.0086304383370186
74 0 0.0092624225803315
75 0 0.00982684963977987
76 0 0.0105195387407037
77 0 0.0113271082127783
78 0 0.0123525196446332
79 0 0.0137833423476638
80 0 0.0154237489367512
81 0 0.0161686819518827
82 0 0.0185055103681234
83 0 0.0209407332688265
84 0 0.0233550440125121
85 0 0.0254471595244582
86 0 0.0274012139427133
87 0 0.0289169672611769
88 0 0.0306100500819677
89 0 0.0327530080109472
90 0 0.0364940933712111
91 0 0.0420489526435927
92 0 0.0464646586515026
93 0 0.0494724429734711
94 0 0.0493595193379675
95 0 0.046975848646012
96 0 0.0523271740147511
97 0 0.0654737177359962
98 0 0.0503772126417193
99 0 0
100 0 0

death 1 M widowed
1 0 0.0170460383157175
2 0 0.00313257882509232
3 0 0.00213651113328817
4 0 0.00128732564154388
5 0 0.000824394357205716
6 0 0.000690533238238644
7 0 0.000629004836240732
8 0 0.000575065368961902
9 0 0.000530126291592881
10 0 0.000479931480444229
11 0 0.000430517939845165
12 0 0.000385985027738345
13 0 0.000367575538353426
14 0 0.000357200923858270
15 0 0.000340219232110028
16 0 0.000342561345768932
17 0 0.000370420397625915
18 0 0.00040289157102158
19 0 0.000437551447713291
20 0 0.000486214788183781
21 0 0.000565170156425543
22 0 0.000624389787788227
23 0 0.000654769504877195
24 0 0.00066752865811981
25 0 0.000675420083942946
26 0 0.000698510638982297
27 0 0.00073193936665461
28 0 0.000741600712264479
29 0 0.000727151080532229
30 0 0.000738156114660882
31 0 0.000795302914508911
32 0 0.000880501566275949
33 0 0.000891861816598283
34 0 0.000900951039996545
35 0 0.000966706676707396
36 0 0.00106547164190030
37 0 0.00113202157290559
38 0 0.00114206312230336
39 0 0.00116873346772051
40 0 0.00124879153826229
41 0 0.00131598330749416
42 0 0.00136740379891320
43 0 0.00140861195327013
44 0 0.00147541396800743
45 0 0.00158024571463811
46 0 0.00168350081849178
47 0 0.00169759402531588
48 0 0.00170659444702537
49 0 0.00174982589167538
50 0 0.00185480516216396
51 0 0.00197710820306973
52 0 0.00208362992135314
53 0 0.00215127219971523
54 0 0.00227705196467343
55 0 0.00242577038828562
56 0 0.00258905119633435
57 0 0.00261494955696506
58 0 0.00266479470127845
59 0 0.00273416021269546
60 0 0.00281028295428665
61 0 0.00293491506483079
62 0 0.00329039867790581
63 0 0.00369578923160585
64 0 0.00414564771586956
65 0 0.00459862940536171
66 0 0.00493396420819758
67 0 0.00501028627452105
68 0 0.00545922044112412
69 0 0.0059392187290791
70 0 0.00622769638302434
71 0 0.00686539306325984
72 0 0.00775603540660641
73 0 0.0086304383370186
74 0 0.0092624225803315
75 0 0.00982684963977987
76 0 0.0105195387407037
77 0 0.0113271082127783
78 0 0.0123525196446332
79 0 0.0137833423476638
80 0 0.0154237489367512
81 0 0.0161686819518827
82 0 0.0185055103681234
83 0 0.0209407332688265
84 0 0.0233550440125121
85 0 0.0254471595244582
86 0 0.0274012139427133
87 0 0.0289169672611769
88 0 0.0306100500819677
89 0 0.0327530080109472
90 0 0.0364940933712111
91 0 0.0420489526435927
92 0 0.0464646586515026
93 0 0.0494724429734711
94 0 0.0493595193379675
95 0 0.046975848646012
96 0 0.0523271740147511
97 0 0.0654737177359962
98 0 0.0503772126417193
99 0 0
100 0 0

death 1 F married
1 0 0.013874739793595
2 0 0.0028676320069867
3 0 0.00193036336207375
4 0 0.00122260444338229
5 0 0.000838943573200801
6 0 0.000700862006552727
7 0 0.000617929113774562
8 0 0.000551335437197764
9 0 0.000496855513517747
10 0 0.000437886390239117
11 0 0.000385901339803207
12 0 0.000343648776200522
13 0 0.000332775057379386
14 0 0.000335284261631652
15 0 0.000333862370715976
16 0 0.00035201406072094
17 0 0.000384897090592307
18 0 0.000411597156680599
19 0 0.000429178285782816
20 0 0.000447181537853947
21 0 0.00048076922970608
22 0 0.000504564533862939
23 0 0.000510262925823346
24 0 0.000511519972161811
25 0 0.000516799756698605
26 0 0.000539430880311498
27 0 0.000574310611397011
28 0 0.000585632633260058
29 0 0.000579510179581688
30 0 0.000595697837286302
31 0 0.000644613828214902
32 0 0.000713711625776714
33 0 0.000716903316256956
34 0 0.000718415208782242
35 0 0.000760506317349474
36 0 0.000817414924653481
37 0 0.000854925166586917
38 0 0.00085559813747682
39 0 0.000874611625440336
40 0 0.000945316136656937
41 0 0.000998464918967712
42 0 0.00102652586890883
43 0 0.00104321486938042
44 0 0.00106766389185875
45 0 0.00111396645402229
46 0 0.00114138802534192
47 0 0.00112004067274540
48 0 0.00111624423842915
49 0 0.00114400405402548
50 0 0.00122750339004218
51 0 0.00132300116488615
52 0 0.00142918071974674
53 0 0.00152980627793331
54 0 0.00166177100541520
55 0 0.00179681778939866
56 0 0.00193189559801754
57 0 0.00197182797995032
58 0 0.00204961459734698
59 0 0.00212900353548395
60 0 0.00218891098963248
61 0 0.00228978482371833
62 0 0.00256787492224997
63 0 0.00288500724608198
64 0 0.00323969023578585
65 0 0.00363349006920111
66 0 0.00397248788183202
67 0 0.00414652001765814
68 0 0.00462572269055006
69 0 0.00511567603576268
70 0 0.00544054771133118
71 0 0.00604097639658296
72 0 0.00682099646978329
73 0 0.00766955846068862
74 0 0.00836891683707719
75 0 0.00904997881891856
76 0 0.00992937208725297
77 0 0.0107278830533414
78 0 0.0115717097892230
79 0 0.0126125808102805
80 0 0.0138215994402404
81 0 0.0135822272491132
82 0 0.0149064619415419
83 0 0.0162282221891182
84 0 0.0177853800444980
85 0 0.019599158133077
86 0 0.0222443328123075
87 0 0.0250195270569282
88 0 0.0279175379149855
89 0 0.0306562823553076
90 0 0.0338653840398718
91 0 0.0348125583960912
92 0 0.0318850075407454
93 0 0.0266707545563178
94 0 0.0198155394425091
95 0 0.0164758837272638
96 0 0.0264975877171939
97 0 0.0493743539727495
98 0 0.0966052012019148
99 0 1
100 0 1

death 1 F single
1 0 0.013874739793595
2 0 0.0028676320069867
3 0 0.00193036336207375
4 0 0.00122260444338229
5 0 0.000838943573200801
6 0 0.000700862006552727
7 0 0.000617929113774562
8 0 0.000551335437197764
9 0 0.000496855513517747
10 0 0.000437886390239117
11 0 0.000385901339803207
12 0 0.000343648776200522
13 0 0.000332775057379386
14 0 0.000335284261631652
15 0 0.000333862370715976
16 0 0.00035201406072094
17 0 0.000384897090592307
18 0 0.000411597156680599
19 0 0.000429178285782816
20 0 0.000447181537853947
21 0 0.00048076922970608
22 0 0.000504564533862939
23 0 0.000510262925823346
24 0 0.000511519972161811
25 0 0.000516799756698605
26 0 0.000539430880311498
27 0 0.000574310611397011
28 0 0.000585632633260058
29 0 0.000579510179581688
30 0 0.000595697837286302
31 0 0.000644613828214902
32 0 0.000713711625776714
33 0 0.000716903316256956
34 0 0.000718415208782242
35 0 0.000760506317349474
36 0 0.000817414924653481
37 0 0.000854925166586917
38 0 0.00085559813747682
39 0 0.000874611625440336
40 0 0.000945316136656937
41 0 0.000998464918967712
42 0 0.00102652586890883
43 0 0.00104321486938042
44 0 0.00106766389185875
45 0 0.00111396645402229
46 0 0.00114138802534192
47 0 0.00112004067274540
48 0 0.00111624423842915
49 0 0.00114400405402548
50 0 0.00122750339004218
51 0 0.00132300116488615
52 0 0.00142918071974674
53 0 0.00152980627793331
54 0 0.00166177100541520
55 0 0.00179681778939866
56 0 0.00193189559801754
57 0 0.00197182797995032
58 0 0.00204961459734698
59 0 0.00212900353548395
60 0 0.00218891098963248
61 0 0.00228978482371833
62 0 0.00256787492224997
63 0 0.00288500724608198
64 0 0.00323969023578585
65 0 0.00363349006920111
66 0 0.00397248788183202
67 0 0.00414652001765814
68 0 0.00462572269055006
69 0 0.00511567603576268
70 0 0.00544054771133118
71 0 0.00604097639658296
72 0 0.00682099646978329
73 0 0.00766955846068862
74 0 0.00836891683707719
75 0 0.00904997881891856
76 0 0.00992937208725297
77 0 0.0107278830533414
78 0 0.0115717097892230
79 0 0.0126125808102805
80 0 0.0138215994402404
81 0 0.0135822272491132
82 0 0.0149064619415419
83 0 0.0162282221891182
84 0 0.0177853800444980
85 0 0.019599158133077
86 0 0.0222443328123075
87 0 0.0250195270569282
88 0 0.0279175379149855
89 0 0.0306562823553076
90 0 0.0338653840398718
91 0 0.0348125583960912
92 0 0.0318850075407454
93 0 0.0266707545563178
94 0 0.0198155394425091
95 0 0.0164758837272638
96 0 0.0264975877171939
97 0 0.0493743539727495
98 0 0.0966052012019148
99 0 1
100 0 1

death 1 F divorced
1 0 0.013874739793595
2 0 0.0028676320069867
3 0 0.00193036336207375
4 0 0.00122260444338229
5 0 0.000838943573200801
6 0 0.000700862006552727
7 0 0.000617929113774562
8 0 0.000551335437197764
9 0 0.000496855513517747
10 0 0.000437886390239117
11 0 0.000385901339803207
12 0 0.000343648776200522
13 0 0.000332775057379386
14 0 0.000335284261631652
15 0 0.000333862370715976
16 0 0.00035201406072094
17 0 0.000384897090592307
18 0 0.000411597156680599
19 0 0.000429178285782816
20 0 0.000447181537853947
21 0 0.00048076922970608
22 0 0.000504564533862939
23 0 0.000510262925823346
24 0 0.000511519972161811
25 0 0.000516799756698605
26 0 0.000539430880311498
27 0 0.000574310611397011
28 0 0.000585632633260058
29 0 0.000579510179581688
30 0 0.000595697837286302
31 0 0.000644613828214902
32 0 0.000713711625776714
33 0 0.000716903316256956
34 0 0.000718415208782242
35 0 0.000760506317349474
36 0 0.000817414924653481
37 0 0.000854925166586917
38 0 0.00085559813747682
39 0 0.000874611625440336
40 0 0.000945316136656937
41 0 0.000998464918967712
42 0 0.00102652586890883
43 0 0.00104321486938042
44 0 0.00106766389185875
45 0 0.00111396645402229
46 0 0.00114138802534192
47 0 0.00112004067274540
48 0 0.00111624423842915
49 0 0.00114400405402548
50 0 0.00122750339004218
51 0 0.00132300116488615
52 0 0.00142918071974674
53 0 0.00152980627793331
54 0 0.00166177100541520
55 0 0.00179681778939866
56 0 0.00193189559801754
57 0 0.00197182797995032
58 0 0.00204961459734698
59 0 0.00212900353548395
60 0 0.00218891098963248
61 0 0.00228978482371833
62 0 0.00256787492224997
63 0 0.00288500724608198
64 0 0.00323969023578585
65 0 0.00363349006920111
66 0 0.00397248788183202
67 0 0.00414652001765814
68 0 0.00462572269055006
69 0 0.00511567603576268
70 0 0.00544054771133118
71 0 0.00604097639658296
72 0 0.00682099646978329
73 0 0.00766955846068862
74 0 0.00836891683707719
75 0 0.00904997881891856
76 0 0.00992937208725297
77 0 0.0107278830533414
78 0 0.0115717097892230
79 0 0.0126125808102805
80 0 0.0138215994402404
81 0 0.0135822272491132
82 0 0.0149064619415419
83 0 0.0162282221891182
84 0 0.0177853800444980
85 0 0.019599158133077
86 0 0.0222443328123075
87 0 0.0250195270569282
88 0 0.0279175379149855
89 0 0.0306562823553076
90 0 0.0338653840398718
91 0 0.0348125583960912
92 0 0.0318850075407454
93 0 0.0266707545563178
94 0 0.0198155394425091
95 0 0.0164758837272638
96 0 0.0264975877171939
97 0 0.0493743539727495
98 0 0.0966052012019148
99 0 1
100 0 1

death 1 F widowed
1 0 0.013874739793595
2 0 0.0028676320069867
3 0 0.00193036336207375
4 0 0.00122260444338229
5 0 0.000838943573200801
6 0 0.000700862006552727
7 0 0.000617929113774562
8 0 0.000551335437197764
9 0 0.000496855513517747
10 0 0.000437886390239117
11 0 0.000385901339803207
12 0 0.000343648776200522
13 0 0.000332775057379386
14 0 0.000335284261631652
15 0 0.000333862370715976
16 0 0.00035201406072094
17 0 0.000384897090592307
18 0 0.000411597156680599
19 0 0.000429178285782816
20 0 0.000447181537853947
21 0 0.00048076922970608
22 0 0.000504564533862939
23 0 0.000510262925823346
24 0 0.000511519972161811
25 0 0.000516799756698605
26 0 0.000539430880311498
27 0 0.000574310611397011
28 0 0.000585632633260058
29 0 0.000579510179581688
30 0 0.000595697837286302
31 0 0.000644613828214902
32 0 0.000713711625776714
33 0 0.000716903316256956
34 0 0.000718415208782242
35 0 0.000760506317349474
36 0 0.000817414924653481
37 0 0.000854925166586917
38 0 0.00085559813747682
39 0 0.000874611625440336
40 0 0.000945316136656937
41 0 0.000998464918967712
42 0 0.00102652586890883
43 0 0.00104321486938042
44 0 0.00106766389185875
45 0 0.00111396645402229
46 0 0.00114138802534192
47 0 0.00112004067274540
48 0 0.00111624423842915
49 0 0.00114400405402548
50 0 0.00122750339004218
51 0 0.00132300116488615
52 0 0.00142918071974674
53 0 0.00152980627793331
54 0 0.00166177100541520
55 0 0.00179681778939866
56 0 0.00193189559801754
57 0 0.00197182797995032
58 0 0.00204961459734698
59 0 0.00212900353548395
60 0 0.00218891098963248
61 0 0.00228978482371833
62 0 0.00256787492224997
63 0 0.00288500724608198
64 0 0.00323969023578585
65 0 0.00363349006920111
66 0 0.00397248788183202
67 0 0.00414652001765814
68 0 0.00462572269055006
69 0 0.00511567603576268
70 0 0.00544054771133118
71 0 0.00604097639658296
72 0 0.00682099646978329
73 0 0.00766955846068862
74 0 0.00836891683707719
75 0 0.00904997881891856
76 0 0.00992937208725297
77 0 0.0107278830533414
78 0 0.0115717097892230
79 0 0.0126125808102805
80 0 0.0138215994402404
81 0 0.0135822272491132
82 0 0.0149064619415419
83 0 0.0162282221891182
84 0 0.0177853800444980
85 0 0.019599158133077
86 0 0.0222443328123075
87 0 0.0250195270569282
88 0 0.0279175379149855
89 0 0.0306562823553076
90 0 0.0338653840398718
91 0 0.0348125583960912
92 0 0.0318850075407454
93 0 0.0266707545563178
94 0 0.0198155394425091
95 0 0.0164758837272638
96 0 0.0264975877171939
97 0 0.0493743539727495
98 0 0.0966052012019148
99 0 1
100 0 1
