*Period monthly mortality rates for SWE in 2073 
* Mon Dec 20 14:21:52 2010
death 1 M married
1 0 0.000156801823476993
2 0 0.0000158347123201397
3 0 0.00000500013750526218
4 0 0.00000416676215586609
5 0 0.00000333339444602565
6 0 0.00000250003437562984
7 0 0.00000250003437562984
8 0 0.00000250003437562984
9 0 0.00000250003437562984
10 0 0.00000250003437562984
11 0 0.00000250003437562984
12 0 0.00000250003437562984
13 0 0.00000250003437562984
14 0 0.00000416676215586609
15 0 0.00000416676215586609
16 0 0.00000583352049443597
17 0 0.00000833371530217786
18 0 0.0000108339788730261
19 0 0.0000133343112110884
20 0 0.0000183351822042876
21 0 0.0000216692490401238
22 0 0.0000233363283135279
23 0 0.0000241698794146705
24 0 0.0000233363283135279
25 0 0.0000233363283135279
26 0 0.0000225027848553827
27 0 0.0000225027848553827
28 0 0.0000208357208674181
29 0 0.0000208357208674181
30 0 0.0000208357208674181
31 0 0.0000216692490401238
32 0 0.0000200022003373768
33 0 0.0000208357208674181
34 0 0.0000216692490401238
35 0 0.0000225027848553827
36 0 0.0000241698794146705
37 0 0.0000258370045466139
38 0 0.0000266705785775256
39 0 0.0000300049511388067
40 0 0.0000325058108229248
41 0 0.0000341730888351321
42 0 0.0000375077365993848
43 0 0.0000416762183291786
44 0 0.0000466786487315352
45 0 0.0000500137552731372
46 0 0.000055850486162301
47 0 0.000061687591838111
48 0 0.0000666911236122392
49 0 0.0000750309553007034
50 0 0.0000817033715945215
51 0 0.0000900445807636707
52 0 0.000101723559627565
53 0 0.000111735307382288
54 0 0.000127589496870306
55 0 0.000137604094123889
56 0 0.000150123892499576
57 0 0.000166819639945581
58 0 0.000186858585824345
59 0 0.000197714859778153
60 0 0.00022193737544296
61 0 0.000238646320656399
62 0 0.000264551257946888
63 0 0.000293807644791144
64 0 0.000323073452733302
65 0 0.000361551424450379
66 0 0.000391675988146045
67 0 0.000430183024477948
68 0 0.000481271882970646
69 0 0.000527360246250774
70 0 0.000585213273956109
71 0 0.000652335396287174
72 0 0.000717827247588065
73 0 0.00080354174160413
74 0 0.000896911272859957
75 0 0.00100385734144059
76 0 0.00114383527570705
77 0 0.00126459192265271
78 0 0.00148032657598951
79 0 0.00169657516589272
80 0 0.0019559040065954
81 0 0.00227747921283927
82 0 0.00268513527363201
83 0 0.00319470701193691
84 0 0.00376273482608169
85 0 0.00455489393833619
86 0 0.00545311376863222
87 0 0.00655812029508707
88 0 0.00778845158981745
89 0 0.00939471522762803
90 0 0.0111375416402145
91 0 0.0132442388466556
92 0 0.0159946768119453
93 0 0.0192431599192937
94 0 0.0222508435580259
95 0 0.0261344231279232
96 0 0.0293098015759889
97 0 0.0347144173988718
98 0 0.0392627722306632
99 0 0.0433716153687704
100 0 0.0490253973694698

death 1 M single
1 0 0.000156801823476993
2 0 0.0000158347123201397
3 0 0.00000500013750526218
4 0 0.00000416676215586609
5 0 0.00000333339444602565
6 0 0.00000250003437562984
7 0 0.00000250003437562984
8 0 0.00000250003437562984
9 0 0.00000250003437562984
10 0 0.00000250003437562984
11 0 0.00000250003437562984
12 0 0.00000250003437562984
13 0 0.00000250003437562984
14 0 0.00000416676215586609
15 0 0.00000416676215586609
16 0 0.00000583352049443597
17 0 0.00000833371530217786
18 0 0.0000108339788730261
19 0 0.0000133343112110884
20 0 0.0000183351822042876
21 0 0.0000216692490401238
22 0 0.0000233363283135279
23 0 0.0000241698794146705
24 0 0.0000233363283135279
25 0 0.0000233363283135279
26 0 0.0000225027848553827
27 0 0.0000225027848553827
28 0 0.0000208357208674181
29 0 0.0000208357208674181
30 0 0.0000208357208674181
31 0 0.0000216692490401238
32 0 0.0000200022003373768
33 0 0.0000208357208674181
34 0 0.0000216692490401238
35 0 0.0000225027848553827
36 0 0.0000241698794146705
37 0 0.0000258370045466139
38 0 0.0000266705785775256
39 0 0.0000300049511388067
40 0 0.0000325058108229248
41 0 0.0000341730888351321
42 0 0.0000375077365993848
43 0 0.0000416762183291786
44 0 0.0000466786487315352
45 0 0.0000500137552731372
46 0 0.000055850486162301
47 0 0.000061687591838111
48 0 0.0000666911236122392
49 0 0.0000750309553007034
50 0 0.0000817033715945215
51 0 0.0000900445807636707
52 0 0.000101723559627565
53 0 0.000111735307382288
54 0 0.000127589496870306
55 0 0.000137604094123889
56 0 0.000150123892499576
57 0 0.000166819639945581
58 0 0.000186858585824345
59 0 0.000197714859778153
60 0 0.00022193737544296
61 0 0.000238646320656399
62 0 0.000264551257946888
63 0 0.000293807644791144
64 0 0.000323073452733302
65 0 0.000361551424450379
66 0 0.000391675988146045
67 0 0.000430183024477948
68 0 0.000481271882970646
69 0 0.000527360246250774
70 0 0.000585213273956109
71 0 0.000652335396287174
72 0 0.000717827247588065
73 0 0.00080354174160413
74 0 0.000896911272859957
75 0 0.00100385734144059
76 0 0.00114383527570705
77 0 0.00126459192265271
78 0 0.00148032657598951
79 0 0.00169657516589272
80 0 0.0019559040065954
81 0 0.00227747921283927
82 0 0.00268513527363201
83 0 0.00319470701193691
84 0 0.00376273482608169
85 0 0.00455489393833619
86 0 0.00545311376863222
87 0 0.00655812029508707
88 0 0.00778845158981745
89 0 0.00939471522762803
90 0 0.0111375416402145
91 0 0.0132442388466556
92 0 0.0159946768119453
93 0 0.0192431599192937
94 0 0.0222508435580259
95 0 0.0261344231279232
96 0 0.0293098015759889
97 0 0.0347144173988718
98 0 0.0392627722306632
99 0 0.0433716153687704
100 0 0.0490253973694698

death 1 M divorced
1 0 0.000156801823476993
2 0 0.0000158347123201397
3 0 0.00000500013750526218
4 0 0.00000416676215586609
5 0 0.00000333339444602565
6 0 0.00000250003437562984
7 0 0.00000250003437562984
8 0 0.00000250003437562984
9 0 0.00000250003437562984
10 0 0.00000250003437562984
11 0 0.00000250003437562984
12 0 0.00000250003437562984
13 0 0.00000250003437562984
14 0 0.00000416676215586609
15 0 0.00000416676215586609
16 0 0.00000583352049443597
17 0 0.00000833371530217786
18 0 0.0000108339788730261
19 0 0.0000133343112110884
20 0 0.0000183351822042876
21 0 0.0000216692490401238
22 0 0.0000233363283135279
23 0 0.0000241698794146705
24 0 0.0000233363283135279
25 0 0.0000233363283135279
26 0 0.0000225027848553827
27 0 0.0000225027848553827
28 0 0.0000208357208674181
29 0 0.0000208357208674181
30 0 0.0000208357208674181
31 0 0.0000216692490401238
32 0 0.0000200022003373768
33 0 0.0000208357208674181
34 0 0.0000216692490401238
35 0 0.0000225027848553827
36 0 0.0000241698794146705
37 0 0.0000258370045466139
38 0 0.0000266705785775256
39 0 0.0000300049511388067
40 0 0.0000325058108229248
41 0 0.0000341730888351321
42 0 0.0000375077365993848
43 0 0.0000416762183291786
44 0 0.0000466786487315352
45 0 0.0000500137552731372
46 0 0.000055850486162301
47 0 0.000061687591838111
48 0 0.0000666911236122392
49 0 0.0000750309553007034
50 0 0.0000817033715945215
51 0 0.0000900445807636707
52 0 0.000101723559627565
53 0 0.000111735307382288
54 0 0.000127589496870306
55 0 0.000137604094123889
56 0 0.000150123892499576
57 0 0.000166819639945581
58 0 0.000186858585824345
59 0 0.000197714859778153
60 0 0.00022193737544296
61 0 0.000238646320656399
62 0 0.000264551257946888
63 0 0.000293807644791144
64 0 0.000323073452733302
65 0 0.000361551424450379
66 0 0.000391675988146045
67 0 0.000430183024477948
68 0 0.000481271882970646
69 0 0.000527360246250774
70 0 0.000585213273956109
71 0 0.000652335396287174
72 0 0.000717827247588065
73 0 0.00080354174160413
74 0 0.000896911272859957
75 0 0.00100385734144059
76 0 0.00114383527570705
77 0 0.00126459192265271
78 0 0.00148032657598951
79 0 0.00169657516589272
80 0 0.0019559040065954
81 0 0.00227747921283927
82 0 0.00268513527363201
83 0 0.00319470701193691
84 0 0.00376273482608169
85 0 0.00455489393833619
86 0 0.00545311376863222
87 0 0.00655812029508707
88 0 0.00778845158981745
89 0 0.00939471522762803
90 0 0.0111375416402145
91 0 0.0132442388466556
92 0 0.0159946768119453
93 0 0.0192431599192937
94 0 0.0222508435580259
95 0 0.0261344231279232
96 0 0.0293098015759889
97 0 0.0347144173988718
98 0 0.0392627722306632
99 0 0.0433716153687704
100 0 0.0490253973694698

death 1 M widowed
1 0 0.000156801823476993
2 0 0.0000158347123201397
3 0 0.00000500013750526218
4 0 0.00000416676215586609
5 0 0.00000333339444602565
6 0 0.00000250003437562984
7 0 0.00000250003437562984
8 0 0.00000250003437562984
9 0 0.00000250003437562984
10 0 0.00000250003437562984
11 0 0.00000250003437562984
12 0 0.00000250003437562984
13 0 0.00000250003437562984
14 0 0.00000416676215586609
15 0 0.00000416676215586609
16 0 0.00000583352049443597
17 0 0.00000833371530217786
18 0 0.0000108339788730261
19 0 0.0000133343112110884
20 0 0.0000183351822042876
21 0 0.0000216692490401238
22 0 0.0000233363283135279
23 0 0.0000241698794146705
24 0 0.0000233363283135279
25 0 0.0000233363283135279
26 0 0.0000225027848553827
27 0 0.0000225027848553827
28 0 0.0000208357208674181
29 0 0.0000208357208674181
30 0 0.0000208357208674181
31 0 0.0000216692490401238
32 0 0.0000200022003373768
33 0 0.0000208357208674181
34 0 0.0000216692490401238
35 0 0.0000225027848553827
36 0 0.0000241698794146705
37 0 0.0000258370045466139
38 0 0.0000266705785775256
39 0 0.0000300049511388067
40 0 0.0000325058108229248
41 0 0.0000341730888351321
42 0 0.0000375077365993848
43 0 0.0000416762183291786
44 0 0.0000466786487315352
45 0 0.0000500137552731372
46 0 0.000055850486162301
47 0 0.000061687591838111
48 0 0.0000666911236122392
49 0 0.0000750309553007034
50 0 0.0000817033715945215
51 0 0.0000900445807636707
52 0 0.000101723559627565
53 0 0.000111735307382288
54 0 0.000127589496870306
55 0 0.000137604094123889
56 0 0.000150123892499576
57 0 0.000166819639945581
58 0 0.000186858585824345
59 0 0.000197714859778153
60 0 0.00022193737544296
61 0 0.000238646320656399
62 0 0.000264551257946888
63 0 0.000293807644791144
64 0 0.000323073452733302
65 0 0.000361551424450379
66 0 0.000391675988146045
67 0 0.000430183024477948
68 0 0.000481271882970646
69 0 0.000527360246250774
70 0 0.000585213273956109
71 0 0.000652335396287174
72 0 0.000717827247588065
73 0 0.00080354174160413
74 0 0.000896911272859957
75 0 0.00100385734144059
76 0 0.00114383527570705
77 0 0.00126459192265271
78 0 0.00148032657598951
79 0 0.00169657516589272
80 0 0.0019559040065954
81 0 0.00227747921283927
82 0 0.00268513527363201
83 0 0.00319470701193691
84 0 0.00376273482608169
85 0 0.00455489393833619
86 0 0.00545311376863222
87 0 0.00655812029508707
88 0 0.00778845158981745
89 0 0.00939471522762803
90 0 0.0111375416402145
91 0 0.0132442388466556
92 0 0.0159946768119453
93 0 0.0192431599192937
94 0 0.0222508435580259
95 0 0.0261344231279232
96 0 0.0293098015759889
97 0 0.0347144173988718
98 0 0.0392627722306632
99 0 0.0433716153687704
100 0 0.0490253973694698

death 1 F married
1 0 0.000155132294736626
2 0 0.0000166681946396352
3 0 0.00000500013750526218
4 0 0.00000333339444602565
5 0 0.00000333339444602565
6 0 0.00000333339444602565
7 0 0.00000250003437562984
8 0 0.00000166668194467867
9 0 0.00000250003437562984
10 0 0.00000250003437562984
11 0 0.00000250003437562984
12 0 0.00000250003437562984
13 0 0.00000250003437562984
14 0 0.00000250003437562984
15 0 0.00000333339444602565
16 0 0.00000500013750526218
17 0 0.00000583352049443597
18 0 0.00000666691112360951
19 0 0.00000666691112360951
20 0 0.00000750030939278279
21 0 0.00000916712885190574
22 0 0.00000916712885190574
23 0 0.00000833371530217786
24 0 0.00000916712885190574
25 0 0.00000750030939278279
26 0 0.00000750030939278279
27 0 0.00000833371530217786
28 0 0.00000833371530217786
29 0 0.00000833371530217786
30 0 0.00000916712885190574
31 0 0.0000100005500421885
32 0 0.0000108339788730261
33 0 0.0000108339788730261
34 0 0.0000108339788730261
35 0 0.0000116674153447516
36 0 0.0000133343112110884
37 0 0.0000158347123201397
38 0 0.0000166681946396352
39 0 0.0000175016846010179
40 0 0.0000183351822042876
41 0 0.0000191686874497776
42 0 0.0000208357208674181
43 0 0.0000250034381590325
44 0 0.0000266705785775256
45 0 0.0000308385633891461
46 0 0.0000358403974268784
47 0 0.0000416762183291786
48 0 0.0000483461867075707
49 0 0.0000583520569852336
50 0 0.0000683590287403613
51 0 0.0000800352216044908
52 0 0.0000925470927749528
53 0 0.000100055042203562
54 0 0.000109232267063164
55 0 0.000121748157967727
56 0 0.000135934917957492
57 0 0.0001542975418658
58 0 0.000168489383372439
59 0 0.000186858585824345
60 0 0.000200220337924772
61 0 0.000227785156858840
62 0 0.000251180045748089
63 0 0.000266222797798643
64 0 0.000296315773371636
65 0 0.000319728311943712
66 0 0.000356531634559953
67 0 0.000383307052038151
68 0 0.000419298946955804
69 0 0.000460330352360039
70 0 0.000498866499248907
71 0 0.000560055257209369
72 0 0.00061457310079549
73 0 0.000679198136817494
74 0 0.000757313094558953
75 0 0.000849793927500175
76 0 0.000948263352763878
77 0 0.00106707366550995
78 0 0.00121390524126508
79 0 0.00136858816648544
80 0 0.00157693874176534
81 0 0.00180701816016959
82 0 0.00209650621597524
83 0 0.00237494437332109
84 0 0.00276070140506157
85 0 0.00318607554957617
86 0 0.00387137704415441
87 0 0.00465396445648347
88 0 0.00557532565719254
89 0 0.00670067826678411
90 0 0.0080121409052436
91 0 0.00943910265477399
92 0 0.0114065827227195
93 0 0.0132509938686590
94 0 0.0155678233015338
95 0 0.0179096244948784
96 0 0.0208098843792134
97 0 0.0238849888455698
98 0 0.0277311274399529
99 0 0.0316928800025822
100 0 0.0347414628569687

death 1 F single
1 0 0.000155132294736626
2 0 0.0000166681946396352
3 0 0.00000500013750526218
4 0 0.00000333339444602565
5 0 0.00000333339444602565
6 0 0.00000333339444602565
7 0 0.00000250003437562984
8 0 0.00000166668194467867
9 0 0.00000250003437562984
10 0 0.00000250003437562984
11 0 0.00000250003437562984
12 0 0.00000250003437562984
13 0 0.00000250003437562984
14 0 0.00000250003437562984
15 0 0.00000333339444602565
16 0 0.00000500013750526218
17 0 0.00000583352049443597
18 0 0.00000666691112360951
19 0 0.00000666691112360951
20 0 0.00000750030939278279
21 0 0.00000916712885190574
22 0 0.00000916712885190574
23 0 0.00000833371530217786
24 0 0.00000916712885190574
25 0 0.00000750030939278279
26 0 0.00000750030939278279
27 0 0.00000833371530217786
28 0 0.00000833371530217786
29 0 0.00000833371530217786
30 0 0.00000916712885190574
31 0 0.0000100005500421885
32 0 0.0000108339788730261
33 0 0.0000108339788730261
34 0 0.0000108339788730261
35 0 0.0000116674153447516
36 0 0.0000133343112110884
37 0 0.0000158347123201397
38 0 0.0000166681946396352
39 0 0.0000175016846010179
40 0 0.0000183351822042876
41 0 0.0000191686874497776
42 0 0.0000208357208674181
43 0 0.0000250034381590325
44 0 0.0000266705785775256
45 0 0.0000308385633891461
46 0 0.0000358403974268784
47 0 0.0000416762183291786
48 0 0.0000483461867075707
49 0 0.0000583520569852336
50 0 0.0000683590287403613
51 0 0.0000800352216044908
52 0 0.0000925470927749528
53 0 0.000100055042203562
54 0 0.000109232267063164
55 0 0.000121748157967727
56 0 0.000135934917957492
57 0 0.0001542975418658
58 0 0.000168489383372439
59 0 0.000186858585824345
60 0 0.000200220337924772
61 0 0.000227785156858840
62 0 0.000251180045748089
63 0 0.000266222797798643
64 0 0.000296315773371636
65 0 0.000319728311943712
66 0 0.000356531634559953
67 0 0.000383307052038151
68 0 0.000419298946955804
69 0 0.000460330352360039
70 0 0.000498866499248907
71 0 0.000560055257209369
72 0 0.00061457310079549
73 0 0.000679198136817494
74 0 0.000757313094558953
75 0 0.000849793927500175
76 0 0.000948263352763878
77 0 0.00106707366550995
78 0 0.00121390524126508
79 0 0.00136858816648544
80 0 0.00157693874176534
81 0 0.00180701816016959
82 0 0.00209650621597524
83 0 0.00237494437332109
84 0 0.00276070140506157
85 0 0.00318607554957617
86 0 0.00387137704415441
87 0 0.00465396445648347
88 0 0.00557532565719254
89 0 0.00670067826678411
90 0 0.0080121409052436
91 0 0.00943910265477399
92 0 0.0114065827227195
93 0 0.0132509938686590
94 0 0.0155678233015338
95 0 0.0179096244948784
96 0 0.0208098843792134
97 0 0.0238849888455698
98 0 0.0277311274399529
99 0 0.0316928800025822
100 0 0.0347414628569687

death 1 F divorced
1 0 0.000155132294736626
2 0 0.0000166681946396352
3 0 0.00000500013750526218
4 0 0.00000333339444602565
5 0 0.00000333339444602565
6 0 0.00000333339444602565
7 0 0.00000250003437562984
8 0 0.00000166668194467867
9 0 0.00000250003437562984
10 0 0.00000250003437562984
11 0 0.00000250003437562984
12 0 0.00000250003437562984
13 0 0.00000250003437562984
14 0 0.00000250003437562984
15 0 0.00000333339444602565
16 0 0.00000500013750526218
17 0 0.00000583352049443597
18 0 0.00000666691112360951
19 0 0.00000666691112360951
20 0 0.00000750030939278279
21 0 0.00000916712885190574
22 0 0.00000916712885190574
23 0 0.00000833371530217786
24 0 0.00000916712885190574
25 0 0.00000750030939278279
26 0 0.00000750030939278279
27 0 0.00000833371530217786
28 0 0.00000833371530217786
29 0 0.00000833371530217786
30 0 0.00000916712885190574
31 0 0.0000100005500421885
32 0 0.0000108339788730261
33 0 0.0000108339788730261
34 0 0.0000108339788730261
35 0 0.0000116674153447516
36 0 0.0000133343112110884
37 0 0.0000158347123201397
38 0 0.0000166681946396352
39 0 0.0000175016846010179
40 0 0.0000183351822042876
41 0 0.0000191686874497776
42 0 0.0000208357208674181
43 0 0.0000250034381590325
44 0 0.0000266705785775256
45 0 0.0000308385633891461
46 0 0.0000358403974268784
47 0 0.0000416762183291786
48 0 0.0000483461867075707
49 0 0.0000583520569852336
50 0 0.0000683590287403613
51 0 0.0000800352216044908
52 0 0.0000925470927749528
53 0 0.000100055042203562
54 0 0.000109232267063164
55 0 0.000121748157967727
56 0 0.000135934917957492
57 0 0.0001542975418658
58 0 0.000168489383372439
59 0 0.000186858585824345
60 0 0.000200220337924772
61 0 0.000227785156858840
62 0 0.000251180045748089
63 0 0.000266222797798643
64 0 0.000296315773371636
65 0 0.000319728311943712
66 0 0.000356531634559953
67 0 0.000383307052038151
68 0 0.000419298946955804
69 0 0.000460330352360039
70 0 0.000498866499248907
71 0 0.000560055257209369
72 0 0.00061457310079549
73 0 0.000679198136817494
74 0 0.000757313094558953
75 0 0.000849793927500175
76 0 0.000948263352763878
77 0 0.00106707366550995
78 0 0.00121390524126508
79 0 0.00136858816648544
80 0 0.00157693874176534
81 0 0.00180701816016959
82 0 0.00209650621597524
83 0 0.00237494437332109
84 0 0.00276070140506157
85 0 0.00318607554957617
86 0 0.00387137704415441
87 0 0.00465396445648347
88 0 0.00557532565719254
89 0 0.00670067826678411
90 0 0.0080121409052436
91 0 0.00943910265477399
92 0 0.0114065827227195
93 0 0.0132509938686590
94 0 0.0155678233015338
95 0 0.0179096244948784
96 0 0.0208098843792134
97 0 0.0238849888455698
98 0 0.0277311274399529
99 0 0.0316928800025822
100 0 0.0347414628569687

death 1 F widowed
1 0 0.000155132294736626
2 0 0.0000166681946396352
3 0 0.00000500013750526218
4 0 0.00000333339444602565
5 0 0.00000333339444602565
6 0 0.00000333339444602565
7 0 0.00000250003437562984
8 0 0.00000166668194467867
9 0 0.00000250003437562984
10 0 0.00000250003437562984
11 0 0.00000250003437562984
12 0 0.00000250003437562984
13 0 0.00000250003437562984
14 0 0.00000250003437562984
15 0 0.00000333339444602565
16 0 0.00000500013750526218
17 0 0.00000583352049443597
18 0 0.00000666691112360951
19 0 0.00000666691112360951
20 0 0.00000750030939278279
21 0 0.00000916712885190574
22 0 0.00000916712885190574
23 0 0.00000833371530217786
24 0 0.00000916712885190574
25 0 0.00000750030939278279
26 0 0.00000750030939278279
27 0 0.00000833371530217786
28 0 0.00000833371530217786
29 0 0.00000833371530217786
30 0 0.00000916712885190574
31 0 0.0000100005500421885
32 0 0.0000108339788730261
33 0 0.0000108339788730261
34 0 0.0000108339788730261
35 0 0.0000116674153447516
36 0 0.0000133343112110884
37 0 0.0000158347123201397
38 0 0.0000166681946396352
39 0 0.0000175016846010179
40 0 0.0000183351822042876
41 0 0.0000191686874497776
42 0 0.0000208357208674181
43 0 0.0000250034381590325
44 0 0.0000266705785775256
45 0 0.0000308385633891461
46 0 0.0000358403974268784
47 0 0.0000416762183291786
48 0 0.0000483461867075707
49 0 0.0000583520569852336
50 0 0.0000683590287403613
51 0 0.0000800352216044908
52 0 0.0000925470927749528
53 0 0.000100055042203562
54 0 0.000109232267063164
55 0 0.000121748157967727
56 0 0.000135934917957492
57 0 0.0001542975418658
58 0 0.000168489383372439
59 0 0.000186858585824345
60 0 0.000200220337924772
61 0 0.000227785156858840
62 0 0.000251180045748089
63 0 0.000266222797798643
64 0 0.000296315773371636
65 0 0.000319728311943712
66 0 0.000356531634559953
67 0 0.000383307052038151
68 0 0.000419298946955804
69 0 0.000460330352360039
70 0 0.000498866499248907
71 0 0.000560055257209369
72 0 0.00061457310079549
73 0 0.000679198136817494
74 0 0.000757313094558953
75 0 0.000849793927500175
76 0 0.000948263352763878
77 0 0.00106707366550995
78 0 0.00121390524126508
79 0 0.00136858816648544
80 0 0.00157693874176534
81 0 0.00180701816016959
82 0 0.00209650621597524
83 0 0.00237494437332109
84 0 0.00276070140506157
85 0 0.00318607554957617
86 0 0.00387137704415441
87 0 0.00465396445648347
88 0 0.00557532565719254
89 0 0.00670067826678411
90 0 0.0080121409052436
91 0 0.00943910265477399
92 0 0.0114065827227195
93 0 0.0132509938686590
94 0 0.0155678233015338
95 0 0.0179096244948784
96 0 0.0208098843792134
97 0 0.0238849888455698
98 0 0.0277311274399529
99 0 0.0316928800025822
100 0 0.0347414628569687
