*Period monthly mortality rates for SWE in 1893 
* Mon Dec 20 14:20:25 2010
death 1 M married
1 0 0.0104722762521411
2 0 0.00254593226084987
3 0 0.00174957102910545
4 0 0.00132739817122773
5 0 0.000996442843084089
6 0 0.000835915798660825
7 0 0.000704557135703165
8 0 0.000535407157448820
9 0 0.000469627796236938
10 0 0.000455221351280954
11 0 0.00038615240383999
12 0 0.000297653470250903
13 0 0.000313707368789884
14 0 0.000309359157909972
15 0 0.000234218151012322
16 0 0.000348584200932422
17 0 0.000355444049963238
18 0 0.000443329379327673
19 0 0.000396614021985209
20 0 0.000494174268440672
21 0 0.00051403411701223
22 0 0.000512525621754079
23 0 0.000544879955732602
24 0 0.000561396842260531
25 0 0.000542364957238362
26 0 0.000461000406595469
27 0 0.000505402510268094
28 0 0.000537838135371338
29 0 0.000507832685546661
30 0 0.000597291596847294
31 0 0.000554269898583981
32 0 0.000552844576930722
33 0 0.000609874890879936
34 0 0.00051512360138517
35 0 0.00053322771529607
36 0 0.000683312195309149
37 0 0.00060173749497161
38 0 0.000677015242658952
39 0 0.000703045473793407
40 0 0.000710268085491905
41 0 0.000801608072217075
42 0 0.000687930237999956
43 0 0.000737568025684476
44 0 0.000821703428121157
45 0 0.000766220785671567
46 0 0.000861907482067492
47 0 0.000801439928998282
48 0 0.000942958432628371
49 0 0.000902886825426497
50 0 0.00100520549708860
51 0 0.00111877517700432
52 0 0.00120343352095564
53 0 0.00116012382913433
54 0 0.00128724111903566
55 0 0.00142418622868323
56 0 0.00153150126602342
57 0 0.00158338321053964
58 0 0.00177633550778156
59 0 0.00165387825991192
60 0 0.00188406799044771
61 0 0.00203572228132676
62 0 0.00196867702546288
63 0 0.00230192115846561
64 0 0.00231234944740455
65 0 0.00292596405453849
66 0 0.00287133041748611
67 0 0.00317235321702858
68 0 0.00361198164790399
69 0 0.00376464580283886
70 0 0.00398650612427809
71 0 0.00465580661699472
72 0 0.00490202840927978
73 0 0.00556779333692914
74 0 0.0061385683695332
75 0 0.00639655787200821
76 0 0.0074877103058354
77 0 0.00860633234353103
78 0 0.00981616725490253
79 0 0.0101418525541058
80 0 0.0111108702299904
81 0 0.0120959723479311
82 0 0.0141037880678486
83 0 0.0165357290381888
84 0 0.0179897690243124
85 0 0.0209071881921113
86 0 0.0213618039868406
87 0 0.024147281660464
88 0 0.0275507747815825
89 0 0.0268557277266080
90 0 0.032558138130077
91 0 0.0363031379137257
92 0 0.032722001662561
93 0 0.0587481475680932
94 0 0.0433079861162156
95 0 0.0958666121177826
96 0 0.081329712970799
97 0 0.0423244862398349
98 0 0.0772975162694232
99 0 1
100 0 0.248861908312375

death 1 M single
1 0 0.0104722762521411
2 0 0.00254593226084987
3 0 0.00174957102910545
4 0 0.00132739817122773
5 0 0.000996442843084089
6 0 0.000835915798660825
7 0 0.000704557135703165
8 0 0.000535407157448820
9 0 0.000469627796236938
10 0 0.000455221351280954
11 0 0.00038615240383999
12 0 0.000297653470250903
13 0 0.000313707368789884
14 0 0.000309359157909972
15 0 0.000234218151012322
16 0 0.000348584200932422
17 0 0.000355444049963238
18 0 0.000443329379327673
19 0 0.000396614021985209
20 0 0.000494174268440672
21 0 0.00051403411701223
22 0 0.000512525621754079
23 0 0.000544879955732602
24 0 0.000561396842260531
25 0 0.000542364957238362
26 0 0.000461000406595469
27 0 0.000505402510268094
28 0 0.000537838135371338
29 0 0.000507832685546661
30 0 0.000597291596847294
31 0 0.000554269898583981
32 0 0.000552844576930722
33 0 0.000609874890879936
34 0 0.00051512360138517
35 0 0.00053322771529607
36 0 0.000683312195309149
37 0 0.00060173749497161
38 0 0.000677015242658952
39 0 0.000703045473793407
40 0 0.000710268085491905
41 0 0.000801608072217075
42 0 0.000687930237999956
43 0 0.000737568025684476
44 0 0.000821703428121157
45 0 0.000766220785671567
46 0 0.000861907482067492
47 0 0.000801439928998282
48 0 0.000942958432628371
49 0 0.000902886825426497
50 0 0.00100520549708860
51 0 0.00111877517700432
52 0 0.00120343352095564
53 0 0.00116012382913433
54 0 0.00128724111903566
55 0 0.00142418622868323
56 0 0.00153150126602342
57 0 0.00158338321053964
58 0 0.00177633550778156
59 0 0.00165387825991192
60 0 0.00188406799044771
61 0 0.00203572228132676
62 0 0.00196867702546288
63 0 0.00230192115846561
64 0 0.00231234944740455
65 0 0.00292596405453849
66 0 0.00287133041748611
67 0 0.00317235321702858
68 0 0.00361198164790399
69 0 0.00376464580283886
70 0 0.00398650612427809
71 0 0.00465580661699472
72 0 0.00490202840927978
73 0 0.00556779333692914
74 0 0.0061385683695332
75 0 0.00639655787200821
76 0 0.0074877103058354
77 0 0.00860633234353103
78 0 0.00981616725490253
79 0 0.0101418525541058
80 0 0.0111108702299904
81 0 0.0120959723479311
82 0 0.0141037880678486
83 0 0.0165357290381888
84 0 0.0179897690243124
85 0 0.0209071881921113
86 0 0.0213618039868406
87 0 0.024147281660464
88 0 0.0275507747815825
89 0 0.0268557277266080
90 0 0.032558138130077
91 0 0.0363031379137257
92 0 0.032722001662561
93 0 0.0587481475680932
94 0 0.0433079861162156
95 0 0.0958666121177826
96 0 0.081329712970799
97 0 0.0423244862398349
98 0 0.0772975162694232
99 0 1
100 0 0.248861908312375

death 1 M divorced
1 0 0.0104722762521411
2 0 0.00254593226084987
3 0 0.00174957102910545
4 0 0.00132739817122773
5 0 0.000996442843084089
6 0 0.000835915798660825
7 0 0.000704557135703165
8 0 0.000535407157448820
9 0 0.000469627796236938
10 0 0.000455221351280954
11 0 0.00038615240383999
12 0 0.000297653470250903
13 0 0.000313707368789884
14 0 0.000309359157909972
15 0 0.000234218151012322
16 0 0.000348584200932422
17 0 0.000355444049963238
18 0 0.000443329379327673
19 0 0.000396614021985209
20 0 0.000494174268440672
21 0 0.00051403411701223
22 0 0.000512525621754079
23 0 0.000544879955732602
24 0 0.000561396842260531
25 0 0.000542364957238362
26 0 0.000461000406595469
27 0 0.000505402510268094
28 0 0.000537838135371338
29 0 0.000507832685546661
30 0 0.000597291596847294
31 0 0.000554269898583981
32 0 0.000552844576930722
33 0 0.000609874890879936
34 0 0.00051512360138517
35 0 0.00053322771529607
36 0 0.000683312195309149
37 0 0.00060173749497161
38 0 0.000677015242658952
39 0 0.000703045473793407
40 0 0.000710268085491905
41 0 0.000801608072217075
42 0 0.000687930237999956
43 0 0.000737568025684476
44 0 0.000821703428121157
45 0 0.000766220785671567
46 0 0.000861907482067492
47 0 0.000801439928998282
48 0 0.000942958432628371
49 0 0.000902886825426497
50 0 0.00100520549708860
51 0 0.00111877517700432
52 0 0.00120343352095564
53 0 0.00116012382913433
54 0 0.00128724111903566
55 0 0.00142418622868323
56 0 0.00153150126602342
57 0 0.00158338321053964
58 0 0.00177633550778156
59 0 0.00165387825991192
60 0 0.00188406799044771
61 0 0.00203572228132676
62 0 0.00196867702546288
63 0 0.00230192115846561
64 0 0.00231234944740455
65 0 0.00292596405453849
66 0 0.00287133041748611
67 0 0.00317235321702858
68 0 0.00361198164790399
69 0 0.00376464580283886
70 0 0.00398650612427809
71 0 0.00465580661699472
72 0 0.00490202840927978
73 0 0.00556779333692914
74 0 0.0061385683695332
75 0 0.00639655787200821
76 0 0.0074877103058354
77 0 0.00860633234353103
78 0 0.00981616725490253
79 0 0.0101418525541058
80 0 0.0111108702299904
81 0 0.0120959723479311
82 0 0.0141037880678486
83 0 0.0165357290381888
84 0 0.0179897690243124
85 0 0.0209071881921113
86 0 0.0213618039868406
87 0 0.024147281660464
88 0 0.0275507747815825
89 0 0.0268557277266080
90 0 0.032558138130077
91 0 0.0363031379137257
92 0 0.032722001662561
93 0 0.0587481475680932
94 0 0.0433079861162156
95 0 0.0958666121177826
96 0 0.081329712970799
97 0 0.0423244862398349
98 0 0.0772975162694232
99 0 1
100 0 0.248861908312375

death 1 M widowed
1 0 0.0104722762521411
2 0 0.00254593226084987
3 0 0.00174957102910545
4 0 0.00132739817122773
5 0 0.000996442843084089
6 0 0.000835915798660825
7 0 0.000704557135703165
8 0 0.000535407157448820
9 0 0.000469627796236938
10 0 0.000455221351280954
11 0 0.00038615240383999
12 0 0.000297653470250903
13 0 0.000313707368789884
14 0 0.000309359157909972
15 0 0.000234218151012322
16 0 0.000348584200932422
17 0 0.000355444049963238
18 0 0.000443329379327673
19 0 0.000396614021985209
20 0 0.000494174268440672
21 0 0.00051403411701223
22 0 0.000512525621754079
23 0 0.000544879955732602
24 0 0.000561396842260531
25 0 0.000542364957238362
26 0 0.000461000406595469
27 0 0.000505402510268094
28 0 0.000537838135371338
29 0 0.000507832685546661
30 0 0.000597291596847294
31 0 0.000554269898583981
32 0 0.000552844576930722
33 0 0.000609874890879936
34 0 0.00051512360138517
35 0 0.00053322771529607
36 0 0.000683312195309149
37 0 0.00060173749497161
38 0 0.000677015242658952
39 0 0.000703045473793407
40 0 0.000710268085491905
41 0 0.000801608072217075
42 0 0.000687930237999956
43 0 0.000737568025684476
44 0 0.000821703428121157
45 0 0.000766220785671567
46 0 0.000861907482067492
47 0 0.000801439928998282
48 0 0.000942958432628371
49 0 0.000902886825426497
50 0 0.00100520549708860
51 0 0.00111877517700432
52 0 0.00120343352095564
53 0 0.00116012382913433
54 0 0.00128724111903566
55 0 0.00142418622868323
56 0 0.00153150126602342
57 0 0.00158338321053964
58 0 0.00177633550778156
59 0 0.00165387825991192
60 0 0.00188406799044771
61 0 0.00203572228132676
62 0 0.00196867702546288
63 0 0.00230192115846561
64 0 0.00231234944740455
65 0 0.00292596405453849
66 0 0.00287133041748611
67 0 0.00317235321702858
68 0 0.00361198164790399
69 0 0.00376464580283886
70 0 0.00398650612427809
71 0 0.00465580661699472
72 0 0.00490202840927978
73 0 0.00556779333692914
74 0 0.0061385683695332
75 0 0.00639655787200821
76 0 0.0074877103058354
77 0 0.00860633234353103
78 0 0.00981616725490253
79 0 0.0101418525541058
80 0 0.0111108702299904
81 0 0.0120959723479311
82 0 0.0141037880678486
83 0 0.0165357290381888
84 0 0.0179897690243124
85 0 0.0209071881921113
86 0 0.0213618039868406
87 0 0.024147281660464
88 0 0.0275507747815825
89 0 0.0268557277266080
90 0 0.032558138130077
91 0 0.0363031379137257
92 0 0.032722001662561
93 0 0.0587481475680932
94 0 0.0433079861162156
95 0 0.0958666121177826
96 0 0.081329712970799
97 0 0.0423244862398349
98 0 0.0772975162694232
99 0 1
100 0 0.248861908312375

death 1 F married
1 0 0.00868921798998545
2 0 0.00236647613943186
3 0 0.00150252132569706
4 0 0.00117818812892800
5 0 0.00109110741167084
6 0 0.000865356775731074
7 0 0.000710100111256051
8 0 0.000630934835111785
9 0 0.000508503090165258
10 0 0.00043369969739937
11 0 0.000383139681177203
12 0 0.000346911145569506
13 0 0.000329596831445511
14 0 0.000336957102956337
15 0 0.000374687853526234
16 0 0.000381214938431795
17 0 0.000341139340991670
18 0 0.000392429230201441
19 0 0.00043060166887976
20 0 0.000449275170765762
21 0 0.000350340942213534
22 0 0.000484120303993585
23 0 0.000561564541784798
24 0 0.000491912029446429
25 0 0.000482444751401467
26 0 0.000466109732620956
27 0 0.000472308317085113
28 0 0.00057556854415508
29 0 0.000476831875331651
30 0 0.00048395274734403
31 0 0.000519397858542603
32 0 0.000579426313217613
33 0 0.000596704419019489
34 0 0.000562151492557228
35 0 0.000559636015943332
36 0 0.000669207627483792
37 0 0.000569446768594051
38 0 0.000592510402034008
39 0 0.000660813090936352
40 0 0.000644949534919781
41 0 0.00063101874903615
42 0 0.000727907108930337
43 0 0.000684151821974122
44 0 0.000704641117657889
45 0 0.000659889739268782
46 0 0.000771179218583495
47 0 0.000672397754763132
48 0 0.000726395058425977
49 0 0.000687846271492099
50 0 0.000838186620103931
51 0 0.000835242973579953
52 0 0.00098313196721378
53 0 0.000949779101145576
54 0 0.000922078582532238
55 0 0.00102576735084436
56 0 0.00106167748818486
57 0 0.00107314474830023
58 0 0.00120588244412689
59 0 0.00129924410299831
60 0 0.00138034808286669
61 0 0.00163597360794276
62 0 0.00176460914553267
63 0 0.00169649026145713
64 0 0.00208226565284442
65 0 0.00223800997803569
66 0 0.00237802392715014
67 0 0.00256796064618325
68 0 0.00312835220441032
69 0 0.00301404945169170
70 0 0.00358267597229511
71 0 0.00410614125627062
72 0 0.00428829346665804
73 0 0.00449305178795512
74 0 0.00492762893845433
75 0 0.00605104265555634
76 0 0.00648388205418626
77 0 0.00758062724526554
78 0 0.00813941841941557
79 0 0.00937909236043277
80 0 0.00958323515302462
81 0 0.0107787537179901
82 0 0.0115180220358874
83 0 0.0140434041950857
84 0 0.0150750134335628
85 0 0.0150602414273834
86 0 0.0187864706391344
87 0 0.0188655572908171
88 0 0.0250335133184753
89 0 0.0237989246701485
90 0 0.0240545358615430
91 0 0.0334753697581551
92 0 0.036722432549163
93 0 0.040428496776216
94 0 0.0346335766032302
95 0 0.0442476056068986
96 0 0.0438782371191463
97 0 0.0408089166247403
98 0 0.105858494076837
99 0 0.0303755077811713
100 0 0.154018860108893

death 1 F single
1 0 0.00868921798998545
2 0 0.00236647613943186
3 0 0.00150252132569706
4 0 0.00117818812892800
5 0 0.00109110741167084
6 0 0.000865356775731074
7 0 0.000710100111256051
8 0 0.000630934835111785
9 0 0.000508503090165258
10 0 0.00043369969739937
11 0 0.000383139681177203
12 0 0.000346911145569506
13 0 0.000329596831445511
14 0 0.000336957102956337
15 0 0.000374687853526234
16 0 0.000381214938431795
17 0 0.000341139340991670
18 0 0.000392429230201441
19 0 0.00043060166887976
20 0 0.000449275170765762
21 0 0.000350340942213534
22 0 0.000484120303993585
23 0 0.000561564541784798
24 0 0.000491912029446429
25 0 0.000482444751401467
26 0 0.000466109732620956
27 0 0.000472308317085113
28 0 0.00057556854415508
29 0 0.000476831875331651
30 0 0.00048395274734403
31 0 0.000519397858542603
32 0 0.000579426313217613
33 0 0.000596704419019489
34 0 0.000562151492557228
35 0 0.000559636015943332
36 0 0.000669207627483792
37 0 0.000569446768594051
38 0 0.000592510402034008
39 0 0.000660813090936352
40 0 0.000644949534919781
41 0 0.00063101874903615
42 0 0.000727907108930337
43 0 0.000684151821974122
44 0 0.000704641117657889
45 0 0.000659889739268782
46 0 0.000771179218583495
47 0 0.000672397754763132
48 0 0.000726395058425977
49 0 0.000687846271492099
50 0 0.000838186620103931
51 0 0.000835242973579953
52 0 0.00098313196721378
53 0 0.000949779101145576
54 0 0.000922078582532238
55 0 0.00102576735084436
56 0 0.00106167748818486
57 0 0.00107314474830023
58 0 0.00120588244412689
59 0 0.00129924410299831
60 0 0.00138034808286669
61 0 0.00163597360794276
62 0 0.00176460914553267
63 0 0.00169649026145713
64 0 0.00208226565284442
65 0 0.00223800997803569
66 0 0.00237802392715014
67 0 0.00256796064618325
68 0 0.00312835220441032
69 0 0.00301404945169170
70 0 0.00358267597229511
71 0 0.00410614125627062
72 0 0.00428829346665804
73 0 0.00449305178795512
74 0 0.00492762893845433
75 0 0.00605104265555634
76 0 0.00648388205418626
77 0 0.00758062724526554
78 0 0.00813941841941557
79 0 0.00937909236043277
80 0 0.00958323515302462
81 0 0.0107787537179901
82 0 0.0115180220358874
83 0 0.0140434041950857
84 0 0.0150750134335628
85 0 0.0150602414273834
86 0 0.0187864706391344
87 0 0.0188655572908171
88 0 0.0250335133184753
89 0 0.0237989246701485
90 0 0.0240545358615430
91 0 0.0334753697581551
92 0 0.036722432549163
93 0 0.040428496776216
94 0 0.0346335766032302
95 0 0.0442476056068986
96 0 0.0438782371191463
97 0 0.0408089166247403
98 0 0.105858494076837
99 0 0.0303755077811713
100 0 0.154018860108893

death 1 F divorced
1 0 0.00868921798998545
2 0 0.00236647613943186
3 0 0.00150252132569706
4 0 0.00117818812892800
5 0 0.00109110741167084
6 0 0.000865356775731074
7 0 0.000710100111256051
8 0 0.000630934835111785
9 0 0.000508503090165258
10 0 0.00043369969739937
11 0 0.000383139681177203
12 0 0.000346911145569506
13 0 0.000329596831445511
14 0 0.000336957102956337
15 0 0.000374687853526234
16 0 0.000381214938431795
17 0 0.000341139340991670
18 0 0.000392429230201441
19 0 0.00043060166887976
20 0 0.000449275170765762
21 0 0.000350340942213534
22 0 0.000484120303993585
23 0 0.000561564541784798
24 0 0.000491912029446429
25 0 0.000482444751401467
26 0 0.000466109732620956
27 0 0.000472308317085113
28 0 0.00057556854415508
29 0 0.000476831875331651
30 0 0.00048395274734403
31 0 0.000519397858542603
32 0 0.000579426313217613
33 0 0.000596704419019489
34 0 0.000562151492557228
35 0 0.000559636015943332
36 0 0.000669207627483792
37 0 0.000569446768594051
38 0 0.000592510402034008
39 0 0.000660813090936352
40 0 0.000644949534919781
41 0 0.00063101874903615
42 0 0.000727907108930337
43 0 0.000684151821974122
44 0 0.000704641117657889
45 0 0.000659889739268782
46 0 0.000771179218583495
47 0 0.000672397754763132
48 0 0.000726395058425977
49 0 0.000687846271492099
50 0 0.000838186620103931
51 0 0.000835242973579953
52 0 0.00098313196721378
53 0 0.000949779101145576
54 0 0.000922078582532238
55 0 0.00102576735084436
56 0 0.00106167748818486
57 0 0.00107314474830023
58 0 0.00120588244412689
59 0 0.00129924410299831
60 0 0.00138034808286669
61 0 0.00163597360794276
62 0 0.00176460914553267
63 0 0.00169649026145713
64 0 0.00208226565284442
65 0 0.00223800997803569
66 0 0.00237802392715014
67 0 0.00256796064618325
68 0 0.00312835220441032
69 0 0.00301404945169170
70 0 0.00358267597229511
71 0 0.00410614125627062
72 0 0.00428829346665804
73 0 0.00449305178795512
74 0 0.00492762893845433
75 0 0.00605104265555634
76 0 0.00648388205418626
77 0 0.00758062724526554
78 0 0.00813941841941557
79 0 0.00937909236043277
80 0 0.00958323515302462
81 0 0.0107787537179901
82 0 0.0115180220358874
83 0 0.0140434041950857
84 0 0.0150750134335628
85 0 0.0150602414273834
86 0 0.0187864706391344
87 0 0.0188655572908171
88 0 0.0250335133184753
89 0 0.0237989246701485
90 0 0.0240545358615430
91 0 0.0334753697581551
92 0 0.036722432549163
93 0 0.040428496776216
94 0 0.0346335766032302
95 0 0.0442476056068986
96 0 0.0438782371191463
97 0 0.0408089166247403
98 0 0.105858494076837
99 0 0.0303755077811713
100 0 0.154018860108893

death 1 F widowed
1 0 0.00868921798998545
2 0 0.00236647613943186
3 0 0.00150252132569706
4 0 0.00117818812892800
5 0 0.00109110741167084
6 0 0.000865356775731074
7 0 0.000710100111256051
8 0 0.000630934835111785
9 0 0.000508503090165258
10 0 0.00043369969739937
11 0 0.000383139681177203
12 0 0.000346911145569506
13 0 0.000329596831445511
14 0 0.000336957102956337
15 0 0.000374687853526234
16 0 0.000381214938431795
17 0 0.000341139340991670
18 0 0.000392429230201441
19 0 0.00043060166887976
20 0 0.000449275170765762
21 0 0.000350340942213534
22 0 0.000484120303993585
23 0 0.000561564541784798
24 0 0.000491912029446429
25 0 0.000482444751401467
26 0 0.000466109732620956
27 0 0.000472308317085113
28 0 0.00057556854415508
29 0 0.000476831875331651
30 0 0.00048395274734403
31 0 0.000519397858542603
32 0 0.000579426313217613
33 0 0.000596704419019489
34 0 0.000562151492557228
35 0 0.000559636015943332
36 0 0.000669207627483792
37 0 0.000569446768594051
38 0 0.000592510402034008
39 0 0.000660813090936352
40 0 0.000644949534919781
41 0 0.00063101874903615
42 0 0.000727907108930337
43 0 0.000684151821974122
44 0 0.000704641117657889
45 0 0.000659889739268782
46 0 0.000771179218583495
47 0 0.000672397754763132
48 0 0.000726395058425977
49 0 0.000687846271492099
50 0 0.000838186620103931
51 0 0.000835242973579953
52 0 0.00098313196721378
53 0 0.000949779101145576
54 0 0.000922078582532238
55 0 0.00102576735084436
56 0 0.00106167748818486
57 0 0.00107314474830023
58 0 0.00120588244412689
59 0 0.00129924410299831
60 0 0.00138034808286669
61 0 0.00163597360794276
62 0 0.00176460914553267
63 0 0.00169649026145713
64 0 0.00208226565284442
65 0 0.00223800997803569
66 0 0.00237802392715014
67 0 0.00256796064618325
68 0 0.00312835220441032
69 0 0.00301404945169170
70 0 0.00358267597229511
71 0 0.00410614125627062
72 0 0.00428829346665804
73 0 0.00449305178795512
74 0 0.00492762893845433
75 0 0.00605104265555634
76 0 0.00648388205418626
77 0 0.00758062724526554
78 0 0.00813941841941557
79 0 0.00937909236043277
80 0 0.00958323515302462
81 0 0.0107787537179901
82 0 0.0115180220358874
83 0 0.0140434041950857
84 0 0.0150750134335628
85 0 0.0150602414273834
86 0 0.0187864706391344
87 0 0.0188655572908171
88 0 0.0250335133184753
89 0 0.0237989246701485
90 0 0.0240545358615430
91 0 0.0334753697581551
92 0 0.036722432549163
93 0 0.040428496776216
94 0 0.0346335766032302
95 0 0.0442476056068986
96 0 0.0438782371191463
97 0 0.0408089166247403
98 0 0.105858494076837
99 0 0.0303755077811713
100 0 0.154018860108893
