*Period monthly mortality rates for SWE in 1836 
* Mon Dec 20 14:19:41 2010
death 1 M married
1 0 0.0169831339259008
2 0 0.00328037567947081
3 0 0.00234381253482741
4 0 0.00134532663206111
5 0 0.000741432680082754
6 0 0.000599053153099938
7 0 0.000548233395352482
8 0 0.000501883061298392
9 0 0.000467198642518429
10 0 0.000427503745977664
11 0 0.000369667337974944
12 0 0.000322237155992444
13 0 0.000297569863619174
14 0 0.000284862549848941
15 0 0.000280766491848272
16 0 0.000290045581699649
17 0 0.000328844110003890
18 0 0.000367826551765704
19 0 0.000400547901986181
20 0 0.000433448501963030
21 0 0.000474067451866178
22 0 0.000518475942933194
23 0 0.000562906149122022
24 0 0.000580600449358593
25 0 0.000572968835651388
26 0 0.00057556854415508
27 0 0.000610797734367674
28 0 0.00066333137045671
29 0 0.000670382924501167
30 0 0.000672985422006889
31 0 0.000713795616194779
32 0 0.000782273641952158
33 0 0.000842476104395251
34 0 0.000860477325548503
35 0 0.000886223588839608
36 0 0.000953147521452813
37 0 0.00100149811721129
38 0 0.00102062645094303
39 0 0.00102821148729015
40 0 0.00105518563727003
41 0 0.00110654296065282
42 0 0.00117379834236697
43 0 0.00120951372764921
44 0 0.00124000534839219
45 0 0.00129442581315753
46 0 0.00139430967354703
47 0 0.00148244416142873
48 0 0.00151811172268357
49 0 0.00153497609056141
50 0 0.00160153193643098
51 0 0.00169767893078410
52 0 0.00186977566275015
53 0 0.0020388755652031
54 0 0.00220666894710275
55 0 0.00236245614355568
56 0 0.00246848969040114
57 0 0.00245795781309088
58 0 0.00248270538309192
59 0 0.00257490455393861
60 0 0.00273476138347140
61 0 0.00295944880685239
62 0 0.00325005421983016
63 0 0.00345628470441839
64 0 0.00383624962264872
65 0 0.00417653231793935
66 0 0.00430480739624961
67 0 0.00459635008141146
68 0 0.00504067456703994
69 0 0.00559996515907712
70 0 0.0061473969515301
71 0 0.00681758225127316
72 0 0.00763881696484636
73 0 0.00840832076272624
74 0 0.00924119255981759
75 0 0.0102463212734855
76 0 0.0113151128164237
77 0 0.0123121142049176
78 0 0.0135794183239025
79 0 0.0147722806718752
80 0 0.0160815872684100
81 0 0.0167887625957237
82 0 0.0182322676810068
83 0 0.0198313269972790
84 0 0.0216821546616479
85 0 0.0234183970560139
86 0 0.0255390483592814
87 0 0.0287387736749961
88 0 0.0320299750156308
89 0 0.0360654018676155
90 0 0.0420895985864176
91 0 0.0511995589870681
92 0 0.0656691139699165
93 0 0.0873893345681617
94 0 0.103596731757391
95 0 0.0990321053363977
96 0 0.091078506028668
97 0 0.0751776864339063
98 0 0.0536575538290384
99 0 0.031252429641107
100 0 0.0169460159518772

death 1 M single
1 0 0.0169831339259008
2 0 0.00328037567947081
3 0 0.00234381253482741
4 0 0.00134532663206111
5 0 0.000741432680082754
6 0 0.000599053153099938
7 0 0.000548233395352482
8 0 0.000501883061298392
9 0 0.000467198642518429
10 0 0.000427503745977664
11 0 0.000369667337974944
12 0 0.000322237155992444
13 0 0.000297569863619174
14 0 0.000284862549848941
15 0 0.000280766491848272
16 0 0.000290045581699649
17 0 0.000328844110003890
18 0 0.000367826551765704
19 0 0.000400547901986181
20 0 0.000433448501963030
21 0 0.000474067451866178
22 0 0.000518475942933194
23 0 0.000562906149122022
24 0 0.000580600449358593
25 0 0.000572968835651388
26 0 0.00057556854415508
27 0 0.000610797734367674
28 0 0.00066333137045671
29 0 0.000670382924501167
30 0 0.000672985422006889
31 0 0.000713795616194779
32 0 0.000782273641952158
33 0 0.000842476104395251
34 0 0.000860477325548503
35 0 0.000886223588839608
36 0 0.000953147521452813
37 0 0.00100149811721129
38 0 0.00102062645094303
39 0 0.00102821148729015
40 0 0.00105518563727003
41 0 0.00110654296065282
42 0 0.00117379834236697
43 0 0.00120951372764921
44 0 0.00124000534839219
45 0 0.00129442581315753
46 0 0.00139430967354703
47 0 0.00148244416142873
48 0 0.00151811172268357
49 0 0.00153497609056141
50 0 0.00160153193643098
51 0 0.00169767893078410
52 0 0.00186977566275015
53 0 0.0020388755652031
54 0 0.00220666894710275
55 0 0.00236245614355568
56 0 0.00246848969040114
57 0 0.00245795781309088
58 0 0.00248270538309192
59 0 0.00257490455393861
60 0 0.00273476138347140
61 0 0.00295944880685239
62 0 0.00325005421983016
63 0 0.00345628470441839
64 0 0.00383624962264872
65 0 0.00417653231793935
66 0 0.00430480739624961
67 0 0.00459635008141146
68 0 0.00504067456703994
69 0 0.00559996515907712
70 0 0.0061473969515301
71 0 0.00681758225127316
72 0 0.00763881696484636
73 0 0.00840832076272624
74 0 0.00924119255981759
75 0 0.0102463212734855
76 0 0.0113151128164237
77 0 0.0123121142049176
78 0 0.0135794183239025
79 0 0.0147722806718752
80 0 0.0160815872684100
81 0 0.0167887625957237
82 0 0.0182322676810068
83 0 0.0198313269972790
84 0 0.0216821546616479
85 0 0.0234183970560139
86 0 0.0255390483592814
87 0 0.0287387736749961
88 0 0.0320299750156308
89 0 0.0360654018676155
90 0 0.0420895985864176
91 0 0.0511995589870681
92 0 0.0656691139699165
93 0 0.0873893345681617
94 0 0.103596731757391
95 0 0.0990321053363977
96 0 0.091078506028668
97 0 0.0751776864339063
98 0 0.0536575538290384
99 0 0.031252429641107
100 0 0.0169460159518772

death 1 M divorced
1 0 0.0169831339259008
2 0 0.00328037567947081
3 0 0.00234381253482741
4 0 0.00134532663206111
5 0 0.000741432680082754
6 0 0.000599053153099938
7 0 0.000548233395352482
8 0 0.000501883061298392
9 0 0.000467198642518429
10 0 0.000427503745977664
11 0 0.000369667337974944
12 0 0.000322237155992444
13 0 0.000297569863619174
14 0 0.000284862549848941
15 0 0.000280766491848272
16 0 0.000290045581699649
17 0 0.000328844110003890
18 0 0.000367826551765704
19 0 0.000400547901986181
20 0 0.000433448501963030
21 0 0.000474067451866178
22 0 0.000518475942933194
23 0 0.000562906149122022
24 0 0.000580600449358593
25 0 0.000572968835651388
26 0 0.00057556854415508
27 0 0.000610797734367674
28 0 0.00066333137045671
29 0 0.000670382924501167
30 0 0.000672985422006889
31 0 0.000713795616194779
32 0 0.000782273641952158
33 0 0.000842476104395251
34 0 0.000860477325548503
35 0 0.000886223588839608
36 0 0.000953147521452813
37 0 0.00100149811721129
38 0 0.00102062645094303
39 0 0.00102821148729015
40 0 0.00105518563727003
41 0 0.00110654296065282
42 0 0.00117379834236697
43 0 0.00120951372764921
44 0 0.00124000534839219
45 0 0.00129442581315753
46 0 0.00139430967354703
47 0 0.00148244416142873
48 0 0.00151811172268357
49 0 0.00153497609056141
50 0 0.00160153193643098
51 0 0.00169767893078410
52 0 0.00186977566275015
53 0 0.0020388755652031
54 0 0.00220666894710275
55 0 0.00236245614355568
56 0 0.00246848969040114
57 0 0.00245795781309088
58 0 0.00248270538309192
59 0 0.00257490455393861
60 0 0.00273476138347140
61 0 0.00295944880685239
62 0 0.00325005421983016
63 0 0.00345628470441839
64 0 0.00383624962264872
65 0 0.00417653231793935
66 0 0.00430480739624961
67 0 0.00459635008141146
68 0 0.00504067456703994
69 0 0.00559996515907712
70 0 0.0061473969515301
71 0 0.00681758225127316
72 0 0.00763881696484636
73 0 0.00840832076272624
74 0 0.00924119255981759
75 0 0.0102463212734855
76 0 0.0113151128164237
77 0 0.0123121142049176
78 0 0.0135794183239025
79 0 0.0147722806718752
80 0 0.0160815872684100
81 0 0.0167887625957237
82 0 0.0182322676810068
83 0 0.0198313269972790
84 0 0.0216821546616479
85 0 0.0234183970560139
86 0 0.0255390483592814
87 0 0.0287387736749961
88 0 0.0320299750156308
89 0 0.0360654018676155
90 0 0.0420895985864176
91 0 0.0511995589870681
92 0 0.0656691139699165
93 0 0.0873893345681617
94 0 0.103596731757391
95 0 0.0990321053363977
96 0 0.091078506028668
97 0 0.0751776864339063
98 0 0.0536575538290384
99 0 0.031252429641107
100 0 0.0169460159518772

death 1 M widowed
1 0 0.0169831339259008
2 0 0.00328037567947081
3 0 0.00234381253482741
4 0 0.00134532663206111
5 0 0.000741432680082754
6 0 0.000599053153099938
7 0 0.000548233395352482
8 0 0.000501883061298392
9 0 0.000467198642518429
10 0 0.000427503745977664
11 0 0.000369667337974944
12 0 0.000322237155992444
13 0 0.000297569863619174
14 0 0.000284862549848941
15 0 0.000280766491848272
16 0 0.000290045581699649
17 0 0.000328844110003890
18 0 0.000367826551765704
19 0 0.000400547901986181
20 0 0.000433448501963030
21 0 0.000474067451866178
22 0 0.000518475942933194
23 0 0.000562906149122022
24 0 0.000580600449358593
25 0 0.000572968835651388
26 0 0.00057556854415508
27 0 0.000610797734367674
28 0 0.00066333137045671
29 0 0.000670382924501167
30 0 0.000672985422006889
31 0 0.000713795616194779
32 0 0.000782273641952158
33 0 0.000842476104395251
34 0 0.000860477325548503
35 0 0.000886223588839608
36 0 0.000953147521452813
37 0 0.00100149811721129
38 0 0.00102062645094303
39 0 0.00102821148729015
40 0 0.00105518563727003
41 0 0.00110654296065282
42 0 0.00117379834236697
43 0 0.00120951372764921
44 0 0.00124000534839219
45 0 0.00129442581315753
46 0 0.00139430967354703
47 0 0.00148244416142873
48 0 0.00151811172268357
49 0 0.00153497609056141
50 0 0.00160153193643098
51 0 0.00169767893078410
52 0 0.00186977566275015
53 0 0.0020388755652031
54 0 0.00220666894710275
55 0 0.00236245614355568
56 0 0.00246848969040114
57 0 0.00245795781309088
58 0 0.00248270538309192
59 0 0.00257490455393861
60 0 0.00273476138347140
61 0 0.00295944880685239
62 0 0.00325005421983016
63 0 0.00345628470441839
64 0 0.00383624962264872
65 0 0.00417653231793935
66 0 0.00430480739624961
67 0 0.00459635008141146
68 0 0.00504067456703994
69 0 0.00559996515907712
70 0 0.0061473969515301
71 0 0.00681758225127316
72 0 0.00763881696484636
73 0 0.00840832076272624
74 0 0.00924119255981759
75 0 0.0102463212734855
76 0 0.0113151128164237
77 0 0.0123121142049176
78 0 0.0135794183239025
79 0 0.0147722806718752
80 0 0.0160815872684100
81 0 0.0167887625957237
82 0 0.0182322676810068
83 0 0.0198313269972790
84 0 0.0216821546616479
85 0 0.0234183970560139
86 0 0.0255390483592814
87 0 0.0287387736749961
88 0 0.0320299750156308
89 0 0.0360654018676155
90 0 0.0420895985864176
91 0 0.0511995589870681
92 0 0.0656691139699165
93 0 0.0873893345681617
94 0 0.103596731757391
95 0 0.0990321053363977
96 0 0.091078506028668
97 0 0.0751776864339063
98 0 0.0536575538290384
99 0 0.031252429641107
100 0 0.0169460159518772

death 1 F married
1 0 0.0141399404628920
2 0 0.00304411968527885
3 0 0.00216979092244596
4 0 0.00122623639573838
5 0 0.000674916355430488
6 0 0.000573304277730169
7 0 0.000549407128460411
8 0 0.000520319783506307
9 0 0.0004986151235985
10 0 0.00046334563533057
11 0 0.000398204293393878
12 0 0.000344317970625951
13 0 0.000313205641532255
14 0 0.000293891247961975
15 0 0.00028310707381507
16 0 0.000284444576289178
17 0 0.000310613428159745
18 0 0.000336037036417158
19 0 0.000352348688118842
20 0 0.000367993894425767
21 0 0.000388997844735228
22 0 0.0004156154006002
23 0 0.00044760026057733
24 0 0.000458068955792812
25 0 0.000453965083541563
26 0 0.000463094357928018
27 0 0.000497023093962157
28 0 0.000544376950464498
29 0 0.000550748556293224
30 0 0.000554605271634201
31 0 0.000587981081133226
32 0 0.000635214544081997
33 0 0.000673657046368792
34 0 0.000675755904502862
35 0 0.000682388614940299
36 0 0.000723959029993892
37 0 0.000744793382773667
38 0 0.000745633577873384
39 0 0.000746305739548259
40 0 0.000764203873450775
41 0 0.000806652513514639
42 0 0.000857364709785813
43 0 0.000882184476669545
44 0 0.000902465998997348
45 0 0.000930749872958936
46 0 0.000983637407878435
47 0 0.00100604810453153
48 0 0.0009985491731066
49 0 0.000992735820890878
50 0 0.00101371619154789
51 0 0.00104810414732581
52 0 0.00114265383626178
53 0 0.00126070494207431
54 0 0.00141284382895246
55 0 0.00157676915666072
56 0 0.00171669975767885
57 0 0.00177115192890986
58 0 0.00184425924689113
59 0 0.00195249817190035
60 0 0.00209394786626049
61 0 0.0022812390834821
62 0 0.00251953953158335
63 0 0.00270101610754891
64 0 0.00303016034189252
65 0 0.00333897408143469
66 0 0.00350243735869826
67 0 0.00381504064912808
68 0 0.00423684873699415
69 0 0.00477782357383238
70 0 0.00531798753703117
71 0 0.00593343542703084
72 0 0.00664685636432327
73 0 0.00729123374232521
74 0 0.00791914244035441
75 0 0.00859496901628098
76 0 0.00940072474444575
77 0 0.0102023736670425
78 0 0.0111777050505684
79 0 0.0122582685534481
80 0 0.0135489132514617
81 0 0.0141017421418819
82 0 0.0155913959892198
83 0 0.0171463743535943
84 0 0.0188561042871433
85 0 0.0202321448198965
86 0 0.0218950534251644
87 0 0.0244573918466777
88 0 0.0270662157583799
89 0 0.0303402983374311
90 0 0.0349270719228587
91 0 0.0408939586846108
92 0 0.0471598182079519
93 0 0.0516150340842509
94 0 0.0514953984614256
95 0 0.0468483332291934
96 0 0.0473930674582806
97 0 0.0499284004885246
98 0 0.0431753149528808
99 0 0.0268858631970978
100 0 0.0158670029760922

death 1 F single
1 0 0.0141399404628920
2 0 0.00304411968527885
3 0 0.00216979092244596
4 0 0.00122623639573838
5 0 0.000674916355430488
6 0 0.000573304277730169
7 0 0.000549407128460411
8 0 0.000520319783506307
9 0 0.0004986151235985
10 0 0.00046334563533057
11 0 0.000398204293393878
12 0 0.000344317970625951
13 0 0.000313205641532255
14 0 0.000293891247961975
15 0 0.00028310707381507
16 0 0.000284444576289178
17 0 0.000310613428159745
18 0 0.000336037036417158
19 0 0.000352348688118842
20 0 0.000367993894425767
21 0 0.000388997844735228
22 0 0.0004156154006002
23 0 0.00044760026057733
24 0 0.000458068955792812
25 0 0.000453965083541563
26 0 0.000463094357928018
27 0 0.000497023093962157
28 0 0.000544376950464498
29 0 0.000550748556293224
30 0 0.000554605271634201
31 0 0.000587981081133226
32 0 0.000635214544081997
33 0 0.000673657046368792
34 0 0.000675755904502862
35 0 0.000682388614940299
36 0 0.000723959029993892
37 0 0.000744793382773667
38 0 0.000745633577873384
39 0 0.000746305739548259
40 0 0.000764203873450775
41 0 0.000806652513514639
42 0 0.000857364709785813
43 0 0.000882184476669545
44 0 0.000902465998997348
45 0 0.000930749872958936
46 0 0.000983637407878435
47 0 0.00100604810453153
48 0 0.0009985491731066
49 0 0.000992735820890878
50 0 0.00101371619154789
51 0 0.00104810414732581
52 0 0.00114265383626178
53 0 0.00126070494207431
54 0 0.00141284382895246
55 0 0.00157676915666072
56 0 0.00171669975767885
57 0 0.00177115192890986
58 0 0.00184425924689113
59 0 0.00195249817190035
60 0 0.00209394786626049
61 0 0.0022812390834821
62 0 0.00251953953158335
63 0 0.00270101610754891
64 0 0.00303016034189252
65 0 0.00333897408143469
66 0 0.00350243735869826
67 0 0.00381504064912808
68 0 0.00423684873699415
69 0 0.00477782357383238
70 0 0.00531798753703117
71 0 0.00593343542703084
72 0 0.00664685636432327
73 0 0.00729123374232521
74 0 0.00791914244035441
75 0 0.00859496901628098
76 0 0.00940072474444575
77 0 0.0102023736670425
78 0 0.0111777050505684
79 0 0.0122582685534481
80 0 0.0135489132514617
81 0 0.0141017421418819
82 0 0.0155913959892198
83 0 0.0171463743535943
84 0 0.0188561042871433
85 0 0.0202321448198965
86 0 0.0218950534251644
87 0 0.0244573918466777
88 0 0.0270662157583799
89 0 0.0303402983374311
90 0 0.0349270719228587
91 0 0.0408939586846108
92 0 0.0471598182079519
93 0 0.0516150340842509
94 0 0.0514953984614256
95 0 0.0468483332291934
96 0 0.0473930674582806
97 0 0.0499284004885246
98 0 0.0431753149528808
99 0 0.0268858631970978
100 0 0.0158670029760922

death 1 F divorced
1 0 0.0141399404628920
2 0 0.00304411968527885
3 0 0.00216979092244596
4 0 0.00122623639573838
5 0 0.000674916355430488
6 0 0.000573304277730169
7 0 0.000549407128460411
8 0 0.000520319783506307
9 0 0.0004986151235985
10 0 0.00046334563533057
11 0 0.000398204293393878
12 0 0.000344317970625951
13 0 0.000313205641532255
14 0 0.000293891247961975
15 0 0.00028310707381507
16 0 0.000284444576289178
17 0 0.000310613428159745
18 0 0.000336037036417158
19 0 0.000352348688118842
20 0 0.000367993894425767
21 0 0.000388997844735228
22 0 0.0004156154006002
23 0 0.00044760026057733
24 0 0.000458068955792812
25 0 0.000453965083541563
26 0 0.000463094357928018
27 0 0.000497023093962157
28 0 0.000544376950464498
29 0 0.000550748556293224
30 0 0.000554605271634201
31 0 0.000587981081133226
32 0 0.000635214544081997
33 0 0.000673657046368792
34 0 0.000675755904502862
35 0 0.000682388614940299
36 0 0.000723959029993892
37 0 0.000744793382773667
38 0 0.000745633577873384
39 0 0.000746305739548259
40 0 0.000764203873450775
41 0 0.000806652513514639
42 0 0.000857364709785813
43 0 0.000882184476669545
44 0 0.000902465998997348
45 0 0.000930749872958936
46 0 0.000983637407878435
47 0 0.00100604810453153
48 0 0.0009985491731066
49 0 0.000992735820890878
50 0 0.00101371619154789
51 0 0.00104810414732581
52 0 0.00114265383626178
53 0 0.00126070494207431
54 0 0.00141284382895246
55 0 0.00157676915666072
56 0 0.00171669975767885
57 0 0.00177115192890986
58 0 0.00184425924689113
59 0 0.00195249817190035
60 0 0.00209394786626049
61 0 0.0022812390834821
62 0 0.00251953953158335
63 0 0.00270101610754891
64 0 0.00303016034189252
65 0 0.00333897408143469
66 0 0.00350243735869826
67 0 0.00381504064912808
68 0 0.00423684873699415
69 0 0.00477782357383238
70 0 0.00531798753703117
71 0 0.00593343542703084
72 0 0.00664685636432327
73 0 0.00729123374232521
74 0 0.00791914244035441
75 0 0.00859496901628098
76 0 0.00940072474444575
77 0 0.0102023736670425
78 0 0.0111777050505684
79 0 0.0122582685534481
80 0 0.0135489132514617
81 0 0.0141017421418819
82 0 0.0155913959892198
83 0 0.0171463743535943
84 0 0.0188561042871433
85 0 0.0202321448198965
86 0 0.0218950534251644
87 0 0.0244573918466777
88 0 0.0270662157583799
89 0 0.0303402983374311
90 0 0.0349270719228587
91 0 0.0408939586846108
92 0 0.0471598182079519
93 0 0.0516150340842509
94 0 0.0514953984614256
95 0 0.0468483332291934
96 0 0.0473930674582806
97 0 0.0499284004885246
98 0 0.0431753149528808
99 0 0.0268858631970978
100 0 0.0158670029760922

death 1 F widowed
1 0 0.0141399404628920
2 0 0.00304411968527885
3 0 0.00216979092244596
4 0 0.00122623639573838
5 0 0.000674916355430488
6 0 0.000573304277730169
7 0 0.000549407128460411
8 0 0.000520319783506307
9 0 0.0004986151235985
10 0 0.00046334563533057
11 0 0.000398204293393878
12 0 0.000344317970625951
13 0 0.000313205641532255
14 0 0.000293891247961975
15 0 0.00028310707381507
16 0 0.000284444576289178
17 0 0.000310613428159745
18 0 0.000336037036417158
19 0 0.000352348688118842
20 0 0.000367993894425767
21 0 0.000388997844735228
22 0 0.0004156154006002
23 0 0.00044760026057733
24 0 0.000458068955792812
25 0 0.000453965083541563
26 0 0.000463094357928018
27 0 0.000497023093962157
28 0 0.000544376950464498
29 0 0.000550748556293224
30 0 0.000554605271634201
31 0 0.000587981081133226
32 0 0.000635214544081997
33 0 0.000673657046368792
34 0 0.000675755904502862
35 0 0.000682388614940299
36 0 0.000723959029993892
37 0 0.000744793382773667
38 0 0.000745633577873384
39 0 0.000746305739548259
40 0 0.000764203873450775
41 0 0.000806652513514639
42 0 0.000857364709785813
43 0 0.000882184476669545
44 0 0.000902465998997348
45 0 0.000930749872958936
46 0 0.000983637407878435
47 0 0.00100604810453153
48 0 0.0009985491731066
49 0 0.000992735820890878
50 0 0.00101371619154789
51 0 0.00104810414732581
52 0 0.00114265383626178
53 0 0.00126070494207431
54 0 0.00141284382895246
55 0 0.00157676915666072
56 0 0.00171669975767885
57 0 0.00177115192890986
58 0 0.00184425924689113
59 0 0.00195249817190035
60 0 0.00209394786626049
61 0 0.0022812390834821
62 0 0.00251953953158335
63 0 0.00270101610754891
64 0 0.00303016034189252
65 0 0.00333897408143469
66 0 0.00350243735869826
67 0 0.00381504064912808
68 0 0.00423684873699415
69 0 0.00477782357383238
70 0 0.00531798753703117
71 0 0.00593343542703084
72 0 0.00664685636432327
73 0 0.00729123374232521
74 0 0.00791914244035441
75 0 0.00859496901628098
76 0 0.00940072474444575
77 0 0.0102023736670425
78 0 0.0111777050505684
79 0 0.0122582685534481
80 0 0.0135489132514617
81 0 0.0141017421418819
82 0 0.0155913959892198
83 0 0.0171463743535943
84 0 0.0188561042871433
85 0 0.0202321448198965
86 0 0.0218950534251644
87 0 0.0244573918466777
88 0 0.0270662157583799
89 0 0.0303402983374311
90 0 0.0349270719228587
91 0 0.0408939586846108
92 0 0.0471598182079519
93 0 0.0516150340842509
94 0 0.0514953984614256
95 0 0.0468483332291934
96 0 0.0473930674582806
97 0 0.0499284004885246
98 0 0.0431753149528808
99 0 0.0268858631970978
100 0 0.0158670029760922
