*Period monthly mortality rates for SWE in 1970 
* Mon Dec 20 14:21:23 2010
death 1 M married
1 0 0.00107634909452503
2 0 0.000065857182524165
3 0 0.0000426766823875546
4 0 0.0000541828105240505
5 0 0.0000525985470051227
6 0 0.0000474290370353625
7 0 0.0000232529736238218
8 0 0.0000395085839746123
9 0 0.0000395919535709499
10 0 0.0000375077365993848
11 0 0.0000280043129258223
12 0 0.0000352568359411887
13 0 0.0000137510399533802
14 0 0.0000300883120198936
15 0 0.0000390083680021913
16 0 0.0000610204750761678
17 0 0.0000782002919720304
18 0 0.0000571012629687617
19 0 0.0000900445807636707
20 0 0.000104393251210810
21 0 0.0000963009899740408
22 0 0.0000871250704894688
23 0 0.0000899611648832455
24 0 0.0000814531471444724
25 0 0.000095299935563009
26 0 0.000061687591838111
27 0 0.000105811556756596
28 0 0.0000966346772275362
29 0 0.0000993042193545568
30 0 0.000110984388049462
31 0 0.000122999841846383
32 0 0.000126671547325818
33 0 0.000105477835813717
34 0 0.000109399134273436
35 0 0.000121831603023481
36 0 0.000131094480403271
37 0 0.000139273300942766
38 0 0.000150624720304915
39 0 0.000143947243116505
40 0 0.000152795006016726
41 0 0.000191701993997428
42 0 0.00022193737544296
43 0 0.000227785156858840
44 0 0.000222271524245587
45 0 0.000273828692313627
46 0 0.000308439370728553
47 0 0.000279429043501978
48 0 0.000345321771503704
49 0 0.000372344911752420
50 0 0.000421559378874448
51 0 0.000458403973955357
52 0 0.000510514333699752
53 0 0.00057213023587277
54 0 0.000595781718671473
55 0 0.000644110270483611
56 0 0.0006919607216479
57 0 0.000809847471235137
58 0 0.000929823773329619
59 0 0.000938243208175593
60 0 0.00101489595471083
61 0 0.00123510572716279
62 0 0.00134879433733659
63 0 0.00143265162960615
64 0 0.00160967460020389
65 0 0.00189368254879618
66 0 0.00196765511777774
67 0 0.00218745977177337
68 0 0.00248159202552434
69 0 0.00272102133284002
70 0 0.00297503333369542
71 0 0.00343092374466281
72 0 0.00358059545638434
73 0 0.00407257867256861
74 0 0.00442521419506747
75 0 0.00504719396555542
76 0 0.0052066249041961
77 0 0.00648567236718778
78 0 0.00658464234736178
79 0 0.00708121603958345
80 0 0.00786122611911255
81 0 0.00897789504907387
82 0 0.00991625980500677
83 0 0.0104117603767785
84 0 0.0120811114482015
85 0 0.0129114607599478
86 0 0.0149896648833789
87 0 0.0156229019632199
88 0 0.0186694073831118
89 0 0.0212117654544292
90 0 0.0216766398726254
91 0 0.0255221026482145
92 0 0.0277115998330177
93 0 0.0282447054703894
94 0 0.0290064295056598
95 0 0.0303170280531333
96 0 0.0445575797821568
97 0 0.0395011920474826
98 0 0.0489050990691784
99 0 0.0299756966953255
100 0 0.0396021232915335

death 1 M single
1 0 0.00107634909452503
2 0 0.000065857182524165
3 0 0.0000426766823875546
4 0 0.0000541828105240505
5 0 0.0000525985470051227
6 0 0.0000474290370353625
7 0 0.0000232529736238218
8 0 0.0000395085839746123
9 0 0.0000395919535709499
10 0 0.0000375077365993848
11 0 0.0000280043129258223
12 0 0.0000352568359411887
13 0 0.0000137510399533802
14 0 0.0000300883120198936
15 0 0.0000390083680021913
16 0 0.0000610204750761678
17 0 0.0000782002919720304
18 0 0.0000571012629687617
19 0 0.0000900445807636707
20 0 0.000104393251210810
21 0 0.0000963009899740408
22 0 0.0000871250704894688
23 0 0.0000899611648832455
24 0 0.0000814531471444724
25 0 0.000095299935563009
26 0 0.000061687591838111
27 0 0.000105811556756596
28 0 0.0000966346772275362
29 0 0.0000993042193545568
30 0 0.000110984388049462
31 0 0.000122999841846383
32 0 0.000126671547325818
33 0 0.000105477835813717
34 0 0.000109399134273436
35 0 0.000121831603023481
36 0 0.000131094480403271
37 0 0.000139273300942766
38 0 0.000150624720304915
39 0 0.000143947243116505
40 0 0.000152795006016726
41 0 0.000191701993997428
42 0 0.00022193737544296
43 0 0.000227785156858840
44 0 0.000222271524245587
45 0 0.000273828692313627
46 0 0.000308439370728553
47 0 0.000279429043501978
48 0 0.000345321771503704
49 0 0.000372344911752420
50 0 0.000421559378874448
51 0 0.000458403973955357
52 0 0.000510514333699752
53 0 0.00057213023587277
54 0 0.000595781718671473
55 0 0.000644110270483611
56 0 0.0006919607216479
57 0 0.000809847471235137
58 0 0.000929823773329619
59 0 0.000938243208175593
60 0 0.00101489595471083
61 0 0.00123510572716279
62 0 0.00134879433733659
63 0 0.00143265162960615
64 0 0.00160967460020389
65 0 0.00189368254879618
66 0 0.00196765511777774
67 0 0.00218745977177337
68 0 0.00248159202552434
69 0 0.00272102133284002
70 0 0.00297503333369542
71 0 0.00343092374466281
72 0 0.00358059545638434
73 0 0.00407257867256861
74 0 0.00442521419506747
75 0 0.00504719396555542
76 0 0.0052066249041961
77 0 0.00648567236718778
78 0 0.00658464234736178
79 0 0.00708121603958345
80 0 0.00786122611911255
81 0 0.00897789504907387
82 0 0.00991625980500677
83 0 0.0104117603767785
84 0 0.0120811114482015
85 0 0.0129114607599478
86 0 0.0149896648833789
87 0 0.0156229019632199
88 0 0.0186694073831118
89 0 0.0212117654544292
90 0 0.0216766398726254
91 0 0.0255221026482145
92 0 0.0277115998330177
93 0 0.0282447054703894
94 0 0.0290064295056598
95 0 0.0303170280531333
96 0 0.0445575797821568
97 0 0.0395011920474826
98 0 0.0489050990691784
99 0 0.0299756966953255
100 0 0.0396021232915335

death 1 M divorced
1 0 0.00107634909452503
2 0 0.000065857182524165
3 0 0.0000426766823875546
4 0 0.0000541828105240505
5 0 0.0000525985470051227
6 0 0.0000474290370353625
7 0 0.0000232529736238218
8 0 0.0000395085839746123
9 0 0.0000395919535709499
10 0 0.0000375077365993848
11 0 0.0000280043129258223
12 0 0.0000352568359411887
13 0 0.0000137510399533802
14 0 0.0000300883120198936
15 0 0.0000390083680021913
16 0 0.0000610204750761678
17 0 0.0000782002919720304
18 0 0.0000571012629687617
19 0 0.0000900445807636707
20 0 0.000104393251210810
21 0 0.0000963009899740408
22 0 0.0000871250704894688
23 0 0.0000899611648832455
24 0 0.0000814531471444724
25 0 0.000095299935563009
26 0 0.000061687591838111
27 0 0.000105811556756596
28 0 0.0000966346772275362
29 0 0.0000993042193545568
30 0 0.000110984388049462
31 0 0.000122999841846383
32 0 0.000126671547325818
33 0 0.000105477835813717
34 0 0.000109399134273436
35 0 0.000121831603023481
36 0 0.000131094480403271
37 0 0.000139273300942766
38 0 0.000150624720304915
39 0 0.000143947243116505
40 0 0.000152795006016726
41 0 0.000191701993997428
42 0 0.00022193737544296
43 0 0.000227785156858840
44 0 0.000222271524245587
45 0 0.000273828692313627
46 0 0.000308439370728553
47 0 0.000279429043501978
48 0 0.000345321771503704
49 0 0.000372344911752420
50 0 0.000421559378874448
51 0 0.000458403973955357
52 0 0.000510514333699752
53 0 0.00057213023587277
54 0 0.000595781718671473
55 0 0.000644110270483611
56 0 0.0006919607216479
57 0 0.000809847471235137
58 0 0.000929823773329619
59 0 0.000938243208175593
60 0 0.00101489595471083
61 0 0.00123510572716279
62 0 0.00134879433733659
63 0 0.00143265162960615
64 0 0.00160967460020389
65 0 0.00189368254879618
66 0 0.00196765511777774
67 0 0.00218745977177337
68 0 0.00248159202552434
69 0 0.00272102133284002
70 0 0.00297503333369542
71 0 0.00343092374466281
72 0 0.00358059545638434
73 0 0.00407257867256861
74 0 0.00442521419506747
75 0 0.00504719396555542
76 0 0.0052066249041961
77 0 0.00648567236718778
78 0 0.00658464234736178
79 0 0.00708121603958345
80 0 0.00786122611911255
81 0 0.00897789504907387
82 0 0.00991625980500677
83 0 0.0104117603767785
84 0 0.0120811114482015
85 0 0.0129114607599478
86 0 0.0149896648833789
87 0 0.0156229019632199
88 0 0.0186694073831118
89 0 0.0212117654544292
90 0 0.0216766398726254
91 0 0.0255221026482145
92 0 0.0277115998330177
93 0 0.0282447054703894
94 0 0.0290064295056598
95 0 0.0303170280531333
96 0 0.0445575797821568
97 0 0.0395011920474826
98 0 0.0489050990691784
99 0 0.0299756966953255
100 0 0.0396021232915335

death 1 M widowed
1 0 0.00107634909452503
2 0 0.000065857182524165
3 0 0.0000426766823875546
4 0 0.0000541828105240505
5 0 0.0000525985470051227
6 0 0.0000474290370353625
7 0 0.0000232529736238218
8 0 0.0000395085839746123
9 0 0.0000395919535709499
10 0 0.0000375077365993848
11 0 0.0000280043129258223
12 0 0.0000352568359411887
13 0 0.0000137510399533802
14 0 0.0000300883120198936
15 0 0.0000390083680021913
16 0 0.0000610204750761678
17 0 0.0000782002919720304
18 0 0.0000571012629687617
19 0 0.0000900445807636707
20 0 0.000104393251210810
21 0 0.0000963009899740408
22 0 0.0000871250704894688
23 0 0.0000899611648832455
24 0 0.0000814531471444724
25 0 0.000095299935563009
26 0 0.000061687591838111
27 0 0.000105811556756596
28 0 0.0000966346772275362
29 0 0.0000993042193545568
30 0 0.000110984388049462
31 0 0.000122999841846383
32 0 0.000126671547325818
33 0 0.000105477835813717
34 0 0.000109399134273436
35 0 0.000121831603023481
36 0 0.000131094480403271
37 0 0.000139273300942766
38 0 0.000150624720304915
39 0 0.000143947243116505
40 0 0.000152795006016726
41 0 0.000191701993997428
42 0 0.00022193737544296
43 0 0.000227785156858840
44 0 0.000222271524245587
45 0 0.000273828692313627
46 0 0.000308439370728553
47 0 0.000279429043501978
48 0 0.000345321771503704
49 0 0.000372344911752420
50 0 0.000421559378874448
51 0 0.000458403973955357
52 0 0.000510514333699752
53 0 0.00057213023587277
54 0 0.000595781718671473
55 0 0.000644110270483611
56 0 0.0006919607216479
57 0 0.000809847471235137
58 0 0.000929823773329619
59 0 0.000938243208175593
60 0 0.00101489595471083
61 0 0.00123510572716279
62 0 0.00134879433733659
63 0 0.00143265162960615
64 0 0.00160967460020389
65 0 0.00189368254879618
66 0 0.00196765511777774
67 0 0.00218745977177337
68 0 0.00248159202552434
69 0 0.00272102133284002
70 0 0.00297503333369542
71 0 0.00343092374466281
72 0 0.00358059545638434
73 0 0.00407257867256861
74 0 0.00442521419506747
75 0 0.00504719396555542
76 0 0.0052066249041961
77 0 0.00648567236718778
78 0 0.00658464234736178
79 0 0.00708121603958345
80 0 0.00786122611911255
81 0 0.00897789504907387
82 0 0.00991625980500677
83 0 0.0104117603767785
84 0 0.0120811114482015
85 0 0.0129114607599478
86 0 0.0149896648833789
87 0 0.0156229019632199
88 0 0.0186694073831118
89 0 0.0212117654544292
90 0 0.0216766398726254
91 0 0.0255221026482145
92 0 0.0277115998330177
93 0 0.0282447054703894
94 0 0.0290064295056598
95 0 0.0303170280531333
96 0 0.0445575797821568
97 0 0.0395011920474826
98 0 0.0489050990691784
99 0 0.0299756966953255
100 0 0.0396021232915335

death 1 F married
1 0 0.000801103643494394
2 0 0.0000448443922874686
3 0 0.0000348400086022105
4 0 0.0000364239626585716
5 0 0.0000208357208674181
6 0 0.0000374243689144071
7 0 0.0000389249989409812
8 0 0.0000278375950621967
9 0 0.0000192520383945904
10 0 0.0000245866578314491
11 0 0.0000230029100131146
12 0 0.0000114173836009979
13 0 0.0000144178099145131
14 0 0.0000222527233083580
15 0 0.0000175016846010179
16 0 0.0000368407972606288
17 0 0.0000284211089226494
18 0 0.0000429268001225225
19 0 0.0000485129421875508
20 0 0.0000366740631904117
21 0 0.0000346732782017245
22 0 0.0000340897242082638
23 0 0.0000470121538796997
24 0 0.000042426565340703
25 0 0.0000383414176537977
26 0 0.0000462617690170086
27 0 0.0000388416299562655
28 0 0.0000487630759811175
29 0 0.0000385915234609735
30 0 0.0000435104108471585
31 0 0.0000492633456331548
32 0 0.0000496802391127815
33 0 0.0000445942692763879
34 0 0.0000660239701297805
35 0 0.000064189323299324
36 0 0.0000812863312270595
37 0 0.0000741135363607759
38 0 0.000112819979592671
39 0 0.000103892678066431
40 0 0.0000946325720800889
41 0 0.000146868579026238
42 0 0.0000877089650430651
43 0 0.000134265772442244
44 0 0.000173415305201652
45 0 0.000164398566459334
46 0 0.000181514434932084
47 0 0.000184520481145478
48 0 0.000204980936687083
49 0 0.000236891737066203
50 0 0.000280264946411868
51 0 0.000320062820481914
52 0 0.00030885745465703
53 0 0.000326920516866114
54 0 0.000374687853526234
55 0 0.000382553885591275
56 0 0.000415029395628541
57 0 0.000439393646883834
58 0 0.000463094357928018
59 0 0.000563409256980729
60 0 0.00056768578626365
61 0 0.00068549524077921
62 0 0.000718163224947332
63 0 0.000793957870838136
64 0 0.000885297943102437
65 0 0.0009985491731066
66 0 0.00111818461836066
67 0 0.00121559434152052
68 0 0.00135141634877489
69 0 0.00154158709964469
70 0 0.00170837765537957
71 0 0.00197319058875656
72 0 0.00222443038172082
73 0 0.00239607563718003
74 0 0.00276387999761107
75 0 0.00318055184509514
76 0 0.00378089073348797
77 0 0.00423274489900627
78 0 0.00438130006045678
79 0 0.00536147473002957
80 0 0.00597143404495915
81 0 0.00680006395028554
82 0 0.00787676986318031
83 0 0.00874142738851535
84 0 0.00949461772415228
85 0 0.0102857150759492
86 0 0.0112849897064635
87 0 0.0135839707641890
88 0 0.0147926994028934
89 0 0.0162923944851814
90 0 0.0179939409505503
91 0 0.0207291588437739
92 0 0.0193213101304125
93 0 0.0266016713598842
94 0 0.0249278450660280
95 0 0.0336834615250056
96 0 0.0310787750313821
97 0 0.0329666237767595
98 0 0.0410586089100001
99 0 0.0422756888932204
100 0 0.0504325582805272

death 1 F single
1 0 0.000801103643494394
2 0 0.0000448443922874686
3 0 0.0000348400086022105
4 0 0.0000364239626585716
5 0 0.0000208357208674181
6 0 0.0000374243689144071
7 0 0.0000389249989409812
8 0 0.0000278375950621967
9 0 0.0000192520383945904
10 0 0.0000245866578314491
11 0 0.0000230029100131146
12 0 0.0000114173836009979
13 0 0.0000144178099145131
14 0 0.0000222527233083580
15 0 0.0000175016846010179
16 0 0.0000368407972606288
17 0 0.0000284211089226494
18 0 0.0000429268001225225
19 0 0.0000485129421875508
20 0 0.0000366740631904117
21 0 0.0000346732782017245
22 0 0.0000340897242082638
23 0 0.0000470121538796997
24 0 0.000042426565340703
25 0 0.0000383414176537977
26 0 0.0000462617690170086
27 0 0.0000388416299562655
28 0 0.0000487630759811175
29 0 0.0000385915234609735
30 0 0.0000435104108471585
31 0 0.0000492633456331548
32 0 0.0000496802391127815
33 0 0.0000445942692763879
34 0 0.0000660239701297805
35 0 0.000064189323299324
36 0 0.0000812863312270595
37 0 0.0000741135363607759
38 0 0.000112819979592671
39 0 0.000103892678066431
40 0 0.0000946325720800889
41 0 0.000146868579026238
42 0 0.0000877089650430651
43 0 0.000134265772442244
44 0 0.000173415305201652
45 0 0.000164398566459334
46 0 0.000181514434932084
47 0 0.000184520481145478
48 0 0.000204980936687083
49 0 0.000236891737066203
50 0 0.000280264946411868
51 0 0.000320062820481914
52 0 0.00030885745465703
53 0 0.000326920516866114
54 0 0.000374687853526234
55 0 0.000382553885591275
56 0 0.000415029395628541
57 0 0.000439393646883834
58 0 0.000463094357928018
59 0 0.000563409256980729
60 0 0.00056768578626365
61 0 0.00068549524077921
62 0 0.000718163224947332
63 0 0.000793957870838136
64 0 0.000885297943102437
65 0 0.0009985491731066
66 0 0.00111818461836066
67 0 0.00121559434152052
68 0 0.00135141634877489
69 0 0.00154158709964469
70 0 0.00170837765537957
71 0 0.00197319058875656
72 0 0.00222443038172082
73 0 0.00239607563718003
74 0 0.00276387999761107
75 0 0.00318055184509514
76 0 0.00378089073348797
77 0 0.00423274489900627
78 0 0.00438130006045678
79 0 0.00536147473002957
80 0 0.00597143404495915
81 0 0.00680006395028554
82 0 0.00787676986318031
83 0 0.00874142738851535
84 0 0.00949461772415228
85 0 0.0102857150759492
86 0 0.0112849897064635
87 0 0.0135839707641890
88 0 0.0147926994028934
89 0 0.0162923944851814
90 0 0.0179939409505503
91 0 0.0207291588437739
92 0 0.0193213101304125
93 0 0.0266016713598842
94 0 0.0249278450660280
95 0 0.0336834615250056
96 0 0.0310787750313821
97 0 0.0329666237767595
98 0 0.0410586089100001
99 0 0.0422756888932204
100 0 0.0504325582805272

death 1 F divorced
1 0 0.000801103643494394
2 0 0.0000448443922874686
3 0 0.0000348400086022105
4 0 0.0000364239626585716
5 0 0.0000208357208674181
6 0 0.0000374243689144071
7 0 0.0000389249989409812
8 0 0.0000278375950621967
9 0 0.0000192520383945904
10 0 0.0000245866578314491
11 0 0.0000230029100131146
12 0 0.0000114173836009979
13 0 0.0000144178099145131
14 0 0.0000222527233083580
15 0 0.0000175016846010179
16 0 0.0000368407972606288
17 0 0.0000284211089226494
18 0 0.0000429268001225225
19 0 0.0000485129421875508
20 0 0.0000366740631904117
21 0 0.0000346732782017245
22 0 0.0000340897242082638
23 0 0.0000470121538796997
24 0 0.000042426565340703
25 0 0.0000383414176537977
26 0 0.0000462617690170086
27 0 0.0000388416299562655
28 0 0.0000487630759811175
29 0 0.0000385915234609735
30 0 0.0000435104108471585
31 0 0.0000492633456331548
32 0 0.0000496802391127815
33 0 0.0000445942692763879
34 0 0.0000660239701297805
35 0 0.000064189323299324
36 0 0.0000812863312270595
37 0 0.0000741135363607759
38 0 0.000112819979592671
39 0 0.000103892678066431
40 0 0.0000946325720800889
41 0 0.000146868579026238
42 0 0.0000877089650430651
43 0 0.000134265772442244
44 0 0.000173415305201652
45 0 0.000164398566459334
46 0 0.000181514434932084
47 0 0.000184520481145478
48 0 0.000204980936687083
49 0 0.000236891737066203
50 0 0.000280264946411868
51 0 0.000320062820481914
52 0 0.00030885745465703
53 0 0.000326920516866114
54 0 0.000374687853526234
55 0 0.000382553885591275
56 0 0.000415029395628541
57 0 0.000439393646883834
58 0 0.000463094357928018
59 0 0.000563409256980729
60 0 0.00056768578626365
61 0 0.00068549524077921
62 0 0.000718163224947332
63 0 0.000793957870838136
64 0 0.000885297943102437
65 0 0.0009985491731066
66 0 0.00111818461836066
67 0 0.00121559434152052
68 0 0.00135141634877489
69 0 0.00154158709964469
70 0 0.00170837765537957
71 0 0.00197319058875656
72 0 0.00222443038172082
73 0 0.00239607563718003
74 0 0.00276387999761107
75 0 0.00318055184509514
76 0 0.00378089073348797
77 0 0.00423274489900627
78 0 0.00438130006045678
79 0 0.00536147473002957
80 0 0.00597143404495915
81 0 0.00680006395028554
82 0 0.00787676986318031
83 0 0.00874142738851535
84 0 0.00949461772415228
85 0 0.0102857150759492
86 0 0.0112849897064635
87 0 0.0135839707641890
88 0 0.0147926994028934
89 0 0.0162923944851814
90 0 0.0179939409505503
91 0 0.0207291588437739
92 0 0.0193213101304125
93 0 0.0266016713598842
94 0 0.0249278450660280
95 0 0.0336834615250056
96 0 0.0310787750313821
97 0 0.0329666237767595
98 0 0.0410586089100001
99 0 0.0422756888932204
100 0 0.0504325582805272

death 1 F widowed
1 0 0.000801103643494394
2 0 0.0000448443922874686
3 0 0.0000348400086022105
4 0 0.0000364239626585716
5 0 0.0000208357208674181
6 0 0.0000374243689144071
7 0 0.0000389249989409812
8 0 0.0000278375950621967
9 0 0.0000192520383945904
10 0 0.0000245866578314491
11 0 0.0000230029100131146
12 0 0.0000114173836009979
13 0 0.0000144178099145131
14 0 0.0000222527233083580
15 0 0.0000175016846010179
16 0 0.0000368407972606288
17 0 0.0000284211089226494
18 0 0.0000429268001225225
19 0 0.0000485129421875508
20 0 0.0000366740631904117
21 0 0.0000346732782017245
22 0 0.0000340897242082638
23 0 0.0000470121538796997
24 0 0.000042426565340703
25 0 0.0000383414176537977
26 0 0.0000462617690170086
27 0 0.0000388416299562655
28 0 0.0000487630759811175
29 0 0.0000385915234609735
30 0 0.0000435104108471585
31 0 0.0000492633456331548
32 0 0.0000496802391127815
33 0 0.0000445942692763879
34 0 0.0000660239701297805
35 0 0.000064189323299324
36 0 0.0000812863312270595
37 0 0.0000741135363607759
38 0 0.000112819979592671
39 0 0.000103892678066431
40 0 0.0000946325720800889
41 0 0.000146868579026238
42 0 0.0000877089650430651
43 0 0.000134265772442244
44 0 0.000173415305201652
45 0 0.000164398566459334
46 0 0.000181514434932084
47 0 0.000184520481145478
48 0 0.000204980936687083
49 0 0.000236891737066203
50 0 0.000280264946411868
51 0 0.000320062820481914
52 0 0.00030885745465703
53 0 0.000326920516866114
54 0 0.000374687853526234
55 0 0.000382553885591275
56 0 0.000415029395628541
57 0 0.000439393646883834
58 0 0.000463094357928018
59 0 0.000563409256980729
60 0 0.00056768578626365
61 0 0.00068549524077921
62 0 0.000718163224947332
63 0 0.000793957870838136
64 0 0.000885297943102437
65 0 0.0009985491731066
66 0 0.00111818461836066
67 0 0.00121559434152052
68 0 0.00135141634877489
69 0 0.00154158709964469
70 0 0.00170837765537957
71 0 0.00197319058875656
72 0 0.00222443038172082
73 0 0.00239607563718003
74 0 0.00276387999761107
75 0 0.00318055184509514
76 0 0.00378089073348797
77 0 0.00423274489900627
78 0 0.00438130006045678
79 0 0.00536147473002957
80 0 0.00597143404495915
81 0 0.00680006395028554
82 0 0.00787676986318031
83 0 0.00874142738851535
84 0 0.00949461772415228
85 0 0.0102857150759492
86 0 0.0112849897064635
87 0 0.0135839707641890
88 0 0.0147926994028934
89 0 0.0162923944851814
90 0 0.0179939409505503
91 0 0.0207291588437739
92 0 0.0193213101304125
93 0 0.0266016713598842
94 0 0.0249278450660280
95 0 0.0336834615250056
96 0 0.0310787750313821
97 0 0.0329666237767595
98 0 0.0410586089100001
99 0 0.0422756888932204
100 0 0.0504325582805272
