*Period monthly mortality rates for SWE in 1754 
* Mon Dec 20 14:18:40 2010
death 1 M married
1 0 0.0254543521993668
2 0 0.0052920112666387
3 0 0.00344581054649096
4 0 0.00231081077199391
5 0 0.00194662340751339
6 0 0.00174481372584234
7 0 0.00127785960970039
8 0 0.000917701158135276
9 0 0.000672481706993744
10 0 0.00053741899660642
11 0 0.000492163386553224
12 0 0.000504899723497654
13 0 0.000517554036677637
14 0 0.000529874829445887
15 0 0.000541694302730322
16 0 0.00055787522375017
17 0 0.000552425368934961
18 0 0.000556533690696859
19 0 0.000569446768594051
20 0 0.000589490829678629
21 0 0.00062220821012271
22 0 0.000675671949246559
23 0 0.000724631031312706
24 0 0.000765800591932653
25 0 0.000797404585117123
26 0 0.000815817298655208
27 0 0.000798665610822868
28 0 0.000792108468309904
29 0 0.000799170026006824
30 0 0.000817330838374097
31 0 0.000844999425076765
32 0 0.000891272731653014
33 0 0.000918542954134627
34 0 0.000935296317198575
35 0 0.000936475062115472
36 0 0.00092266786731321
37 0 0.000890094573224198
38 0 0.000899772756021044
39 0 0.000948937015588291
40 0 0.00103529142616166
41 0 0.00114763286375164
42 0 0.00131302413263856
43 0 0.00145796788836827
44 0 0.00158677522000661
45 0 0.00166024332368409
46 0 0.00165990384234704
47 0 0.00156472942402297
48 0 0.00154082426633018
49 0 0.00157185132645010
50 0 0.00163520998094613
51 0 0.00171737914666104
52 0 0.00188806684229981
53 0 0.00202847866586908
54 0 0.00216834001043975
55 0 0.00227816281409077
56 0 0.00235578505424527
57 0 0.00229525452005264
58 0 0.00232414682617277
59 0 0.00243561373374512
60 0 0.00262738682928132
61 0 0.00286496580464679
62 0 0.00324046749347273
63 0 0.00355606630940075
64 0 0.00377289821095361
65 0 0.00379600895493304
66 0 0.00373034121943405
67 0 0.00370091042786413
68 0 0.00385372468115575
69 0 0.00422654583695281
70 0 0.00483898171547914
71 0 0.00565236858355811
72 0 0.0065835669775316
73 0 0.00748807236937488
74 0 0.00840301714321257
75 0 0.0091728289827655
76 0 0.00971303135530288
77 0 0.00993225518562235
78 0 0.0104140979467787
79 0 0.011159223881815
80 0 0.0121047376211530
81 0 0.01121430143086
82 0 0.0127200591307778
83 0 0.0140364918630225
84 0 0.0150493117115628
85 0 0.0155752509994933
86 0 0.0154196952530318
87 0 0.0150942206857465
88 0 0.0148746174459036
89 0 0.0150378910916412
90 0 0.0158522983816741
91 0 0.0228725170927974
92 0 0.0245522031486803
93 0 0.0262751541424985
94 0 0.0282230088069613
95 0 0.0304724356148228
96 0 0.0331362007172850
97 0 0.0360389433324684
98 0 0.0384412776918677
99 0 0.040859536324834
100 0 0.0448428473732337

death 1 M single
1 0 0.0254543521993668
2 0 0.0052920112666387
3 0 0.00344581054649096
4 0 0.00231081077199391
5 0 0.00194662340751339
6 0 0.00174481372584234
7 0 0.00127785960970039
8 0 0.000917701158135276
9 0 0.000672481706993744
10 0 0.00053741899660642
11 0 0.000492163386553224
12 0 0.000504899723497654
13 0 0.000517554036677637
14 0 0.000529874829445887
15 0 0.000541694302730322
16 0 0.00055787522375017
17 0 0.000552425368934961
18 0 0.000556533690696859
19 0 0.000569446768594051
20 0 0.000589490829678629
21 0 0.00062220821012271
22 0 0.000675671949246559
23 0 0.000724631031312706
24 0 0.000765800591932653
25 0 0.000797404585117123
26 0 0.000815817298655208
27 0 0.000798665610822868
28 0 0.000792108468309904
29 0 0.000799170026006824
30 0 0.000817330838374097
31 0 0.000844999425076765
32 0 0.000891272731653014
33 0 0.000918542954134627
34 0 0.000935296317198575
35 0 0.000936475062115472
36 0 0.00092266786731321
37 0 0.000890094573224198
38 0 0.000899772756021044
39 0 0.000948937015588291
40 0 0.00103529142616166
41 0 0.00114763286375164
42 0 0.00131302413263856
43 0 0.00145796788836827
44 0 0.00158677522000661
45 0 0.00166024332368409
46 0 0.00165990384234704
47 0 0.00156472942402297
48 0 0.00154082426633018
49 0 0.00157185132645010
50 0 0.00163520998094613
51 0 0.00171737914666104
52 0 0.00188806684229981
53 0 0.00202847866586908
54 0 0.00216834001043975
55 0 0.00227816281409077
56 0 0.00235578505424527
57 0 0.00229525452005264
58 0 0.00232414682617277
59 0 0.00243561373374512
60 0 0.00262738682928132
61 0 0.00286496580464679
62 0 0.00324046749347273
63 0 0.00355606630940075
64 0 0.00377289821095361
65 0 0.00379600895493304
66 0 0.00373034121943405
67 0 0.00370091042786413
68 0 0.00385372468115575
69 0 0.00422654583695281
70 0 0.00483898171547914
71 0 0.00565236858355811
72 0 0.0065835669775316
73 0 0.00748807236937488
74 0 0.00840301714321257
75 0 0.0091728289827655
76 0 0.00971303135530288
77 0 0.00993225518562235
78 0 0.0104140979467787
79 0 0.011159223881815
80 0 0.0121047376211530
81 0 0.01121430143086
82 0 0.0127200591307778
83 0 0.0140364918630225
84 0 0.0150493117115628
85 0 0.0155752509994933
86 0 0.0154196952530318
87 0 0.0150942206857465
88 0 0.0148746174459036
89 0 0.0150378910916412
90 0 0.0158522983816741
91 0 0.0228725170927974
92 0 0.0245522031486803
93 0 0.0262751541424985
94 0 0.0282230088069613
95 0 0.0304724356148228
96 0 0.0331362007172850
97 0 0.0360389433324684
98 0 0.0384412776918677
99 0 0.040859536324834
100 0 0.0448428473732337

death 1 M divorced
1 0 0.0254543521993668
2 0 0.0052920112666387
3 0 0.00344581054649096
4 0 0.00231081077199391
5 0 0.00194662340751339
6 0 0.00174481372584234
7 0 0.00127785960970039
8 0 0.000917701158135276
9 0 0.000672481706993744
10 0 0.00053741899660642
11 0 0.000492163386553224
12 0 0.000504899723497654
13 0 0.000517554036677637
14 0 0.000529874829445887
15 0 0.000541694302730322
16 0 0.00055787522375017
17 0 0.000552425368934961
18 0 0.000556533690696859
19 0 0.000569446768594051
20 0 0.000589490829678629
21 0 0.00062220821012271
22 0 0.000675671949246559
23 0 0.000724631031312706
24 0 0.000765800591932653
25 0 0.000797404585117123
26 0 0.000815817298655208
27 0 0.000798665610822868
28 0 0.000792108468309904
29 0 0.000799170026006824
30 0 0.000817330838374097
31 0 0.000844999425076765
32 0 0.000891272731653014
33 0 0.000918542954134627
34 0 0.000935296317198575
35 0 0.000936475062115472
36 0 0.00092266786731321
37 0 0.000890094573224198
38 0 0.000899772756021044
39 0 0.000948937015588291
40 0 0.00103529142616166
41 0 0.00114763286375164
42 0 0.00131302413263856
43 0 0.00145796788836827
44 0 0.00158677522000661
45 0 0.00166024332368409
46 0 0.00165990384234704
47 0 0.00156472942402297
48 0 0.00154082426633018
49 0 0.00157185132645010
50 0 0.00163520998094613
51 0 0.00171737914666104
52 0 0.00188806684229981
53 0 0.00202847866586908
54 0 0.00216834001043975
55 0 0.00227816281409077
56 0 0.00235578505424527
57 0 0.00229525452005264
58 0 0.00232414682617277
59 0 0.00243561373374512
60 0 0.00262738682928132
61 0 0.00286496580464679
62 0 0.00324046749347273
63 0 0.00355606630940075
64 0 0.00377289821095361
65 0 0.00379600895493304
66 0 0.00373034121943405
67 0 0.00370091042786413
68 0 0.00385372468115575
69 0 0.00422654583695281
70 0 0.00483898171547914
71 0 0.00565236858355811
72 0 0.0065835669775316
73 0 0.00748807236937488
74 0 0.00840301714321257
75 0 0.0091728289827655
76 0 0.00971303135530288
77 0 0.00993225518562235
78 0 0.0104140979467787
79 0 0.011159223881815
80 0 0.0121047376211530
81 0 0.01121430143086
82 0 0.0127200591307778
83 0 0.0140364918630225
84 0 0.0150493117115628
85 0 0.0155752509994933
86 0 0.0154196952530318
87 0 0.0150942206857465
88 0 0.0148746174459036
89 0 0.0150378910916412
90 0 0.0158522983816741
91 0 0.0228725170927974
92 0 0.0245522031486803
93 0 0.0262751541424985
94 0 0.0282230088069613
95 0 0.0304724356148228
96 0 0.0331362007172850
97 0 0.0360389433324684
98 0 0.0384412776918677
99 0 0.040859536324834
100 0 0.0448428473732337

death 1 M widowed
1 0 0.0254543521993668
2 0 0.0052920112666387
3 0 0.00344581054649096
4 0 0.00231081077199391
5 0 0.00194662340751339
6 0 0.00174481372584234
7 0 0.00127785960970039
8 0 0.000917701158135276
9 0 0.000672481706993744
10 0 0.00053741899660642
11 0 0.000492163386553224
12 0 0.000504899723497654
13 0 0.000517554036677637
14 0 0.000529874829445887
15 0 0.000541694302730322
16 0 0.00055787522375017
17 0 0.000552425368934961
18 0 0.000556533690696859
19 0 0.000569446768594051
20 0 0.000589490829678629
21 0 0.00062220821012271
22 0 0.000675671949246559
23 0 0.000724631031312706
24 0 0.000765800591932653
25 0 0.000797404585117123
26 0 0.000815817298655208
27 0 0.000798665610822868
28 0 0.000792108468309904
29 0 0.000799170026006824
30 0 0.000817330838374097
31 0 0.000844999425076765
32 0 0.000891272731653014
33 0 0.000918542954134627
34 0 0.000935296317198575
35 0 0.000936475062115472
36 0 0.00092266786731321
37 0 0.000890094573224198
38 0 0.000899772756021044
39 0 0.000948937015588291
40 0 0.00103529142616166
41 0 0.00114763286375164
42 0 0.00131302413263856
43 0 0.00145796788836827
44 0 0.00158677522000661
45 0 0.00166024332368409
46 0 0.00165990384234704
47 0 0.00156472942402297
48 0 0.00154082426633018
49 0 0.00157185132645010
50 0 0.00163520998094613
51 0 0.00171737914666104
52 0 0.00188806684229981
53 0 0.00202847866586908
54 0 0.00216834001043975
55 0 0.00227816281409077
56 0 0.00235578505424527
57 0 0.00229525452005264
58 0 0.00232414682617277
59 0 0.00243561373374512
60 0 0.00262738682928132
61 0 0.00286496580464679
62 0 0.00324046749347273
63 0 0.00355606630940075
64 0 0.00377289821095361
65 0 0.00379600895493304
66 0 0.00373034121943405
67 0 0.00370091042786413
68 0 0.00385372468115575
69 0 0.00422654583695281
70 0 0.00483898171547914
71 0 0.00565236858355811
72 0 0.0065835669775316
73 0 0.00748807236937488
74 0 0.00840301714321257
75 0 0.0091728289827655
76 0 0.00971303135530288
77 0 0.00993225518562235
78 0 0.0104140979467787
79 0 0.011159223881815
80 0 0.0121047376211530
81 0 0.01121430143086
82 0 0.0127200591307778
83 0 0.0140364918630225
84 0 0.0150493117115628
85 0 0.0155752509994933
86 0 0.0154196952530318
87 0 0.0150942206857465
88 0 0.0148746174459036
89 0 0.0150378910916412
90 0 0.0158522983816741
91 0 0.0228725170927974
92 0 0.0245522031486803
93 0 0.0262751541424985
94 0 0.0282230088069613
95 0 0.0304724356148228
96 0 0.0331362007172850
97 0 0.0360389433324684
98 0 0.0384412776918677
99 0 0.040859536324834
100 0 0.0448428473732337

death 1 F married
1 0 0.0221615491819979
2 0 0.00517106368163256
3 0 0.00330189192855435
4 0 0.0024706304654466
5 0 0.00222272240033339
6 0 0.00184791615933899
7 0 0.00119735372138285
8 0 0.000715727417244238
9 0 0.000421308216995597
10 0 0.000316132422916948
11 0 0.000359961794317964
12 0 0.000442659455383909
13 0 0.000506575690218725
14 0 0.000546388988245217
15 0 0.000562235342977169
16 0 0.000562990000238295
17 0 0.000530713039309183
18 0 0.000507497485092268
19 0 0.000491576887718836
20 0 0.000485712107574976
21 0 0.000494006693250282
22 0 0.000527863157322561
23 0 0.000558462150689776
24 0 0.000585632633260058
25 0 0.00060702252481648
26 0 0.000624893236227275
27 0 0.000625816232278087
28 0 0.000641172906010734
29 0 0.00067164218817839
30 0 0.000712451778823286
31 0 0.000758237436981113
32 0 0.00082498300856959
33 0 0.000875705442716534
34 0 0.000911556283689219
35 0 0.000923678078690093
36 0 0.000916185944997094
37 0 0.000875789583052677
38 0 0.000860224947323851
39 0 0.000866534613324088
40 0 0.000892535061214117
41 0 0.00093302306663079
42 0 0.00102374466697797
43 0 0.00110367495528241
44 0 0.00117514902332083
45 0 0.00121255398368403
46 0 0.00121002042991902
47 0 0.00111725660539430
48 0 0.00107171126159444
49 0 0.00106319513064868
50 0 0.00107871026409623
51 0 0.00110451847687099
52 0 0.00122809466010110
53 0 0.00133872989988082
54 0 0.00145940748646178
55 0 0.00157532769606383
56 0 0.00168027497052126
57 0 0.00165302961846880
58 0 0.00170557548655403
59 0 0.00183371455711590
60 0 0.00202379192873692
61 0 0.00222417418246246
62 0 0.00253916196466153
63 0 0.00277582219251926
64 0 0.00293388221083857
65 0 0.00298536709406338
66 0 0.00303007417978274
67 0 0.00311515606553292
68 0 0.0033858455043797
69 0 0.00383903149583309
70 0 0.00445776989388114
71 0 0.00518738657618223
72 0 0.00609470578441595
73 0 0.00697549011274257
74 0 0.00789840830591393
75 0 0.00875271740438155
76 0 0.00940063228730348
77 0 0.00920612783359753
78 0 0.00923251738303676
79 0 0.00948684355376617
80 0 0.0100539875716801
81 0 0.00999319386477238
82 0 0.0115910338672219
83 0 0.0131655320925402
84 0 0.0146394762384729
85 0 0.0158047237222747
86 0 0.0163955858381939
87 0 0.0168802674749133
88 0 0.0173876011433541
89 0 0.0178690711193312
90 0 0.0187361792539587
91 0 0.0212855388569114
92 0 0.0226756046516676
93 0 0.0240953930960689
94 0 0.0255367222854391
95 0 0.0269959223445249
96 0 0.0285531453963771
97 0 0.0302667664965448
98 0 0.0320223454659688
99 0 0.0336560113068436
100 0 0.0357031654686104

death 1 F single
1 0 0.0221615491819979
2 0 0.00517106368163256
3 0 0.00330189192855435
4 0 0.0024706304654466
5 0 0.00222272240033339
6 0 0.00184791615933899
7 0 0.00119735372138285
8 0 0.000715727417244238
9 0 0.000421308216995597
10 0 0.000316132422916948
11 0 0.000359961794317964
12 0 0.000442659455383909
13 0 0.000506575690218725
14 0 0.000546388988245217
15 0 0.000562235342977169
16 0 0.000562990000238295
17 0 0.000530713039309183
18 0 0.000507497485092268
19 0 0.000491576887718836
20 0 0.000485712107574976
21 0 0.000494006693250282
22 0 0.000527863157322561
23 0 0.000558462150689776
24 0 0.000585632633260058
25 0 0.00060702252481648
26 0 0.000624893236227275
27 0 0.000625816232278087
28 0 0.000641172906010734
29 0 0.00067164218817839
30 0 0.000712451778823286
31 0 0.000758237436981113
32 0 0.00082498300856959
33 0 0.000875705442716534
34 0 0.000911556283689219
35 0 0.000923678078690093
36 0 0.000916185944997094
37 0 0.000875789583052677
38 0 0.000860224947323851
39 0 0.000866534613324088
40 0 0.000892535061214117
41 0 0.00093302306663079
42 0 0.00102374466697797
43 0 0.00110367495528241
44 0 0.00117514902332083
45 0 0.00121255398368403
46 0 0.00121002042991902
47 0 0.00111725660539430
48 0 0.00107171126159444
49 0 0.00106319513064868
50 0 0.00107871026409623
51 0 0.00110451847687099
52 0 0.00122809466010110
53 0 0.00133872989988082
54 0 0.00145940748646178
55 0 0.00157532769606383
56 0 0.00168027497052126
57 0 0.00165302961846880
58 0 0.00170557548655403
59 0 0.00183371455711590
60 0 0.00202379192873692
61 0 0.00222417418246246
62 0 0.00253916196466153
63 0 0.00277582219251926
64 0 0.00293388221083857
65 0 0.00298536709406338
66 0 0.00303007417978274
67 0 0.00311515606553292
68 0 0.0033858455043797
69 0 0.00383903149583309
70 0 0.00445776989388114
71 0 0.00518738657618223
72 0 0.00609470578441595
73 0 0.00697549011274257
74 0 0.00789840830591393
75 0 0.00875271740438155
76 0 0.00940063228730348
77 0 0.00920612783359753
78 0 0.00923251738303676
79 0 0.00948684355376617
80 0 0.0100539875716801
81 0 0.00999319386477238
82 0 0.0115910338672219
83 0 0.0131655320925402
84 0 0.0146394762384729
85 0 0.0158047237222747
86 0 0.0163955858381939
87 0 0.0168802674749133
88 0 0.0173876011433541
89 0 0.0178690711193312
90 0 0.0187361792539587
91 0 0.0212855388569114
92 0 0.0226756046516676
93 0 0.0240953930960689
94 0 0.0255367222854391
95 0 0.0269959223445249
96 0 0.0285531453963771
97 0 0.0302667664965448
98 0 0.0320223454659688
99 0 0.0336560113068436
100 0 0.0357031654686104

death 1 F divorced
1 0 0.0221615491819979
2 0 0.00517106368163256
3 0 0.00330189192855435
4 0 0.0024706304654466
5 0 0.00222272240033339
6 0 0.00184791615933899
7 0 0.00119735372138285
8 0 0.000715727417244238
9 0 0.000421308216995597
10 0 0.000316132422916948
11 0 0.000359961794317964
12 0 0.000442659455383909
13 0 0.000506575690218725
14 0 0.000546388988245217
15 0 0.000562235342977169
16 0 0.000562990000238295
17 0 0.000530713039309183
18 0 0.000507497485092268
19 0 0.000491576887718836
20 0 0.000485712107574976
21 0 0.000494006693250282
22 0 0.000527863157322561
23 0 0.000558462150689776
24 0 0.000585632633260058
25 0 0.00060702252481648
26 0 0.000624893236227275
27 0 0.000625816232278087
28 0 0.000641172906010734
29 0 0.00067164218817839
30 0 0.000712451778823286
31 0 0.000758237436981113
32 0 0.00082498300856959
33 0 0.000875705442716534
34 0 0.000911556283689219
35 0 0.000923678078690093
36 0 0.000916185944997094
37 0 0.000875789583052677
38 0 0.000860224947323851
39 0 0.000866534613324088
40 0 0.000892535061214117
41 0 0.00093302306663079
42 0 0.00102374466697797
43 0 0.00110367495528241
44 0 0.00117514902332083
45 0 0.00121255398368403
46 0 0.00121002042991902
47 0 0.00111725660539430
48 0 0.00107171126159444
49 0 0.00106319513064868
50 0 0.00107871026409623
51 0 0.00110451847687099
52 0 0.00122809466010110
53 0 0.00133872989988082
54 0 0.00145940748646178
55 0 0.00157532769606383
56 0 0.00168027497052126
57 0 0.00165302961846880
58 0 0.00170557548655403
59 0 0.00183371455711590
60 0 0.00202379192873692
61 0 0.00222417418246246
62 0 0.00253916196466153
63 0 0.00277582219251926
64 0 0.00293388221083857
65 0 0.00298536709406338
66 0 0.00303007417978274
67 0 0.00311515606553292
68 0 0.0033858455043797
69 0 0.00383903149583309
70 0 0.00445776989388114
71 0 0.00518738657618223
72 0 0.00609470578441595
73 0 0.00697549011274257
74 0 0.00789840830591393
75 0 0.00875271740438155
76 0 0.00940063228730348
77 0 0.00920612783359753
78 0 0.00923251738303676
79 0 0.00948684355376617
80 0 0.0100539875716801
81 0 0.00999319386477238
82 0 0.0115910338672219
83 0 0.0131655320925402
84 0 0.0146394762384729
85 0 0.0158047237222747
86 0 0.0163955858381939
87 0 0.0168802674749133
88 0 0.0173876011433541
89 0 0.0178690711193312
90 0 0.0187361792539587
91 0 0.0212855388569114
92 0 0.0226756046516676
93 0 0.0240953930960689
94 0 0.0255367222854391
95 0 0.0269959223445249
96 0 0.0285531453963771
97 0 0.0302667664965448
98 0 0.0320223454659688
99 0 0.0336560113068436
100 0 0.0357031654686104

death 1 F widowed
1 0 0.0221615491819979
2 0 0.00517106368163256
3 0 0.00330189192855435
4 0 0.0024706304654466
5 0 0.00222272240033339
6 0 0.00184791615933899
7 0 0.00119735372138285
8 0 0.000715727417244238
9 0 0.000421308216995597
10 0 0.000316132422916948
11 0 0.000359961794317964
12 0 0.000442659455383909
13 0 0.000506575690218725
14 0 0.000546388988245217
15 0 0.000562235342977169
16 0 0.000562990000238295
17 0 0.000530713039309183
18 0 0.000507497485092268
19 0 0.000491576887718836
20 0 0.000485712107574976
21 0 0.000494006693250282
22 0 0.000527863157322561
23 0 0.000558462150689776
24 0 0.000585632633260058
25 0 0.00060702252481648
26 0 0.000624893236227275
27 0 0.000625816232278087
28 0 0.000641172906010734
29 0 0.00067164218817839
30 0 0.000712451778823286
31 0 0.000758237436981113
32 0 0.00082498300856959
33 0 0.000875705442716534
34 0 0.000911556283689219
35 0 0.000923678078690093
36 0 0.000916185944997094
37 0 0.000875789583052677
38 0 0.000860224947323851
39 0 0.000866534613324088
40 0 0.000892535061214117
41 0 0.00093302306663079
42 0 0.00102374466697797
43 0 0.00110367495528241
44 0 0.00117514902332083
45 0 0.00121255398368403
46 0 0.00121002042991902
47 0 0.00111725660539430
48 0 0.00107171126159444
49 0 0.00106319513064868
50 0 0.00107871026409623
51 0 0.00110451847687099
52 0 0.00122809466010110
53 0 0.00133872989988082
54 0 0.00145940748646178
55 0 0.00157532769606383
56 0 0.00168027497052126
57 0 0.00165302961846880
58 0 0.00170557548655403
59 0 0.00183371455711590
60 0 0.00202379192873692
61 0 0.00222417418246246
62 0 0.00253916196466153
63 0 0.00277582219251926
64 0 0.00293388221083857
65 0 0.00298536709406338
66 0 0.00303007417978274
67 0 0.00311515606553292
68 0 0.0033858455043797
69 0 0.00383903149583309
70 0 0.00445776989388114
71 0 0.00518738657618223
72 0 0.00609470578441595
73 0 0.00697549011274257
74 0 0.00789840830591393
75 0 0.00875271740438155
76 0 0.00940063228730348
77 0 0.00920612783359753
78 0 0.00923251738303676
79 0 0.00948684355376617
80 0 0.0100539875716801
81 0 0.00999319386477238
82 0 0.0115910338672219
83 0 0.0131655320925402
84 0 0.0146394762384729
85 0 0.0158047237222747
86 0 0.0163955858381939
87 0 0.0168802674749133
88 0 0.0173876011433541
89 0 0.0178690711193312
90 0 0.0187361792539587
91 0 0.0212855388569114
92 0 0.0226756046516676
93 0 0.0240953930960689
94 0 0.0255367222854391
95 0 0.0269959223445249
96 0 0.0285531453963771
97 0 0.0302667664965448
98 0 0.0320223454659688
99 0 0.0336560113068436
100 0 0.0357031654686104
