*Period monthly mortality rates for SWE in 2080 
* Mon Dec 20 14:21:52 2010
death 1 M married
1 0 0.000145950434766062
2 0 0.0000150012376423092
3 0 0.00000500013750526218
4 0 0.00000333339444602565
5 0 0.00000333339444602565
6 0 0.00000250003437562984
7 0 0.00000250003437562984
8 0 0.00000250003437562984
9 0 0.00000250003437562984
10 0 0.00000250003437562984
11 0 0.00000250003437562984
12 0 0.00000250003437562984
13 0 0.00000250003437562984
14 0 0.00000333339444602565
15 0 0.00000416676215586609
16 0 0.00000583352049443597
17 0 0.00000750030939278279
18 0 0.0000100005500421885
19 0 0.000012500859457365
20 0 0.0000175016846010179
21 0 0.0000200022003373768
22 0 0.0000216692490401238
23 0 0.0000225027848553827
24 0 0.0000216692490401238
25 0 0.0000216692490401238
26 0 0.0000208357208674181
27 0 0.0000208357208674181
28 0 0.0000200022003373768
29 0 0.0000191686874497776
30 0 0.0000191686874497776
31 0 0.0000200022003373768
32 0 0.0000183351822042876
33 0 0.0000191686874497776
34 0 0.0000208357208674181
35 0 0.0000208357208674181
36 0 0.0000225027848553827
37 0 0.0000241698794146705
38 0 0.0000250034381590325
39 0 0.0000275041602521009
40 0 0.0000300049511388067
41 0 0.0000316721832838152
42 0 0.0000350067393084519
43 0 0.0000391751063537615
44 0 0.0000441773991204375
45 0 0.0000466786487315352
46 0 0.0000525151654794387
47 0 0.0000575181923953005
48 0 0.0000625214946752273
49 0 0.0000700269644720031
50 0 0.0000758649805536749
51 0 0.0000833715521976197
52 0 0.000095049673682679
53 0 0.000104226393189744
54 0 0.000119244841917165
55 0 0.000128424004500527
56 0 0.000140107915847287
57 0 0.000155132294736626
58 0 0.000174333726933429
59 0 0.000184353475969790
60 0 0.000206901950655758
61 0 0.000222772749752909
62 0 0.000246166348294219
63 0 0.000273745107596257
64 0 0.000300496141496964
65 0 0.000336455247325729
66 0 0.000364061423379858
67 0 0.000399208689675246
68 0 0.000446930305146087
69 0 0.000489649846773466
70 0 0.000543287115269853
71 0 0.000606183610663558
72 0 0.000666605238195506
73 0 0.000746389760107324
74 0 0.000832972225725759
75 0 0.000932265329085191
76 0 0.00106285787457594
77 0 0.00117590879018659
78 0 0.00137958660330628
79 0 0.00158202644224592
80 0 0.0018291228977666
81 0 0.00213574328226174
82 0 0.00252390922558843
83 0 0.00301275725835959
84 0 0.00356230631049137
85 0 0.00432997727415818
86 0 0.0052056540648262
87 0 0.00628796782923424
88 0 0.00749920653250424
89 0 0.00908369293977196
90 0 0.0108110555684596
91 0 0.0129071345898157
92 0 0.0156480750829187
93 0 0.0188971088046195
94 0 0.0219290794972161
95 0 0.025832734606112
96 0 0.0290385751501158
97 0 0.0344493218722571
98 0 0.0390067977815364
99 0 0.0431263089930266
100 0 0.048789590811247

death 1 M single
1 0 0.000145950434766062
2 0 0.0000150012376423092
3 0 0.00000500013750526218
4 0 0.00000333339444602565
5 0 0.00000333339444602565
6 0 0.00000250003437562984
7 0 0.00000250003437562984
8 0 0.00000250003437562984
9 0 0.00000250003437562984
10 0 0.00000250003437562984
11 0 0.00000250003437562984
12 0 0.00000250003437562984
13 0 0.00000250003437562984
14 0 0.00000333339444602565
15 0 0.00000416676215586609
16 0 0.00000583352049443597
17 0 0.00000750030939278279
18 0 0.0000100005500421885
19 0 0.000012500859457365
20 0 0.0000175016846010179
21 0 0.0000200022003373768
22 0 0.0000216692490401238
23 0 0.0000225027848553827
24 0 0.0000216692490401238
25 0 0.0000216692490401238
26 0 0.0000208357208674181
27 0 0.0000208357208674181
28 0 0.0000200022003373768
29 0 0.0000191686874497776
30 0 0.0000191686874497776
31 0 0.0000200022003373768
32 0 0.0000183351822042876
33 0 0.0000191686874497776
34 0 0.0000208357208674181
35 0 0.0000208357208674181
36 0 0.0000225027848553827
37 0 0.0000241698794146705
38 0 0.0000250034381590325
39 0 0.0000275041602521009
40 0 0.0000300049511388067
41 0 0.0000316721832838152
42 0 0.0000350067393084519
43 0 0.0000391751063537615
44 0 0.0000441773991204375
45 0 0.0000466786487315352
46 0 0.0000525151654794387
47 0 0.0000575181923953005
48 0 0.0000625214946752273
49 0 0.0000700269644720031
50 0 0.0000758649805536749
51 0 0.0000833715521976197
52 0 0.000095049673682679
53 0 0.000104226393189744
54 0 0.000119244841917165
55 0 0.000128424004500527
56 0 0.000140107915847287
57 0 0.000155132294736626
58 0 0.000174333726933429
59 0 0.000184353475969790
60 0 0.000206901950655758
61 0 0.000222772749752909
62 0 0.000246166348294219
63 0 0.000273745107596257
64 0 0.000300496141496964
65 0 0.000336455247325729
66 0 0.000364061423379858
67 0 0.000399208689675246
68 0 0.000446930305146087
69 0 0.000489649846773466
70 0 0.000543287115269853
71 0 0.000606183610663558
72 0 0.000666605238195506
73 0 0.000746389760107324
74 0 0.000832972225725759
75 0 0.000932265329085191
76 0 0.00106285787457594
77 0 0.00117590879018659
78 0 0.00137958660330628
79 0 0.00158202644224592
80 0 0.0018291228977666
81 0 0.00213574328226174
82 0 0.00252390922558843
83 0 0.00301275725835959
84 0 0.00356230631049137
85 0 0.00432997727415818
86 0 0.0052056540648262
87 0 0.00628796782923424
88 0 0.00749920653250424
89 0 0.00908369293977196
90 0 0.0108110555684596
91 0 0.0129071345898157
92 0 0.0156480750829187
93 0 0.0188971088046195
94 0 0.0219290794972161
95 0 0.025832734606112
96 0 0.0290385751501158
97 0 0.0344493218722571
98 0 0.0390067977815364
99 0 0.0431263089930266
100 0 0.048789590811247

death 1 M divorced
1 0 0.000145950434766062
2 0 0.0000150012376423092
3 0 0.00000500013750526218
4 0 0.00000333339444602565
5 0 0.00000333339444602565
6 0 0.00000250003437562984
7 0 0.00000250003437562984
8 0 0.00000250003437562984
9 0 0.00000250003437562984
10 0 0.00000250003437562984
11 0 0.00000250003437562984
12 0 0.00000250003437562984
13 0 0.00000250003437562984
14 0 0.00000333339444602565
15 0 0.00000416676215586609
16 0 0.00000583352049443597
17 0 0.00000750030939278279
18 0 0.0000100005500421885
19 0 0.000012500859457365
20 0 0.0000175016846010179
21 0 0.0000200022003373768
22 0 0.0000216692490401238
23 0 0.0000225027848553827
24 0 0.0000216692490401238
25 0 0.0000216692490401238
26 0 0.0000208357208674181
27 0 0.0000208357208674181
28 0 0.0000200022003373768
29 0 0.0000191686874497776
30 0 0.0000191686874497776
31 0 0.0000200022003373768
32 0 0.0000183351822042876
33 0 0.0000191686874497776
34 0 0.0000208357208674181
35 0 0.0000208357208674181
36 0 0.0000225027848553827
37 0 0.0000241698794146705
38 0 0.0000250034381590325
39 0 0.0000275041602521009
40 0 0.0000300049511388067
41 0 0.0000316721832838152
42 0 0.0000350067393084519
43 0 0.0000391751063537615
44 0 0.0000441773991204375
45 0 0.0000466786487315352
46 0 0.0000525151654794387
47 0 0.0000575181923953005
48 0 0.0000625214946752273
49 0 0.0000700269644720031
50 0 0.0000758649805536749
51 0 0.0000833715521976197
52 0 0.000095049673682679
53 0 0.000104226393189744
54 0 0.000119244841917165
55 0 0.000128424004500527
56 0 0.000140107915847287
57 0 0.000155132294736626
58 0 0.000174333726933429
59 0 0.000184353475969790
60 0 0.000206901950655758
61 0 0.000222772749752909
62 0 0.000246166348294219
63 0 0.000273745107596257
64 0 0.000300496141496964
65 0 0.000336455247325729
66 0 0.000364061423379858
67 0 0.000399208689675246
68 0 0.000446930305146087
69 0 0.000489649846773466
70 0 0.000543287115269853
71 0 0.000606183610663558
72 0 0.000666605238195506
73 0 0.000746389760107324
74 0 0.000832972225725759
75 0 0.000932265329085191
76 0 0.00106285787457594
77 0 0.00117590879018659
78 0 0.00137958660330628
79 0 0.00158202644224592
80 0 0.0018291228977666
81 0 0.00213574328226174
82 0 0.00252390922558843
83 0 0.00301275725835959
84 0 0.00356230631049137
85 0 0.00432997727415818
86 0 0.0052056540648262
87 0 0.00628796782923424
88 0 0.00749920653250424
89 0 0.00908369293977196
90 0 0.0108110555684596
91 0 0.0129071345898157
92 0 0.0156480750829187
93 0 0.0188971088046195
94 0 0.0219290794972161
95 0 0.025832734606112
96 0 0.0290385751501158
97 0 0.0344493218722571
98 0 0.0390067977815364
99 0 0.0431263089930266
100 0 0.048789590811247

death 1 M widowed
1 0 0.000145950434766062
2 0 0.0000150012376423092
3 0 0.00000500013750526218
4 0 0.00000333339444602565
5 0 0.00000333339444602565
6 0 0.00000250003437562984
7 0 0.00000250003437562984
8 0 0.00000250003437562984
9 0 0.00000250003437562984
10 0 0.00000250003437562984
11 0 0.00000250003437562984
12 0 0.00000250003437562984
13 0 0.00000250003437562984
14 0 0.00000333339444602565
15 0 0.00000416676215586609
16 0 0.00000583352049443597
17 0 0.00000750030939278279
18 0 0.0000100005500421885
19 0 0.000012500859457365
20 0 0.0000175016846010179
21 0 0.0000200022003373768
22 0 0.0000216692490401238
23 0 0.0000225027848553827
24 0 0.0000216692490401238
25 0 0.0000216692490401238
26 0 0.0000208357208674181
27 0 0.0000208357208674181
28 0 0.0000200022003373768
29 0 0.0000191686874497776
30 0 0.0000191686874497776
31 0 0.0000200022003373768
32 0 0.0000183351822042876
33 0 0.0000191686874497776
34 0 0.0000208357208674181
35 0 0.0000208357208674181
36 0 0.0000225027848553827
37 0 0.0000241698794146705
38 0 0.0000250034381590325
39 0 0.0000275041602521009
40 0 0.0000300049511388067
41 0 0.0000316721832838152
42 0 0.0000350067393084519
43 0 0.0000391751063537615
44 0 0.0000441773991204375
45 0 0.0000466786487315352
46 0 0.0000525151654794387
47 0 0.0000575181923953005
48 0 0.0000625214946752273
49 0 0.0000700269644720031
50 0 0.0000758649805536749
51 0 0.0000833715521976197
52 0 0.000095049673682679
53 0 0.000104226393189744
54 0 0.000119244841917165
55 0 0.000128424004500527
56 0 0.000140107915847287
57 0 0.000155132294736626
58 0 0.000174333726933429
59 0 0.000184353475969790
60 0 0.000206901950655758
61 0 0.000222772749752909
62 0 0.000246166348294219
63 0 0.000273745107596257
64 0 0.000300496141496964
65 0 0.000336455247325729
66 0 0.000364061423379858
67 0 0.000399208689675246
68 0 0.000446930305146087
69 0 0.000489649846773466
70 0 0.000543287115269853
71 0 0.000606183610663558
72 0 0.000666605238195506
73 0 0.000746389760107324
74 0 0.000832972225725759
75 0 0.000932265329085191
76 0 0.00106285787457594
77 0 0.00117590879018659
78 0 0.00137958660330628
79 0 0.00158202644224592
80 0 0.0018291228977666
81 0 0.00213574328226174
82 0 0.00252390922558843
83 0 0.00301275725835959
84 0 0.00356230631049137
85 0 0.00432997727415818
86 0 0.0052056540648262
87 0 0.00628796782923424
88 0 0.00749920653250424
89 0 0.00908369293977196
90 0 0.0108110555684596
91 0 0.0129071345898157
92 0 0.0156480750829187
93 0 0.0188971088046195
94 0 0.0219290794972161
95 0 0.025832734606112
96 0 0.0290385751501158
97 0 0.0344493218722571
98 0 0.0390067977815364
99 0 0.0431263089930266
100 0 0.048789590811247

death 1 F married
1 0 0.000144281105325716
2 0 0.0000158347123201397
3 0 0.00000500013750526218
4 0 0.00000333339444602565
5 0 0.00000250003437562984
6 0 0.00000250003437562984
7 0 0.00000250003437562984
8 0 0.00000166668194467867
9 0 0.00000166668194467867
10 0 0.00000250003437562984
11 0 0.00000250003437562984
12 0 0.00000250003437562984
13 0 0.00000250003437562984
14 0 0.00000250003437562984
15 0 0.00000333339444602565
16 0 0.00000500013750526218
17 0 0.00000500013750526218
18 0 0.00000583352049443597
19 0 0.00000666691112360951
20 0 0.00000750030939278279
21 0 0.00000833371530217786
22 0 0.00000916712885190574
23 0 0.00000833371530217786
24 0 0.00000833371530217786
25 0 0.00000750030939278279
26 0 0.00000666691112360951
27 0 0.00000833371530217786
28 0 0.00000750030939278279
29 0 0.00000750030939278279
30 0 0.00000833371530217786
31 0 0.00000916712885190574
32 0 0.0000100005500421885
33 0 0.0000100005500421885
34 0 0.0000100005500421885
35 0 0.0000108339788730261
36 0 0.000012500859457365
37 0 0.0000150012376423092
38 0 0.0000150012376423092
39 0 0.0000166681946396352
40 0 0.0000175016846010179
41 0 0.0000175016846010179
42 0 0.0000200022003373768
43 0 0.0000233363283135279
44 0 0.0000250034381590325
45 0 0.0000291713465325749
46 0 0.0000341730888351321
47 0 0.0000391751063537615
48 0 0.0000450111413439203
49 0 0.0000550166445189015
50 0 0.0000650232490866376
51 0 0.0000766990134587475
52 0 0.000087542137645058
53 0 0.000095049673682679
54 0 0.000104226393189744
55 0 0.000115907194420450
56 0 0.000130093042745694
57 0 0.000147619794864662
58 0 0.000160975779494144
59 0 0.000178508488132945
60 0 0.00019103392235309
61 0 0.000216925290815517
62 0 0.000239481848557044
63 0 0.000253686998195723
64 0 0.000282939887389921
65 0 0.000304676701919360
66 0 0.000340637462264981
67 0 0.000366571491637546
68 0 0.000400882708147643
69 0 0.000439393646883834
70 0 0.000476245475447445
71 0 0.000534904204619657
72 0 0.000586890722785838
73 0 0.00064813881048631
74 0 0.000723707030781062
75 0 0.000811108669691585
76 0 0.000905327657166555
77 0 0.00101902524647612
78 0 0.00115987061682765
79 0 0.00130769786094143
80 0 0.00150574086220534
81 0 0.00172544727965052
82 0 0.0020018952925549
83 0 0.00226722581227456
84 0 0.00263536473652082
85 0 0.00304377498424402
86 0 0.00371150093865646
87 0 0.00447694122672948
88 0 0.00538145756663511
89 0 0.0064873731974101
90 0 0.00777755409395153
91 0 0.00918786267368543
92 0 0.0111290587081555
93 0 0.0129590624020544
94 0 0.0152554284276116
95 0 0.0175798372522474
96 0 0.0204765383207270
97 0 0.0235518457355596
98 0 0.0274024582955444
99 0 0.0313751740854276
100 0 0.0344309421586972

death 1 F single
1 0 0.000144281105325716
2 0 0.0000158347123201397
3 0 0.00000500013750526218
4 0 0.00000333339444602565
5 0 0.00000250003437562984
6 0 0.00000250003437562984
7 0 0.00000250003437562984
8 0 0.00000166668194467867
9 0 0.00000166668194467867
10 0 0.00000250003437562984
11 0 0.00000250003437562984
12 0 0.00000250003437562984
13 0 0.00000250003437562984
14 0 0.00000250003437562984
15 0 0.00000333339444602565
16 0 0.00000500013750526218
17 0 0.00000500013750526218
18 0 0.00000583352049443597
19 0 0.00000666691112360951
20 0 0.00000750030939278279
21 0 0.00000833371530217786
22 0 0.00000916712885190574
23 0 0.00000833371530217786
24 0 0.00000833371530217786
25 0 0.00000750030939278279
26 0 0.00000666691112360951
27 0 0.00000833371530217786
28 0 0.00000750030939278279
29 0 0.00000750030939278279
30 0 0.00000833371530217786
31 0 0.00000916712885190574
32 0 0.0000100005500421885
33 0 0.0000100005500421885
34 0 0.0000100005500421885
35 0 0.0000108339788730261
36 0 0.000012500859457365
37 0 0.0000150012376423092
38 0 0.0000150012376423092
39 0 0.0000166681946396352
40 0 0.0000175016846010179
41 0 0.0000175016846010179
42 0 0.0000200022003373768
43 0 0.0000233363283135279
44 0 0.0000250034381590325
45 0 0.0000291713465325749
46 0 0.0000341730888351321
47 0 0.0000391751063537615
48 0 0.0000450111413439203
49 0 0.0000550166445189015
50 0 0.0000650232490866376
51 0 0.0000766990134587475
52 0 0.000087542137645058
53 0 0.000095049673682679
54 0 0.000104226393189744
55 0 0.000115907194420450
56 0 0.000130093042745694
57 0 0.000147619794864662
58 0 0.000160975779494144
59 0 0.000178508488132945
60 0 0.00019103392235309
61 0 0.000216925290815517
62 0 0.000239481848557044
63 0 0.000253686998195723
64 0 0.000282939887389921
65 0 0.000304676701919360
66 0 0.000340637462264981
67 0 0.000366571491637546
68 0 0.000400882708147643
69 0 0.000439393646883834
70 0 0.000476245475447445
71 0 0.000534904204619657
72 0 0.000586890722785838
73 0 0.00064813881048631
74 0 0.000723707030781062
75 0 0.000811108669691585
76 0 0.000905327657166555
77 0 0.00101902524647612
78 0 0.00115987061682765
79 0 0.00130769786094143
80 0 0.00150574086220534
81 0 0.00172544727965052
82 0 0.0020018952925549
83 0 0.00226722581227456
84 0 0.00263536473652082
85 0 0.00304377498424402
86 0 0.00371150093865646
87 0 0.00447694122672948
88 0 0.00538145756663511
89 0 0.0064873731974101
90 0 0.00777755409395153
91 0 0.00918786267368543
92 0 0.0111290587081555
93 0 0.0129590624020544
94 0 0.0152554284276116
95 0 0.0175798372522474
96 0 0.0204765383207270
97 0 0.0235518457355596
98 0 0.0274024582955444
99 0 0.0313751740854276
100 0 0.0344309421586972

death 1 F divorced
1 0 0.000144281105325716
2 0 0.0000158347123201397
3 0 0.00000500013750526218
4 0 0.00000333339444602565
5 0 0.00000250003437562984
6 0 0.00000250003437562984
7 0 0.00000250003437562984
8 0 0.00000166668194467867
9 0 0.00000166668194467867
10 0 0.00000250003437562984
11 0 0.00000250003437562984
12 0 0.00000250003437562984
13 0 0.00000250003437562984
14 0 0.00000250003437562984
15 0 0.00000333339444602565
16 0 0.00000500013750526218
17 0 0.00000500013750526218
18 0 0.00000583352049443597
19 0 0.00000666691112360951
20 0 0.00000750030939278279
21 0 0.00000833371530217786
22 0 0.00000916712885190574
23 0 0.00000833371530217786
24 0 0.00000833371530217786
25 0 0.00000750030939278279
26 0 0.00000666691112360951
27 0 0.00000833371530217786
28 0 0.00000750030939278279
29 0 0.00000750030939278279
30 0 0.00000833371530217786
31 0 0.00000916712885190574
32 0 0.0000100005500421885
33 0 0.0000100005500421885
34 0 0.0000100005500421885
35 0 0.0000108339788730261
36 0 0.000012500859457365
37 0 0.0000150012376423092
38 0 0.0000150012376423092
39 0 0.0000166681946396352
40 0 0.0000175016846010179
41 0 0.0000175016846010179
42 0 0.0000200022003373768
43 0 0.0000233363283135279
44 0 0.0000250034381590325
45 0 0.0000291713465325749
46 0 0.0000341730888351321
47 0 0.0000391751063537615
48 0 0.0000450111413439203
49 0 0.0000550166445189015
50 0 0.0000650232490866376
51 0 0.0000766990134587475
52 0 0.000087542137645058
53 0 0.000095049673682679
54 0 0.000104226393189744
55 0 0.000115907194420450
56 0 0.000130093042745694
57 0 0.000147619794864662
58 0 0.000160975779494144
59 0 0.000178508488132945
60 0 0.00019103392235309
61 0 0.000216925290815517
62 0 0.000239481848557044
63 0 0.000253686998195723
64 0 0.000282939887389921
65 0 0.000304676701919360
66 0 0.000340637462264981
67 0 0.000366571491637546
68 0 0.000400882708147643
69 0 0.000439393646883834
70 0 0.000476245475447445
71 0 0.000534904204619657
72 0 0.000586890722785838
73 0 0.00064813881048631
74 0 0.000723707030781062
75 0 0.000811108669691585
76 0 0.000905327657166555
77 0 0.00101902524647612
78 0 0.00115987061682765
79 0 0.00130769786094143
80 0 0.00150574086220534
81 0 0.00172544727965052
82 0 0.0020018952925549
83 0 0.00226722581227456
84 0 0.00263536473652082
85 0 0.00304377498424402
86 0 0.00371150093865646
87 0 0.00447694122672948
88 0 0.00538145756663511
89 0 0.0064873731974101
90 0 0.00777755409395153
91 0 0.00918786267368543
92 0 0.0111290587081555
93 0 0.0129590624020544
94 0 0.0152554284276116
95 0 0.0175798372522474
96 0 0.0204765383207270
97 0 0.0235518457355596
98 0 0.0274024582955444
99 0 0.0313751740854276
100 0 0.0344309421586972

death 1 F widowed
1 0 0.000144281105325716
2 0 0.0000158347123201397
3 0 0.00000500013750526218
4 0 0.00000333339444602565
5 0 0.00000250003437562984
6 0 0.00000250003437562984
7 0 0.00000250003437562984
8 0 0.00000166668194467867
9 0 0.00000166668194467867
10 0 0.00000250003437562984
11 0 0.00000250003437562984
12 0 0.00000250003437562984
13 0 0.00000250003437562984
14 0 0.00000250003437562984
15 0 0.00000333339444602565
16 0 0.00000500013750526218
17 0 0.00000500013750526218
18 0 0.00000583352049443597
19 0 0.00000666691112360951
20 0 0.00000750030939278279
21 0 0.00000833371530217786
22 0 0.00000916712885190574
23 0 0.00000833371530217786
24 0 0.00000833371530217786
25 0 0.00000750030939278279
26 0 0.00000666691112360951
27 0 0.00000833371530217786
28 0 0.00000750030939278279
29 0 0.00000750030939278279
30 0 0.00000833371530217786
31 0 0.00000916712885190574
32 0 0.0000100005500421885
33 0 0.0000100005500421885
34 0 0.0000100005500421885
35 0 0.0000108339788730261
36 0 0.000012500859457365
37 0 0.0000150012376423092
38 0 0.0000150012376423092
39 0 0.0000166681946396352
40 0 0.0000175016846010179
41 0 0.0000175016846010179
42 0 0.0000200022003373768
43 0 0.0000233363283135279
44 0 0.0000250034381590325
45 0 0.0000291713465325749
46 0 0.0000341730888351321
47 0 0.0000391751063537615
48 0 0.0000450111413439203
49 0 0.0000550166445189015
50 0 0.0000650232490866376
51 0 0.0000766990134587475
52 0 0.000087542137645058
53 0 0.000095049673682679
54 0 0.000104226393189744
55 0 0.000115907194420450
56 0 0.000130093042745694
57 0 0.000147619794864662
58 0 0.000160975779494144
59 0 0.000178508488132945
60 0 0.00019103392235309
61 0 0.000216925290815517
62 0 0.000239481848557044
63 0 0.000253686998195723
64 0 0.000282939887389921
65 0 0.000304676701919360
66 0 0.000340637462264981
67 0 0.000366571491637546
68 0 0.000400882708147643
69 0 0.000439393646883834
70 0 0.000476245475447445
71 0 0.000534904204619657
72 0 0.000586890722785838
73 0 0.00064813881048631
74 0 0.000723707030781062
75 0 0.000811108669691585
76 0 0.000905327657166555
77 0 0.00101902524647612
78 0 0.00115987061682765
79 0 0.00130769786094143
80 0 0.00150574086220534
81 0 0.00172544727965052
82 0 0.0020018952925549
83 0 0.00226722581227456
84 0 0.00263536473652082
85 0 0.00304377498424402
86 0 0.00371150093865646
87 0 0.00447694122672948
88 0 0.00538145756663511
89 0 0.0064873731974101
90 0 0.00777755409395153
91 0 0.00918786267368543
92 0 0.0111290587081555
93 0 0.0129590624020544
94 0 0.0152554284276116
95 0 0.0175798372522474
96 0 0.0204765383207270
97 0 0.0235518457355596
98 0 0.0274024582955444
99 0 0.0313751740854276
100 0 0.0344309421586972
