*Period monthly mortality rates for SWE in 2016 
* Mon Dec 20 14:21:52 2010
death 1 M married
1 0 0.000318055787721261
2 0 0.0000325058108229248
3 0 0.0000100005500421885
4 0 0.00000750030939278279
5 0 0.00000666691112360951
6 0 0.00000583352049443597
7 0 0.00000583352049443597
8 0 0.00000500013750526218
9 0 0.00000500013750526218
10 0 0.00000500013750526218
11 0 0.00000583352049443597
12 0 0.00000583352049443597
13 0 0.00000583352049443597
14 0 0.00000833371530217786
15 0 0.00000916712885190574
16 0 0.000012500859457365
17 0 0.0000175016846010179
18 0 0.0000216692490401238
19 0 0.0000275041602521009
20 0 0.0000383414176537977
21 0 0.0000441773991204375
22 0 0.0000475124138960004
23 0 0.0000491799671665794
24 0 0.0000475124138960004
25 0 0.0000466786487315352
26 0 0.0000458448912142861
27 0 0.0000458448912142861
28 0 0.0000433436645435048
29 0 0.0000425099376131222
30 0 0.0000425099376131222
31 0 0.0000433436645435048
32 0 0.0000408425066913409
33 0 0.0000425099376131222
34 0 0.0000450111413439203
35 0 0.0000458448912142861
36 0 0.0000500137552731372
37 0 0.0000533489841776369
38 0 0.0000550166445189015
39 0 0.0000608536966506534
40 0 0.000065857182524165
41 0 0.0000700269644720031
42 0 0.0000758649805536749
43 0 0.0000850397634148958
44 0 0.0000958838826297104
45 0 0.000102557829824601
46 0 0.000113404039220888
47 0 0.000125086019946985
48 0 0.000135934917957492
49 0 0.000153462796661064
50 0 0.000165984779734729
51 0 0.000182683441090514
52 0 0.000206901950655758
53 0 0.000226949736477855
54 0 0.000259536822839412
55 0 0.000279596223468848
56 0 0.000306348979935533
57 0 0.000339801003879758
58 0 0.000380796521490145
59 0 0.000402556757458705
60 0 0.000452792582654515
61 0 0.000485460768313573
62 0 0.000538257276069709
63 0 0.000598633731846654
64 0 0.000657371555145225
65 0 0.000749750646195313
66 0 0.000827926322611638
67 0 0.000909536141798895
68 0 0.00101818251862229
69 0 0.00111514752028630
70 0 0.00123755550472793
71 0 0.00138043269210097
72 0 0.00151929805816908
73 0 0.00170166957739482
74 0 0.00190057502727459
75 0 0.00212891822544281
76 0 0.00240745604972326
77 0 0.00264651782643655
78 0 0.00304377498424402
79 0 0.00344797452945689
80 0 0.00385659404290406
81 0 0.00438331159697136
82 0 0.0050328342911985
83 0 0.00580069920393211
84 0 0.00656259982480567
85 0 0.00762331416647077
86 0 0.00874528235685201
87 0 0.0100721498602436
88 0 0.0114538660622975
89 0 0.0132509938686590
90 0 0.0150779681272687
91 0 0.0172230118492199
92 0 0.0200017404815966
93 0 0.0231563052434379
94 0 0.0258138437124781
95 0 0.0294162113017228
96 0 0.0322169864590842
97 0 0.0375334501721105
98 0 0.0419607734093228
99 0 0.0459515719775281
100 0 0.0514895849991683

death 1 M single
1 0 0.000318055787721261
2 0 0.0000325058108229248
3 0 0.0000100005500421885
4 0 0.00000750030939278279
5 0 0.00000666691112360951
6 0 0.00000583352049443597
7 0 0.00000583352049443597
8 0 0.00000500013750526218
9 0 0.00000500013750526218
10 0 0.00000500013750526218
11 0 0.00000583352049443597
12 0 0.00000583352049443597
13 0 0.00000583352049443597
14 0 0.00000833371530217786
15 0 0.00000916712885190574
16 0 0.000012500859457365
17 0 0.0000175016846010179
18 0 0.0000216692490401238
19 0 0.0000275041602521009
20 0 0.0000383414176537977
21 0 0.0000441773991204375
22 0 0.0000475124138960004
23 0 0.0000491799671665794
24 0 0.0000475124138960004
25 0 0.0000466786487315352
26 0 0.0000458448912142861
27 0 0.0000458448912142861
28 0 0.0000433436645435048
29 0 0.0000425099376131222
30 0 0.0000425099376131222
31 0 0.0000433436645435048
32 0 0.0000408425066913409
33 0 0.0000425099376131222
34 0 0.0000450111413439203
35 0 0.0000458448912142861
36 0 0.0000500137552731372
37 0 0.0000533489841776369
38 0 0.0000550166445189015
39 0 0.0000608536966506534
40 0 0.000065857182524165
41 0 0.0000700269644720031
42 0 0.0000758649805536749
43 0 0.0000850397634148958
44 0 0.0000958838826297104
45 0 0.000102557829824601
46 0 0.000113404039220888
47 0 0.000125086019946985
48 0 0.000135934917957492
49 0 0.000153462796661064
50 0 0.000165984779734729
51 0 0.000182683441090514
52 0 0.000206901950655758
53 0 0.000226949736477855
54 0 0.000259536822839412
55 0 0.000279596223468848
56 0 0.000306348979935533
57 0 0.000339801003879758
58 0 0.000380796521490145
59 0 0.000402556757458705
60 0 0.000452792582654515
61 0 0.000485460768313573
62 0 0.000538257276069709
63 0 0.000598633731846654
64 0 0.000657371555145225
65 0 0.000749750646195313
66 0 0.000827926322611638
67 0 0.000909536141798895
68 0 0.00101818251862229
69 0 0.00111514752028630
70 0 0.00123755550472793
71 0 0.00138043269210097
72 0 0.00151929805816908
73 0 0.00170166957739482
74 0 0.00190057502727459
75 0 0.00212891822544281
76 0 0.00240745604972326
77 0 0.00264651782643655
78 0 0.00304377498424402
79 0 0.00344797452945689
80 0 0.00385659404290406
81 0 0.00438331159697136
82 0 0.0050328342911985
83 0 0.00580069920393211
84 0 0.00656259982480567
85 0 0.00762331416647077
86 0 0.00874528235685201
87 0 0.0100721498602436
88 0 0.0114538660622975
89 0 0.0132509938686590
90 0 0.0150779681272687
91 0 0.0172230118492199
92 0 0.0200017404815966
93 0 0.0231563052434379
94 0 0.0258138437124781
95 0 0.0294162113017228
96 0 0.0322169864590842
97 0 0.0375334501721105
98 0 0.0419607734093228
99 0 0.0459515719775281
100 0 0.0514895849991683

death 1 M divorced
1 0 0.000318055787721261
2 0 0.0000325058108229248
3 0 0.0000100005500421885
4 0 0.00000750030939278279
5 0 0.00000666691112360951
6 0 0.00000583352049443597
7 0 0.00000583352049443597
8 0 0.00000500013750526218
9 0 0.00000500013750526218
10 0 0.00000500013750526218
11 0 0.00000583352049443597
12 0 0.00000583352049443597
13 0 0.00000583352049443597
14 0 0.00000833371530217786
15 0 0.00000916712885190574
16 0 0.000012500859457365
17 0 0.0000175016846010179
18 0 0.0000216692490401238
19 0 0.0000275041602521009
20 0 0.0000383414176537977
21 0 0.0000441773991204375
22 0 0.0000475124138960004
23 0 0.0000491799671665794
24 0 0.0000475124138960004
25 0 0.0000466786487315352
26 0 0.0000458448912142861
27 0 0.0000458448912142861
28 0 0.0000433436645435048
29 0 0.0000425099376131222
30 0 0.0000425099376131222
31 0 0.0000433436645435048
32 0 0.0000408425066913409
33 0 0.0000425099376131222
34 0 0.0000450111413439203
35 0 0.0000458448912142861
36 0 0.0000500137552731372
37 0 0.0000533489841776369
38 0 0.0000550166445189015
39 0 0.0000608536966506534
40 0 0.000065857182524165
41 0 0.0000700269644720031
42 0 0.0000758649805536749
43 0 0.0000850397634148958
44 0 0.0000958838826297104
45 0 0.000102557829824601
46 0 0.000113404039220888
47 0 0.000125086019946985
48 0 0.000135934917957492
49 0 0.000153462796661064
50 0 0.000165984779734729
51 0 0.000182683441090514
52 0 0.000206901950655758
53 0 0.000226949736477855
54 0 0.000259536822839412
55 0 0.000279596223468848
56 0 0.000306348979935533
57 0 0.000339801003879758
58 0 0.000380796521490145
59 0 0.000402556757458705
60 0 0.000452792582654515
61 0 0.000485460768313573
62 0 0.000538257276069709
63 0 0.000598633731846654
64 0 0.000657371555145225
65 0 0.000749750646195313
66 0 0.000827926322611638
67 0 0.000909536141798895
68 0 0.00101818251862229
69 0 0.00111514752028630
70 0 0.00123755550472793
71 0 0.00138043269210097
72 0 0.00151929805816908
73 0 0.00170166957739482
74 0 0.00190057502727459
75 0 0.00212891822544281
76 0 0.00240745604972326
77 0 0.00264651782643655
78 0 0.00304377498424402
79 0 0.00344797452945689
80 0 0.00385659404290406
81 0 0.00438331159697136
82 0 0.0050328342911985
83 0 0.00580069920393211
84 0 0.00656259982480567
85 0 0.00762331416647077
86 0 0.00874528235685201
87 0 0.0100721498602436
88 0 0.0114538660622975
89 0 0.0132509938686590
90 0 0.0150779681272687
91 0 0.0172230118492199
92 0 0.0200017404815966
93 0 0.0231563052434379
94 0 0.0258138437124781
95 0 0.0294162113017228
96 0 0.0322169864590842
97 0 0.0375334501721105
98 0 0.0419607734093228
99 0 0.0459515719775281
100 0 0.0514895849991683

death 1 M widowed
1 0 0.000318055787721261
2 0 0.0000325058108229248
3 0 0.0000100005500421885
4 0 0.00000750030939278279
5 0 0.00000666691112360951
6 0 0.00000583352049443597
7 0 0.00000583352049443597
8 0 0.00000500013750526218
9 0 0.00000500013750526218
10 0 0.00000500013750526218
11 0 0.00000583352049443597
12 0 0.00000583352049443597
13 0 0.00000583352049443597
14 0 0.00000833371530217786
15 0 0.00000916712885190574
16 0 0.000012500859457365
17 0 0.0000175016846010179
18 0 0.0000216692490401238
19 0 0.0000275041602521009
20 0 0.0000383414176537977
21 0 0.0000441773991204375
22 0 0.0000475124138960004
23 0 0.0000491799671665794
24 0 0.0000475124138960004
25 0 0.0000466786487315352
26 0 0.0000458448912142861
27 0 0.0000458448912142861
28 0 0.0000433436645435048
29 0 0.0000425099376131222
30 0 0.0000425099376131222
31 0 0.0000433436645435048
32 0 0.0000408425066913409
33 0 0.0000425099376131222
34 0 0.0000450111413439203
35 0 0.0000458448912142861
36 0 0.0000500137552731372
37 0 0.0000533489841776369
38 0 0.0000550166445189015
39 0 0.0000608536966506534
40 0 0.000065857182524165
41 0 0.0000700269644720031
42 0 0.0000758649805536749
43 0 0.0000850397634148958
44 0 0.0000958838826297104
45 0 0.000102557829824601
46 0 0.000113404039220888
47 0 0.000125086019946985
48 0 0.000135934917957492
49 0 0.000153462796661064
50 0 0.000165984779734729
51 0 0.000182683441090514
52 0 0.000206901950655758
53 0 0.000226949736477855
54 0 0.000259536822839412
55 0 0.000279596223468848
56 0 0.000306348979935533
57 0 0.000339801003879758
58 0 0.000380796521490145
59 0 0.000402556757458705
60 0 0.000452792582654515
61 0 0.000485460768313573
62 0 0.000538257276069709
63 0 0.000598633731846654
64 0 0.000657371555145225
65 0 0.000749750646195313
66 0 0.000827926322611638
67 0 0.000909536141798895
68 0 0.00101818251862229
69 0 0.00111514752028630
70 0 0.00123755550472793
71 0 0.00138043269210097
72 0 0.00151929805816908
73 0 0.00170166957739482
74 0 0.00190057502727459
75 0 0.00212891822544281
76 0 0.00240745604972326
77 0 0.00264651782643655
78 0 0.00304377498424402
79 0 0.00344797452945689
80 0 0.00385659404290406
81 0 0.00438331159697136
82 0 0.0050328342911985
83 0 0.00580069920393211
84 0 0.00656259982480567
85 0 0.00762331416647077
86 0 0.00874528235685201
87 0 0.0100721498602436
88 0 0.0114538660622975
89 0 0.0132509938686590
90 0 0.0150779681272687
91 0 0.0172230118492199
92 0 0.0200017404815966
93 0 0.0231563052434379
94 0 0.0258138437124781
95 0 0.0294162113017228
96 0 0.0322169864590842
97 0 0.0375334501721105
98 0 0.0419607734093228
99 0 0.0459515719775281
100 0 0.0514895849991683

death 1 F married
1 0 0.000314710831614828
2 0 0.0000341730888351321
3 0 0.0000108339788730261
4 0 0.00000750030939278279
5 0 0.00000583352049443597
6 0 0.00000583352049443597
7 0 0.00000583352049443597
8 0 0.00000416676215586609
9 0 0.00000416676215586609
10 0 0.00000500013750526218
11 0 0.00000500013750526218
12 0 0.00000500013750526218
13 0 0.00000500013750526218
14 0 0.00000500013750526218
15 0 0.00000750030939278279
16 0 0.0000100005500421885
17 0 0.0000108339788730261
18 0 0.000012500859457365
19 0 0.0000141677706060328
20 0 0.0000158347123201397
21 0 0.0000183351822042876
22 0 0.0000191686874497776
23 0 0.0000175016846010179
24 0 0.0000183351822042876
25 0 0.0000158347123201397
26 0 0.0000150012376423092
27 0 0.0000175016846010179
28 0 0.0000166681946396352
29 0 0.0000166681946396352
30 0 0.0000183351822042876
31 0 0.0000200022003373768
32 0 0.0000208357208674181
33 0 0.0000216692490401238
34 0 0.0000225027848553827
35 0 0.0000233363283135279
36 0 0.0000275041602521009
37 0 0.0000316721832838152
38 0 0.0000333394460065861
39 0 0.0000358403974268784
40 0 0.0000375077365993848
41 0 0.0000391751063537615
42 0 0.0000425099376131222
43 0 0.0000508475510273554
44 0 0.0000550166445189015
45 0 0.0000625214946752273
46 0 0.0000725289254539518
47 0 0.000080869292772956
48 0 0.0000892104254029968
49 0 0.000104226393189744
50 0 0.000119244841917165
51 0 0.000134265772442244
52 0 0.000150123892499576
53 0 0.000160975779494144
54 0 0.000174333726933429
55 0 0.000193539216339467
56 0 0.000216925290815517
57 0 0.000244495177269322
58 0 0.000267894368393584
59 0 0.000295479722820513
60 0 0.000317219537152469
61 0 0.000360714773546156
62 0 0.000397534702040403
63 0 0.000421810541447409
64 0 0.000470381684733234
65 0 0.000506408092155519
66 0 0.000565924838063614
67 0 0.000607861446715763
68 0 0.000665765773681937
69 0 0.000729587194564396
70 0 0.000791772217350162
71 0 0.000888495668371347
72 0 0.00097521376402132
73 0 0.00107803563795417
74 0 0.00120292685544221
75 0 0.00134997846215734
76 0 0.00150658812763438
77 0 0.00169657516589272
78 0 0.00193121460107026
79 0 0.00217841152526521
80 0 0.00251105778544858
81 0 0.00288019001443796
82 0 0.00334416160645723
83 0 0.00379140371214393
84 0 0.00441392745287106
85 0 0.00506455195254973
86 0 0.00594562528034459
87 0 0.00690459524658538
88 0 0.00798938290818019
89 0 0.00930970042890855
90 0 0.0108326592100496
91 0 0.0124162692056737
92 0 0.0146574139309503
93 0 0.0166207622350537
94 0 0.0191359052874088
95 0 0.0216476928390665
96 0 0.0245342403392920
97 0 0.0275587070974002
98 0 0.0313065674687137
99 0 0.0351222121009219
100 0 0.0380733110918750

death 1 F single
1 0 0.000314710831614828
2 0 0.0000341730888351321
3 0 0.0000108339788730261
4 0 0.00000750030939278279
5 0 0.00000583352049443597
6 0 0.00000583352049443597
7 0 0.00000583352049443597
8 0 0.00000416676215586609
9 0 0.00000416676215586609
10 0 0.00000500013750526218
11 0 0.00000500013750526218
12 0 0.00000500013750526218
13 0 0.00000500013750526218
14 0 0.00000500013750526218
15 0 0.00000750030939278279
16 0 0.0000100005500421885
17 0 0.0000108339788730261
18 0 0.000012500859457365
19 0 0.0000141677706060328
20 0 0.0000158347123201397
21 0 0.0000183351822042876
22 0 0.0000191686874497776
23 0 0.0000175016846010179
24 0 0.0000183351822042876
25 0 0.0000158347123201397
26 0 0.0000150012376423092
27 0 0.0000175016846010179
28 0 0.0000166681946396352
29 0 0.0000166681946396352
30 0 0.0000183351822042876
31 0 0.0000200022003373768
32 0 0.0000208357208674181
33 0 0.0000216692490401238
34 0 0.0000225027848553827
35 0 0.0000233363283135279
36 0 0.0000275041602521009
37 0 0.0000316721832838152
38 0 0.0000333394460065861
39 0 0.0000358403974268784
40 0 0.0000375077365993848
41 0 0.0000391751063537615
42 0 0.0000425099376131222
43 0 0.0000508475510273554
44 0 0.0000550166445189015
45 0 0.0000625214946752273
46 0 0.0000725289254539518
47 0 0.000080869292772956
48 0 0.0000892104254029968
49 0 0.000104226393189744
50 0 0.000119244841917165
51 0 0.000134265772442244
52 0 0.000150123892499576
53 0 0.000160975779494144
54 0 0.000174333726933429
55 0 0.000193539216339467
56 0 0.000216925290815517
57 0 0.000244495177269322
58 0 0.000267894368393584
59 0 0.000295479722820513
60 0 0.000317219537152469
61 0 0.000360714773546156
62 0 0.000397534702040403
63 0 0.000421810541447409
64 0 0.000470381684733234
65 0 0.000506408092155519
66 0 0.000565924838063614
67 0 0.000607861446715763
68 0 0.000665765773681937
69 0 0.000729587194564396
70 0 0.000791772217350162
71 0 0.000888495668371347
72 0 0.00097521376402132
73 0 0.00107803563795417
74 0 0.00120292685544221
75 0 0.00134997846215734
76 0 0.00150658812763438
77 0 0.00169657516589272
78 0 0.00193121460107026
79 0 0.00217841152526521
80 0 0.00251105778544858
81 0 0.00288019001443796
82 0 0.00334416160645723
83 0 0.00379140371214393
84 0 0.00441392745287106
85 0 0.00506455195254973
86 0 0.00594562528034459
87 0 0.00690459524658538
88 0 0.00798938290818019
89 0 0.00930970042890855
90 0 0.0108326592100496
91 0 0.0124162692056737
92 0 0.0146574139309503
93 0 0.0166207622350537
94 0 0.0191359052874088
95 0 0.0216476928390665
96 0 0.0245342403392920
97 0 0.0275587070974002
98 0 0.0313065674687137
99 0 0.0351222121009219
100 0 0.0380733110918750

death 1 F divorced
1 0 0.000314710831614828
2 0 0.0000341730888351321
3 0 0.0000108339788730261
4 0 0.00000750030939278279
5 0 0.00000583352049443597
6 0 0.00000583352049443597
7 0 0.00000583352049443597
8 0 0.00000416676215586609
9 0 0.00000416676215586609
10 0 0.00000500013750526218
11 0 0.00000500013750526218
12 0 0.00000500013750526218
13 0 0.00000500013750526218
14 0 0.00000500013750526218
15 0 0.00000750030939278279
16 0 0.0000100005500421885
17 0 0.0000108339788730261
18 0 0.000012500859457365
19 0 0.0000141677706060328
20 0 0.0000158347123201397
21 0 0.0000183351822042876
22 0 0.0000191686874497776
23 0 0.0000175016846010179
24 0 0.0000183351822042876
25 0 0.0000158347123201397
26 0 0.0000150012376423092
27 0 0.0000175016846010179
28 0 0.0000166681946396352
29 0 0.0000166681946396352
30 0 0.0000183351822042876
31 0 0.0000200022003373768
32 0 0.0000208357208674181
33 0 0.0000216692490401238
34 0 0.0000225027848553827
35 0 0.0000233363283135279
36 0 0.0000275041602521009
37 0 0.0000316721832838152
38 0 0.0000333394460065861
39 0 0.0000358403974268784
40 0 0.0000375077365993848
41 0 0.0000391751063537615
42 0 0.0000425099376131222
43 0 0.0000508475510273554
44 0 0.0000550166445189015
45 0 0.0000625214946752273
46 0 0.0000725289254539518
47 0 0.000080869292772956
48 0 0.0000892104254029968
49 0 0.000104226393189744
50 0 0.000119244841917165
51 0 0.000134265772442244
52 0 0.000150123892499576
53 0 0.000160975779494144
54 0 0.000174333726933429
55 0 0.000193539216339467
56 0 0.000216925290815517
57 0 0.000244495177269322
58 0 0.000267894368393584
59 0 0.000295479722820513
60 0 0.000317219537152469
61 0 0.000360714773546156
62 0 0.000397534702040403
63 0 0.000421810541447409
64 0 0.000470381684733234
65 0 0.000506408092155519
66 0 0.000565924838063614
67 0 0.000607861446715763
68 0 0.000665765773681937
69 0 0.000729587194564396
70 0 0.000791772217350162
71 0 0.000888495668371347
72 0 0.00097521376402132
73 0 0.00107803563795417
74 0 0.00120292685544221
75 0 0.00134997846215734
76 0 0.00150658812763438
77 0 0.00169657516589272
78 0 0.00193121460107026
79 0 0.00217841152526521
80 0 0.00251105778544858
81 0 0.00288019001443796
82 0 0.00334416160645723
83 0 0.00379140371214393
84 0 0.00441392745287106
85 0 0.00506455195254973
86 0 0.00594562528034459
87 0 0.00690459524658538
88 0 0.00798938290818019
89 0 0.00930970042890855
90 0 0.0108326592100496
91 0 0.0124162692056737
92 0 0.0146574139309503
93 0 0.0166207622350537
94 0 0.0191359052874088
95 0 0.0216476928390665
96 0 0.0245342403392920
97 0 0.0275587070974002
98 0 0.0313065674687137
99 0 0.0351222121009219
100 0 0.0380733110918750

death 1 F widowed
1 0 0.000314710831614828
2 0 0.0000341730888351321
3 0 0.0000108339788730261
4 0 0.00000750030939278279
5 0 0.00000583352049443597
6 0 0.00000583352049443597
7 0 0.00000583352049443597
8 0 0.00000416676215586609
9 0 0.00000416676215586609
10 0 0.00000500013750526218
11 0 0.00000500013750526218
12 0 0.00000500013750526218
13 0 0.00000500013750526218
14 0 0.00000500013750526218
15 0 0.00000750030939278279
16 0 0.0000100005500421885
17 0 0.0000108339788730261
18 0 0.000012500859457365
19 0 0.0000141677706060328
20 0 0.0000158347123201397
21 0 0.0000183351822042876
22 0 0.0000191686874497776
23 0 0.0000175016846010179
24 0 0.0000183351822042876
25 0 0.0000158347123201397
26 0 0.0000150012376423092
27 0 0.0000175016846010179
28 0 0.0000166681946396352
29 0 0.0000166681946396352
30 0 0.0000183351822042876
31 0 0.0000200022003373768
32 0 0.0000208357208674181
33 0 0.0000216692490401238
34 0 0.0000225027848553827
35 0 0.0000233363283135279
36 0 0.0000275041602521009
37 0 0.0000316721832838152
38 0 0.0000333394460065861
39 0 0.0000358403974268784
40 0 0.0000375077365993848
41 0 0.0000391751063537615
42 0 0.0000425099376131222
43 0 0.0000508475510273554
44 0 0.0000550166445189015
45 0 0.0000625214946752273
46 0 0.0000725289254539518
47 0 0.000080869292772956
48 0 0.0000892104254029968
49 0 0.000104226393189744
50 0 0.000119244841917165
51 0 0.000134265772442244
52 0 0.000150123892499576
53 0 0.000160975779494144
54 0 0.000174333726933429
55 0 0.000193539216339467
56 0 0.000216925290815517
57 0 0.000244495177269322
58 0 0.000267894368393584
59 0 0.000295479722820513
60 0 0.000317219537152469
61 0 0.000360714773546156
62 0 0.000397534702040403
63 0 0.000421810541447409
64 0 0.000470381684733234
65 0 0.000506408092155519
66 0 0.000565924838063614
67 0 0.000607861446715763
68 0 0.000665765773681937
69 0 0.000729587194564396
70 0 0.000791772217350162
71 0 0.000888495668371347
72 0 0.00097521376402132
73 0 0.00107803563795417
74 0 0.00120292685544221
75 0 0.00134997846215734
76 0 0.00150658812763438
77 0 0.00169657516589272
78 0 0.00193121460107026
79 0 0.00217841152526521
80 0 0.00251105778544858
81 0 0.00288019001443796
82 0 0.00334416160645723
83 0 0.00379140371214393
84 0 0.00441392745287106
85 0 0.00506455195254973
86 0 0.00594562528034459
87 0 0.00690459524658538
88 0 0.00798938290818019
89 0 0.00930970042890855
90 0 0.0108326592100496
91 0 0.0124162692056737
92 0 0.0146574139309503
93 0 0.0166207622350537
94 0 0.0191359052874088
95 0 0.0216476928390665
96 0 0.0245342403392920
97 0 0.0275587070974002
98 0 0.0313065674687137
99 0 0.0351222121009219
100 0 0.0380733110918750
