*Period monthly mortality rates for SWE in 2012 
* Mon Dec 20 14:21:52 2010
death 1 M married
1 0 0.000344819869678825
2 0 0.0000350067393084519
3 0 0.0000108339788730261
4 0 0.00000833371530217786
5 0 0.00000750030939278279
6 0 0.00000583352049443597
7 0 0.00000583352049443597
8 0 0.00000583352049443597
9 0 0.00000500013750526218
10 0 0.00000500013750526218
11 0 0.00000583352049443597
12 0 0.00000666691112360951
13 0 0.00000583352049443597
14 0 0.00000833371530217786
15 0 0.00000916712885190574
16 0 0.0000133343112110884
17 0 0.0000183351822042876
18 0 0.0000233363283135279
19 0 0.0000300049511388067
20 0 0.0000408425066913409
21 0 0.0000483461867075707
22 0 0.0000516813544294559
23 0 0.0000525151654794387
24 0 0.0000516813544294559
25 0 0.0000508475510273554
26 0 0.0000500137552731372
27 0 0.0000500137552731372
28 0 0.0000466786487315352
29 0 0.0000466786487315352
30 0 0.0000458448912142861
31 0 0.0000466786487315352
32 0 0.0000441773991204375
33 0 0.0000458448912142861
34 0 0.0000483461867075707
35 0 0.0000491799671665794
36 0 0.0000541828105240505
37 0 0.0000575181923953005
38 0 0.0000591859292243813
39 0 0.000065857182524165
40 0 0.000070860943814588
41 0 0.0000758649805536749
42 0 0.0000825374580692984
43 0 0.0000925470927749528
44 0 0.000103392107678624
45 0 0.000110900952950965
46 0 0.000123417073636167
47 0 0.000135100341368544
48 0 0.000147619794864662
49 0 0.000165984779734729
50 0 0.000180178446304025
51 0 0.000197714859778153
52 0 0.000224443521407491
53 0 0.000246166348294219
54 0 0.000282103959876823
55 0 0.000303840574450209
56 0 0.000331436843438837
57 0 0.000368244908993565
58 0 0.000412601701002879
59 0 0.000436044221624798
60 0 0.000490487685641083
61 0 0.000526522067316959
62 0 0.00058437456115501
63 0 0.000648978112138598
64 0 0.000713627635436254
65 0 0.000814471951187667
66 0 0.00090111936752657
67 0 0.000990376885548039
68 0 0.00110839877710245
69 0 0.00121474978746505
70 0 0.00134828685999844
71 0 0.00150404635507184
72 0 0.00165498150565124
73 0 0.00185378453615026
74 0 0.00207092596487490
75 0 0.00232021419607886
76 0 0.00262163973970286
77 0 0.00287932982143979
78 0 0.00330526240631335
79 0 0.00373928521296896
80 0 0.00416841754608088
81 0 0.00472416851311752
82 0 0.00540799027976835
83 0 0.00621207701410387
84 0 0.00699547308787207
85 0 0.0080886498713123
86 0 0.00923399394986546
87 0 0.0105812513183762
88 0 0.0119737288210271
89 0 0.0137872255719921
90 0 0.0156133895569027
91 0 0.0177511746082308
92 0 0.0205236341924805
93 0 0.023654802081827
94 0 0.0262582903378156
95 0 0.0298175573279291
96 0 0.0325689329221924
97 0 0.0378717468249569
98 0 0.0422818540813301
99 0 0.0462568987720154
100 0 0.0517792437500891

death 1 M single
1 0 0.000344819869678825
2 0 0.0000350067393084519
3 0 0.0000108339788730261
4 0 0.00000833371530217786
5 0 0.00000750030939278279
6 0 0.00000583352049443597
7 0 0.00000583352049443597
8 0 0.00000583352049443597
9 0 0.00000500013750526218
10 0 0.00000500013750526218
11 0 0.00000583352049443597
12 0 0.00000666691112360951
13 0 0.00000583352049443597
14 0 0.00000833371530217786
15 0 0.00000916712885190574
16 0 0.0000133343112110884
17 0 0.0000183351822042876
18 0 0.0000233363283135279
19 0 0.0000300049511388067
20 0 0.0000408425066913409
21 0 0.0000483461867075707
22 0 0.0000516813544294559
23 0 0.0000525151654794387
24 0 0.0000516813544294559
25 0 0.0000508475510273554
26 0 0.0000500137552731372
27 0 0.0000500137552731372
28 0 0.0000466786487315352
29 0 0.0000466786487315352
30 0 0.0000458448912142861
31 0 0.0000466786487315352
32 0 0.0000441773991204375
33 0 0.0000458448912142861
34 0 0.0000483461867075707
35 0 0.0000491799671665794
36 0 0.0000541828105240505
37 0 0.0000575181923953005
38 0 0.0000591859292243813
39 0 0.000065857182524165
40 0 0.000070860943814588
41 0 0.0000758649805536749
42 0 0.0000825374580692984
43 0 0.0000925470927749528
44 0 0.000103392107678624
45 0 0.000110900952950965
46 0 0.000123417073636167
47 0 0.000135100341368544
48 0 0.000147619794864662
49 0 0.000165984779734729
50 0 0.000180178446304025
51 0 0.000197714859778153
52 0 0.000224443521407491
53 0 0.000246166348294219
54 0 0.000282103959876823
55 0 0.000303840574450209
56 0 0.000331436843438837
57 0 0.000368244908993565
58 0 0.000412601701002879
59 0 0.000436044221624798
60 0 0.000490487685641083
61 0 0.000526522067316959
62 0 0.00058437456115501
63 0 0.000648978112138598
64 0 0.000713627635436254
65 0 0.000814471951187667
66 0 0.00090111936752657
67 0 0.000990376885548039
68 0 0.00110839877710245
69 0 0.00121474978746505
70 0 0.00134828685999844
71 0 0.00150404635507184
72 0 0.00165498150565124
73 0 0.00185378453615026
74 0 0.00207092596487490
75 0 0.00232021419607886
76 0 0.00262163973970286
77 0 0.00287932982143979
78 0 0.00330526240631335
79 0 0.00373928521296896
80 0 0.00416841754608088
81 0 0.00472416851311752
82 0 0.00540799027976835
83 0 0.00621207701410387
84 0 0.00699547308787207
85 0 0.0080886498713123
86 0 0.00923399394986546
87 0 0.0105812513183762
88 0 0.0119737288210271
89 0 0.0137872255719921
90 0 0.0156133895569027
91 0 0.0177511746082308
92 0 0.0205236341924805
93 0 0.023654802081827
94 0 0.0262582903378156
95 0 0.0298175573279291
96 0 0.0325689329221924
97 0 0.0378717468249569
98 0 0.0422818540813301
99 0 0.0462568987720154
100 0 0.0517792437500891

death 1 M divorced
1 0 0.000344819869678825
2 0 0.0000350067393084519
3 0 0.0000108339788730261
4 0 0.00000833371530217786
5 0 0.00000750030939278279
6 0 0.00000583352049443597
7 0 0.00000583352049443597
8 0 0.00000583352049443597
9 0 0.00000500013750526218
10 0 0.00000500013750526218
11 0 0.00000583352049443597
12 0 0.00000666691112360951
13 0 0.00000583352049443597
14 0 0.00000833371530217786
15 0 0.00000916712885190574
16 0 0.0000133343112110884
17 0 0.0000183351822042876
18 0 0.0000233363283135279
19 0 0.0000300049511388067
20 0 0.0000408425066913409
21 0 0.0000483461867075707
22 0 0.0000516813544294559
23 0 0.0000525151654794387
24 0 0.0000516813544294559
25 0 0.0000508475510273554
26 0 0.0000500137552731372
27 0 0.0000500137552731372
28 0 0.0000466786487315352
29 0 0.0000466786487315352
30 0 0.0000458448912142861
31 0 0.0000466786487315352
32 0 0.0000441773991204375
33 0 0.0000458448912142861
34 0 0.0000483461867075707
35 0 0.0000491799671665794
36 0 0.0000541828105240505
37 0 0.0000575181923953005
38 0 0.0000591859292243813
39 0 0.000065857182524165
40 0 0.000070860943814588
41 0 0.0000758649805536749
42 0 0.0000825374580692984
43 0 0.0000925470927749528
44 0 0.000103392107678624
45 0 0.000110900952950965
46 0 0.000123417073636167
47 0 0.000135100341368544
48 0 0.000147619794864662
49 0 0.000165984779734729
50 0 0.000180178446304025
51 0 0.000197714859778153
52 0 0.000224443521407491
53 0 0.000246166348294219
54 0 0.000282103959876823
55 0 0.000303840574450209
56 0 0.000331436843438837
57 0 0.000368244908993565
58 0 0.000412601701002879
59 0 0.000436044221624798
60 0 0.000490487685641083
61 0 0.000526522067316959
62 0 0.00058437456115501
63 0 0.000648978112138598
64 0 0.000713627635436254
65 0 0.000814471951187667
66 0 0.00090111936752657
67 0 0.000990376885548039
68 0 0.00110839877710245
69 0 0.00121474978746505
70 0 0.00134828685999844
71 0 0.00150404635507184
72 0 0.00165498150565124
73 0 0.00185378453615026
74 0 0.00207092596487490
75 0 0.00232021419607886
76 0 0.00262163973970286
77 0 0.00287932982143979
78 0 0.00330526240631335
79 0 0.00373928521296896
80 0 0.00416841754608088
81 0 0.00472416851311752
82 0 0.00540799027976835
83 0 0.00621207701410387
84 0 0.00699547308787207
85 0 0.0080886498713123
86 0 0.00923399394986546
87 0 0.0105812513183762
88 0 0.0119737288210271
89 0 0.0137872255719921
90 0 0.0156133895569027
91 0 0.0177511746082308
92 0 0.0205236341924805
93 0 0.023654802081827
94 0 0.0262582903378156
95 0 0.0298175573279291
96 0 0.0325689329221924
97 0 0.0378717468249569
98 0 0.0422818540813301
99 0 0.0462568987720154
100 0 0.0517792437500891

death 1 M widowed
1 0 0.000344819869678825
2 0 0.0000350067393084519
3 0 0.0000108339788730261
4 0 0.00000833371530217786
5 0 0.00000750030939278279
6 0 0.00000583352049443597
7 0 0.00000583352049443597
8 0 0.00000583352049443597
9 0 0.00000500013750526218
10 0 0.00000500013750526218
11 0 0.00000583352049443597
12 0 0.00000666691112360951
13 0 0.00000583352049443597
14 0 0.00000833371530217786
15 0 0.00000916712885190574
16 0 0.0000133343112110884
17 0 0.0000183351822042876
18 0 0.0000233363283135279
19 0 0.0000300049511388067
20 0 0.0000408425066913409
21 0 0.0000483461867075707
22 0 0.0000516813544294559
23 0 0.0000525151654794387
24 0 0.0000516813544294559
25 0 0.0000508475510273554
26 0 0.0000500137552731372
27 0 0.0000500137552731372
28 0 0.0000466786487315352
29 0 0.0000466786487315352
30 0 0.0000458448912142861
31 0 0.0000466786487315352
32 0 0.0000441773991204375
33 0 0.0000458448912142861
34 0 0.0000483461867075707
35 0 0.0000491799671665794
36 0 0.0000541828105240505
37 0 0.0000575181923953005
38 0 0.0000591859292243813
39 0 0.000065857182524165
40 0 0.000070860943814588
41 0 0.0000758649805536749
42 0 0.0000825374580692984
43 0 0.0000925470927749528
44 0 0.000103392107678624
45 0 0.000110900952950965
46 0 0.000123417073636167
47 0 0.000135100341368544
48 0 0.000147619794864662
49 0 0.000165984779734729
50 0 0.000180178446304025
51 0 0.000197714859778153
52 0 0.000224443521407491
53 0 0.000246166348294219
54 0 0.000282103959876823
55 0 0.000303840574450209
56 0 0.000331436843438837
57 0 0.000368244908993565
58 0 0.000412601701002879
59 0 0.000436044221624798
60 0 0.000490487685641083
61 0 0.000526522067316959
62 0 0.00058437456115501
63 0 0.000648978112138598
64 0 0.000713627635436254
65 0 0.000814471951187667
66 0 0.00090111936752657
67 0 0.000990376885548039
68 0 0.00110839877710245
69 0 0.00121474978746505
70 0 0.00134828685999844
71 0 0.00150404635507184
72 0 0.00165498150565124
73 0 0.00185378453615026
74 0 0.00207092596487490
75 0 0.00232021419607886
76 0 0.00262163973970286
77 0 0.00287932982143979
78 0 0.00330526240631335
79 0 0.00373928521296896
80 0 0.00416841754608088
81 0 0.00472416851311752
82 0 0.00540799027976835
83 0 0.00621207701410387
84 0 0.00699547308787207
85 0 0.0080886498713123
86 0 0.00923399394986546
87 0 0.0105812513183762
88 0 0.0119737288210271
89 0 0.0137872255719921
90 0 0.0156133895569027
91 0 0.0177511746082308
92 0 0.0205236341924805
93 0 0.023654802081827
94 0 0.0262582903378156
95 0 0.0298175573279291
96 0 0.0325689329221924
97 0 0.0378717468249569
98 0 0.0422818540813301
99 0 0.0462568987720154
100 0 0.0517792437500891

death 1 F married
1 0 0.000341473928349267
2 0 0.0000366740631904117
3 0 0.0000116674153447516
4 0 0.00000833371530217786
5 0 0.00000666691112360951
6 0 0.00000666691112360951
7 0 0.00000583352049443597
8 0 0.00000416676215586609
9 0 0.00000500013750526218
10 0 0.00000500013750526218
11 0 0.00000500013750526218
12 0 0.00000500013750526218
13 0 0.00000500013750526218
14 0 0.00000583352049443597
15 0 0.00000750030939278279
16 0 0.0000108339788730261
17 0 0.000012500859457365
18 0 0.0000141677706060328
19 0 0.0000150012376423092
20 0 0.0000175016846010179
21 0 0.0000200022003373768
22 0 0.0000208357208674181
23 0 0.0000191686874497776
24 0 0.0000200022003373768
25 0 0.0000166681946396352
26 0 0.0000166681946396352
27 0 0.0000191686874497776
28 0 0.0000183351822042876
29 0 0.0000183351822042876
30 0 0.0000191686874497776
31 0 0.0000216692490401238
32 0 0.0000233363283135279
33 0 0.0000233363283135279
34 0 0.0000241698794146705
35 0 0.0000258370045466139
36 0 0.0000300049511388067
37 0 0.0000350067393084519
38 0 0.0000366740631904117
39 0 0.0000391751063537615
40 0 0.0000408425066913409
41 0 0.0000425099376131222
42 0 0.0000466786487315352
43 0 0.000055850486162301
44 0 0.0000600198091127435
45 0 0.0000675250723508602
46 0 0.0000783671022263066
47 0 0.000086708005247571
48 0 0.0000958838826297104
49 0 0.000111735307382288
50 0 0.000126754996901401
51 0 0.000142611806542514
52 0 0.000159306174086660
53 0 0.000169324266588666
54 0 0.000184353475969790
55 0 0.000204396288320696
56 0 0.000228620584918904
57 0 0.000257865405948854
58 0 0.000282103959876823
59 0 0.000311365998618696
60 0 0.000333946010742214
61 0 0.000379959693386556
62 0 0.000419298946955804
63 0 0.000444418016270154
64 0 0.000495514881089343
65 0 0.000534065956091179
66 0 0.000596117244986538
67 0 0.000640585444512398
68 0 0.000701029963708133
69 0 0.000769078154643887
70 0 0.000833813236830627
71 0 0.000936475062115472
72 0 0.00102829576903052
73 0 0.00113624057604444
74 0 0.00126797204103291
75 0 0.00142274718903079
76 0 0.00158796245326864
77 0 0.00178916826369613
78 0 0.00203597794890953
79 0 0.00229713480435134
80 0 0.00264823380819923
81 0 0.00303774292834269
82 0 0.00352764507582526
83 0 0.00400017817779097
84 0 0.00465747336596456
85 0 0.00533990529663542
86 0 0.00624510400426759
87 0 0.00722352002540261
88 0 0.00832587562079246
89 0 0.00966785959131855
90 0 0.0112139240725709
91 0 0.0128129719087986
92 0 0.0150858477871975
93 0 0.0170587252058004
94 0 0.0195947032539475
95 0 0.0221249825188632
96 0 0.0250031207914944
97 0 0.0280165862522453
98 0 0.031745150422531
99 0 0.0355393557777162
100 0 0.0384765557890149

death 1 F single
1 0 0.000341473928349267
2 0 0.0000366740631904117
3 0 0.0000116674153447516
4 0 0.00000833371530217786
5 0 0.00000666691112360951
6 0 0.00000666691112360951
7 0 0.00000583352049443597
8 0 0.00000416676215586609
9 0 0.00000500013750526218
10 0 0.00000500013750526218
11 0 0.00000500013750526218
12 0 0.00000500013750526218
13 0 0.00000500013750526218
14 0 0.00000583352049443597
15 0 0.00000750030939278279
16 0 0.0000108339788730261
17 0 0.000012500859457365
18 0 0.0000141677706060328
19 0 0.0000150012376423092
20 0 0.0000175016846010179
21 0 0.0000200022003373768
22 0 0.0000208357208674181
23 0 0.0000191686874497776
24 0 0.0000200022003373768
25 0 0.0000166681946396352
26 0 0.0000166681946396352
27 0 0.0000191686874497776
28 0 0.0000183351822042876
29 0 0.0000183351822042876
30 0 0.0000191686874497776
31 0 0.0000216692490401238
32 0 0.0000233363283135279
33 0 0.0000233363283135279
34 0 0.0000241698794146705
35 0 0.0000258370045466139
36 0 0.0000300049511388067
37 0 0.0000350067393084519
38 0 0.0000366740631904117
39 0 0.0000391751063537615
40 0 0.0000408425066913409
41 0 0.0000425099376131222
42 0 0.0000466786487315352
43 0 0.000055850486162301
44 0 0.0000600198091127435
45 0 0.0000675250723508602
46 0 0.0000783671022263066
47 0 0.000086708005247571
48 0 0.0000958838826297104
49 0 0.000111735307382288
50 0 0.000126754996901401
51 0 0.000142611806542514
52 0 0.000159306174086660
53 0 0.000169324266588666
54 0 0.000184353475969790
55 0 0.000204396288320696
56 0 0.000228620584918904
57 0 0.000257865405948854
58 0 0.000282103959876823
59 0 0.000311365998618696
60 0 0.000333946010742214
61 0 0.000379959693386556
62 0 0.000419298946955804
63 0 0.000444418016270154
64 0 0.000495514881089343
65 0 0.000534065956091179
66 0 0.000596117244986538
67 0 0.000640585444512398
68 0 0.000701029963708133
69 0 0.000769078154643887
70 0 0.000833813236830627
71 0 0.000936475062115472
72 0 0.00102829576903052
73 0 0.00113624057604444
74 0 0.00126797204103291
75 0 0.00142274718903079
76 0 0.00158796245326864
77 0 0.00178916826369613
78 0 0.00203597794890953
79 0 0.00229713480435134
80 0 0.00264823380819923
81 0 0.00303774292834269
82 0 0.00352764507582526
83 0 0.00400017817779097
84 0 0.00465747336596456
85 0 0.00533990529663542
86 0 0.00624510400426759
87 0 0.00722352002540261
88 0 0.00832587562079246
89 0 0.00966785959131855
90 0 0.0112139240725709
91 0 0.0128129719087986
92 0 0.0150858477871975
93 0 0.0170587252058004
94 0 0.0195947032539475
95 0 0.0221249825188632
96 0 0.0250031207914944
97 0 0.0280165862522453
98 0 0.031745150422531
99 0 0.0355393557777162
100 0 0.0384765557890149

death 1 F divorced
1 0 0.000341473928349267
2 0 0.0000366740631904117
3 0 0.0000116674153447516
4 0 0.00000833371530217786
5 0 0.00000666691112360951
6 0 0.00000666691112360951
7 0 0.00000583352049443597
8 0 0.00000416676215586609
9 0 0.00000500013750526218
10 0 0.00000500013750526218
11 0 0.00000500013750526218
12 0 0.00000500013750526218
13 0 0.00000500013750526218
14 0 0.00000583352049443597
15 0 0.00000750030939278279
16 0 0.0000108339788730261
17 0 0.000012500859457365
18 0 0.0000141677706060328
19 0 0.0000150012376423092
20 0 0.0000175016846010179
21 0 0.0000200022003373768
22 0 0.0000208357208674181
23 0 0.0000191686874497776
24 0 0.0000200022003373768
25 0 0.0000166681946396352
26 0 0.0000166681946396352
27 0 0.0000191686874497776
28 0 0.0000183351822042876
29 0 0.0000183351822042876
30 0 0.0000191686874497776
31 0 0.0000216692490401238
32 0 0.0000233363283135279
33 0 0.0000233363283135279
34 0 0.0000241698794146705
35 0 0.0000258370045466139
36 0 0.0000300049511388067
37 0 0.0000350067393084519
38 0 0.0000366740631904117
39 0 0.0000391751063537615
40 0 0.0000408425066913409
41 0 0.0000425099376131222
42 0 0.0000466786487315352
43 0 0.000055850486162301
44 0 0.0000600198091127435
45 0 0.0000675250723508602
46 0 0.0000783671022263066
47 0 0.000086708005247571
48 0 0.0000958838826297104
49 0 0.000111735307382288
50 0 0.000126754996901401
51 0 0.000142611806542514
52 0 0.000159306174086660
53 0 0.000169324266588666
54 0 0.000184353475969790
55 0 0.000204396288320696
56 0 0.000228620584918904
57 0 0.000257865405948854
58 0 0.000282103959876823
59 0 0.000311365998618696
60 0 0.000333946010742214
61 0 0.000379959693386556
62 0 0.000419298946955804
63 0 0.000444418016270154
64 0 0.000495514881089343
65 0 0.000534065956091179
66 0 0.000596117244986538
67 0 0.000640585444512398
68 0 0.000701029963708133
69 0 0.000769078154643887
70 0 0.000833813236830627
71 0 0.000936475062115472
72 0 0.00102829576903052
73 0 0.00113624057604444
74 0 0.00126797204103291
75 0 0.00142274718903079
76 0 0.00158796245326864
77 0 0.00178916826369613
78 0 0.00203597794890953
79 0 0.00229713480435134
80 0 0.00264823380819923
81 0 0.00303774292834269
82 0 0.00352764507582526
83 0 0.00400017817779097
84 0 0.00465747336596456
85 0 0.00533990529663542
86 0 0.00624510400426759
87 0 0.00722352002540261
88 0 0.00832587562079246
89 0 0.00966785959131855
90 0 0.0112139240725709
91 0 0.0128129719087986
92 0 0.0150858477871975
93 0 0.0170587252058004
94 0 0.0195947032539475
95 0 0.0221249825188632
96 0 0.0250031207914944
97 0 0.0280165862522453
98 0 0.031745150422531
99 0 0.0355393557777162
100 0 0.0384765557890149

death 1 F widowed
1 0 0.000341473928349267
2 0 0.0000366740631904117
3 0 0.0000116674153447516
4 0 0.00000833371530217786
5 0 0.00000666691112360951
6 0 0.00000666691112360951
7 0 0.00000583352049443597
8 0 0.00000416676215586609
9 0 0.00000500013750526218
10 0 0.00000500013750526218
11 0 0.00000500013750526218
12 0 0.00000500013750526218
13 0 0.00000500013750526218
14 0 0.00000583352049443597
15 0 0.00000750030939278279
16 0 0.0000108339788730261
17 0 0.000012500859457365
18 0 0.0000141677706060328
19 0 0.0000150012376423092
20 0 0.0000175016846010179
21 0 0.0000200022003373768
22 0 0.0000208357208674181
23 0 0.0000191686874497776
24 0 0.0000200022003373768
25 0 0.0000166681946396352
26 0 0.0000166681946396352
27 0 0.0000191686874497776
28 0 0.0000183351822042876
29 0 0.0000183351822042876
30 0 0.0000191686874497776
31 0 0.0000216692490401238
32 0 0.0000233363283135279
33 0 0.0000233363283135279
34 0 0.0000241698794146705
35 0 0.0000258370045466139
36 0 0.0000300049511388067
37 0 0.0000350067393084519
38 0 0.0000366740631904117
39 0 0.0000391751063537615
40 0 0.0000408425066913409
41 0 0.0000425099376131222
42 0 0.0000466786487315352
43 0 0.000055850486162301
44 0 0.0000600198091127435
45 0 0.0000675250723508602
46 0 0.0000783671022263066
47 0 0.000086708005247571
48 0 0.0000958838826297104
49 0 0.000111735307382288
50 0 0.000126754996901401
51 0 0.000142611806542514
52 0 0.000159306174086660
53 0 0.000169324266588666
54 0 0.000184353475969790
55 0 0.000204396288320696
56 0 0.000228620584918904
57 0 0.000257865405948854
58 0 0.000282103959876823
59 0 0.000311365998618696
60 0 0.000333946010742214
61 0 0.000379959693386556
62 0 0.000419298946955804
63 0 0.000444418016270154
64 0 0.000495514881089343
65 0 0.000534065956091179
66 0 0.000596117244986538
67 0 0.000640585444512398
68 0 0.000701029963708133
69 0 0.000769078154643887
70 0 0.000833813236830627
71 0 0.000936475062115472
72 0 0.00102829576903052
73 0 0.00113624057604444
74 0 0.00126797204103291
75 0 0.00142274718903079
76 0 0.00158796245326864
77 0 0.00178916826369613
78 0 0.00203597794890953
79 0 0.00229713480435134
80 0 0.00264823380819923
81 0 0.00303774292834269
82 0 0.00352764507582526
83 0 0.00400017817779097
84 0 0.00465747336596456
85 0 0.00533990529663542
86 0 0.00624510400426759
87 0 0.00722352002540261
88 0 0.00832587562079246
89 0 0.00966785959131855
90 0 0.0112139240725709
91 0 0.0128129719087986
92 0 0.0150858477871975
93 0 0.0170587252058004
94 0 0.0195947032539475
95 0 0.0221249825188632
96 0 0.0250031207914944
97 0 0.0280165862522453
98 0 0.031745150422531
99 0 0.0355393557777162
100 0 0.0384765557890149
