*Period monthly mortality rates for SWE in 2038 
* Mon Dec 20 14:21:52 2010
death 1 M married
1 0 0.000222772749752909
2 0 0.0000225027848553827
3 0 0.00000750030939278279
4 0 0.00000583352049443597
5 0 0.00000500013750526218
6 0 0.00000416676215586609
7 0 0.00000416676215586609
8 0 0.00000333339444602565
9 0 0.00000333339444602565
10 0 0.00000333339444602565
11 0 0.00000416676215586609
12 0 0.00000416676215586609
13 0 0.00000416676215586609
14 0 0.00000583352049443597
15 0 0.00000583352049443597
16 0 0.00000916712885190574
17 0 0.0000116674153447516
18 0 0.0000150012376423092
19 0 0.0000191686874497776
20 0 0.0000266705785775256
21 0 0.0000308385633891461
22 0 0.0000333394460065861
23 0 0.0000341730888351321
24 0 0.0000333394460065861
25 0 0.0000325058108229248
26 0 0.0000325058108229248
27 0 0.0000325058108229248
28 0 0.0000300049511388067
29 0 0.0000300049511388067
30 0 0.0000291713465325749
31 0 0.0000300049511388067
32 0 0.0000283377495704507
33 0 0.0000291713465325749
34 0 0.0000316721832838152
35 0 0.0000316721832838152
36 0 0.0000350067393084519
37 0 0.0000375077365993848
38 0 0.0000383414176537977
39 0 0.0000425099376131222
40 0 0.0000458448912142861
41 0 0.0000491799671665794
42 0 0.0000533489841776369
43 0 0.0000600198091127435
44 0 0.0000666911236122392
45 0 0.0000716949308086079
46 0 0.0000800352216044908
47 0 0.000087542137645058
48 0 0.000095049673682679
49 0 0.000106729295667018
50 0 0.000116741594805347
51 0 0.000127589496870306
52 0 0.000145115766213677
53 0 0.000158471382883385
54 0 0.00018184843515745
55 0 0.000196044579382604
56 0 0.000214419352144724
57 0 0.000237810800436611
58 0 0.000266222797798643
59 0 0.000281268040052463
60 0 0.000316383294278633
61 0 0.000339801003879758
62 0 0.000376612458030223
63 0 0.000418461764218003
64 0 0.000459492791513805
65 0 0.000518978804833314
66 0 0.000568440488797339
67 0 0.000623802434801979
68 0 0.000698510638982297
69 0 0.000764876172548612
70 0 0.00084895276841912
71 0 0.000946579217563581
72 0 0.00104093891598678
73 0 0.00116577908797089
74 0 0.00130178014773130
75 0 0.00145830661527757
76 0 0.00165498150565124
77 0 0.00182317109254060
78 0 0.00211526965207398
79 0 0.00241002325747541
80 0 0.00273665080329122
81 0 0.00314896962680056
82 0 0.00366463429414454
83 0 0.00429327354083853
84 0 0.00495622916151583
85 0 0.00587802346651123
86 0 0.00689020714703392
87 0 0.00810961008017463
88 0 0.00942615406165426
89 0 0.0111375416402145
90 0 0.0129379029991137
91 0 0.0150819078705533
92 0 0.0178659211268297
93 0 0.0210896830089524
94 0 0.0239491566049423
95 0 0.0277106916772180
96 0 0.0307161622018522
97 0 0.0360845019068893
98 0 0.0405776791942504
99 0 0.0446320448279374
100 0 0.0502318051236054

death 1 M single
1 0 0.000222772749752909
2 0 0.0000225027848553827
3 0 0.00000750030939278279
4 0 0.00000583352049443597
5 0 0.00000500013750526218
6 0 0.00000416676215586609
7 0 0.00000416676215586609
8 0 0.00000333339444602565
9 0 0.00000333339444602565
10 0 0.00000333339444602565
11 0 0.00000416676215586609
12 0 0.00000416676215586609
13 0 0.00000416676215586609
14 0 0.00000583352049443597
15 0 0.00000583352049443597
16 0 0.00000916712885190574
17 0 0.0000116674153447516
18 0 0.0000150012376423092
19 0 0.0000191686874497776
20 0 0.0000266705785775256
21 0 0.0000308385633891461
22 0 0.0000333394460065861
23 0 0.0000341730888351321
24 0 0.0000333394460065861
25 0 0.0000325058108229248
26 0 0.0000325058108229248
27 0 0.0000325058108229248
28 0 0.0000300049511388067
29 0 0.0000300049511388067
30 0 0.0000291713465325749
31 0 0.0000300049511388067
32 0 0.0000283377495704507
33 0 0.0000291713465325749
34 0 0.0000316721832838152
35 0 0.0000316721832838152
36 0 0.0000350067393084519
37 0 0.0000375077365993848
38 0 0.0000383414176537977
39 0 0.0000425099376131222
40 0 0.0000458448912142861
41 0 0.0000491799671665794
42 0 0.0000533489841776369
43 0 0.0000600198091127435
44 0 0.0000666911236122392
45 0 0.0000716949308086079
46 0 0.0000800352216044908
47 0 0.000087542137645058
48 0 0.000095049673682679
49 0 0.000106729295667018
50 0 0.000116741594805347
51 0 0.000127589496870306
52 0 0.000145115766213677
53 0 0.000158471382883385
54 0 0.00018184843515745
55 0 0.000196044579382604
56 0 0.000214419352144724
57 0 0.000237810800436611
58 0 0.000266222797798643
59 0 0.000281268040052463
60 0 0.000316383294278633
61 0 0.000339801003879758
62 0 0.000376612458030223
63 0 0.000418461764218003
64 0 0.000459492791513805
65 0 0.000518978804833314
66 0 0.000568440488797339
67 0 0.000623802434801979
68 0 0.000698510638982297
69 0 0.000764876172548612
70 0 0.00084895276841912
71 0 0.000946579217563581
72 0 0.00104093891598678
73 0 0.00116577908797089
74 0 0.00130178014773130
75 0 0.00145830661527757
76 0 0.00165498150565124
77 0 0.00182317109254060
78 0 0.00211526965207398
79 0 0.00241002325747541
80 0 0.00273665080329122
81 0 0.00314896962680056
82 0 0.00366463429414454
83 0 0.00429327354083853
84 0 0.00495622916151583
85 0 0.00587802346651123
86 0 0.00689020714703392
87 0 0.00810961008017463
88 0 0.00942615406165426
89 0 0.0111375416402145
90 0 0.0129379029991137
91 0 0.0150819078705533
92 0 0.0178659211268297
93 0 0.0210896830089524
94 0 0.0239491566049423
95 0 0.0277106916772180
96 0 0.0307161622018522
97 0 0.0360845019068893
98 0 0.0405776791942504
99 0 0.0446320448279374
100 0 0.0502318051236054

death 1 M divorced
1 0 0.000222772749752909
2 0 0.0000225027848553827
3 0 0.00000750030939278279
4 0 0.00000583352049443597
5 0 0.00000500013750526218
6 0 0.00000416676215586609
7 0 0.00000416676215586609
8 0 0.00000333339444602565
9 0 0.00000333339444602565
10 0 0.00000333339444602565
11 0 0.00000416676215586609
12 0 0.00000416676215586609
13 0 0.00000416676215586609
14 0 0.00000583352049443597
15 0 0.00000583352049443597
16 0 0.00000916712885190574
17 0 0.0000116674153447516
18 0 0.0000150012376423092
19 0 0.0000191686874497776
20 0 0.0000266705785775256
21 0 0.0000308385633891461
22 0 0.0000333394460065861
23 0 0.0000341730888351321
24 0 0.0000333394460065861
25 0 0.0000325058108229248
26 0 0.0000325058108229248
27 0 0.0000325058108229248
28 0 0.0000300049511388067
29 0 0.0000300049511388067
30 0 0.0000291713465325749
31 0 0.0000300049511388067
32 0 0.0000283377495704507
33 0 0.0000291713465325749
34 0 0.0000316721832838152
35 0 0.0000316721832838152
36 0 0.0000350067393084519
37 0 0.0000375077365993848
38 0 0.0000383414176537977
39 0 0.0000425099376131222
40 0 0.0000458448912142861
41 0 0.0000491799671665794
42 0 0.0000533489841776369
43 0 0.0000600198091127435
44 0 0.0000666911236122392
45 0 0.0000716949308086079
46 0 0.0000800352216044908
47 0 0.000087542137645058
48 0 0.000095049673682679
49 0 0.000106729295667018
50 0 0.000116741594805347
51 0 0.000127589496870306
52 0 0.000145115766213677
53 0 0.000158471382883385
54 0 0.00018184843515745
55 0 0.000196044579382604
56 0 0.000214419352144724
57 0 0.000237810800436611
58 0 0.000266222797798643
59 0 0.000281268040052463
60 0 0.000316383294278633
61 0 0.000339801003879758
62 0 0.000376612458030223
63 0 0.000418461764218003
64 0 0.000459492791513805
65 0 0.000518978804833314
66 0 0.000568440488797339
67 0 0.000623802434801979
68 0 0.000698510638982297
69 0 0.000764876172548612
70 0 0.00084895276841912
71 0 0.000946579217563581
72 0 0.00104093891598678
73 0 0.00116577908797089
74 0 0.00130178014773130
75 0 0.00145830661527757
76 0 0.00165498150565124
77 0 0.00182317109254060
78 0 0.00211526965207398
79 0 0.00241002325747541
80 0 0.00273665080329122
81 0 0.00314896962680056
82 0 0.00366463429414454
83 0 0.00429327354083853
84 0 0.00495622916151583
85 0 0.00587802346651123
86 0 0.00689020714703392
87 0 0.00810961008017463
88 0 0.00942615406165426
89 0 0.0111375416402145
90 0 0.0129379029991137
91 0 0.0150819078705533
92 0 0.0178659211268297
93 0 0.0210896830089524
94 0 0.0239491566049423
95 0 0.0277106916772180
96 0 0.0307161622018522
97 0 0.0360845019068893
98 0 0.0405776791942504
99 0 0.0446320448279374
100 0 0.0502318051236054

death 1 M widowed
1 0 0.000222772749752909
2 0 0.0000225027848553827
3 0 0.00000750030939278279
4 0 0.00000583352049443597
5 0 0.00000500013750526218
6 0 0.00000416676215586609
7 0 0.00000416676215586609
8 0 0.00000333339444602565
9 0 0.00000333339444602565
10 0 0.00000333339444602565
11 0 0.00000416676215586609
12 0 0.00000416676215586609
13 0 0.00000416676215586609
14 0 0.00000583352049443597
15 0 0.00000583352049443597
16 0 0.00000916712885190574
17 0 0.0000116674153447516
18 0 0.0000150012376423092
19 0 0.0000191686874497776
20 0 0.0000266705785775256
21 0 0.0000308385633891461
22 0 0.0000333394460065861
23 0 0.0000341730888351321
24 0 0.0000333394460065861
25 0 0.0000325058108229248
26 0 0.0000325058108229248
27 0 0.0000325058108229248
28 0 0.0000300049511388067
29 0 0.0000300049511388067
30 0 0.0000291713465325749
31 0 0.0000300049511388067
32 0 0.0000283377495704507
33 0 0.0000291713465325749
34 0 0.0000316721832838152
35 0 0.0000316721832838152
36 0 0.0000350067393084519
37 0 0.0000375077365993848
38 0 0.0000383414176537977
39 0 0.0000425099376131222
40 0 0.0000458448912142861
41 0 0.0000491799671665794
42 0 0.0000533489841776369
43 0 0.0000600198091127435
44 0 0.0000666911236122392
45 0 0.0000716949308086079
46 0 0.0000800352216044908
47 0 0.000087542137645058
48 0 0.000095049673682679
49 0 0.000106729295667018
50 0 0.000116741594805347
51 0 0.000127589496870306
52 0 0.000145115766213677
53 0 0.000158471382883385
54 0 0.00018184843515745
55 0 0.000196044579382604
56 0 0.000214419352144724
57 0 0.000237810800436611
58 0 0.000266222797798643
59 0 0.000281268040052463
60 0 0.000316383294278633
61 0 0.000339801003879758
62 0 0.000376612458030223
63 0 0.000418461764218003
64 0 0.000459492791513805
65 0 0.000518978804833314
66 0 0.000568440488797339
67 0 0.000623802434801979
68 0 0.000698510638982297
69 0 0.000764876172548612
70 0 0.00084895276841912
71 0 0.000946579217563581
72 0 0.00104093891598678
73 0 0.00116577908797089
74 0 0.00130178014773130
75 0 0.00145830661527757
76 0 0.00165498150565124
77 0 0.00182317109254060
78 0 0.00211526965207398
79 0 0.00241002325747541
80 0 0.00273665080329122
81 0 0.00314896962680056
82 0 0.00366463429414454
83 0 0.00429327354083853
84 0 0.00495622916151583
85 0 0.00587802346651123
86 0 0.00689020714703392
87 0 0.00810961008017463
88 0 0.00942615406165426
89 0 0.0111375416402145
90 0 0.0129379029991137
91 0 0.0150819078705533
92 0 0.0178659211268297
93 0 0.0210896830089524
94 0 0.0239491566049423
95 0 0.0277106916772180
96 0 0.0307161622018522
97 0 0.0360845019068893
98 0 0.0405776791942504
99 0 0.0446320448279374
100 0 0.0502318051236054

death 1 F married
1 0 0.000220266649856748
2 0 0.0000241698794146705
3 0 0.00000750030939278279
4 0 0.00000500013750526218
5 0 0.00000416676215586609
6 0 0.00000416676215586609
7 0 0.00000416676215586609
8 0 0.00000250003437562984
9 0 0.00000333339444602565
10 0 0.00000333339444602565
11 0 0.00000333339444602565
12 0 0.00000333339444602565
13 0 0.00000333339444602565
14 0 0.00000333339444602565
15 0 0.00000500013750526218
16 0 0.00000750030939278279
17 0 0.00000750030939278279
18 0 0.00000916712885190574
19 0 0.0000100005500421885
20 0 0.0000108339788730261
21 0 0.0000133343112110884
22 0 0.0000133343112110884
23 0 0.000012500859457365
24 0 0.000012500859457365
25 0 0.0000108339788730261
26 0 0.0000108339788730261
27 0 0.000012500859457365
28 0 0.0000116674153447516
29 0 0.0000116674153447516
30 0 0.000012500859457365
31 0 0.0000141677706060328
32 0 0.0000150012376423092
33 0 0.0000150012376423092
34 0 0.0000158347123201397
35 0 0.0000166681946396352
36 0 0.0000191686874497776
37 0 0.0000225027848553827
38 0 0.0000233363283135279
39 0 0.0000250034381590325
40 0 0.0000258370045466139
41 0 0.0000275041602521009
42 0 0.0000300049511388067
43 0 0.0000358403974268784
44 0 0.0000383414176537977
45 0 0.0000441773991204375
46 0 0.0000508475510273554
47 0 0.0000575181923953005
48 0 0.0000650232490866376
49 0 0.0000783671022263066
50 0 0.0000900445807636707
51 0 0.000103392107678624
52 0 0.000117576002849673
53 0 0.000126754996901401
54 0 0.000137604094123889
55 0 0.000153462796661064
56 0 0.000171828962249876
57 0 0.000193539216339467
58 0 0.000212748764747639
59 0 0.000234468796364018
60 0 0.000251180045748089
61 0 0.000286283674331145
62 0 0.000315547059099419
63 0 0.000333946010742214
64 0 0.000373265345959606
65 0 0.000401719728948313
66 0 0.00044860520298573
67 0 0.000482109644590722
68 0 0.000527360246250774
69 0 0.000578503788322804
70 0 0.000627158788727766
71 0 0.000704389172026532
72 0 0.000773280331120896
73 0 0.000853999839754538
74 0 0.000953315945747546
75 0 0.00106960323401462
76 0 0.00119363848870513
77 0 0.00134405799249215
78 0 0.00152861980510233
79 0 0.00172459796871538
80 0 0.00198656227338068
81 0 0.00227747921283927
82 0 0.00264308596033747
83 0 0.00299552977410056
84 0 0.00348433717408270
85 0 0.00400975855362762
86 0 0.00478915579833394
87 0 0.00565955314647393
88 0 0.00666389649627952
89 0 0.00788749751784279
90 0 0.00930323519578347
91 0 0.0108119947493108
92 0 0.0129148257031390
93 0 0.0148242201404570
94 0 0.0172421814989863
95 0 0.0196713996906556
96 0 0.0225759191684611
97 0 0.0256373531033433
98 0 0.0294463068875305
99 0 0.0333472413107397
100 0 0.0363533424160313

death 1 F single
1 0 0.000220266649856748
2 0 0.0000241698794146705
3 0 0.00000750030939278279
4 0 0.00000500013750526218
5 0 0.00000416676215586609
6 0 0.00000416676215586609
7 0 0.00000416676215586609
8 0 0.00000250003437562984
9 0 0.00000333339444602565
10 0 0.00000333339444602565
11 0 0.00000333339444602565
12 0 0.00000333339444602565
13 0 0.00000333339444602565
14 0 0.00000333339444602565
15 0 0.00000500013750526218
16 0 0.00000750030939278279
17 0 0.00000750030939278279
18 0 0.00000916712885190574
19 0 0.0000100005500421885
20 0 0.0000108339788730261
21 0 0.0000133343112110884
22 0 0.0000133343112110884
23 0 0.000012500859457365
24 0 0.000012500859457365
25 0 0.0000108339788730261
26 0 0.0000108339788730261
27 0 0.000012500859457365
28 0 0.0000116674153447516
29 0 0.0000116674153447516
30 0 0.000012500859457365
31 0 0.0000141677706060328
32 0 0.0000150012376423092
33 0 0.0000150012376423092
34 0 0.0000158347123201397
35 0 0.0000166681946396352
36 0 0.0000191686874497776
37 0 0.0000225027848553827
38 0 0.0000233363283135279
39 0 0.0000250034381590325
40 0 0.0000258370045466139
41 0 0.0000275041602521009
42 0 0.0000300049511388067
43 0 0.0000358403974268784
44 0 0.0000383414176537977
45 0 0.0000441773991204375
46 0 0.0000508475510273554
47 0 0.0000575181923953005
48 0 0.0000650232490866376
49 0 0.0000783671022263066
50 0 0.0000900445807636707
51 0 0.000103392107678624
52 0 0.000117576002849673
53 0 0.000126754996901401
54 0 0.000137604094123889
55 0 0.000153462796661064
56 0 0.000171828962249876
57 0 0.000193539216339467
58 0 0.000212748764747639
59 0 0.000234468796364018
60 0 0.000251180045748089
61 0 0.000286283674331145
62 0 0.000315547059099419
63 0 0.000333946010742214
64 0 0.000373265345959606
65 0 0.000401719728948313
66 0 0.00044860520298573
67 0 0.000482109644590722
68 0 0.000527360246250774
69 0 0.000578503788322804
70 0 0.000627158788727766
71 0 0.000704389172026532
72 0 0.000773280331120896
73 0 0.000853999839754538
74 0 0.000953315945747546
75 0 0.00106960323401462
76 0 0.00119363848870513
77 0 0.00134405799249215
78 0 0.00152861980510233
79 0 0.00172459796871538
80 0 0.00198656227338068
81 0 0.00227747921283927
82 0 0.00264308596033747
83 0 0.00299552977410056
84 0 0.00348433717408270
85 0 0.00400975855362762
86 0 0.00478915579833394
87 0 0.00565955314647393
88 0 0.00666389649627952
89 0 0.00788749751784279
90 0 0.00930323519578347
91 0 0.0108119947493108
92 0 0.0129148257031390
93 0 0.0148242201404570
94 0 0.0172421814989863
95 0 0.0196713996906556
96 0 0.0225759191684611
97 0 0.0256373531033433
98 0 0.0294463068875305
99 0 0.0333472413107397
100 0 0.0363533424160313

death 1 F divorced
1 0 0.000220266649856748
2 0 0.0000241698794146705
3 0 0.00000750030939278279
4 0 0.00000500013750526218
5 0 0.00000416676215586609
6 0 0.00000416676215586609
7 0 0.00000416676215586609
8 0 0.00000250003437562984
9 0 0.00000333339444602565
10 0 0.00000333339444602565
11 0 0.00000333339444602565
12 0 0.00000333339444602565
13 0 0.00000333339444602565
14 0 0.00000333339444602565
15 0 0.00000500013750526218
16 0 0.00000750030939278279
17 0 0.00000750030939278279
18 0 0.00000916712885190574
19 0 0.0000100005500421885
20 0 0.0000108339788730261
21 0 0.0000133343112110884
22 0 0.0000133343112110884
23 0 0.000012500859457365
24 0 0.000012500859457365
25 0 0.0000108339788730261
26 0 0.0000108339788730261
27 0 0.000012500859457365
28 0 0.0000116674153447516
29 0 0.0000116674153447516
30 0 0.000012500859457365
31 0 0.0000141677706060328
32 0 0.0000150012376423092
33 0 0.0000150012376423092
34 0 0.0000158347123201397
35 0 0.0000166681946396352
36 0 0.0000191686874497776
37 0 0.0000225027848553827
38 0 0.0000233363283135279
39 0 0.0000250034381590325
40 0 0.0000258370045466139
41 0 0.0000275041602521009
42 0 0.0000300049511388067
43 0 0.0000358403974268784
44 0 0.0000383414176537977
45 0 0.0000441773991204375
46 0 0.0000508475510273554
47 0 0.0000575181923953005
48 0 0.0000650232490866376
49 0 0.0000783671022263066
50 0 0.0000900445807636707
51 0 0.000103392107678624
52 0 0.000117576002849673
53 0 0.000126754996901401
54 0 0.000137604094123889
55 0 0.000153462796661064
56 0 0.000171828962249876
57 0 0.000193539216339467
58 0 0.000212748764747639
59 0 0.000234468796364018
60 0 0.000251180045748089
61 0 0.000286283674331145
62 0 0.000315547059099419
63 0 0.000333946010742214
64 0 0.000373265345959606
65 0 0.000401719728948313
66 0 0.00044860520298573
67 0 0.000482109644590722
68 0 0.000527360246250774
69 0 0.000578503788322804
70 0 0.000627158788727766
71 0 0.000704389172026532
72 0 0.000773280331120896
73 0 0.000853999839754538
74 0 0.000953315945747546
75 0 0.00106960323401462
76 0 0.00119363848870513
77 0 0.00134405799249215
78 0 0.00152861980510233
79 0 0.00172459796871538
80 0 0.00198656227338068
81 0 0.00227747921283927
82 0 0.00264308596033747
83 0 0.00299552977410056
84 0 0.00348433717408270
85 0 0.00400975855362762
86 0 0.00478915579833394
87 0 0.00565955314647393
88 0 0.00666389649627952
89 0 0.00788749751784279
90 0 0.00930323519578347
91 0 0.0108119947493108
92 0 0.0129148257031390
93 0 0.0148242201404570
94 0 0.0172421814989863
95 0 0.0196713996906556
96 0 0.0225759191684611
97 0 0.0256373531033433
98 0 0.0294463068875305
99 0 0.0333472413107397
100 0 0.0363533424160313

death 1 F widowed
1 0 0.000220266649856748
2 0 0.0000241698794146705
3 0 0.00000750030939278279
4 0 0.00000500013750526218
5 0 0.00000416676215586609
6 0 0.00000416676215586609
7 0 0.00000416676215586609
8 0 0.00000250003437562984
9 0 0.00000333339444602565
10 0 0.00000333339444602565
11 0 0.00000333339444602565
12 0 0.00000333339444602565
13 0 0.00000333339444602565
14 0 0.00000333339444602565
15 0 0.00000500013750526218
16 0 0.00000750030939278279
17 0 0.00000750030939278279
18 0 0.00000916712885190574
19 0 0.0000100005500421885
20 0 0.0000108339788730261
21 0 0.0000133343112110884
22 0 0.0000133343112110884
23 0 0.000012500859457365
24 0 0.000012500859457365
25 0 0.0000108339788730261
26 0 0.0000108339788730261
27 0 0.000012500859457365
28 0 0.0000116674153447516
29 0 0.0000116674153447516
30 0 0.000012500859457365
31 0 0.0000141677706060328
32 0 0.0000150012376423092
33 0 0.0000150012376423092
34 0 0.0000158347123201397
35 0 0.0000166681946396352
36 0 0.0000191686874497776
37 0 0.0000225027848553827
38 0 0.0000233363283135279
39 0 0.0000250034381590325
40 0 0.0000258370045466139
41 0 0.0000275041602521009
42 0 0.0000300049511388067
43 0 0.0000358403974268784
44 0 0.0000383414176537977
45 0 0.0000441773991204375
46 0 0.0000508475510273554
47 0 0.0000575181923953005
48 0 0.0000650232490866376
49 0 0.0000783671022263066
50 0 0.0000900445807636707
51 0 0.000103392107678624
52 0 0.000117576002849673
53 0 0.000126754996901401
54 0 0.000137604094123889
55 0 0.000153462796661064
56 0 0.000171828962249876
57 0 0.000193539216339467
58 0 0.000212748764747639
59 0 0.000234468796364018
60 0 0.000251180045748089
61 0 0.000286283674331145
62 0 0.000315547059099419
63 0 0.000333946010742214
64 0 0.000373265345959606
65 0 0.000401719728948313
66 0 0.00044860520298573
67 0 0.000482109644590722
68 0 0.000527360246250774
69 0 0.000578503788322804
70 0 0.000627158788727766
71 0 0.000704389172026532
72 0 0.000773280331120896
73 0 0.000853999839754538
74 0 0.000953315945747546
75 0 0.00106960323401462
76 0 0.00119363848870513
77 0 0.00134405799249215
78 0 0.00152861980510233
79 0 0.00172459796871538
80 0 0.00198656227338068
81 0 0.00227747921283927
82 0 0.00264308596033747
83 0 0.00299552977410056
84 0 0.00348433717408270
85 0 0.00400975855362762
86 0 0.00478915579833394
87 0 0.00565955314647393
88 0 0.00666389649627952
89 0 0.00788749751784279
90 0 0.00930323519578347
91 0 0.0108119947493108
92 0 0.0129148257031390
93 0 0.0148242201404570
94 0 0.0172421814989863
95 0 0.0196713996906556
96 0 0.0225759191684611
97 0 0.0256373531033433
98 0 0.0294463068875305
99 0 0.0333472413107397
100 0 0.0363533424160313
