*Period monthly mortality rates for SWE in 1802 
* Mon Dec 20 14:19:16 2010
death 1 M married
1 0 0.0229191786289515
2 0 0.00447948020089461
3 0 0.00276473909580954
4 0 0.00175135508212620
5 0 0.00144094848848031
6 0 0.00127473265532752
7 0 0.00100301475432318
8 0 0.00079042722595779
9 0 0.000614908696514926
10 0 0.000495766248162943
11 0 0.000439896071321222
12 0 0.000429764382004927
13 0 0.000428508466157718
14 0 0.000418043175741456
15 0 0.000408834717051998
16 0 0.000415113110393106
17 0 0.000426666487646665
18 0 0.000448772694467636
19 0 0.000479847705942782
20 0 0.00052668970248515
21 0 0.000586303612172601
22 0 0.000627494430940012
23 0 0.000650992467739808
24 0 0.000658630638482038
25 0 0.000665178153137713
26 0 0.000670215023996334
27 0 0.000678106683181912
28 0 0.000688685940063327
29 0 0.000674832400949898
30 0 0.000680037725460325
31 0 0.000684403711486925
32 0 0.000686082992753523
33 0 0.000702793532587287
34 0 0.00073193936665461
35 0 0.000782357695785718
36 0 0.000826160322741742
37 0 0.000832888125043452
38 0 0.000863674177092544
39 0 0.000904822652114556
40 0 0.00095516863360412
41 0 0.00100116109018156
42 0 0.00108005953141577
43 0 0.00115716972949020
44 0 0.00123333179156593
45 0 0.00130355542119454
46 0 0.00136537349045052
47 0 0.00136926495489265
48 0 0.00139117870584304
49 0 0.00146702926852926
50 0 0.00158134806570442
51 0 0.00173445046426257
52 0 0.00194185576241168
53 0 0.00211492846404848
54 0 0.00228482819631259
55 0 0.00240420435755695
56 0 0.00249615239628687
57 0 0.00252348081490528
58 0 0.00259685422835720
59 0 0.00272299633696849
60 0 0.00290281602120090
61 0 0.00314232668146996
62 0 0.00352175398464483
63 0 0.00389738359093961
64 0 0.00424802609020503
65 0 0.00455200235787501
66 0 0.00478054669201988
67 0 0.00498122876192231
68 0 0.00528167584658046
69 0 0.00573418218651756
70 0 0.00639950905288134
71 0 0.00725728024829086
72 0 0.00815382475722393
73 0 0.00915374073342923
74 0 0.0101313191390747
75 0 0.0110366466245254
76 0 0.0119478543376675
77 0 0.0126211091778278
78 0 0.0133425262955643
79 0 0.0144436696564185
80 0 0.0159598566853081
81 0 0.0155223792161920
82 0 0.0171612933442428
83 0 0.0190530775342718
84 0 0.0209949158091184
85 0 0.0226840777143503
86 0 0.0237554896162770
87 0 0.0243019281488607
88 0 0.024076541953982
89 0 0.0238279294040525
90 0 0.0254512537447356
91 0 0.0311784871851190
92 0 0.0324120590163968
93 0 0.0334550117380055
94 0 0.0351071479070857
95 0 0.0377488676373666
96 0 0.0406118589690682
97 0 0.0450516722425834
98 0 0.0597889746689733
99 0 0.128368107183827
100 0 0.128368107183827

death 1 M single
1 0 0.0229191786289515
2 0 0.00447948020089461
3 0 0.00276473909580954
4 0 0.00175135508212620
5 0 0.00144094848848031
6 0 0.00127473265532752
7 0 0.00100301475432318
8 0 0.00079042722595779
9 0 0.000614908696514926
10 0 0.000495766248162943
11 0 0.000439896071321222
12 0 0.000429764382004927
13 0 0.000428508466157718
14 0 0.000418043175741456
15 0 0.000408834717051998
16 0 0.000415113110393106
17 0 0.000426666487646665
18 0 0.000448772694467636
19 0 0.000479847705942782
20 0 0.00052668970248515
21 0 0.000586303612172601
22 0 0.000627494430940012
23 0 0.000650992467739808
24 0 0.000658630638482038
25 0 0.000665178153137713
26 0 0.000670215023996334
27 0 0.000678106683181912
28 0 0.000688685940063327
29 0 0.000674832400949898
30 0 0.000680037725460325
31 0 0.000684403711486925
32 0 0.000686082992753523
33 0 0.000702793532587287
34 0 0.00073193936665461
35 0 0.000782357695785718
36 0 0.000826160322741742
37 0 0.000832888125043452
38 0 0.000863674177092544
39 0 0.000904822652114556
40 0 0.00095516863360412
41 0 0.00100116109018156
42 0 0.00108005953141577
43 0 0.00115716972949020
44 0 0.00123333179156593
45 0 0.00130355542119454
46 0 0.00136537349045052
47 0 0.00136926495489265
48 0 0.00139117870584304
49 0 0.00146702926852926
50 0 0.00158134806570442
51 0 0.00173445046426257
52 0 0.00194185576241168
53 0 0.00211492846404848
54 0 0.00228482819631259
55 0 0.00240420435755695
56 0 0.00249615239628687
57 0 0.00252348081490528
58 0 0.00259685422835720
59 0 0.00272299633696849
60 0 0.00290281602120090
61 0 0.00314232668146996
62 0 0.00352175398464483
63 0 0.00389738359093961
64 0 0.00424802609020503
65 0 0.00455200235787501
66 0 0.00478054669201988
67 0 0.00498122876192231
68 0 0.00528167584658046
69 0 0.00573418218651756
70 0 0.00639950905288134
71 0 0.00725728024829086
72 0 0.00815382475722393
73 0 0.00915374073342923
74 0 0.0101313191390747
75 0 0.0110366466245254
76 0 0.0119478543376675
77 0 0.0126211091778278
78 0 0.0133425262955643
79 0 0.0144436696564185
80 0 0.0159598566853081
81 0 0.0155223792161920
82 0 0.0171612933442428
83 0 0.0190530775342718
84 0 0.0209949158091184
85 0 0.0226840777143503
86 0 0.0237554896162770
87 0 0.0243019281488607
88 0 0.024076541953982
89 0 0.0238279294040525
90 0 0.0254512537447356
91 0 0.0311784871851190
92 0 0.0324120590163968
93 0 0.0334550117380055
94 0 0.0351071479070857
95 0 0.0377488676373666
96 0 0.0406118589690682
97 0 0.0450516722425834
98 0 0.0597889746689733
99 0 0.128368107183827
100 0 0.128368107183827

death 1 M divorced
1 0 0.0229191786289515
2 0 0.00447948020089461
3 0 0.00276473909580954
4 0 0.00175135508212620
5 0 0.00144094848848031
6 0 0.00127473265532752
7 0 0.00100301475432318
8 0 0.00079042722595779
9 0 0.000614908696514926
10 0 0.000495766248162943
11 0 0.000439896071321222
12 0 0.000429764382004927
13 0 0.000428508466157718
14 0 0.000418043175741456
15 0 0.000408834717051998
16 0 0.000415113110393106
17 0 0.000426666487646665
18 0 0.000448772694467636
19 0 0.000479847705942782
20 0 0.00052668970248515
21 0 0.000586303612172601
22 0 0.000627494430940012
23 0 0.000650992467739808
24 0 0.000658630638482038
25 0 0.000665178153137713
26 0 0.000670215023996334
27 0 0.000678106683181912
28 0 0.000688685940063327
29 0 0.000674832400949898
30 0 0.000680037725460325
31 0 0.000684403711486925
32 0 0.000686082992753523
33 0 0.000702793532587287
34 0 0.00073193936665461
35 0 0.000782357695785718
36 0 0.000826160322741742
37 0 0.000832888125043452
38 0 0.000863674177092544
39 0 0.000904822652114556
40 0 0.00095516863360412
41 0 0.00100116109018156
42 0 0.00108005953141577
43 0 0.00115716972949020
44 0 0.00123333179156593
45 0 0.00130355542119454
46 0 0.00136537349045052
47 0 0.00136926495489265
48 0 0.00139117870584304
49 0 0.00146702926852926
50 0 0.00158134806570442
51 0 0.00173445046426257
52 0 0.00194185576241168
53 0 0.00211492846404848
54 0 0.00228482819631259
55 0 0.00240420435755695
56 0 0.00249615239628687
57 0 0.00252348081490528
58 0 0.00259685422835720
59 0 0.00272299633696849
60 0 0.00290281602120090
61 0 0.00314232668146996
62 0 0.00352175398464483
63 0 0.00389738359093961
64 0 0.00424802609020503
65 0 0.00455200235787501
66 0 0.00478054669201988
67 0 0.00498122876192231
68 0 0.00528167584658046
69 0 0.00573418218651756
70 0 0.00639950905288134
71 0 0.00725728024829086
72 0 0.00815382475722393
73 0 0.00915374073342923
74 0 0.0101313191390747
75 0 0.0110366466245254
76 0 0.0119478543376675
77 0 0.0126211091778278
78 0 0.0133425262955643
79 0 0.0144436696564185
80 0 0.0159598566853081
81 0 0.0155223792161920
82 0 0.0171612933442428
83 0 0.0190530775342718
84 0 0.0209949158091184
85 0 0.0226840777143503
86 0 0.0237554896162770
87 0 0.0243019281488607
88 0 0.024076541953982
89 0 0.0238279294040525
90 0 0.0254512537447356
91 0 0.0311784871851190
92 0 0.0324120590163968
93 0 0.0334550117380055
94 0 0.0351071479070857
95 0 0.0377488676373666
96 0 0.0406118589690682
97 0 0.0450516722425834
98 0 0.0597889746689733
99 0 0.128368107183827
100 0 0.128368107183827

death 1 M widowed
1 0 0.0229191786289515
2 0 0.00447948020089461
3 0 0.00276473909580954
4 0 0.00175135508212620
5 0 0.00144094848848031
6 0 0.00127473265532752
7 0 0.00100301475432318
8 0 0.00079042722595779
9 0 0.000614908696514926
10 0 0.000495766248162943
11 0 0.000439896071321222
12 0 0.000429764382004927
13 0 0.000428508466157718
14 0 0.000418043175741456
15 0 0.000408834717051998
16 0 0.000415113110393106
17 0 0.000426666487646665
18 0 0.000448772694467636
19 0 0.000479847705942782
20 0 0.00052668970248515
21 0 0.000586303612172601
22 0 0.000627494430940012
23 0 0.000650992467739808
24 0 0.000658630638482038
25 0 0.000665178153137713
26 0 0.000670215023996334
27 0 0.000678106683181912
28 0 0.000688685940063327
29 0 0.000674832400949898
30 0 0.000680037725460325
31 0 0.000684403711486925
32 0 0.000686082992753523
33 0 0.000702793532587287
34 0 0.00073193936665461
35 0 0.000782357695785718
36 0 0.000826160322741742
37 0 0.000832888125043452
38 0 0.000863674177092544
39 0 0.000904822652114556
40 0 0.00095516863360412
41 0 0.00100116109018156
42 0 0.00108005953141577
43 0 0.00115716972949020
44 0 0.00123333179156593
45 0 0.00130355542119454
46 0 0.00136537349045052
47 0 0.00136926495489265
48 0 0.00139117870584304
49 0 0.00146702926852926
50 0 0.00158134806570442
51 0 0.00173445046426257
52 0 0.00194185576241168
53 0 0.00211492846404848
54 0 0.00228482819631259
55 0 0.00240420435755695
56 0 0.00249615239628687
57 0 0.00252348081490528
58 0 0.00259685422835720
59 0 0.00272299633696849
60 0 0.00290281602120090
61 0 0.00314232668146996
62 0 0.00352175398464483
63 0 0.00389738359093961
64 0 0.00424802609020503
65 0 0.00455200235787501
66 0 0.00478054669201988
67 0 0.00498122876192231
68 0 0.00528167584658046
69 0 0.00573418218651756
70 0 0.00639950905288134
71 0 0.00725728024829086
72 0 0.00815382475722393
73 0 0.00915374073342923
74 0 0.0101313191390747
75 0 0.0110366466245254
76 0 0.0119478543376675
77 0 0.0126211091778278
78 0 0.0133425262955643
79 0 0.0144436696564185
80 0 0.0159598566853081
81 0 0.0155223792161920
82 0 0.0171612933442428
83 0 0.0190530775342718
84 0 0.0209949158091184
85 0 0.0226840777143503
86 0 0.0237554896162770
87 0 0.0243019281488607
88 0 0.024076541953982
89 0 0.0238279294040525
90 0 0.0254512537447356
91 0 0.0311784871851190
92 0 0.0324120590163968
93 0 0.0334550117380055
94 0 0.0351071479070857
95 0 0.0377488676373666
96 0 0.0406118589690682
97 0 0.0450516722425834
98 0 0.0597889746689733
99 0 0.128368107183827
100 0 0.128368107183827

death 1 F married
1 0 0.0190175593496098
2 0 0.00395777541506126
3 0 0.00239128431173352
4 0 0.00159975082610320
5 0 0.00140556512492651
6 0 0.00122615193008002
7 0 0.000910125345208845
8 0 0.000670382924501167
9 0 0.000494174268440672
10 0 0.000396028139533988
11 0 0.000370922440860122
12 0 0.000381717041304741
13 0 0.000393182478500398
14 0 0.000393349867859216
15 0 0.000391675988146045
16 0 0.000398873889681295
17 0 0.000400213097058177
18 0 0.000407411674864133
19 0 0.00041921522833499
20 0 0.000445171695639845
21 0 0.000481858315293682
22 0 0.000520319783506307
23 0 0.000544712287000482
24 0 0.000556449845538598
25 0 0.000570201485755484
26 0 0.000581019787371906
27 0 0.000591671621868795
28 0 0.000609623207919241
29 0 0.00061348242326853
30 0 0.00063915876811671
31 0 0.000664842371676078
32 0 0.000679953766246855
33 0 0.000707916474451897
34 0 0.00074521347935208
35 0 0.000803793962385058
36 0 0.000853747479527156
37 0 0.000857028217173261
38 0 0.000873097130957512
39 0 0.000891525196161647
40 0 0.000913408119894044
41 0 0.000927298095062534
42 0 0.000970496864710069
43 0 0.00101219937571473
44 0 0.00105417396204044
45 0 0.00109043269342501
46 0 0.00111801588802496
47 0 0.00110873620234986
48 0 0.00111734096981753
49 0 0.0011747269333644
50 0 0.00126881709029036
51 0 0.00140099507413716
52 0 0.00155684511239385
53 0 0.00168095408688129
54 0 0.00180106780454503
55 0 0.00188747125745059
56 0 0.00197080603677513
57 0 0.00205779757039182
58 0 0.00219497220932185
59 0 0.00238093249067461
60 0 0.00262026735428145
61 0 0.00289438437753986
62 0 0.00320567015435758
63 0 0.00349420955373581
64 0 0.00374510362468139
65 0 0.00393914885689961
66 0 0.00405906997555638
67 0 0.00413038379494091
68 0 0.00433207507994526
69 0 0.00472065701630564
70 0 0.00533221580019916
71 0 0.00613589321196428
72 0 0.00716352299365297
73 0 0.00823611264219792
74 0 0.00929787863990128
75 0 0.0102761917704466
76 0 0.0112010948332191
77 0 0.0117777630669790
78 0 0.012487622981319
79 0 0.013423999171972
80 0 0.0149320243583123
81 0 0.0137877109868594
82 0 0.0153696819716902
83 0 0.0172168582548503
84 0 0.0193002430919545
85 0 0.0211782235379054
86 0 0.0221022825089444
87 0 0.0224091693825004
88 0 0.0223674773396392
89 0 0.0221579238265166
90 0 0.0227943011275591
91 0 0.034525822813908
92 0 0.0379718330307197
93 0 0.0415426052075414
94 0 0.0453625910443427
95 0 0.0499490433581657
96 0 0.0558765518692955
97 0 0.0636199373633148
98 0 0.0722914450401172
99 0 0.0963853657582283
100 0 0.166297706052077

death 1 F single
1 0 0.0190175593496098
2 0 0.00395777541506126
3 0 0.00239128431173352
4 0 0.00159975082610320
5 0 0.00140556512492651
6 0 0.00122615193008002
7 0 0.000910125345208845
8 0 0.000670382924501167
9 0 0.000494174268440672
10 0 0.000396028139533988
11 0 0.000370922440860122
12 0 0.000381717041304741
13 0 0.000393182478500398
14 0 0.000393349867859216
15 0 0.000391675988146045
16 0 0.000398873889681295
17 0 0.000400213097058177
18 0 0.000407411674864133
19 0 0.00041921522833499
20 0 0.000445171695639845
21 0 0.000481858315293682
22 0 0.000520319783506307
23 0 0.000544712287000482
24 0 0.000556449845538598
25 0 0.000570201485755484
26 0 0.000581019787371906
27 0 0.000591671621868795
28 0 0.000609623207919241
29 0 0.00061348242326853
30 0 0.00063915876811671
31 0 0.000664842371676078
32 0 0.000679953766246855
33 0 0.000707916474451897
34 0 0.00074521347935208
35 0 0.000803793962385058
36 0 0.000853747479527156
37 0 0.000857028217173261
38 0 0.000873097130957512
39 0 0.000891525196161647
40 0 0.000913408119894044
41 0 0.000927298095062534
42 0 0.000970496864710069
43 0 0.00101219937571473
44 0 0.00105417396204044
45 0 0.00109043269342501
46 0 0.00111801588802496
47 0 0.00110873620234986
48 0 0.00111734096981753
49 0 0.0011747269333644
50 0 0.00126881709029036
51 0 0.00140099507413716
52 0 0.00155684511239385
53 0 0.00168095408688129
54 0 0.00180106780454503
55 0 0.00188747125745059
56 0 0.00197080603677513
57 0 0.00205779757039182
58 0 0.00219497220932185
59 0 0.00238093249067461
60 0 0.00262026735428145
61 0 0.00289438437753986
62 0 0.00320567015435758
63 0 0.00349420955373581
64 0 0.00374510362468139
65 0 0.00393914885689961
66 0 0.00405906997555638
67 0 0.00413038379494091
68 0 0.00433207507994526
69 0 0.00472065701630564
70 0 0.00533221580019916
71 0 0.00613589321196428
72 0 0.00716352299365297
73 0 0.00823611264219792
74 0 0.00929787863990128
75 0 0.0102761917704466
76 0 0.0112010948332191
77 0 0.0117777630669790
78 0 0.012487622981319
79 0 0.013423999171972
80 0 0.0149320243583123
81 0 0.0137877109868594
82 0 0.0153696819716902
83 0 0.0172168582548503
84 0 0.0193002430919545
85 0 0.0211782235379054
86 0 0.0221022825089444
87 0 0.0224091693825004
88 0 0.0223674773396392
89 0 0.0221579238265166
90 0 0.0227943011275591
91 0 0.034525822813908
92 0 0.0379718330307197
93 0 0.0415426052075414
94 0 0.0453625910443427
95 0 0.0499490433581657
96 0 0.0558765518692955
97 0 0.0636199373633148
98 0 0.0722914450401172
99 0 0.0963853657582283
100 0 0.166297706052077

death 1 F divorced
1 0 0.0190175593496098
2 0 0.00395777541506126
3 0 0.00239128431173352
4 0 0.00159975082610320
5 0 0.00140556512492651
6 0 0.00122615193008002
7 0 0.000910125345208845
8 0 0.000670382924501167
9 0 0.000494174268440672
10 0 0.000396028139533988
11 0 0.000370922440860122
12 0 0.000381717041304741
13 0 0.000393182478500398
14 0 0.000393349867859216
15 0 0.000391675988146045
16 0 0.000398873889681295
17 0 0.000400213097058177
18 0 0.000407411674864133
19 0 0.00041921522833499
20 0 0.000445171695639845
21 0 0.000481858315293682
22 0 0.000520319783506307
23 0 0.000544712287000482
24 0 0.000556449845538598
25 0 0.000570201485755484
26 0 0.000581019787371906
27 0 0.000591671621868795
28 0 0.000609623207919241
29 0 0.00061348242326853
30 0 0.00063915876811671
31 0 0.000664842371676078
32 0 0.000679953766246855
33 0 0.000707916474451897
34 0 0.00074521347935208
35 0 0.000803793962385058
36 0 0.000853747479527156
37 0 0.000857028217173261
38 0 0.000873097130957512
39 0 0.000891525196161647
40 0 0.000913408119894044
41 0 0.000927298095062534
42 0 0.000970496864710069
43 0 0.00101219937571473
44 0 0.00105417396204044
45 0 0.00109043269342501
46 0 0.00111801588802496
47 0 0.00110873620234986
48 0 0.00111734096981753
49 0 0.0011747269333644
50 0 0.00126881709029036
51 0 0.00140099507413716
52 0 0.00155684511239385
53 0 0.00168095408688129
54 0 0.00180106780454503
55 0 0.00188747125745059
56 0 0.00197080603677513
57 0 0.00205779757039182
58 0 0.00219497220932185
59 0 0.00238093249067461
60 0 0.00262026735428145
61 0 0.00289438437753986
62 0 0.00320567015435758
63 0 0.00349420955373581
64 0 0.00374510362468139
65 0 0.00393914885689961
66 0 0.00405906997555638
67 0 0.00413038379494091
68 0 0.00433207507994526
69 0 0.00472065701630564
70 0 0.00533221580019916
71 0 0.00613589321196428
72 0 0.00716352299365297
73 0 0.00823611264219792
74 0 0.00929787863990128
75 0 0.0102761917704466
76 0 0.0112010948332191
77 0 0.0117777630669790
78 0 0.012487622981319
79 0 0.013423999171972
80 0 0.0149320243583123
81 0 0.0137877109868594
82 0 0.0153696819716902
83 0 0.0172168582548503
84 0 0.0193002430919545
85 0 0.0211782235379054
86 0 0.0221022825089444
87 0 0.0224091693825004
88 0 0.0223674773396392
89 0 0.0221579238265166
90 0 0.0227943011275591
91 0 0.034525822813908
92 0 0.0379718330307197
93 0 0.0415426052075414
94 0 0.0453625910443427
95 0 0.0499490433581657
96 0 0.0558765518692955
97 0 0.0636199373633148
98 0 0.0722914450401172
99 0 0.0963853657582283
100 0 0.166297706052077

death 1 F widowed
1 0 0.0190175593496098
2 0 0.00395777541506126
3 0 0.00239128431173352
4 0 0.00159975082610320
5 0 0.00140556512492651
6 0 0.00122615193008002
7 0 0.000910125345208845
8 0 0.000670382924501167
9 0 0.000494174268440672
10 0 0.000396028139533988
11 0 0.000370922440860122
12 0 0.000381717041304741
13 0 0.000393182478500398
14 0 0.000393349867859216
15 0 0.000391675988146045
16 0 0.000398873889681295
17 0 0.000400213097058177
18 0 0.000407411674864133
19 0 0.00041921522833499
20 0 0.000445171695639845
21 0 0.000481858315293682
22 0 0.000520319783506307
23 0 0.000544712287000482
24 0 0.000556449845538598
25 0 0.000570201485755484
26 0 0.000581019787371906
27 0 0.000591671621868795
28 0 0.000609623207919241
29 0 0.00061348242326853
30 0 0.00063915876811671
31 0 0.000664842371676078
32 0 0.000679953766246855
33 0 0.000707916474451897
34 0 0.00074521347935208
35 0 0.000803793962385058
36 0 0.000853747479527156
37 0 0.000857028217173261
38 0 0.000873097130957512
39 0 0.000891525196161647
40 0 0.000913408119894044
41 0 0.000927298095062534
42 0 0.000970496864710069
43 0 0.00101219937571473
44 0 0.00105417396204044
45 0 0.00109043269342501
46 0 0.00111801588802496
47 0 0.00110873620234986
48 0 0.00111734096981753
49 0 0.0011747269333644
50 0 0.00126881709029036
51 0 0.00140099507413716
52 0 0.00155684511239385
53 0 0.00168095408688129
54 0 0.00180106780454503
55 0 0.00188747125745059
56 0 0.00197080603677513
57 0 0.00205779757039182
58 0 0.00219497220932185
59 0 0.00238093249067461
60 0 0.00262026735428145
61 0 0.00289438437753986
62 0 0.00320567015435758
63 0 0.00349420955373581
64 0 0.00374510362468139
65 0 0.00393914885689961
66 0 0.00405906997555638
67 0 0.00413038379494091
68 0 0.00433207507994526
69 0 0.00472065701630564
70 0 0.00533221580019916
71 0 0.00613589321196428
72 0 0.00716352299365297
73 0 0.00823611264219792
74 0 0.00929787863990128
75 0 0.0102761917704466
76 0 0.0112010948332191
77 0 0.0117777630669790
78 0 0.012487622981319
79 0 0.013423999171972
80 0 0.0149320243583123
81 0 0.0137877109868594
82 0 0.0153696819716902
83 0 0.0172168582548503
84 0 0.0193002430919545
85 0 0.0211782235379054
86 0 0.0221022825089444
87 0 0.0224091693825004
88 0 0.0223674773396392
89 0 0.0221579238265166
90 0 0.0227943011275591
91 0 0.034525822813908
92 0 0.0379718330307197
93 0 0.0415426052075414
94 0 0.0453625910443427
95 0 0.0499490433581657
96 0 0.0558765518692955
97 0 0.0636199373633148
98 0 0.0722914450401172
99 0 0.0963853657582283
100 0 0.166297706052077
