*Period monthly mortality rates for SWE in 1897 
* Mon Dec 20 14:20:28 2010
death 1 M married
1 0 0.0101586339920376
2 0 0.00234329946216927
3 0 0.00113354039145397
4 0 0.00081598546848971
5 0 0.000674412629711019
6 0 0.000533898307313541
7 0 0.000442826935906804
8 0 0.000373432698635212
9 0 0.000351846747484008
10 0 0.000299743661043461
11 0 0.000312369435591542
12 0 0.000226448487935071
13 0 0.000261291843656752
14 0 0.000258617539745765
15 0 0.000226281405701800
16 0 0.000263381198342238
17 0 0.000270401781932272
18 0 0.000356113331251628
19 0 0.000463680672948219
20 0 0.000469711561316588
21 0 0.000542364957238362
22 0 0.000510765742271824
23 0 0.000525767712887260
24 0 0.000509341102894356
25 0 0.000428592193340904
26 0 0.000581103655206805
27 0 0.000531635079090154
28 0 0.000504313142448365
29 0 0.000481020555990752
30 0 0.000543706281105338
31 0 0.000563409256980729
32 0 0.000554521428255628
33 0 0.00046845509323068
34 0 0.000572968835651388
35 0 0.000539598539297748
36 0 0.00055393452677166
37 0 0.000597543245649423
38 0 0.000654349826329614
39 0 0.000539598539297748
40 0 0.000557959070223712
41 0 0.000673153327631848
42 0 0.0006734891398128
43 0 0.000685915063229903
44 0 0.000633620119137923
45 0 0.000762439111991697
46 0 0.00076664098135415
47 0 0.000725807045582116
48 0 0.000842560213955235
49 0 0.000883194237872975
50 0 0.000861486845459725
51 0 0.000986670110940113
52 0 0.000970412636591478
53 0 0.00114045977521504
54 0 0.00114459478061046
55 0 0.00119431397424885
56 0 0.00130237190169546
57 0 0.00138940171815416
58 0 0.00151395967058043
59 0 0.00152912829155949
60 0 0.00165252043741182
61 0 0.00195854361642156
62 0 0.00189036413476762
63 0 0.00200402508351016
64 0 0.00241301842503761
65 0 0.00220598588445131
66 0 0.00240197958272237
67 0 0.00299535751579305
68 0 0.00306178736885554
69 0 0.00326940349552851
70 0 0.00383598882641889
71 0 0.00420140469823116
72 0 0.0044385151087325
73 0 0.00494021192259408
74 0 0.00595683783805567
75 0 0.00631423196911529
76 0 0.0066351095142122
77 0 0.00675956028073998
78 0 0.00831756217007784
79 0 0.0101306666671926
80 0 0.0104566523367033
81 0 0.0121990183786929
82 0 0.0131256263780136
83 0 0.0144852427620965
84 0 0.0159194823104651
85 0 0.0173682992211326
86 0 0.0193971513678544
87 0 0.0216868212886949
88 0 0.021396578074254
89 0 0.0258195105574748
90 0 0.0365519382455464
91 0 0.0328089191717805
92 0 0.0303887295762298
93 0 0.0527259031468026
94 0 0.0425606816243236
95 0 0.0449497538187831
96 0 0.0685544789221193
97 0 0.106397270213427
98 0 0.0574693808247256
99 0 0.0198962723434024
100 0 0

death 1 M single
1 0 0.0101586339920376
2 0 0.00234329946216927
3 0 0.00113354039145397
4 0 0.00081598546848971
5 0 0.000674412629711019
6 0 0.000533898307313541
7 0 0.000442826935906804
8 0 0.000373432698635212
9 0 0.000351846747484008
10 0 0.000299743661043461
11 0 0.000312369435591542
12 0 0.000226448487935071
13 0 0.000261291843656752
14 0 0.000258617539745765
15 0 0.000226281405701800
16 0 0.000263381198342238
17 0 0.000270401781932272
18 0 0.000356113331251628
19 0 0.000463680672948219
20 0 0.000469711561316588
21 0 0.000542364957238362
22 0 0.000510765742271824
23 0 0.000525767712887260
24 0 0.000509341102894356
25 0 0.000428592193340904
26 0 0.000581103655206805
27 0 0.000531635079090154
28 0 0.000504313142448365
29 0 0.000481020555990752
30 0 0.000543706281105338
31 0 0.000563409256980729
32 0 0.000554521428255628
33 0 0.00046845509323068
34 0 0.000572968835651388
35 0 0.000539598539297748
36 0 0.00055393452677166
37 0 0.000597543245649423
38 0 0.000654349826329614
39 0 0.000539598539297748
40 0 0.000557959070223712
41 0 0.000673153327631848
42 0 0.0006734891398128
43 0 0.000685915063229903
44 0 0.000633620119137923
45 0 0.000762439111991697
46 0 0.00076664098135415
47 0 0.000725807045582116
48 0 0.000842560213955235
49 0 0.000883194237872975
50 0 0.000861486845459725
51 0 0.000986670110940113
52 0 0.000970412636591478
53 0 0.00114045977521504
54 0 0.00114459478061046
55 0 0.00119431397424885
56 0 0.00130237190169546
57 0 0.00138940171815416
58 0 0.00151395967058043
59 0 0.00152912829155949
60 0 0.00165252043741182
61 0 0.00195854361642156
62 0 0.00189036413476762
63 0 0.00200402508351016
64 0 0.00241301842503761
65 0 0.00220598588445131
66 0 0.00240197958272237
67 0 0.00299535751579305
68 0 0.00306178736885554
69 0 0.00326940349552851
70 0 0.00383598882641889
71 0 0.00420140469823116
72 0 0.0044385151087325
73 0 0.00494021192259408
74 0 0.00595683783805567
75 0 0.00631423196911529
76 0 0.0066351095142122
77 0 0.00675956028073998
78 0 0.00831756217007784
79 0 0.0101306666671926
80 0 0.0104566523367033
81 0 0.0121990183786929
82 0 0.0131256263780136
83 0 0.0144852427620965
84 0 0.0159194823104651
85 0 0.0173682992211326
86 0 0.0193971513678544
87 0 0.0216868212886949
88 0 0.021396578074254
89 0 0.0258195105574748
90 0 0.0365519382455464
91 0 0.0328089191717805
92 0 0.0303887295762298
93 0 0.0527259031468026
94 0 0.0425606816243236
95 0 0.0449497538187831
96 0 0.0685544789221193
97 0 0.106397270213427
98 0 0.0574693808247256
99 0 0.0198962723434024
100 0 0

death 1 M divorced
1 0 0.0101586339920376
2 0 0.00234329946216927
3 0 0.00113354039145397
4 0 0.00081598546848971
5 0 0.000674412629711019
6 0 0.000533898307313541
7 0 0.000442826935906804
8 0 0.000373432698635212
9 0 0.000351846747484008
10 0 0.000299743661043461
11 0 0.000312369435591542
12 0 0.000226448487935071
13 0 0.000261291843656752
14 0 0.000258617539745765
15 0 0.000226281405701800
16 0 0.000263381198342238
17 0 0.000270401781932272
18 0 0.000356113331251628
19 0 0.000463680672948219
20 0 0.000469711561316588
21 0 0.000542364957238362
22 0 0.000510765742271824
23 0 0.000525767712887260
24 0 0.000509341102894356
25 0 0.000428592193340904
26 0 0.000581103655206805
27 0 0.000531635079090154
28 0 0.000504313142448365
29 0 0.000481020555990752
30 0 0.000543706281105338
31 0 0.000563409256980729
32 0 0.000554521428255628
33 0 0.00046845509323068
34 0 0.000572968835651388
35 0 0.000539598539297748
36 0 0.00055393452677166
37 0 0.000597543245649423
38 0 0.000654349826329614
39 0 0.000539598539297748
40 0 0.000557959070223712
41 0 0.000673153327631848
42 0 0.0006734891398128
43 0 0.000685915063229903
44 0 0.000633620119137923
45 0 0.000762439111991697
46 0 0.00076664098135415
47 0 0.000725807045582116
48 0 0.000842560213955235
49 0 0.000883194237872975
50 0 0.000861486845459725
51 0 0.000986670110940113
52 0 0.000970412636591478
53 0 0.00114045977521504
54 0 0.00114459478061046
55 0 0.00119431397424885
56 0 0.00130237190169546
57 0 0.00138940171815416
58 0 0.00151395967058043
59 0 0.00152912829155949
60 0 0.00165252043741182
61 0 0.00195854361642156
62 0 0.00189036413476762
63 0 0.00200402508351016
64 0 0.00241301842503761
65 0 0.00220598588445131
66 0 0.00240197958272237
67 0 0.00299535751579305
68 0 0.00306178736885554
69 0 0.00326940349552851
70 0 0.00383598882641889
71 0 0.00420140469823116
72 0 0.0044385151087325
73 0 0.00494021192259408
74 0 0.00595683783805567
75 0 0.00631423196911529
76 0 0.0066351095142122
77 0 0.00675956028073998
78 0 0.00831756217007784
79 0 0.0101306666671926
80 0 0.0104566523367033
81 0 0.0121990183786929
82 0 0.0131256263780136
83 0 0.0144852427620965
84 0 0.0159194823104651
85 0 0.0173682992211326
86 0 0.0193971513678544
87 0 0.0216868212886949
88 0 0.021396578074254
89 0 0.0258195105574748
90 0 0.0365519382455464
91 0 0.0328089191717805
92 0 0.0303887295762298
93 0 0.0527259031468026
94 0 0.0425606816243236
95 0 0.0449497538187831
96 0 0.0685544789221193
97 0 0.106397270213427
98 0 0.0574693808247256
99 0 0.0198962723434024
100 0 0

death 1 M widowed
1 0 0.0101586339920376
2 0 0.00234329946216927
3 0 0.00113354039145397
4 0 0.00081598546848971
5 0 0.000674412629711019
6 0 0.000533898307313541
7 0 0.000442826935906804
8 0 0.000373432698635212
9 0 0.000351846747484008
10 0 0.000299743661043461
11 0 0.000312369435591542
12 0 0.000226448487935071
13 0 0.000261291843656752
14 0 0.000258617539745765
15 0 0.000226281405701800
16 0 0.000263381198342238
17 0 0.000270401781932272
18 0 0.000356113331251628
19 0 0.000463680672948219
20 0 0.000469711561316588
21 0 0.000542364957238362
22 0 0.000510765742271824
23 0 0.000525767712887260
24 0 0.000509341102894356
25 0 0.000428592193340904
26 0 0.000581103655206805
27 0 0.000531635079090154
28 0 0.000504313142448365
29 0 0.000481020555990752
30 0 0.000543706281105338
31 0 0.000563409256980729
32 0 0.000554521428255628
33 0 0.00046845509323068
34 0 0.000572968835651388
35 0 0.000539598539297748
36 0 0.00055393452677166
37 0 0.000597543245649423
38 0 0.000654349826329614
39 0 0.000539598539297748
40 0 0.000557959070223712
41 0 0.000673153327631848
42 0 0.0006734891398128
43 0 0.000685915063229903
44 0 0.000633620119137923
45 0 0.000762439111991697
46 0 0.00076664098135415
47 0 0.000725807045582116
48 0 0.000842560213955235
49 0 0.000883194237872975
50 0 0.000861486845459725
51 0 0.000986670110940113
52 0 0.000970412636591478
53 0 0.00114045977521504
54 0 0.00114459478061046
55 0 0.00119431397424885
56 0 0.00130237190169546
57 0 0.00138940171815416
58 0 0.00151395967058043
59 0 0.00152912829155949
60 0 0.00165252043741182
61 0 0.00195854361642156
62 0 0.00189036413476762
63 0 0.00200402508351016
64 0 0.00241301842503761
65 0 0.00220598588445131
66 0 0.00240197958272237
67 0 0.00299535751579305
68 0 0.00306178736885554
69 0 0.00326940349552851
70 0 0.00383598882641889
71 0 0.00420140469823116
72 0 0.0044385151087325
73 0 0.00494021192259408
74 0 0.00595683783805567
75 0 0.00631423196911529
76 0 0.0066351095142122
77 0 0.00675956028073998
78 0 0.00831756217007784
79 0 0.0101306666671926
80 0 0.0104566523367033
81 0 0.0121990183786929
82 0 0.0131256263780136
83 0 0.0144852427620965
84 0 0.0159194823104651
85 0 0.0173682992211326
86 0 0.0193971513678544
87 0 0.0216868212886949
88 0 0.021396578074254
89 0 0.0258195105574748
90 0 0.0365519382455464
91 0 0.0328089191717805
92 0 0.0303887295762298
93 0 0.0527259031468026
94 0 0.0425606816243236
95 0 0.0449497538187831
96 0 0.0685544789221193
97 0 0.106397270213427
98 0 0.0574693808247256
99 0 0.0198962723434024
100 0 0

death 1 F married
1 0 0.00818291798770077
2 0 0.00226192867608377
3 0 0.00117295417697327
4 0 0.000788157598140438
5 0 0.000678526471489915
6 0 0.000575987858944749
7 0 0.000465439640708332
8 0 0.000378286060297106
9 0 0.000346492886541427
10 0 0.000341390281394349
11 0 0.000308021288723315
12 0 0.000280599309728569
13 0 0.000271070437225962
14 0 0.000279763403743361
15 0 0.000329262287812826
16 0 0.000401050111691004
17 0 0.000387575113150573
18 0 0.000354942092231525
19 0 0.000431522693352893
20 0 0.00043369969739937
21 0 0.000472057014896388
22 0 0.000396948813653264
23 0 0.000456226377977709
24 0 0.000453295081182081
25 0 0.000482528528297332
26 0 0.000478256005091326
27 0 0.000502804808566792
28 0 0.00047959638290207
29 0 0.000437300241629024
30 0 0.000472140782215469
31 0 0.000557959070223712
32 0 0.000536413071459352
33 0 0.000513279866252603
34 0 0.000517721655301062
35 0 0.000492833675571069
36 0 0.00057556854415508
37 0 0.000541442808565940
38 0 0.000549742483561988
39 0 0.000618096917677780
40 0 0.000565924838063614
41 0 0.000626823147755418
42 0 0.000631354405509099
43 0 0.000615579891672713
44 0 0.000621369155738183
45 0 0.00060895205676581
46 0 0.00060895205676581
47 0 0.000617761310181431
48 0 0.000683480120021285
49 0 0.000768826030236869
50 0 0.000798917818064737
51 0 0.000756388761542381
52 0 0.000699434383269582
53 0 0.000907516044839185
54 0 0.000956516066692559
55 0 0.000807661435391349
56 0 0.000911640457243013
57 0 0.00115143061062351
58 0 0.00115641011940082
59 0 0.00123350073632011
60 0 0.00130330180857452
61 0 0.00129822970493965
62 0 0.00143434480452553
63 0 0.00150023382967368
64 0 0.0017378481245498
65 0 0.00213207475039645
66 0 0.00213241600291625
67 0 0.00226158693598455
68 0 0.00267586558611088
69 0 0.00287365275236373
70 0 0.00317865314943944
71 0 0.00337676335324633
72 0 0.00391887289485315
73 0 0.00421702979306926
74 0 0.00473321124473292
75 0 0.00508367602813786
76 0 0.00587295536842602
77 0 0.00695407183510499
78 0 0.00748309412305481
79 0 0.00880744353924301
80 0 0.00883840239550693
81 0 0.0097132169123667
82 0 0.0114415700006092
83 0 0.0130731205418559
84 0 0.0143032463514187
85 0 0.0152723054665177
86 0 0.0164579779511286
87 0 0.0185983825234832
88 0 0.0229204691579803
89 0 0.0264225979166237
90 0 0.0242932992613701
91 0 0.0263597449871511
92 0 0.0329640934552978
93 0 0.0320541793711104
94 0 0.042985671783473
95 0 0.0529387702180938
96 0 0.0272158879003029
97 0 0.0226102069307317
98 0 0.082532200221087
99 0 0.0207250667806412
100 0 0.141625781067443

death 1 F single
1 0 0.00818291798770077
2 0 0.00226192867608377
3 0 0.00117295417697327
4 0 0.000788157598140438
5 0 0.000678526471489915
6 0 0.000575987858944749
7 0 0.000465439640708332
8 0 0.000378286060297106
9 0 0.000346492886541427
10 0 0.000341390281394349
11 0 0.000308021288723315
12 0 0.000280599309728569
13 0 0.000271070437225962
14 0 0.000279763403743361
15 0 0.000329262287812826
16 0 0.000401050111691004
17 0 0.000387575113150573
18 0 0.000354942092231525
19 0 0.000431522693352893
20 0 0.00043369969739937
21 0 0.000472057014896388
22 0 0.000396948813653264
23 0 0.000456226377977709
24 0 0.000453295081182081
25 0 0.000482528528297332
26 0 0.000478256005091326
27 0 0.000502804808566792
28 0 0.00047959638290207
29 0 0.000437300241629024
30 0 0.000472140782215469
31 0 0.000557959070223712
32 0 0.000536413071459352
33 0 0.000513279866252603
34 0 0.000517721655301062
35 0 0.000492833675571069
36 0 0.00057556854415508
37 0 0.000541442808565940
38 0 0.000549742483561988
39 0 0.000618096917677780
40 0 0.000565924838063614
41 0 0.000626823147755418
42 0 0.000631354405509099
43 0 0.000615579891672713
44 0 0.000621369155738183
45 0 0.00060895205676581
46 0 0.00060895205676581
47 0 0.000617761310181431
48 0 0.000683480120021285
49 0 0.000768826030236869
50 0 0.000798917818064737
51 0 0.000756388761542381
52 0 0.000699434383269582
53 0 0.000907516044839185
54 0 0.000956516066692559
55 0 0.000807661435391349
56 0 0.000911640457243013
57 0 0.00115143061062351
58 0 0.00115641011940082
59 0 0.00123350073632011
60 0 0.00130330180857452
61 0 0.00129822970493965
62 0 0.00143434480452553
63 0 0.00150023382967368
64 0 0.0017378481245498
65 0 0.00213207475039645
66 0 0.00213241600291625
67 0 0.00226158693598455
68 0 0.00267586558611088
69 0 0.00287365275236373
70 0 0.00317865314943944
71 0 0.00337676335324633
72 0 0.00391887289485315
73 0 0.00421702979306926
74 0 0.00473321124473292
75 0 0.00508367602813786
76 0 0.00587295536842602
77 0 0.00695407183510499
78 0 0.00748309412305481
79 0 0.00880744353924301
80 0 0.00883840239550693
81 0 0.0097132169123667
82 0 0.0114415700006092
83 0 0.0130731205418559
84 0 0.0143032463514187
85 0 0.0152723054665177
86 0 0.0164579779511286
87 0 0.0185983825234832
88 0 0.0229204691579803
89 0 0.0264225979166237
90 0 0.0242932992613701
91 0 0.0263597449871511
92 0 0.0329640934552978
93 0 0.0320541793711104
94 0 0.042985671783473
95 0 0.0529387702180938
96 0 0.0272158879003029
97 0 0.0226102069307317
98 0 0.082532200221087
99 0 0.0207250667806412
100 0 0.141625781067443

death 1 F divorced
1 0 0.00818291798770077
2 0 0.00226192867608377
3 0 0.00117295417697327
4 0 0.000788157598140438
5 0 0.000678526471489915
6 0 0.000575987858944749
7 0 0.000465439640708332
8 0 0.000378286060297106
9 0 0.000346492886541427
10 0 0.000341390281394349
11 0 0.000308021288723315
12 0 0.000280599309728569
13 0 0.000271070437225962
14 0 0.000279763403743361
15 0 0.000329262287812826
16 0 0.000401050111691004
17 0 0.000387575113150573
18 0 0.000354942092231525
19 0 0.000431522693352893
20 0 0.00043369969739937
21 0 0.000472057014896388
22 0 0.000396948813653264
23 0 0.000456226377977709
24 0 0.000453295081182081
25 0 0.000482528528297332
26 0 0.000478256005091326
27 0 0.000502804808566792
28 0 0.00047959638290207
29 0 0.000437300241629024
30 0 0.000472140782215469
31 0 0.000557959070223712
32 0 0.000536413071459352
33 0 0.000513279866252603
34 0 0.000517721655301062
35 0 0.000492833675571069
36 0 0.00057556854415508
37 0 0.000541442808565940
38 0 0.000549742483561988
39 0 0.000618096917677780
40 0 0.000565924838063614
41 0 0.000626823147755418
42 0 0.000631354405509099
43 0 0.000615579891672713
44 0 0.000621369155738183
45 0 0.00060895205676581
46 0 0.00060895205676581
47 0 0.000617761310181431
48 0 0.000683480120021285
49 0 0.000768826030236869
50 0 0.000798917818064737
51 0 0.000756388761542381
52 0 0.000699434383269582
53 0 0.000907516044839185
54 0 0.000956516066692559
55 0 0.000807661435391349
56 0 0.000911640457243013
57 0 0.00115143061062351
58 0 0.00115641011940082
59 0 0.00123350073632011
60 0 0.00130330180857452
61 0 0.00129822970493965
62 0 0.00143434480452553
63 0 0.00150023382967368
64 0 0.0017378481245498
65 0 0.00213207475039645
66 0 0.00213241600291625
67 0 0.00226158693598455
68 0 0.00267586558611088
69 0 0.00287365275236373
70 0 0.00317865314943944
71 0 0.00337676335324633
72 0 0.00391887289485315
73 0 0.00421702979306926
74 0 0.00473321124473292
75 0 0.00508367602813786
76 0 0.00587295536842602
77 0 0.00695407183510499
78 0 0.00748309412305481
79 0 0.00880744353924301
80 0 0.00883840239550693
81 0 0.0097132169123667
82 0 0.0114415700006092
83 0 0.0130731205418559
84 0 0.0143032463514187
85 0 0.0152723054665177
86 0 0.0164579779511286
87 0 0.0185983825234832
88 0 0.0229204691579803
89 0 0.0264225979166237
90 0 0.0242932992613701
91 0 0.0263597449871511
92 0 0.0329640934552978
93 0 0.0320541793711104
94 0 0.042985671783473
95 0 0.0529387702180938
96 0 0.0272158879003029
97 0 0.0226102069307317
98 0 0.082532200221087
99 0 0.0207250667806412
100 0 0.141625781067443

death 1 F widowed
1 0 0.00818291798770077
2 0 0.00226192867608377
3 0 0.00117295417697327
4 0 0.000788157598140438
5 0 0.000678526471489915
6 0 0.000575987858944749
7 0 0.000465439640708332
8 0 0.000378286060297106
9 0 0.000346492886541427
10 0 0.000341390281394349
11 0 0.000308021288723315
12 0 0.000280599309728569
13 0 0.000271070437225962
14 0 0.000279763403743361
15 0 0.000329262287812826
16 0 0.000401050111691004
17 0 0.000387575113150573
18 0 0.000354942092231525
19 0 0.000431522693352893
20 0 0.00043369969739937
21 0 0.000472057014896388
22 0 0.000396948813653264
23 0 0.000456226377977709
24 0 0.000453295081182081
25 0 0.000482528528297332
26 0 0.000478256005091326
27 0 0.000502804808566792
28 0 0.00047959638290207
29 0 0.000437300241629024
30 0 0.000472140782215469
31 0 0.000557959070223712
32 0 0.000536413071459352
33 0 0.000513279866252603
34 0 0.000517721655301062
35 0 0.000492833675571069
36 0 0.00057556854415508
37 0 0.000541442808565940
38 0 0.000549742483561988
39 0 0.000618096917677780
40 0 0.000565924838063614
41 0 0.000626823147755418
42 0 0.000631354405509099
43 0 0.000615579891672713
44 0 0.000621369155738183
45 0 0.00060895205676581
46 0 0.00060895205676581
47 0 0.000617761310181431
48 0 0.000683480120021285
49 0 0.000768826030236869
50 0 0.000798917818064737
51 0 0.000756388761542381
52 0 0.000699434383269582
53 0 0.000907516044839185
54 0 0.000956516066692559
55 0 0.000807661435391349
56 0 0.000911640457243013
57 0 0.00115143061062351
58 0 0.00115641011940082
59 0 0.00123350073632011
60 0 0.00130330180857452
61 0 0.00129822970493965
62 0 0.00143434480452553
63 0 0.00150023382967368
64 0 0.0017378481245498
65 0 0.00213207475039645
66 0 0.00213241600291625
67 0 0.00226158693598455
68 0 0.00267586558611088
69 0 0.00287365275236373
70 0 0.00317865314943944
71 0 0.00337676335324633
72 0 0.00391887289485315
73 0 0.00421702979306926
74 0 0.00473321124473292
75 0 0.00508367602813786
76 0 0.00587295536842602
77 0 0.00695407183510499
78 0 0.00748309412305481
79 0 0.00880744353924301
80 0 0.00883840239550693
81 0 0.0097132169123667
82 0 0.0114415700006092
83 0 0.0130731205418559
84 0 0.0143032463514187
85 0 0.0152723054665177
86 0 0.0164579779511286
87 0 0.0185983825234832
88 0 0.0229204691579803
89 0 0.0264225979166237
90 0 0.0242932992613701
91 0 0.0263597449871511
92 0 0.0329640934552978
93 0 0.0320541793711104
94 0 0.042985671783473
95 0 0.0529387702180938
96 0 0.0272158879003029
97 0 0.0226102069307317
98 0 0.082532200221087
99 0 0.0207250667806412
100 0 0.141625781067443
