*Period monthly mortality rates for SWE in 1878 
* Mon Dec 20 14:20:13 2010
death 1 M married
1 0 0.0140816750580757
2 0 0.00395490284546407
3 0 0.00254404681112674
4 0 0.00193146997432647
5 0 0.00154531659924872
6 0 0.00132748273112904
7 0 0.000995263319609418
8 0 0.000922078582532238
9 0 0.000712199811529146
10 0 0.000575484681429317
11 0 0.000498112374384019
12 0 0.000392094455183734
13 0 0.000317052287962194
14 0 0.00033461513372357
15 0 0.000302419175406854
16 0 0.000307686824503994
17 0 0.00034088840128188
18 0 0.000422229147278408
19 0 0.000475491538299733
20 0 0.000460497865455656
21 0 0.000507162285874441
22 0 0.00059049734264649
23 0 0.000595194550601641
24 0 0.000578587653835227
25 0 0.000534568904280275
26 0 0.000579426313217613
27 0 0.000549994000700438
28 0 0.000585548761244503
29 0 0.000664590536394338
30 0 0.000501464088358383
31 0 0.000642515689414314
32 0 0.000546808168391033
33 0 0.000547227350470747
34 0 0.000607190308576699
35 0 0.000570704634012653
36 0 0.000659889739268782
37 0 0.000602744143620937
38 0 0.0006872585081098
39 0 0.000621788681961832
40 0 0.000645453097302906
41 0 0.000675168219337552
42 0 0.000793537548775425
43 0 0.000785131515927073
44 0 0.000917027726953124
45 0 0.000748658344577713
46 0 0.000916859369937795
47 0 0.000849793927500175
48 0 0.000933865004651313
49 0 0.000953484370354696
50 0 0.00124836910583170
51 0 0.00111885954283841
52 0 0.00105299368851675
53 0 0.00118950124939488
54 0 0.00133171082661443
55 0 0.00145881470801135
56 0 0.00142604854915518
57 0 0.00156515333114549
58 0 0.00159203308521094
59 0 0.00172858979922352
60 0 0.00192491562159847
61 0 0.00191172323031263
62 0 0.00209625037775707
63 0 0.00225423983526352
64 0 0.00255818863974222
65 0 0.00268788202973003
66 0 0.00293741117723523
67 0 0.00353587591827109
68 0 0.00353795540733093
69 0 0.00358224252753969
70 0 0.00406778503324223
71 0 0.00499593245773322
72 0 0.0048626300674599
73 0 0.00557798427301526
74 0 0.00602058007118877
75 0 0.0066839900459168
76 0 0.00789240720913587
77 0 0.00778045996412169
78 0 0.0110811922739159
79 0 0.0107295720231403
80 0 0.0118225826941080
81 0 0.0129064616487622
82 0 0.0137519914722367
83 0 0.015818030160052
84 0 0.0174321833002707
85 0 0.020209609563153
86 0 0.0224529135976586
87 0 0.0223800897917104
88 0 0.0264013437111389
89 0 0.0313052668250694
90 0 0.0382265809572271
91 0 0.0284300292640388
92 0 0.0299277245578619
93 0 0.0421147443903915
94 0 0.0603045980652755
95 0 0.0246635661146248
96 0 0.122849327163638
97 0 0.0368402258951177
98 0 0.163341158723974
99 0 0
100 0 0.357214471779845

death 1 M single
1 0 0.0140816750580757
2 0 0.00395490284546407
3 0 0.00254404681112674
4 0 0.00193146997432647
5 0 0.00154531659924872
6 0 0.00132748273112904
7 0 0.000995263319609418
8 0 0.000922078582532238
9 0 0.000712199811529146
10 0 0.000575484681429317
11 0 0.000498112374384019
12 0 0.000392094455183734
13 0 0.000317052287962194
14 0 0.00033461513372357
15 0 0.000302419175406854
16 0 0.000307686824503994
17 0 0.00034088840128188
18 0 0.000422229147278408
19 0 0.000475491538299733
20 0 0.000460497865455656
21 0 0.000507162285874441
22 0 0.00059049734264649
23 0 0.000595194550601641
24 0 0.000578587653835227
25 0 0.000534568904280275
26 0 0.000579426313217613
27 0 0.000549994000700438
28 0 0.000585548761244503
29 0 0.000664590536394338
30 0 0.000501464088358383
31 0 0.000642515689414314
32 0 0.000546808168391033
33 0 0.000547227350470747
34 0 0.000607190308576699
35 0 0.000570704634012653
36 0 0.000659889739268782
37 0 0.000602744143620937
38 0 0.0006872585081098
39 0 0.000621788681961832
40 0 0.000645453097302906
41 0 0.000675168219337552
42 0 0.000793537548775425
43 0 0.000785131515927073
44 0 0.000917027726953124
45 0 0.000748658344577713
46 0 0.000916859369937795
47 0 0.000849793927500175
48 0 0.000933865004651313
49 0 0.000953484370354696
50 0 0.00124836910583170
51 0 0.00111885954283841
52 0 0.00105299368851675
53 0 0.00118950124939488
54 0 0.00133171082661443
55 0 0.00145881470801135
56 0 0.00142604854915518
57 0 0.00156515333114549
58 0 0.00159203308521094
59 0 0.00172858979922352
60 0 0.00192491562159847
61 0 0.00191172323031263
62 0 0.00209625037775707
63 0 0.00225423983526352
64 0 0.00255818863974222
65 0 0.00268788202973003
66 0 0.00293741117723523
67 0 0.00353587591827109
68 0 0.00353795540733093
69 0 0.00358224252753969
70 0 0.00406778503324223
71 0 0.00499593245773322
72 0 0.0048626300674599
73 0 0.00557798427301526
74 0 0.00602058007118877
75 0 0.0066839900459168
76 0 0.00789240720913587
77 0 0.00778045996412169
78 0 0.0110811922739159
79 0 0.0107295720231403
80 0 0.0118225826941080
81 0 0.0129064616487622
82 0 0.0137519914722367
83 0 0.015818030160052
84 0 0.0174321833002707
85 0 0.020209609563153
86 0 0.0224529135976586
87 0 0.0223800897917104
88 0 0.0264013437111389
89 0 0.0313052668250694
90 0 0.0382265809572271
91 0 0.0284300292640388
92 0 0.0299277245578619
93 0 0.0421147443903915
94 0 0.0603045980652755
95 0 0.0246635661146248
96 0 0.122849327163638
97 0 0.0368402258951177
98 0 0.163341158723974
99 0 0
100 0 0.357214471779845

death 1 M divorced
1 0 0.0140816750580757
2 0 0.00395490284546407
3 0 0.00254404681112674
4 0 0.00193146997432647
5 0 0.00154531659924872
6 0 0.00132748273112904
7 0 0.000995263319609418
8 0 0.000922078582532238
9 0 0.000712199811529146
10 0 0.000575484681429317
11 0 0.000498112374384019
12 0 0.000392094455183734
13 0 0.000317052287962194
14 0 0.00033461513372357
15 0 0.000302419175406854
16 0 0.000307686824503994
17 0 0.00034088840128188
18 0 0.000422229147278408
19 0 0.000475491538299733
20 0 0.000460497865455656
21 0 0.000507162285874441
22 0 0.00059049734264649
23 0 0.000595194550601641
24 0 0.000578587653835227
25 0 0.000534568904280275
26 0 0.000579426313217613
27 0 0.000549994000700438
28 0 0.000585548761244503
29 0 0.000664590536394338
30 0 0.000501464088358383
31 0 0.000642515689414314
32 0 0.000546808168391033
33 0 0.000547227350470747
34 0 0.000607190308576699
35 0 0.000570704634012653
36 0 0.000659889739268782
37 0 0.000602744143620937
38 0 0.0006872585081098
39 0 0.000621788681961832
40 0 0.000645453097302906
41 0 0.000675168219337552
42 0 0.000793537548775425
43 0 0.000785131515927073
44 0 0.000917027726953124
45 0 0.000748658344577713
46 0 0.000916859369937795
47 0 0.000849793927500175
48 0 0.000933865004651313
49 0 0.000953484370354696
50 0 0.00124836910583170
51 0 0.00111885954283841
52 0 0.00105299368851675
53 0 0.00118950124939488
54 0 0.00133171082661443
55 0 0.00145881470801135
56 0 0.00142604854915518
57 0 0.00156515333114549
58 0 0.00159203308521094
59 0 0.00172858979922352
60 0 0.00192491562159847
61 0 0.00191172323031263
62 0 0.00209625037775707
63 0 0.00225423983526352
64 0 0.00255818863974222
65 0 0.00268788202973003
66 0 0.00293741117723523
67 0 0.00353587591827109
68 0 0.00353795540733093
69 0 0.00358224252753969
70 0 0.00406778503324223
71 0 0.00499593245773322
72 0 0.0048626300674599
73 0 0.00557798427301526
74 0 0.00602058007118877
75 0 0.0066839900459168
76 0 0.00789240720913587
77 0 0.00778045996412169
78 0 0.0110811922739159
79 0 0.0107295720231403
80 0 0.0118225826941080
81 0 0.0129064616487622
82 0 0.0137519914722367
83 0 0.015818030160052
84 0 0.0174321833002707
85 0 0.020209609563153
86 0 0.0224529135976586
87 0 0.0223800897917104
88 0 0.0264013437111389
89 0 0.0313052668250694
90 0 0.0382265809572271
91 0 0.0284300292640388
92 0 0.0299277245578619
93 0 0.0421147443903915
94 0 0.0603045980652755
95 0 0.0246635661146248
96 0 0.122849327163638
97 0 0.0368402258951177
98 0 0.163341158723974
99 0 0
100 0 0.357214471779845

death 1 M widowed
1 0 0.0140816750580757
2 0 0.00395490284546407
3 0 0.00254404681112674
4 0 0.00193146997432647
5 0 0.00154531659924872
6 0 0.00132748273112904
7 0 0.000995263319609418
8 0 0.000922078582532238
9 0 0.000712199811529146
10 0 0.000575484681429317
11 0 0.000498112374384019
12 0 0.000392094455183734
13 0 0.000317052287962194
14 0 0.00033461513372357
15 0 0.000302419175406854
16 0 0.000307686824503994
17 0 0.00034088840128188
18 0 0.000422229147278408
19 0 0.000475491538299733
20 0 0.000460497865455656
21 0 0.000507162285874441
22 0 0.00059049734264649
23 0 0.000595194550601641
24 0 0.000578587653835227
25 0 0.000534568904280275
26 0 0.000579426313217613
27 0 0.000549994000700438
28 0 0.000585548761244503
29 0 0.000664590536394338
30 0 0.000501464088358383
31 0 0.000642515689414314
32 0 0.000546808168391033
33 0 0.000547227350470747
34 0 0.000607190308576699
35 0 0.000570704634012653
36 0 0.000659889739268782
37 0 0.000602744143620937
38 0 0.0006872585081098
39 0 0.000621788681961832
40 0 0.000645453097302906
41 0 0.000675168219337552
42 0 0.000793537548775425
43 0 0.000785131515927073
44 0 0.000917027726953124
45 0 0.000748658344577713
46 0 0.000916859369937795
47 0 0.000849793927500175
48 0 0.000933865004651313
49 0 0.000953484370354696
50 0 0.00124836910583170
51 0 0.00111885954283841
52 0 0.00105299368851675
53 0 0.00118950124939488
54 0 0.00133171082661443
55 0 0.00145881470801135
56 0 0.00142604854915518
57 0 0.00156515333114549
58 0 0.00159203308521094
59 0 0.00172858979922352
60 0 0.00192491562159847
61 0 0.00191172323031263
62 0 0.00209625037775707
63 0 0.00225423983526352
64 0 0.00255818863974222
65 0 0.00268788202973003
66 0 0.00293741117723523
67 0 0.00353587591827109
68 0 0.00353795540733093
69 0 0.00358224252753969
70 0 0.00406778503324223
71 0 0.00499593245773322
72 0 0.0048626300674599
73 0 0.00557798427301526
74 0 0.00602058007118877
75 0 0.0066839900459168
76 0 0.00789240720913587
77 0 0.00778045996412169
78 0 0.0110811922739159
79 0 0.0107295720231403
80 0 0.0118225826941080
81 0 0.0129064616487622
82 0 0.0137519914722367
83 0 0.015818030160052
84 0 0.0174321833002707
85 0 0.020209609563153
86 0 0.0224529135976586
87 0 0.0223800897917104
88 0 0.0264013437111389
89 0 0.0313052668250694
90 0 0.0382265809572271
91 0 0.0284300292640388
92 0 0.0299277245578619
93 0 0.0421147443903915
94 0 0.0603045980652755
95 0 0.0246635661146248
96 0 0.122849327163638
97 0 0.0368402258951177
98 0 0.163341158723974
99 0 0
100 0 0.357214471779845

death 1 F married
1 0 0.0116751988939229
2 0 0.00384442161831988
3 0 0.00252887893743292
4 0 0.00196101299836304
5 0 0.00150387690609832
6 0 0.00125842353097239
7 0 0.00100368882339175
8 0 0.000867712466190995
9 0 0.000753951928672225
10 0 0.000626571417839838
11 0 0.000463513153984962
12 0 0.000460749135678173
13 0 0.000406407187913183
14 0 0.000405151594838449
15 0 0.000384060224727367
16 0 0.000397953196058176
17 0 0.000392261842538377
18 0 0.000422145425957976
19 0 0.000408918426109905
20 0 0.000439979808997459
21 0 0.000476329246627771
22 0 0.000405151594838449
23 0 0.000445004210795297
24 0 0.00044801898523017
25 0 0.000498531331869612
26 0 0.000492666102853034
27 0 0.000497777209786499
28 0 0.000459660303065434
29 0 0.000491576887718836
30 0 0.000491241747227367
31 0 0.000551251596836444
32 0 0.000656532175948188
33 0 0.00050339137987887
34 0 0.000538927905208819
35 0 0.00059360082782578
36 0 0.000580516581988211
37 0 0.000636389401420079
38 0 0.000579174714590125
39 0 0.00063555021605688
40 0 0.000685327312342165
41 0 0.000628249630451605
42 0 0.000735887792443934
43 0 0.000625312778724352
44 0 0.000707748504564121
45 0 0.000635885889271992
46 0 0.000715727417244238
47 0 0.000703969264193693
48 0 0.000839532318859582
49 0 0.000805559527460642
50 0 0.000854252200683026
51 0 0.000805139151710876
52 0 0.000820862529130273
53 0 0.000952979097470386
54 0 0.00093975878933894
55 0 0.00112198113380202
56 0 0.00112189676506769
57 0 0.00121753684566028
58 0 0.00139185566268341
59 0 0.00123899161196239
60 0 0.00148532415690394
61 0 0.00158728403236019
62 0 0.00174974093740587
63 0 0.00195053987483962
64 0 0.00230363063186356
65 0 0.00224159738067609
66 0 0.00266917140115031
67 0 0.00249469625400189
68 0 0.00332341328816055
69 0 0.00323381783762655
70 0 0.00315716613950223
71 0 0.00404155524684446
72 0 0.00438331159697136
73 0 0.00519647573491056
74 0 0.00525279593533645
75 0 0.00626162202818048
76 0 0.00658025133449525
77 0 0.00745178272540925
78 0 0.00863218008439925
79 0 0.00891708758545395
80 0 0.010062649129023
81 0 0.0112915989287481
82 0 0.0118615331537276
83 0 0.0132042016599285
84 0 0.0135803869088639
85 0 0.0174630297860946
86 0 0.0180143963857919
87 0 0.0162988841392607
88 0 0.021329473109997
89 0 0.0256790575095116
90 0 0.0289745258724885
91 0 0.0318826271597563
92 0 0.0259403784456853
93 0 0.0345868015913786
94 0 0.0349790833138172
95 0 0.0525603339690055
96 0 0.045388840681178
97 0 0.0513896249670160
98 0 0.0445062759733934
99 0 0.130992376221038
100 0 0.0205963153590069

death 1 F single
1 0 0.0116751988939229
2 0 0.00384442161831988
3 0 0.00252887893743292
4 0 0.00196101299836304
5 0 0.00150387690609832
6 0 0.00125842353097239
7 0 0.00100368882339175
8 0 0.000867712466190995
9 0 0.000753951928672225
10 0 0.000626571417839838
11 0 0.000463513153984962
12 0 0.000460749135678173
13 0 0.000406407187913183
14 0 0.000405151594838449
15 0 0.000384060224727367
16 0 0.000397953196058176
17 0 0.000392261842538377
18 0 0.000422145425957976
19 0 0.000408918426109905
20 0 0.000439979808997459
21 0 0.000476329246627771
22 0 0.000405151594838449
23 0 0.000445004210795297
24 0 0.00044801898523017
25 0 0.000498531331869612
26 0 0.000492666102853034
27 0 0.000497777209786499
28 0 0.000459660303065434
29 0 0.000491576887718836
30 0 0.000491241747227367
31 0 0.000551251596836444
32 0 0.000656532175948188
33 0 0.00050339137987887
34 0 0.000538927905208819
35 0 0.00059360082782578
36 0 0.000580516581988211
37 0 0.000636389401420079
38 0 0.000579174714590125
39 0 0.00063555021605688
40 0 0.000685327312342165
41 0 0.000628249630451605
42 0 0.000735887792443934
43 0 0.000625312778724352
44 0 0.000707748504564121
45 0 0.000635885889271992
46 0 0.000715727417244238
47 0 0.000703969264193693
48 0 0.000839532318859582
49 0 0.000805559527460642
50 0 0.000854252200683026
51 0 0.000805139151710876
52 0 0.000820862529130273
53 0 0.000952979097470386
54 0 0.00093975878933894
55 0 0.00112198113380202
56 0 0.00112189676506769
57 0 0.00121753684566028
58 0 0.00139185566268341
59 0 0.00123899161196239
60 0 0.00148532415690394
61 0 0.00158728403236019
62 0 0.00174974093740587
63 0 0.00195053987483962
64 0 0.00230363063186356
65 0 0.00224159738067609
66 0 0.00266917140115031
67 0 0.00249469625400189
68 0 0.00332341328816055
69 0 0.00323381783762655
70 0 0.00315716613950223
71 0 0.00404155524684446
72 0 0.00438331159697136
73 0 0.00519647573491056
74 0 0.00525279593533645
75 0 0.00626162202818048
76 0 0.00658025133449525
77 0 0.00745178272540925
78 0 0.00863218008439925
79 0 0.00891708758545395
80 0 0.010062649129023
81 0 0.0112915989287481
82 0 0.0118615331537276
83 0 0.0132042016599285
84 0 0.0135803869088639
85 0 0.0174630297860946
86 0 0.0180143963857919
87 0 0.0162988841392607
88 0 0.021329473109997
89 0 0.0256790575095116
90 0 0.0289745258724885
91 0 0.0318826271597563
92 0 0.0259403784456853
93 0 0.0345868015913786
94 0 0.0349790833138172
95 0 0.0525603339690055
96 0 0.045388840681178
97 0 0.0513896249670160
98 0 0.0445062759733934
99 0 0.130992376221038
100 0 0.0205963153590069

death 1 F divorced
1 0 0.0116751988939229
2 0 0.00384442161831988
3 0 0.00252887893743292
4 0 0.00196101299836304
5 0 0.00150387690609832
6 0 0.00125842353097239
7 0 0.00100368882339175
8 0 0.000867712466190995
9 0 0.000753951928672225
10 0 0.000626571417839838
11 0 0.000463513153984962
12 0 0.000460749135678173
13 0 0.000406407187913183
14 0 0.000405151594838449
15 0 0.000384060224727367
16 0 0.000397953196058176
17 0 0.000392261842538377
18 0 0.000422145425957976
19 0 0.000408918426109905
20 0 0.000439979808997459
21 0 0.000476329246627771
22 0 0.000405151594838449
23 0 0.000445004210795297
24 0 0.00044801898523017
25 0 0.000498531331869612
26 0 0.000492666102853034
27 0 0.000497777209786499
28 0 0.000459660303065434
29 0 0.000491576887718836
30 0 0.000491241747227367
31 0 0.000551251596836444
32 0 0.000656532175948188
33 0 0.00050339137987887
34 0 0.000538927905208819
35 0 0.00059360082782578
36 0 0.000580516581988211
37 0 0.000636389401420079
38 0 0.000579174714590125
39 0 0.00063555021605688
40 0 0.000685327312342165
41 0 0.000628249630451605
42 0 0.000735887792443934
43 0 0.000625312778724352
44 0 0.000707748504564121
45 0 0.000635885889271992
46 0 0.000715727417244238
47 0 0.000703969264193693
48 0 0.000839532318859582
49 0 0.000805559527460642
50 0 0.000854252200683026
51 0 0.000805139151710876
52 0 0.000820862529130273
53 0 0.000952979097470386
54 0 0.00093975878933894
55 0 0.00112198113380202
56 0 0.00112189676506769
57 0 0.00121753684566028
58 0 0.00139185566268341
59 0 0.00123899161196239
60 0 0.00148532415690394
61 0 0.00158728403236019
62 0 0.00174974093740587
63 0 0.00195053987483962
64 0 0.00230363063186356
65 0 0.00224159738067609
66 0 0.00266917140115031
67 0 0.00249469625400189
68 0 0.00332341328816055
69 0 0.00323381783762655
70 0 0.00315716613950223
71 0 0.00404155524684446
72 0 0.00438331159697136
73 0 0.00519647573491056
74 0 0.00525279593533645
75 0 0.00626162202818048
76 0 0.00658025133449525
77 0 0.00745178272540925
78 0 0.00863218008439925
79 0 0.00891708758545395
80 0 0.010062649129023
81 0 0.0112915989287481
82 0 0.0118615331537276
83 0 0.0132042016599285
84 0 0.0135803869088639
85 0 0.0174630297860946
86 0 0.0180143963857919
87 0 0.0162988841392607
88 0 0.021329473109997
89 0 0.0256790575095116
90 0 0.0289745258724885
91 0 0.0318826271597563
92 0 0.0259403784456853
93 0 0.0345868015913786
94 0 0.0349790833138172
95 0 0.0525603339690055
96 0 0.045388840681178
97 0 0.0513896249670160
98 0 0.0445062759733934
99 0 0.130992376221038
100 0 0.0205963153590069

death 1 F widowed
1 0 0.0116751988939229
2 0 0.00384442161831988
3 0 0.00252887893743292
4 0 0.00196101299836304
5 0 0.00150387690609832
6 0 0.00125842353097239
7 0 0.00100368882339175
8 0 0.000867712466190995
9 0 0.000753951928672225
10 0 0.000626571417839838
11 0 0.000463513153984962
12 0 0.000460749135678173
13 0 0.000406407187913183
14 0 0.000405151594838449
15 0 0.000384060224727367
16 0 0.000397953196058176
17 0 0.000392261842538377
18 0 0.000422145425957976
19 0 0.000408918426109905
20 0 0.000439979808997459
21 0 0.000476329246627771
22 0 0.000405151594838449
23 0 0.000445004210795297
24 0 0.00044801898523017
25 0 0.000498531331869612
26 0 0.000492666102853034
27 0 0.000497777209786499
28 0 0.000459660303065434
29 0 0.000491576887718836
30 0 0.000491241747227367
31 0 0.000551251596836444
32 0 0.000656532175948188
33 0 0.00050339137987887
34 0 0.000538927905208819
35 0 0.00059360082782578
36 0 0.000580516581988211
37 0 0.000636389401420079
38 0 0.000579174714590125
39 0 0.00063555021605688
40 0 0.000685327312342165
41 0 0.000628249630451605
42 0 0.000735887792443934
43 0 0.000625312778724352
44 0 0.000707748504564121
45 0 0.000635885889271992
46 0 0.000715727417244238
47 0 0.000703969264193693
48 0 0.000839532318859582
49 0 0.000805559527460642
50 0 0.000854252200683026
51 0 0.000805139151710876
52 0 0.000820862529130273
53 0 0.000952979097470386
54 0 0.00093975878933894
55 0 0.00112198113380202
56 0 0.00112189676506769
57 0 0.00121753684566028
58 0 0.00139185566268341
59 0 0.00123899161196239
60 0 0.00148532415690394
61 0 0.00158728403236019
62 0 0.00174974093740587
63 0 0.00195053987483962
64 0 0.00230363063186356
65 0 0.00224159738067609
66 0 0.00266917140115031
67 0 0.00249469625400189
68 0 0.00332341328816055
69 0 0.00323381783762655
70 0 0.00315716613950223
71 0 0.00404155524684446
72 0 0.00438331159697136
73 0 0.00519647573491056
74 0 0.00525279593533645
75 0 0.00626162202818048
76 0 0.00658025133449525
77 0 0.00745178272540925
78 0 0.00863218008439925
79 0 0.00891708758545395
80 0 0.010062649129023
81 0 0.0112915989287481
82 0 0.0118615331537276
83 0 0.0132042016599285
84 0 0.0135803869088639
85 0 0.0174630297860946
86 0 0.0180143963857919
87 0 0.0162988841392607
88 0 0.021329473109997
89 0 0.0256790575095116
90 0 0.0289745258724885
91 0 0.0318826271597563
92 0 0.0259403784456853
93 0 0.0345868015913786
94 0 0.0349790833138172
95 0 0.0525603339690055
96 0 0.045388840681178
97 0 0.0513896249670160
98 0 0.0445062759733934
99 0 0.130992376221038
100 0 0.0205963153590069
