*Period monthly mortality rates for SWE in 1876 
* Mon Dec 20 14:20:12 2010
death 1 M married
1 0 0.0149911408105625
2 0 0.00403719887534171
3 0 0.00267363413620647
4 0 0.0021243116023546
5 0 0.001707019017265
6 0 0.00125521275319995
7 0 0.000968475411424863
8 0 0.000828094514866207
9 0 0.00071077201006331
10 0 0.00058848432786085
11 0 0.000511436168531554
12 0 0.000426080411405017
13 0 0.000337124388782417
14 0 0.000310947903149894
15 0 0.000267727209950608
16 0 0.000362053418690222
17 0 0.000431606423313413
18 0 0.000418796636387553
19 0 0.000516129290862755
20 0 0.000453546331487975
21 0 0.000545299128916543
22 0 0.000588064955394207
23 0 0.000645620952050785
24 0 0.000621788681961832
25 0 0.000595446193595417
26 0 0.000654265890852712
27 0 0.000632445297610418
28 0 0.00067558799406775
29 0 0.000603918581142282
30 0 0.000575820132796667
31 0 0.000703717320425623
32 0 0.000640753290267138
33 0 0.000730007220827944
34 0 0.000630011787058127
35 0 0.000737231976550179
36 0 0.000730427249033605
37 0 0.000830281042515812
38 0 0.000778155099380284
39 0 0.000767901580064345
40 0 0.000910209517436589
41 0 0.000998127903193868
42 0 0.000905159321837212
43 0 0.000996105834813799
44 0 0.0010568717876982
45 0 0.000971760295861546
46 0 0.00110544635966847
47 0 0.00103933735334560
48 0 0.00110173488536380
49 0 0.00106926595414292
50 0 0.00120664246819613
51 0 0.00121559434152052
52 0 0.00132528419929157
53 0 0.00136808057849114
54 0 0.00166915516297683
55 0 0.00169878270909973
56 0 0.00199320626353994
57 0 0.00185352938144046
58 0 0.00201424877610323
59 0 0.00212149655895533
60 0 0.00227799191329492
61 0 0.00259959831129808
62 0 0.00249555280545544
63 0 0.00255784578144636
64 0 0.00301990762587345
65 0 0.00311670845273071
66 0 0.00350876028502467
67 0 0.0038600721790385
68 0 0.00440754100526541
69 0 0.00439345741901953
70 0 0.00523778555720078
71 0 0.00590852697145194
72 0 0.00592169201402426
73 0 0.00603589915159408
74 0 0.00719338119261137
75 0 0.00771800437573156
76 0 0.00895691597687809
77 0 0.00903717812731442
78 0 0.00966832325199363
79 0 0.0126413313549046
80 0 0.0135493973779209
81 0 0.0148181311584535
82 0 0.015115993887037
83 0 0.0171816597715111
84 0 0.0203697752977835
85 0 0.0235245552377586
86 0 0.0241420478240827
87 0 0.0282829730991031
88 0 0.0259122316276725
89 0 0.0333263080111887
90 0 0.0267988581312140
91 0 0.0361718158682568
92 0 0.0380522399216937
93 0 0.050872905668593
94 0 0.0337176040731528
95 0 0.0925692541216322
96 0 0.071084513790104
97 0 0.049008015429871
98 0 0.142990939914735
99 0 0
100 0 1

death 1 M single
1 0 0.0149911408105625
2 0 0.00403719887534171
3 0 0.00267363413620647
4 0 0.0021243116023546
5 0 0.001707019017265
6 0 0.00125521275319995
7 0 0.000968475411424863
8 0 0.000828094514866207
9 0 0.00071077201006331
10 0 0.00058848432786085
11 0 0.000511436168531554
12 0 0.000426080411405017
13 0 0.000337124388782417
14 0 0.000310947903149894
15 0 0.000267727209950608
16 0 0.000362053418690222
17 0 0.000431606423313413
18 0 0.000418796636387553
19 0 0.000516129290862755
20 0 0.000453546331487975
21 0 0.000545299128916543
22 0 0.000588064955394207
23 0 0.000645620952050785
24 0 0.000621788681961832
25 0 0.000595446193595417
26 0 0.000654265890852712
27 0 0.000632445297610418
28 0 0.00067558799406775
29 0 0.000603918581142282
30 0 0.000575820132796667
31 0 0.000703717320425623
32 0 0.000640753290267138
33 0 0.000730007220827944
34 0 0.000630011787058127
35 0 0.000737231976550179
36 0 0.000730427249033605
37 0 0.000830281042515812
38 0 0.000778155099380284
39 0 0.000767901580064345
40 0 0.000910209517436589
41 0 0.000998127903193868
42 0 0.000905159321837212
43 0 0.000996105834813799
44 0 0.0010568717876982
45 0 0.000971760295861546
46 0 0.00110544635966847
47 0 0.00103933735334560
48 0 0.00110173488536380
49 0 0.00106926595414292
50 0 0.00120664246819613
51 0 0.00121559434152052
52 0 0.00132528419929157
53 0 0.00136808057849114
54 0 0.00166915516297683
55 0 0.00169878270909973
56 0 0.00199320626353994
57 0 0.00185352938144046
58 0 0.00201424877610323
59 0 0.00212149655895533
60 0 0.00227799191329492
61 0 0.00259959831129808
62 0 0.00249555280545544
63 0 0.00255784578144636
64 0 0.00301990762587345
65 0 0.00311670845273071
66 0 0.00350876028502467
67 0 0.0038600721790385
68 0 0.00440754100526541
69 0 0.00439345741901953
70 0 0.00523778555720078
71 0 0.00590852697145194
72 0 0.00592169201402426
73 0 0.00603589915159408
74 0 0.00719338119261137
75 0 0.00771800437573156
76 0 0.00895691597687809
77 0 0.00903717812731442
78 0 0.00966832325199363
79 0 0.0126413313549046
80 0 0.0135493973779209
81 0 0.0148181311584535
82 0 0.015115993887037
83 0 0.0171816597715111
84 0 0.0203697752977835
85 0 0.0235245552377586
86 0 0.0241420478240827
87 0 0.0282829730991031
88 0 0.0259122316276725
89 0 0.0333263080111887
90 0 0.0267988581312140
91 0 0.0361718158682568
92 0 0.0380522399216937
93 0 0.050872905668593
94 0 0.0337176040731528
95 0 0.0925692541216322
96 0 0.071084513790104
97 0 0.049008015429871
98 0 0.142990939914735
99 0 0
100 0 1

death 1 M divorced
1 0 0.0149911408105625
2 0 0.00403719887534171
3 0 0.00267363413620647
4 0 0.0021243116023546
5 0 0.001707019017265
6 0 0.00125521275319995
7 0 0.000968475411424863
8 0 0.000828094514866207
9 0 0.00071077201006331
10 0 0.00058848432786085
11 0 0.000511436168531554
12 0 0.000426080411405017
13 0 0.000337124388782417
14 0 0.000310947903149894
15 0 0.000267727209950608
16 0 0.000362053418690222
17 0 0.000431606423313413
18 0 0.000418796636387553
19 0 0.000516129290862755
20 0 0.000453546331487975
21 0 0.000545299128916543
22 0 0.000588064955394207
23 0 0.000645620952050785
24 0 0.000621788681961832
25 0 0.000595446193595417
26 0 0.000654265890852712
27 0 0.000632445297610418
28 0 0.00067558799406775
29 0 0.000603918581142282
30 0 0.000575820132796667
31 0 0.000703717320425623
32 0 0.000640753290267138
33 0 0.000730007220827944
34 0 0.000630011787058127
35 0 0.000737231976550179
36 0 0.000730427249033605
37 0 0.000830281042515812
38 0 0.000778155099380284
39 0 0.000767901580064345
40 0 0.000910209517436589
41 0 0.000998127903193868
42 0 0.000905159321837212
43 0 0.000996105834813799
44 0 0.0010568717876982
45 0 0.000971760295861546
46 0 0.00110544635966847
47 0 0.00103933735334560
48 0 0.00110173488536380
49 0 0.00106926595414292
50 0 0.00120664246819613
51 0 0.00121559434152052
52 0 0.00132528419929157
53 0 0.00136808057849114
54 0 0.00166915516297683
55 0 0.00169878270909973
56 0 0.00199320626353994
57 0 0.00185352938144046
58 0 0.00201424877610323
59 0 0.00212149655895533
60 0 0.00227799191329492
61 0 0.00259959831129808
62 0 0.00249555280545544
63 0 0.00255784578144636
64 0 0.00301990762587345
65 0 0.00311670845273071
66 0 0.00350876028502467
67 0 0.0038600721790385
68 0 0.00440754100526541
69 0 0.00439345741901953
70 0 0.00523778555720078
71 0 0.00590852697145194
72 0 0.00592169201402426
73 0 0.00603589915159408
74 0 0.00719338119261137
75 0 0.00771800437573156
76 0 0.00895691597687809
77 0 0.00903717812731442
78 0 0.00966832325199363
79 0 0.0126413313549046
80 0 0.0135493973779209
81 0 0.0148181311584535
82 0 0.015115993887037
83 0 0.0171816597715111
84 0 0.0203697752977835
85 0 0.0235245552377586
86 0 0.0241420478240827
87 0 0.0282829730991031
88 0 0.0259122316276725
89 0 0.0333263080111887
90 0 0.0267988581312140
91 0 0.0361718158682568
92 0 0.0380522399216937
93 0 0.050872905668593
94 0 0.0337176040731528
95 0 0.0925692541216322
96 0 0.071084513790104
97 0 0.049008015429871
98 0 0.142990939914735
99 0 0
100 0 1

death 1 M widowed
1 0 0.0149911408105625
2 0 0.00403719887534171
3 0 0.00267363413620647
4 0 0.0021243116023546
5 0 0.001707019017265
6 0 0.00125521275319995
7 0 0.000968475411424863
8 0 0.000828094514866207
9 0 0.00071077201006331
10 0 0.00058848432786085
11 0 0.000511436168531554
12 0 0.000426080411405017
13 0 0.000337124388782417
14 0 0.000310947903149894
15 0 0.000267727209950608
16 0 0.000362053418690222
17 0 0.000431606423313413
18 0 0.000418796636387553
19 0 0.000516129290862755
20 0 0.000453546331487975
21 0 0.000545299128916543
22 0 0.000588064955394207
23 0 0.000645620952050785
24 0 0.000621788681961832
25 0 0.000595446193595417
26 0 0.000654265890852712
27 0 0.000632445297610418
28 0 0.00067558799406775
29 0 0.000603918581142282
30 0 0.000575820132796667
31 0 0.000703717320425623
32 0 0.000640753290267138
33 0 0.000730007220827944
34 0 0.000630011787058127
35 0 0.000737231976550179
36 0 0.000730427249033605
37 0 0.000830281042515812
38 0 0.000778155099380284
39 0 0.000767901580064345
40 0 0.000910209517436589
41 0 0.000998127903193868
42 0 0.000905159321837212
43 0 0.000996105834813799
44 0 0.0010568717876982
45 0 0.000971760295861546
46 0 0.00110544635966847
47 0 0.00103933735334560
48 0 0.00110173488536380
49 0 0.00106926595414292
50 0 0.00120664246819613
51 0 0.00121559434152052
52 0 0.00132528419929157
53 0 0.00136808057849114
54 0 0.00166915516297683
55 0 0.00169878270909973
56 0 0.00199320626353994
57 0 0.00185352938144046
58 0 0.00201424877610323
59 0 0.00212149655895533
60 0 0.00227799191329492
61 0 0.00259959831129808
62 0 0.00249555280545544
63 0 0.00255784578144636
64 0 0.00301990762587345
65 0 0.00311670845273071
66 0 0.00350876028502467
67 0 0.0038600721790385
68 0 0.00440754100526541
69 0 0.00439345741901953
70 0 0.00523778555720078
71 0 0.00590852697145194
72 0 0.00592169201402426
73 0 0.00603589915159408
74 0 0.00719338119261137
75 0 0.00771800437573156
76 0 0.00895691597687809
77 0 0.00903717812731442
78 0 0.00966832325199363
79 0 0.0126413313549046
80 0 0.0135493973779209
81 0 0.0148181311584535
82 0 0.015115993887037
83 0 0.0171816597715111
84 0 0.0203697752977835
85 0 0.0235245552377586
86 0 0.0241420478240827
87 0 0.0282829730991031
88 0 0.0259122316276725
89 0 0.0333263080111887
90 0 0.0267988581312140
91 0 0.0361718158682568
92 0 0.0380522399216937
93 0 0.050872905668593
94 0 0.0337176040731528
95 0 0.0925692541216322
96 0 0.071084513790104
97 0 0.049008015429871
98 0 0.142990939914735
99 0 0
100 0 1

death 1 F married
1 0 0.0126963664098967
2 0 0.00394567642015609
3 0 0.00249718027550727
4 0 0.00196271605955067
5 0 0.00161739384139203
6 0 0.00126247941256463
7 0 0.00105569147911122
8 0 0.000806148056778588
9 0 0.000731099298202254
10 0 0.000627913985449258
11 0 0.000511938991472616
12 0 0.000434955684997296
13 0 0.000345990978248722
14 0 0.000359961794317964
15 0 0.000331018655623572
16 0 0.000435625552147934
17 0 0.000431020315210362
18 0 0.000440314760474347
19 0 0.000376779816869899
20 0 0.000386905600112120
21 0 0.000441068405811706
22 0 0.000501380294002152
23 0 0.000527192609845462
24 0 0.000500039594812485
25 0 0.000556198310528444
26 0 0.000550832396190359
27 0 0.000534485079388802
28 0 0.00063974622038987
29 0 0.000670718726441755
30 0 0.000608700376361515
31 0 0.000594523506025402
32 0 0.000560222954257505
33 0 0.000639914064594183
34 0 0.000600227542909892
35 0 0.000723287033646214
36 0 0.000587561710989504
37 0 0.000691456901412812
38 0 0.000656112489257787
39 0 0.000785467742305923
40 0 0.000790090981221403
41 0 0.000739500332332055
42 0 0.000729251174951817
43 0 0.00075109503544779
44 0 0.000708420385978736
45 0 0.000741264648211781
46 0 0.000797488652952816
47 0 0.000772103702112559
48 0 0.00092544597563704
49 0 0.00092266786731321
50 0 0.000848111617127612
51 0 0.000956852928088225
52 0 0.00100031852807880
53 0 0.00117734392272273
54 0 0.00114872997431104
55 0 0.00106732661918973
56 0 0.00135158551340364
57 0 0.00144687528055243
58 0 0.00146906185183149
59 0 0.001590336966382
60 0 0.00169199044003121
61 0 0.00201493039657397
62 0 0.00207254583352123
63 0 0.00222912749637205
64 0 0.00238888874393084
65 0 0.00255810292504677
66 0 0.00279421109369904
67 0 0.00311765714688705
68 0 0.00327398227689712
69 0 0.00379201193833556
70 0 0.00382581835922113
71 0 0.00478397266680597
72 0 0.00475208976222197
73 0 0.00520989053129217
74 0 0.00589109513651376
75 0 0.00663143333307237
76 0 0.00826824537117343
77 0 0.00786149879329245
78 0 0.00841325889589095
79 0 0.0106084220200067
80 0 0.0103724048188918
81 0 0.0112319446992877
82 0 0.0130005300643187
83 0 0.0147611897546518
84 0 0.0153079452231534
85 0 0.0174345090573874
86 0 0.0180166355737604
87 0 0.0189208568811552
88 0 0.0198375596968736
89 0 0.0273322363197745
90 0 0.0268534792224679
91 0 0.0329451785972762
92 0 0.0323485022998889
93 0 0.0323229010819942
94 0 0.0315916349894614
95 0 0.0589051402133343
96 0 0.0521788951704932
97 0 0.0494506034429991
98 0 0.0164484763419315
99 0 0.0581525130462465
100 0 0.0304203295089644

death 1 F single
1 0 0.0126963664098967
2 0 0.00394567642015609
3 0 0.00249718027550727
4 0 0.00196271605955067
5 0 0.00161739384139203
6 0 0.00126247941256463
7 0 0.00105569147911122
8 0 0.000806148056778588
9 0 0.000731099298202254
10 0 0.000627913985449258
11 0 0.000511938991472616
12 0 0.000434955684997296
13 0 0.000345990978248722
14 0 0.000359961794317964
15 0 0.000331018655623572
16 0 0.000435625552147934
17 0 0.000431020315210362
18 0 0.000440314760474347
19 0 0.000376779816869899
20 0 0.000386905600112120
21 0 0.000441068405811706
22 0 0.000501380294002152
23 0 0.000527192609845462
24 0 0.000500039594812485
25 0 0.000556198310528444
26 0 0.000550832396190359
27 0 0.000534485079388802
28 0 0.00063974622038987
29 0 0.000670718726441755
30 0 0.000608700376361515
31 0 0.000594523506025402
32 0 0.000560222954257505
33 0 0.000639914064594183
34 0 0.000600227542909892
35 0 0.000723287033646214
36 0 0.000587561710989504
37 0 0.000691456901412812
38 0 0.000656112489257787
39 0 0.000785467742305923
40 0 0.000790090981221403
41 0 0.000739500332332055
42 0 0.000729251174951817
43 0 0.00075109503544779
44 0 0.000708420385978736
45 0 0.000741264648211781
46 0 0.000797488652952816
47 0 0.000772103702112559
48 0 0.00092544597563704
49 0 0.00092266786731321
50 0 0.000848111617127612
51 0 0.000956852928088225
52 0 0.00100031852807880
53 0 0.00117734392272273
54 0 0.00114872997431104
55 0 0.00106732661918973
56 0 0.00135158551340364
57 0 0.00144687528055243
58 0 0.00146906185183149
59 0 0.001590336966382
60 0 0.00169199044003121
61 0 0.00201493039657397
62 0 0.00207254583352123
63 0 0.00222912749637205
64 0 0.00238888874393084
65 0 0.00255810292504677
66 0 0.00279421109369904
67 0 0.00311765714688705
68 0 0.00327398227689712
69 0 0.00379201193833556
70 0 0.00382581835922113
71 0 0.00478397266680597
72 0 0.00475208976222197
73 0 0.00520989053129217
74 0 0.00589109513651376
75 0 0.00663143333307237
76 0 0.00826824537117343
77 0 0.00786149879329245
78 0 0.00841325889589095
79 0 0.0106084220200067
80 0 0.0103724048188918
81 0 0.0112319446992877
82 0 0.0130005300643187
83 0 0.0147611897546518
84 0 0.0153079452231534
85 0 0.0174345090573874
86 0 0.0180166355737604
87 0 0.0189208568811552
88 0 0.0198375596968736
89 0 0.0273322363197745
90 0 0.0268534792224679
91 0 0.0329451785972762
92 0 0.0323485022998889
93 0 0.0323229010819942
94 0 0.0315916349894614
95 0 0.0589051402133343
96 0 0.0521788951704932
97 0 0.0494506034429991
98 0 0.0164484763419315
99 0 0.0581525130462465
100 0 0.0304203295089644

death 1 F divorced
1 0 0.0126963664098967
2 0 0.00394567642015609
3 0 0.00249718027550727
4 0 0.00196271605955067
5 0 0.00161739384139203
6 0 0.00126247941256463
7 0 0.00105569147911122
8 0 0.000806148056778588
9 0 0.000731099298202254
10 0 0.000627913985449258
11 0 0.000511938991472616
12 0 0.000434955684997296
13 0 0.000345990978248722
14 0 0.000359961794317964
15 0 0.000331018655623572
16 0 0.000435625552147934
17 0 0.000431020315210362
18 0 0.000440314760474347
19 0 0.000376779816869899
20 0 0.000386905600112120
21 0 0.000441068405811706
22 0 0.000501380294002152
23 0 0.000527192609845462
24 0 0.000500039594812485
25 0 0.000556198310528444
26 0 0.000550832396190359
27 0 0.000534485079388802
28 0 0.00063974622038987
29 0 0.000670718726441755
30 0 0.000608700376361515
31 0 0.000594523506025402
32 0 0.000560222954257505
33 0 0.000639914064594183
34 0 0.000600227542909892
35 0 0.000723287033646214
36 0 0.000587561710989504
37 0 0.000691456901412812
38 0 0.000656112489257787
39 0 0.000785467742305923
40 0 0.000790090981221403
41 0 0.000739500332332055
42 0 0.000729251174951817
43 0 0.00075109503544779
44 0 0.000708420385978736
45 0 0.000741264648211781
46 0 0.000797488652952816
47 0 0.000772103702112559
48 0 0.00092544597563704
49 0 0.00092266786731321
50 0 0.000848111617127612
51 0 0.000956852928088225
52 0 0.00100031852807880
53 0 0.00117734392272273
54 0 0.00114872997431104
55 0 0.00106732661918973
56 0 0.00135158551340364
57 0 0.00144687528055243
58 0 0.00146906185183149
59 0 0.001590336966382
60 0 0.00169199044003121
61 0 0.00201493039657397
62 0 0.00207254583352123
63 0 0.00222912749637205
64 0 0.00238888874393084
65 0 0.00255810292504677
66 0 0.00279421109369904
67 0 0.00311765714688705
68 0 0.00327398227689712
69 0 0.00379201193833556
70 0 0.00382581835922113
71 0 0.00478397266680597
72 0 0.00475208976222197
73 0 0.00520989053129217
74 0 0.00589109513651376
75 0 0.00663143333307237
76 0 0.00826824537117343
77 0 0.00786149879329245
78 0 0.00841325889589095
79 0 0.0106084220200067
80 0 0.0103724048188918
81 0 0.0112319446992877
82 0 0.0130005300643187
83 0 0.0147611897546518
84 0 0.0153079452231534
85 0 0.0174345090573874
86 0 0.0180166355737604
87 0 0.0189208568811552
88 0 0.0198375596968736
89 0 0.0273322363197745
90 0 0.0268534792224679
91 0 0.0329451785972762
92 0 0.0323485022998889
93 0 0.0323229010819942
94 0 0.0315916349894614
95 0 0.0589051402133343
96 0 0.0521788951704932
97 0 0.0494506034429991
98 0 0.0164484763419315
99 0 0.0581525130462465
100 0 0.0304203295089644

death 1 F widowed
1 0 0.0126963664098967
2 0 0.00394567642015609
3 0 0.00249718027550727
4 0 0.00196271605955067
5 0 0.00161739384139203
6 0 0.00126247941256463
7 0 0.00105569147911122
8 0 0.000806148056778588
9 0 0.000731099298202254
10 0 0.000627913985449258
11 0 0.000511938991472616
12 0 0.000434955684997296
13 0 0.000345990978248722
14 0 0.000359961794317964
15 0 0.000331018655623572
16 0 0.000435625552147934
17 0 0.000431020315210362
18 0 0.000440314760474347
19 0 0.000376779816869899
20 0 0.000386905600112120
21 0 0.000441068405811706
22 0 0.000501380294002152
23 0 0.000527192609845462
24 0 0.000500039594812485
25 0 0.000556198310528444
26 0 0.000550832396190359
27 0 0.000534485079388802
28 0 0.00063974622038987
29 0 0.000670718726441755
30 0 0.000608700376361515
31 0 0.000594523506025402
32 0 0.000560222954257505
33 0 0.000639914064594183
34 0 0.000600227542909892
35 0 0.000723287033646214
36 0 0.000587561710989504
37 0 0.000691456901412812
38 0 0.000656112489257787
39 0 0.000785467742305923
40 0 0.000790090981221403
41 0 0.000739500332332055
42 0 0.000729251174951817
43 0 0.00075109503544779
44 0 0.000708420385978736
45 0 0.000741264648211781
46 0 0.000797488652952816
47 0 0.000772103702112559
48 0 0.00092544597563704
49 0 0.00092266786731321
50 0 0.000848111617127612
51 0 0.000956852928088225
52 0 0.00100031852807880
53 0 0.00117734392272273
54 0 0.00114872997431104
55 0 0.00106732661918973
56 0 0.00135158551340364
57 0 0.00144687528055243
58 0 0.00146906185183149
59 0 0.001590336966382
60 0 0.00169199044003121
61 0 0.00201493039657397
62 0 0.00207254583352123
63 0 0.00222912749637205
64 0 0.00238888874393084
65 0 0.00255810292504677
66 0 0.00279421109369904
67 0 0.00311765714688705
68 0 0.00327398227689712
69 0 0.00379201193833556
70 0 0.00382581835922113
71 0 0.00478397266680597
72 0 0.00475208976222197
73 0 0.00520989053129217
74 0 0.00589109513651376
75 0 0.00663143333307237
76 0 0.00826824537117343
77 0 0.00786149879329245
78 0 0.00841325889589095
79 0 0.0106084220200067
80 0 0.0103724048188918
81 0 0.0112319446992877
82 0 0.0130005300643187
83 0 0.0147611897546518
84 0 0.0153079452231534
85 0 0.0174345090573874
86 0 0.0180166355737604
87 0 0.0189208568811552
88 0 0.0198375596968736
89 0 0.0273322363197745
90 0 0.0268534792224679
91 0 0.0329451785972762
92 0 0.0323485022998889
93 0 0.0323229010819942
94 0 0.0315916349894614
95 0 0.0589051402133343
96 0 0.0521788951704932
97 0 0.0494506034429991
98 0 0.0164484763419315
99 0 0.0581525130462465
100 0 0.0304203295089644
