*Period monthly mortality rates for SWE in 1835 
* Mon Dec 20 14:19:41 2010
death 1 M married
1 0 0.0158665061598064
2 0 0.00250745970856836
3 0 0.00185727172242534
4 0 0.00100040278393732
5 0 0.000509089698264131
6 0 0.000456393883507933
7 0 0.000474486298500443
8 0 0.000487974192214247
9 0 0.00047959638290207
10 0 0.000429596925555664
11 0 0.000376947176017883
12 0 0.000333527811380629
13 0 0.000302168342589226
14 0 0.000279596223468848
15 0 0.000272157012570551
16 0 0.000287286834403933
17 0 0.000315045321685359
18 0 0.000340135586309964
19 0 0.000368663268147551
20 0 0.000408583590340683
21 0 0.000469292736690829
22 0 0.000528114613902231
23 0 0.00056357696021947
24 0 0.000575316956210159
25 0 0.000594691266704861
26 0 0.000635718052509393
27 0 0.000683564082493815
28 0 0.0006783585559339
29 0 0.000664170812475939
30 0 0.000685831098584555
31 0 0.000730091226313734
32 0 0.000777986999568103
33 0 0.000788325716774785
34 0 0.00080698881956176
35 0 0.00086291701787411
36 0 0.000918627134163685
37 0 0.000933107260081556
38 0 0.00094051658940475
39 0 0.0009688965438156
40 0 0.00102408177782720
41 0 0.00107955355382161
42 0 0.00112746526967644
43 0 0.00116839581945538
44 0 0.00122978402434304
45 0 0.00132892026150133
46 0 0.00143883187079941
47 0 0.00145568151478992
48 0 0.00145119361559565
49 0 0.00149023730125875
50 0 0.00155514965097892
51 0 0.00163274944877212
52 0 0.00176826284951859
53 0 0.00190585110531527
54 0 0.00203751196953661
55 0 0.00213258662965765
56 0 0.00222460118162837
57 0 0.00226312477657054
58 0 0.00236373910160392
59 0 0.00252776501281970
60 0 0.00274987784469749
61 0 0.00296383975598813
62 0 0.00313784081201829
63 0 0.00346000721748851
64 0 0.00372955974739431
65 0 0.0037890577350963
66 0 0.00396891836552948
67 0 0.00427318018218981
68 0 0.00466317563410079
69 0 0.00503538891317912
70 0 0.00552066412430252
71 0 0.00622716081709618
72 0 0.00684507936191037
73 0 0.00746327437513061
74 0 0.00815090683203645
75 0 0.00878889169607622
76 0 0.00928402695532271
77 0 0.00999226319303581
78 0 0.010864698511718
79 0 0.0121374243887844
80 0 0.0140470066075947
81 0 0.0158870766615863
82 0 0.0184420811219576
83 0 0.0210964258546048
84 0 0.0232439070628236
85 0 0.0248902311616439
86 0 0.0258147326053622
87 0 0.0256311434884579
88 0 0.0252161980361658
89 0 0.0254436187297641
90 0 0.0274179576119093
91 0 0.034263251949469
92 0 0.0451557884659954
93 0 0.056764387638352
94 0 0.063725444662819
95 0 0.0634267891734962
96 0 0.0143621445754392
97 0 0
98 0 0
99 0 0
100 0 0

death 1 M single
1 0 0.0158665061598064
2 0 0.00250745970856836
3 0 0.00185727172242534
4 0 0.00100040278393732
5 0 0.000509089698264131
6 0 0.000456393883507933
7 0 0.000474486298500443
8 0 0.000487974192214247
9 0 0.00047959638290207
10 0 0.000429596925555664
11 0 0.000376947176017883
12 0 0.000333527811380629
13 0 0.000302168342589226
14 0 0.000279596223468848
15 0 0.000272157012570551
16 0 0.000287286834403933
17 0 0.000315045321685359
18 0 0.000340135586309964
19 0 0.000368663268147551
20 0 0.000408583590340683
21 0 0.000469292736690829
22 0 0.000528114613902231
23 0 0.00056357696021947
24 0 0.000575316956210159
25 0 0.000594691266704861
26 0 0.000635718052509393
27 0 0.000683564082493815
28 0 0.0006783585559339
29 0 0.000664170812475939
30 0 0.000685831098584555
31 0 0.000730091226313734
32 0 0.000777986999568103
33 0 0.000788325716774785
34 0 0.00080698881956176
35 0 0.00086291701787411
36 0 0.000918627134163685
37 0 0.000933107260081556
38 0 0.00094051658940475
39 0 0.0009688965438156
40 0 0.00102408177782720
41 0 0.00107955355382161
42 0 0.00112746526967644
43 0 0.00116839581945538
44 0 0.00122978402434304
45 0 0.00132892026150133
46 0 0.00143883187079941
47 0 0.00145568151478992
48 0 0.00145119361559565
49 0 0.00149023730125875
50 0 0.00155514965097892
51 0 0.00163274944877212
52 0 0.00176826284951859
53 0 0.00190585110531527
54 0 0.00203751196953661
55 0 0.00213258662965765
56 0 0.00222460118162837
57 0 0.00226312477657054
58 0 0.00236373910160392
59 0 0.00252776501281970
60 0 0.00274987784469749
61 0 0.00296383975598813
62 0 0.00313784081201829
63 0 0.00346000721748851
64 0 0.00372955974739431
65 0 0.0037890577350963
66 0 0.00396891836552948
67 0 0.00427318018218981
68 0 0.00466317563410079
69 0 0.00503538891317912
70 0 0.00552066412430252
71 0 0.00622716081709618
72 0 0.00684507936191037
73 0 0.00746327437513061
74 0 0.00815090683203645
75 0 0.00878889169607622
76 0 0.00928402695532271
77 0 0.00999226319303581
78 0 0.010864698511718
79 0 0.0121374243887844
80 0 0.0140470066075947
81 0 0.0158870766615863
82 0 0.0184420811219576
83 0 0.0210964258546048
84 0 0.0232439070628236
85 0 0.0248902311616439
86 0 0.0258147326053622
87 0 0.0256311434884579
88 0 0.0252161980361658
89 0 0.0254436187297641
90 0 0.0274179576119093
91 0 0.034263251949469
92 0 0.0451557884659954
93 0 0.056764387638352
94 0 0.063725444662819
95 0 0.0634267891734962
96 0 0.0143621445754392
97 0 0
98 0 0
99 0 0
100 0 0

death 1 M divorced
1 0 0.0158665061598064
2 0 0.00250745970856836
3 0 0.00185727172242534
4 0 0.00100040278393732
5 0 0.000509089698264131
6 0 0.000456393883507933
7 0 0.000474486298500443
8 0 0.000487974192214247
9 0 0.00047959638290207
10 0 0.000429596925555664
11 0 0.000376947176017883
12 0 0.000333527811380629
13 0 0.000302168342589226
14 0 0.000279596223468848
15 0 0.000272157012570551
16 0 0.000287286834403933
17 0 0.000315045321685359
18 0 0.000340135586309964
19 0 0.000368663268147551
20 0 0.000408583590340683
21 0 0.000469292736690829
22 0 0.000528114613902231
23 0 0.00056357696021947
24 0 0.000575316956210159
25 0 0.000594691266704861
26 0 0.000635718052509393
27 0 0.000683564082493815
28 0 0.0006783585559339
29 0 0.000664170812475939
30 0 0.000685831098584555
31 0 0.000730091226313734
32 0 0.000777986999568103
33 0 0.000788325716774785
34 0 0.00080698881956176
35 0 0.00086291701787411
36 0 0.000918627134163685
37 0 0.000933107260081556
38 0 0.00094051658940475
39 0 0.0009688965438156
40 0 0.00102408177782720
41 0 0.00107955355382161
42 0 0.00112746526967644
43 0 0.00116839581945538
44 0 0.00122978402434304
45 0 0.00132892026150133
46 0 0.00143883187079941
47 0 0.00145568151478992
48 0 0.00145119361559565
49 0 0.00149023730125875
50 0 0.00155514965097892
51 0 0.00163274944877212
52 0 0.00176826284951859
53 0 0.00190585110531527
54 0 0.00203751196953661
55 0 0.00213258662965765
56 0 0.00222460118162837
57 0 0.00226312477657054
58 0 0.00236373910160392
59 0 0.00252776501281970
60 0 0.00274987784469749
61 0 0.00296383975598813
62 0 0.00313784081201829
63 0 0.00346000721748851
64 0 0.00372955974739431
65 0 0.0037890577350963
66 0 0.00396891836552948
67 0 0.00427318018218981
68 0 0.00466317563410079
69 0 0.00503538891317912
70 0 0.00552066412430252
71 0 0.00622716081709618
72 0 0.00684507936191037
73 0 0.00746327437513061
74 0 0.00815090683203645
75 0 0.00878889169607622
76 0 0.00928402695532271
77 0 0.00999226319303581
78 0 0.010864698511718
79 0 0.0121374243887844
80 0 0.0140470066075947
81 0 0.0158870766615863
82 0 0.0184420811219576
83 0 0.0210964258546048
84 0 0.0232439070628236
85 0 0.0248902311616439
86 0 0.0258147326053622
87 0 0.0256311434884579
88 0 0.0252161980361658
89 0 0.0254436187297641
90 0 0.0274179576119093
91 0 0.034263251949469
92 0 0.0451557884659954
93 0 0.056764387638352
94 0 0.063725444662819
95 0 0.0634267891734962
96 0 0.0143621445754392
97 0 0
98 0 0
99 0 0
100 0 0

death 1 M widowed
1 0 0.0158665061598064
2 0 0.00250745970856836
3 0 0.00185727172242534
4 0 0.00100040278393732
5 0 0.000509089698264131
6 0 0.000456393883507933
7 0 0.000474486298500443
8 0 0.000487974192214247
9 0 0.00047959638290207
10 0 0.000429596925555664
11 0 0.000376947176017883
12 0 0.000333527811380629
13 0 0.000302168342589226
14 0 0.000279596223468848
15 0 0.000272157012570551
16 0 0.000287286834403933
17 0 0.000315045321685359
18 0 0.000340135586309964
19 0 0.000368663268147551
20 0 0.000408583590340683
21 0 0.000469292736690829
22 0 0.000528114613902231
23 0 0.00056357696021947
24 0 0.000575316956210159
25 0 0.000594691266704861
26 0 0.000635718052509393
27 0 0.000683564082493815
28 0 0.0006783585559339
29 0 0.000664170812475939
30 0 0.000685831098584555
31 0 0.000730091226313734
32 0 0.000777986999568103
33 0 0.000788325716774785
34 0 0.00080698881956176
35 0 0.00086291701787411
36 0 0.000918627134163685
37 0 0.000933107260081556
38 0 0.00094051658940475
39 0 0.0009688965438156
40 0 0.00102408177782720
41 0 0.00107955355382161
42 0 0.00112746526967644
43 0 0.00116839581945538
44 0 0.00122978402434304
45 0 0.00132892026150133
46 0 0.00143883187079941
47 0 0.00145568151478992
48 0 0.00145119361559565
49 0 0.00149023730125875
50 0 0.00155514965097892
51 0 0.00163274944877212
52 0 0.00176826284951859
53 0 0.00190585110531527
54 0 0.00203751196953661
55 0 0.00213258662965765
56 0 0.00222460118162837
57 0 0.00226312477657054
58 0 0.00236373910160392
59 0 0.00252776501281970
60 0 0.00274987784469749
61 0 0.00296383975598813
62 0 0.00313784081201829
63 0 0.00346000721748851
64 0 0.00372955974739431
65 0 0.0037890577350963
66 0 0.00396891836552948
67 0 0.00427318018218981
68 0 0.00466317563410079
69 0 0.00503538891317912
70 0 0.00552066412430252
71 0 0.00622716081709618
72 0 0.00684507936191037
73 0 0.00746327437513061
74 0 0.00815090683203645
75 0 0.00878889169607622
76 0 0.00928402695532271
77 0 0.00999226319303581
78 0 0.010864698511718
79 0 0.0121374243887844
80 0 0.0140470066075947
81 0 0.0158870766615863
82 0 0.0184420811219576
83 0 0.0210964258546048
84 0 0.0232439070628236
85 0 0.0248902311616439
86 0 0.0258147326053622
87 0 0.0256311434884579
88 0 0.0252161980361658
89 0 0.0254436187297641
90 0 0.0274179576119093
91 0 0.034263251949469
92 0 0.0451557884659954
93 0 0.056764387638352
94 0 0.063725444662819
95 0 0.0634267891734962
96 0 0.0143621445754392
97 0 0
98 0 0
99 0 0
100 0 0

death 1 F married
1 0 0.0130311379853715
2 0 0.00231944478839619
3 0 0.0017155957614301
4 0 0.00092418318859211
5 0 0.000466193494457423
6 0 0.000406323481168425
7 0 0.000409169553746591
8 0 0.000413689969883668
9 0 0.000403728610326004
10 0 0.000360463779776832
11 0 0.000318390290103276
12 0 0.000286952446482691
13 0 0.000267309315188258
14 0 0.000256695432414245
15 0 0.000259703966218994
16 0 0.000283859416534749
17 0 0.000317804911742603
18 0 0.000343230532186878
19 0 0.000367408196463748
20 0 0.00039703251176304
21 0 0.000439979808997459
22 0 0.000481858315293682
23 0 0.000496352774039144
24 0 0.000489733630312572
25 0 0.0004899011976226
26 0 0.00050381036170577
27 0 0.000525767712887260
28 0 0.000511519972161811
29 0 0.000500961323380289
30 0 0.000524426653809362
31 0 0.000565337862914461
32 0 0.000610629943945451
33 0 0.000624473695667649
34 0 0.000643606715543421
35 0 0.000695655488750502
36 0 0.000738996248374368
37 0 0.00074286096353482
38 0 0.00074521347935208
39 0 0.000763867725767642
40 0 0.00080816590053201
41 0 0.000847270473625428
42 0 0.000881427163133663
43 0 0.000906926858355694
44 0 0.000936475062115472
45 0 0.000982795008333315
46 0 0.00101540157218660
47 0 0.000988607724249135
48 0 0.000972434132995637
49 0 0.000991556345560585
50 0 0.00103158281791549
51 0 0.00108452912260726
52 0 0.00119203423067804
53 0 0.00131699790393414
54 0 0.00143646131758579
55 0 0.00152361983999028
56 0 0.00161255863547494
57 0 0.00165939462272235
58 0 0.00173818789757485
59 0 0.00184561994128341
60 0 0.00198545498898806
61 0 0.00211254018379925
62 0 0.00222946911419875
63 0 0.00249478190878316
64 0 0.00277161217449096
65 0 0.00295755473759995
66 0 0.00327830209407287
67 0 0.0036745263443535
68 0 0.00411608165602428
69 0 0.00449077512160756
70 0 0.00487212631252265
71 0 0.00537296874252535
72 0 0.00581571448777118
73 0 0.00628287668572425
74 0 0.0068393276396177
75 0 0.00754103981244747
76 0 0.00824487497805138
77 0 0.00904021697578195
78 0 0.00993764961771493
79 0 0.0109958873903253
80 0 0.0121987322408299
81 0 0.0130383583566102
82 0 0.0145092172033678
83 0 0.0160919464936248
84 0 0.0173491024931516
85 0 0.0186622305870253
86 0 0.0200314063845231
87 0 0.0210469199782232
88 0 0.0224413604656043
89 0 0.0249575515319834
90 0 0.0293869358327052
91 0 0.0372713443865549
92 0 0.0479210807953611
93 0 0.0602776777706568
94 0 0.0710725124530663
95 0 0.0781618552840292
96 0 0.0818075655325659
97 0 0.0389355687060965
98 0 0
99 0 0
100 0 0

death 1 F single
1 0 0.0130311379853715
2 0 0.00231944478839619
3 0 0.0017155957614301
4 0 0.00092418318859211
5 0 0.000466193494457423
6 0 0.000406323481168425
7 0 0.000409169553746591
8 0 0.000413689969883668
9 0 0.000403728610326004
10 0 0.000360463779776832
11 0 0.000318390290103276
12 0 0.000286952446482691
13 0 0.000267309315188258
14 0 0.000256695432414245
15 0 0.000259703966218994
16 0 0.000283859416534749
17 0 0.000317804911742603
18 0 0.000343230532186878
19 0 0.000367408196463748
20 0 0.00039703251176304
21 0 0.000439979808997459
22 0 0.000481858315293682
23 0 0.000496352774039144
24 0 0.000489733630312572
25 0 0.0004899011976226
26 0 0.00050381036170577
27 0 0.000525767712887260
28 0 0.000511519972161811
29 0 0.000500961323380289
30 0 0.000524426653809362
31 0 0.000565337862914461
32 0 0.000610629943945451
33 0 0.000624473695667649
34 0 0.000643606715543421
35 0 0.000695655488750502
36 0 0.000738996248374368
37 0 0.00074286096353482
38 0 0.00074521347935208
39 0 0.000763867725767642
40 0 0.00080816590053201
41 0 0.000847270473625428
42 0 0.000881427163133663
43 0 0.000906926858355694
44 0 0.000936475062115472
45 0 0.000982795008333315
46 0 0.00101540157218660
47 0 0.000988607724249135
48 0 0.000972434132995637
49 0 0.000991556345560585
50 0 0.00103158281791549
51 0 0.00108452912260726
52 0 0.00119203423067804
53 0 0.00131699790393414
54 0 0.00143646131758579
55 0 0.00152361983999028
56 0 0.00161255863547494
57 0 0.00165939462272235
58 0 0.00173818789757485
59 0 0.00184561994128341
60 0 0.00198545498898806
61 0 0.00211254018379925
62 0 0.00222946911419875
63 0 0.00249478190878316
64 0 0.00277161217449096
65 0 0.00295755473759995
66 0 0.00327830209407287
67 0 0.0036745263443535
68 0 0.00411608165602428
69 0 0.00449077512160756
70 0 0.00487212631252265
71 0 0.00537296874252535
72 0 0.00581571448777118
73 0 0.00628287668572425
74 0 0.0068393276396177
75 0 0.00754103981244747
76 0 0.00824487497805138
77 0 0.00904021697578195
78 0 0.00993764961771493
79 0 0.0109958873903253
80 0 0.0121987322408299
81 0 0.0130383583566102
82 0 0.0145092172033678
83 0 0.0160919464936248
84 0 0.0173491024931516
85 0 0.0186622305870253
86 0 0.0200314063845231
87 0 0.0210469199782232
88 0 0.0224413604656043
89 0 0.0249575515319834
90 0 0.0293869358327052
91 0 0.0372713443865549
92 0 0.0479210807953611
93 0 0.0602776777706568
94 0 0.0710725124530663
95 0 0.0781618552840292
96 0 0.0818075655325659
97 0 0.0389355687060965
98 0 0
99 0 0
100 0 0

death 1 F divorced
1 0 0.0130311379853715
2 0 0.00231944478839619
3 0 0.0017155957614301
4 0 0.00092418318859211
5 0 0.000466193494457423
6 0 0.000406323481168425
7 0 0.000409169553746591
8 0 0.000413689969883668
9 0 0.000403728610326004
10 0 0.000360463779776832
11 0 0.000318390290103276
12 0 0.000286952446482691
13 0 0.000267309315188258
14 0 0.000256695432414245
15 0 0.000259703966218994
16 0 0.000283859416534749
17 0 0.000317804911742603
18 0 0.000343230532186878
19 0 0.000367408196463748
20 0 0.00039703251176304
21 0 0.000439979808997459
22 0 0.000481858315293682
23 0 0.000496352774039144
24 0 0.000489733630312572
25 0 0.0004899011976226
26 0 0.00050381036170577
27 0 0.000525767712887260
28 0 0.000511519972161811
29 0 0.000500961323380289
30 0 0.000524426653809362
31 0 0.000565337862914461
32 0 0.000610629943945451
33 0 0.000624473695667649
34 0 0.000643606715543421
35 0 0.000695655488750502
36 0 0.000738996248374368
37 0 0.00074286096353482
38 0 0.00074521347935208
39 0 0.000763867725767642
40 0 0.00080816590053201
41 0 0.000847270473625428
42 0 0.000881427163133663
43 0 0.000906926858355694
44 0 0.000936475062115472
45 0 0.000982795008333315
46 0 0.00101540157218660
47 0 0.000988607724249135
48 0 0.000972434132995637
49 0 0.000991556345560585
50 0 0.00103158281791549
51 0 0.00108452912260726
52 0 0.00119203423067804
53 0 0.00131699790393414
54 0 0.00143646131758579
55 0 0.00152361983999028
56 0 0.00161255863547494
57 0 0.00165939462272235
58 0 0.00173818789757485
59 0 0.00184561994128341
60 0 0.00198545498898806
61 0 0.00211254018379925
62 0 0.00222946911419875
63 0 0.00249478190878316
64 0 0.00277161217449096
65 0 0.00295755473759995
66 0 0.00327830209407287
67 0 0.0036745263443535
68 0 0.00411608165602428
69 0 0.00449077512160756
70 0 0.00487212631252265
71 0 0.00537296874252535
72 0 0.00581571448777118
73 0 0.00628287668572425
74 0 0.0068393276396177
75 0 0.00754103981244747
76 0 0.00824487497805138
77 0 0.00904021697578195
78 0 0.00993764961771493
79 0 0.0109958873903253
80 0 0.0121987322408299
81 0 0.0130383583566102
82 0 0.0145092172033678
83 0 0.0160919464936248
84 0 0.0173491024931516
85 0 0.0186622305870253
86 0 0.0200314063845231
87 0 0.0210469199782232
88 0 0.0224413604656043
89 0 0.0249575515319834
90 0 0.0293869358327052
91 0 0.0372713443865549
92 0 0.0479210807953611
93 0 0.0602776777706568
94 0 0.0710725124530663
95 0 0.0781618552840292
96 0 0.0818075655325659
97 0 0.0389355687060965
98 0 0
99 0 0
100 0 0

death 1 F widowed
1 0 0.0130311379853715
2 0 0.00231944478839619
3 0 0.0017155957614301
4 0 0.00092418318859211
5 0 0.000466193494457423
6 0 0.000406323481168425
7 0 0.000409169553746591
8 0 0.000413689969883668
9 0 0.000403728610326004
10 0 0.000360463779776832
11 0 0.000318390290103276
12 0 0.000286952446482691
13 0 0.000267309315188258
14 0 0.000256695432414245
15 0 0.000259703966218994
16 0 0.000283859416534749
17 0 0.000317804911742603
18 0 0.000343230532186878
19 0 0.000367408196463748
20 0 0.00039703251176304
21 0 0.000439979808997459
22 0 0.000481858315293682
23 0 0.000496352774039144
24 0 0.000489733630312572
25 0 0.0004899011976226
26 0 0.00050381036170577
27 0 0.000525767712887260
28 0 0.000511519972161811
29 0 0.000500961323380289
30 0 0.000524426653809362
31 0 0.000565337862914461
32 0 0.000610629943945451
33 0 0.000624473695667649
34 0 0.000643606715543421
35 0 0.000695655488750502
36 0 0.000738996248374368
37 0 0.00074286096353482
38 0 0.00074521347935208
39 0 0.000763867725767642
40 0 0.00080816590053201
41 0 0.000847270473625428
42 0 0.000881427163133663
43 0 0.000906926858355694
44 0 0.000936475062115472
45 0 0.000982795008333315
46 0 0.00101540157218660
47 0 0.000988607724249135
48 0 0.000972434132995637
49 0 0.000991556345560585
50 0 0.00103158281791549
51 0 0.00108452912260726
52 0 0.00119203423067804
53 0 0.00131699790393414
54 0 0.00143646131758579
55 0 0.00152361983999028
56 0 0.00161255863547494
57 0 0.00165939462272235
58 0 0.00173818789757485
59 0 0.00184561994128341
60 0 0.00198545498898806
61 0 0.00211254018379925
62 0 0.00222946911419875
63 0 0.00249478190878316
64 0 0.00277161217449096
65 0 0.00295755473759995
66 0 0.00327830209407287
67 0 0.0036745263443535
68 0 0.00411608165602428
69 0 0.00449077512160756
70 0 0.00487212631252265
71 0 0.00537296874252535
72 0 0.00581571448777118
73 0 0.00628287668572425
74 0 0.0068393276396177
75 0 0.00754103981244747
76 0 0.00824487497805138
77 0 0.00904021697578195
78 0 0.00993764961771493
79 0 0.0109958873903253
80 0 0.0121987322408299
81 0 0.0130383583566102
82 0 0.0145092172033678
83 0 0.0160919464936248
84 0 0.0173491024931516
85 0 0.0186622305870253
86 0 0.0200314063845231
87 0 0.0210469199782232
88 0 0.0224413604656043
89 0 0.0249575515319834
90 0 0.0293869358327052
91 0 0.0372713443865549
92 0 0.0479210807953611
93 0 0.0602776777706568
94 0 0.0710725124530663
95 0 0.0781618552840292
96 0 0.0818075655325659
97 0 0.0389355687060965
98 0 0
99 0 0
100 0 0
