*Period monthly mortality rates for SWE in 1828 
* Mon Dec 20 14:19:35 2010
death 1 M married
1 0 0.0199967450908223
2 0 0.00522595560305783
3 0 0.00337979063580096
4 0 0.00218805732925653
5 0 0.00161247380960006
6 0 0.00134025218014822
7 0 0.00108570980606804
8 0 0.000879996699238217
9 0 0.000745297498900954
10 0 0.000643606715543421
11 0 0.000568021208838032
12 0 0.000497609627951312
13 0 0.00044885644032433
14 0 0.000428843375353094
15 0 0.000425578063349308
16 0 0.000423736144237075
17 0 0.000437551447713291
18 0 0.000474234990288203
19 0 0.000544293116523931
20 0 0.000636892916358711
21 0 0.000698846544909038
22 0 0.000725219036544433
23 0 0.000770843045087455
24 0 0.000830701534636491
25 0 0.000884877198158662
26 0 0.000896237995805516
27 0 0.000904990986819953
28 0 0.000960979581586918
29 0 0.00103132996377731
30 0 0.00108242079746501
31 0 0.00111759406355749
32 0 0.00118587076610777
33 0 0.00127092974784460
34 0 0.00134718733549699
35 0 0.00138043269210097
36 0 0.00140040267698993
37 0 0.00142901141046536
38 0 0.00150912997137287
39 0 0.00160908083961209
40 0 0.00164573162960513
41 0 0.00165116263522547
42 0 0.00172468289945116
43 0 0.00182045039730805
44 0 0.00192593704802302
45 0 0.00202728565526467
46 0 0.00214359273246090
47 0 0.00222648000183889
48 0 0.00226936184180992
49 0 0.00231303331152155
50 0 0.00238101803807278
51 0 0.00250788804356794
52 0 0.00268530694345015
53 0 0.00288423303087360
54 0 0.00303869079625518
55 0 0.00303912164858344
56 0 0.00311506982257936
57 0 0.00319971363684080
58 0 0.00318892384126801
59 0 0.00333931990719616
60 0 0.00362724516267054
61 0 0.00403763450305983
62 0 0.00435655307392291
63 0 0.00463545721062686
64 0 0.00499355505151966
65 0 0.00529545666918119
66 0 0.00556557806804869
67 0 0.00583535362367671
68 0 0.00619842343515087
69 0 0.00662596416977923
70 0 0.00717759390514439
71 0 0.0077502253332481
72 0 0.00840502882422756
73 0 0.00904104577042764
74 0 0.00965608341070534
75 0 0.0105874342739236
76 0 0.0118450959001166
77 0 0.0131196516877797
78 0 0.0142494610727187
79 0 0.0156828732176777
80 0 0.0177946187745500
81 0 0.0172097972753177
82 0 0.0190754252071140
83 0 0.0211309909597243
84 0 0.0232870924613511
85 0 0.0252845396953871
86 0 0.0267693138601112
87 0 0.0280951068386373
88 0 0.0296540146136763
89 0 0.0318670372559682
90 0 0.0354772155329736
91 0 0.0423185862060591
92 0 0.0514061528327814
93 0 0.0582546965350244
94 0 0.0573129226925959
95 0 0.0526696706178263
96 0 0.0492493573403896
97 0 0.0472154116397396
98 0 0.0458559933210748
99 0 0.0426587586097404
100 0 0.0240489807308052

death 1 M single
1 0 0.0199967450908223
2 0 0.00522595560305783
3 0 0.00337979063580096
4 0 0.00218805732925653
5 0 0.00161247380960006
6 0 0.00134025218014822
7 0 0.00108570980606804
8 0 0.000879996699238217
9 0 0.000745297498900954
10 0 0.000643606715543421
11 0 0.000568021208838032
12 0 0.000497609627951312
13 0 0.00044885644032433
14 0 0.000428843375353094
15 0 0.000425578063349308
16 0 0.000423736144237075
17 0 0.000437551447713291
18 0 0.000474234990288203
19 0 0.000544293116523931
20 0 0.000636892916358711
21 0 0.000698846544909038
22 0 0.000725219036544433
23 0 0.000770843045087455
24 0 0.000830701534636491
25 0 0.000884877198158662
26 0 0.000896237995805516
27 0 0.000904990986819953
28 0 0.000960979581586918
29 0 0.00103132996377731
30 0 0.00108242079746501
31 0 0.00111759406355749
32 0 0.00118587076610777
33 0 0.00127092974784460
34 0 0.00134718733549699
35 0 0.00138043269210097
36 0 0.00140040267698993
37 0 0.00142901141046536
38 0 0.00150912997137287
39 0 0.00160908083961209
40 0 0.00164573162960513
41 0 0.00165116263522547
42 0 0.00172468289945116
43 0 0.00182045039730805
44 0 0.00192593704802302
45 0 0.00202728565526467
46 0 0.00214359273246090
47 0 0.00222648000183889
48 0 0.00226936184180992
49 0 0.00231303331152155
50 0 0.00238101803807278
51 0 0.00250788804356794
52 0 0.00268530694345015
53 0 0.00288423303087360
54 0 0.00303869079625518
55 0 0.00303912164858344
56 0 0.00311506982257936
57 0 0.00319971363684080
58 0 0.00318892384126801
59 0 0.00333931990719616
60 0 0.00362724516267054
61 0 0.00403763450305983
62 0 0.00435655307392291
63 0 0.00463545721062686
64 0 0.00499355505151966
65 0 0.00529545666918119
66 0 0.00556557806804869
67 0 0.00583535362367671
68 0 0.00619842343515087
69 0 0.00662596416977923
70 0 0.00717759390514439
71 0 0.0077502253332481
72 0 0.00840502882422756
73 0 0.00904104577042764
74 0 0.00965608341070534
75 0 0.0105874342739236
76 0 0.0118450959001166
77 0 0.0131196516877797
78 0 0.0142494610727187
79 0 0.0156828732176777
80 0 0.0177946187745500
81 0 0.0172097972753177
82 0 0.0190754252071140
83 0 0.0211309909597243
84 0 0.0232870924613511
85 0 0.0252845396953871
86 0 0.0267693138601112
87 0 0.0280951068386373
88 0 0.0296540146136763
89 0 0.0318670372559682
90 0 0.0354772155329736
91 0 0.0423185862060591
92 0 0.0514061528327814
93 0 0.0582546965350244
94 0 0.0573129226925959
95 0 0.0526696706178263
96 0 0.0492493573403896
97 0 0.0472154116397396
98 0 0.0458559933210748
99 0 0.0426587586097404
100 0 0.0240489807308052

death 1 M divorced
1 0 0.0199967450908223
2 0 0.00522595560305783
3 0 0.00337979063580096
4 0 0.00218805732925653
5 0 0.00161247380960006
6 0 0.00134025218014822
7 0 0.00108570980606804
8 0 0.000879996699238217
9 0 0.000745297498900954
10 0 0.000643606715543421
11 0 0.000568021208838032
12 0 0.000497609627951312
13 0 0.00044885644032433
14 0 0.000428843375353094
15 0 0.000425578063349308
16 0 0.000423736144237075
17 0 0.000437551447713291
18 0 0.000474234990288203
19 0 0.000544293116523931
20 0 0.000636892916358711
21 0 0.000698846544909038
22 0 0.000725219036544433
23 0 0.000770843045087455
24 0 0.000830701534636491
25 0 0.000884877198158662
26 0 0.000896237995805516
27 0 0.000904990986819953
28 0 0.000960979581586918
29 0 0.00103132996377731
30 0 0.00108242079746501
31 0 0.00111759406355749
32 0 0.00118587076610777
33 0 0.00127092974784460
34 0 0.00134718733549699
35 0 0.00138043269210097
36 0 0.00140040267698993
37 0 0.00142901141046536
38 0 0.00150912997137287
39 0 0.00160908083961209
40 0 0.00164573162960513
41 0 0.00165116263522547
42 0 0.00172468289945116
43 0 0.00182045039730805
44 0 0.00192593704802302
45 0 0.00202728565526467
46 0 0.00214359273246090
47 0 0.00222648000183889
48 0 0.00226936184180992
49 0 0.00231303331152155
50 0 0.00238101803807278
51 0 0.00250788804356794
52 0 0.00268530694345015
53 0 0.00288423303087360
54 0 0.00303869079625518
55 0 0.00303912164858344
56 0 0.00311506982257936
57 0 0.00319971363684080
58 0 0.00318892384126801
59 0 0.00333931990719616
60 0 0.00362724516267054
61 0 0.00403763450305983
62 0 0.00435655307392291
63 0 0.00463545721062686
64 0 0.00499355505151966
65 0 0.00529545666918119
66 0 0.00556557806804869
67 0 0.00583535362367671
68 0 0.00619842343515087
69 0 0.00662596416977923
70 0 0.00717759390514439
71 0 0.0077502253332481
72 0 0.00840502882422756
73 0 0.00904104577042764
74 0 0.00965608341070534
75 0 0.0105874342739236
76 0 0.0118450959001166
77 0 0.0131196516877797
78 0 0.0142494610727187
79 0 0.0156828732176777
80 0 0.0177946187745500
81 0 0.0172097972753177
82 0 0.0190754252071140
83 0 0.0211309909597243
84 0 0.0232870924613511
85 0 0.0252845396953871
86 0 0.0267693138601112
87 0 0.0280951068386373
88 0 0.0296540146136763
89 0 0.0318670372559682
90 0 0.0354772155329736
91 0 0.0423185862060591
92 0 0.0514061528327814
93 0 0.0582546965350244
94 0 0.0573129226925959
95 0 0.0526696706178263
96 0 0.0492493573403896
97 0 0.0472154116397396
98 0 0.0458559933210748
99 0 0.0426587586097404
100 0 0.0240489807308052

death 1 M widowed
1 0 0.0199967450908223
2 0 0.00522595560305783
3 0 0.00337979063580096
4 0 0.00218805732925653
5 0 0.00161247380960006
6 0 0.00134025218014822
7 0 0.00108570980606804
8 0 0.000879996699238217
9 0 0.000745297498900954
10 0 0.000643606715543421
11 0 0.000568021208838032
12 0 0.000497609627951312
13 0 0.00044885644032433
14 0 0.000428843375353094
15 0 0.000425578063349308
16 0 0.000423736144237075
17 0 0.000437551447713291
18 0 0.000474234990288203
19 0 0.000544293116523931
20 0 0.000636892916358711
21 0 0.000698846544909038
22 0 0.000725219036544433
23 0 0.000770843045087455
24 0 0.000830701534636491
25 0 0.000884877198158662
26 0 0.000896237995805516
27 0 0.000904990986819953
28 0 0.000960979581586918
29 0 0.00103132996377731
30 0 0.00108242079746501
31 0 0.00111759406355749
32 0 0.00118587076610777
33 0 0.00127092974784460
34 0 0.00134718733549699
35 0 0.00138043269210097
36 0 0.00140040267698993
37 0 0.00142901141046536
38 0 0.00150912997137287
39 0 0.00160908083961209
40 0 0.00164573162960513
41 0 0.00165116263522547
42 0 0.00172468289945116
43 0 0.00182045039730805
44 0 0.00192593704802302
45 0 0.00202728565526467
46 0 0.00214359273246090
47 0 0.00222648000183889
48 0 0.00226936184180992
49 0 0.00231303331152155
50 0 0.00238101803807278
51 0 0.00250788804356794
52 0 0.00268530694345015
53 0 0.00288423303087360
54 0 0.00303869079625518
55 0 0.00303912164858344
56 0 0.00311506982257936
57 0 0.00319971363684080
58 0 0.00318892384126801
59 0 0.00333931990719616
60 0 0.00362724516267054
61 0 0.00403763450305983
62 0 0.00435655307392291
63 0 0.00463545721062686
64 0 0.00499355505151966
65 0 0.00529545666918119
66 0 0.00556557806804869
67 0 0.00583535362367671
68 0 0.00619842343515087
69 0 0.00662596416977923
70 0 0.00717759390514439
71 0 0.0077502253332481
72 0 0.00840502882422756
73 0 0.00904104577042764
74 0 0.00965608341070534
75 0 0.0105874342739236
76 0 0.0118450959001166
77 0 0.0131196516877797
78 0 0.0142494610727187
79 0 0.0156828732176777
80 0 0.0177946187745500
81 0 0.0172097972753177
82 0 0.0190754252071140
83 0 0.0211309909597243
84 0 0.0232870924613511
85 0 0.0252845396953871
86 0 0.0267693138601112
87 0 0.0280951068386373
88 0 0.0296540146136763
89 0 0.0318670372559682
90 0 0.0354772155329736
91 0 0.0423185862060591
92 0 0.0514061528327814
93 0 0.0582546965350244
94 0 0.0573129226925959
95 0 0.0526696706178263
96 0 0.0492493573403896
97 0 0.0472154116397396
98 0 0.0458559933210748
99 0 0.0426587586097404
100 0 0.0240489807308052

death 1 F married
1 0 0.0166656651414161
2 0 0.00469862548388111
3 0 0.00301327413348174
4 0 0.00201765692966815
5 0 0.00152760284073361
6 0 0.00123366968138860
7 0 0.000952305404663956
8 0 0.000730931285443992
9 0 0.000591503866764875
10 0 0.000509592508220247
11 0 0.000473481069821813
12 0 0.000439979808997459
13 0 0.000416703705573562
14 0 0.000410508912862761
15 0 0.000413355116532177
16 0 0.000405821242319360
17 0 0.000408416172918757
18 0 0.000430266753204012
19 0 0.000476748103687918
20 0 0.000538257276069709
21 0 0.000567182654723775
22 0 0.000576742630442939
23 0 0.000603918581142282
24 0 0.000637564273951119
25 0 0.000667948397551799
26 0 0.000665765773681937
27 0 0.000662743765658225
28 0 0.000701113942402243
29 0 0.000744709363691087
30 0 0.000771263262151933
31 0 0.000788325716774785
32 0 0.000828767286998655
33 0 0.00088327838514668
34 0 0.000923678078690093
35 0 0.000934791145488556
36 0 0.000941863805133836
37 0 0.00095693714363232
38 0 0.00101321058345538
39 0 0.00108385445323622
40 0 0.00113176843895069
41 0 0.00117861023497390
42 0 0.00124938294696708
43 0 0.00130524619009942
44 0 0.00133382494819945
45 0 0.00133670023256216
46 0 0.00134329681726009
47 0 0.00135564555905843
48 0 0.00137315658614867
49 0 0.00142613320099350
50 0 0.00152989102658607
51 0 0.00169759402531588
52 0 0.00188840717825456
53 0 0.00207987823232014
54 0 0.00222016048855189
55 0 0.00221563462123187
56 0 0.00224586828310702
57 0 0.00227577023225078
58 0 0.00226671317267113
59 0 0.00239984042761821
60 0 0.00266007496759535
61 0 0.00305015216561555
62 0 0.00339146824469194
63 0 0.00369309854960898
64 0 0.00406246874826943
65 0 0.00439083339049107
66 0 0.00470433034609286
67 0 0.00499478777286755
68 0 0.00538773627217060
69 0 0.00581313772329539
70 0 0.00630949671299619
71 0 0.00683348642168391
72 0 0.0074611931016918
73 0 0.0080295318858642
74 0 0.00862548829139653
75 0 0.00952923944159811
76 0 0.0106535060125743
77 0 0.0116173743520384
78 0 0.0124177033745266
79 0 0.0135406835015059
80 0 0.0151947565901753
81 0 0.0147335175251903
82 0 0.0164362757561175
83 0 0.0183359891128642
84 0 0.0202654364870779
85 0 0.0219248255260622
86 0 0.0229846966591525
87 0 0.0237309582058989
88 0 0.0244178988047146
89 0 0.0253422129133525
90 0 0.0271022853444292
91 0 0.0305052372751504
92 0 0.0342387983984221
93 0 0.0378513611320613
94 0 0.0409332774656485
95 0 0.0442377353776289
96 0 0.0494896272839355
97 0 0.0534140906345181
98 0 0.054889503382685
99 0 0.0583637837926643
100 0 0.068004244697954

death 1 F single
1 0 0.0166656651414161
2 0 0.00469862548388111
3 0 0.00301327413348174
4 0 0.00201765692966815
5 0 0.00152760284073361
6 0 0.00123366968138860
7 0 0.000952305404663956
8 0 0.000730931285443992
9 0 0.000591503866764875
10 0 0.000509592508220247
11 0 0.000473481069821813
12 0 0.000439979808997459
13 0 0.000416703705573562
14 0 0.000410508912862761
15 0 0.000413355116532177
16 0 0.000405821242319360
17 0 0.000408416172918757
18 0 0.000430266753204012
19 0 0.000476748103687918
20 0 0.000538257276069709
21 0 0.000567182654723775
22 0 0.000576742630442939
23 0 0.000603918581142282
24 0 0.000637564273951119
25 0 0.000667948397551799
26 0 0.000665765773681937
27 0 0.000662743765658225
28 0 0.000701113942402243
29 0 0.000744709363691087
30 0 0.000771263262151933
31 0 0.000788325716774785
32 0 0.000828767286998655
33 0 0.00088327838514668
34 0 0.000923678078690093
35 0 0.000934791145488556
36 0 0.000941863805133836
37 0 0.00095693714363232
38 0 0.00101321058345538
39 0 0.00108385445323622
40 0 0.00113176843895069
41 0 0.00117861023497390
42 0 0.00124938294696708
43 0 0.00130524619009942
44 0 0.00133382494819945
45 0 0.00133670023256216
46 0 0.00134329681726009
47 0 0.00135564555905843
48 0 0.00137315658614867
49 0 0.00142613320099350
50 0 0.00152989102658607
51 0 0.00169759402531588
52 0 0.00188840717825456
53 0 0.00207987823232014
54 0 0.00222016048855189
55 0 0.00221563462123187
56 0 0.00224586828310702
57 0 0.00227577023225078
58 0 0.00226671317267113
59 0 0.00239984042761821
60 0 0.00266007496759535
61 0 0.00305015216561555
62 0 0.00339146824469194
63 0 0.00369309854960898
64 0 0.00406246874826943
65 0 0.00439083339049107
66 0 0.00470433034609286
67 0 0.00499478777286755
68 0 0.00538773627217060
69 0 0.00581313772329539
70 0 0.00630949671299619
71 0 0.00683348642168391
72 0 0.0074611931016918
73 0 0.0080295318858642
74 0 0.00862548829139653
75 0 0.00952923944159811
76 0 0.0106535060125743
77 0 0.0116173743520384
78 0 0.0124177033745266
79 0 0.0135406835015059
80 0 0.0151947565901753
81 0 0.0147335175251903
82 0 0.0164362757561175
83 0 0.0183359891128642
84 0 0.0202654364870779
85 0 0.0219248255260622
86 0 0.0229846966591525
87 0 0.0237309582058989
88 0 0.0244178988047146
89 0 0.0253422129133525
90 0 0.0271022853444292
91 0 0.0305052372751504
92 0 0.0342387983984221
93 0 0.0378513611320613
94 0 0.0409332774656485
95 0 0.0442377353776289
96 0 0.0494896272839355
97 0 0.0534140906345181
98 0 0.054889503382685
99 0 0.0583637837926643
100 0 0.068004244697954

death 1 F divorced
1 0 0.0166656651414161
2 0 0.00469862548388111
3 0 0.00301327413348174
4 0 0.00201765692966815
5 0 0.00152760284073361
6 0 0.00123366968138860
7 0 0.000952305404663956
8 0 0.000730931285443992
9 0 0.000591503866764875
10 0 0.000509592508220247
11 0 0.000473481069821813
12 0 0.000439979808997459
13 0 0.000416703705573562
14 0 0.000410508912862761
15 0 0.000413355116532177
16 0 0.000405821242319360
17 0 0.000408416172918757
18 0 0.000430266753204012
19 0 0.000476748103687918
20 0 0.000538257276069709
21 0 0.000567182654723775
22 0 0.000576742630442939
23 0 0.000603918581142282
24 0 0.000637564273951119
25 0 0.000667948397551799
26 0 0.000665765773681937
27 0 0.000662743765658225
28 0 0.000701113942402243
29 0 0.000744709363691087
30 0 0.000771263262151933
31 0 0.000788325716774785
32 0 0.000828767286998655
33 0 0.00088327838514668
34 0 0.000923678078690093
35 0 0.000934791145488556
36 0 0.000941863805133836
37 0 0.00095693714363232
38 0 0.00101321058345538
39 0 0.00108385445323622
40 0 0.00113176843895069
41 0 0.00117861023497390
42 0 0.00124938294696708
43 0 0.00130524619009942
44 0 0.00133382494819945
45 0 0.00133670023256216
46 0 0.00134329681726009
47 0 0.00135564555905843
48 0 0.00137315658614867
49 0 0.00142613320099350
50 0 0.00152989102658607
51 0 0.00169759402531588
52 0 0.00188840717825456
53 0 0.00207987823232014
54 0 0.00222016048855189
55 0 0.00221563462123187
56 0 0.00224586828310702
57 0 0.00227577023225078
58 0 0.00226671317267113
59 0 0.00239984042761821
60 0 0.00266007496759535
61 0 0.00305015216561555
62 0 0.00339146824469194
63 0 0.00369309854960898
64 0 0.00406246874826943
65 0 0.00439083339049107
66 0 0.00470433034609286
67 0 0.00499478777286755
68 0 0.00538773627217060
69 0 0.00581313772329539
70 0 0.00630949671299619
71 0 0.00683348642168391
72 0 0.0074611931016918
73 0 0.0080295318858642
74 0 0.00862548829139653
75 0 0.00952923944159811
76 0 0.0106535060125743
77 0 0.0116173743520384
78 0 0.0124177033745266
79 0 0.0135406835015059
80 0 0.0151947565901753
81 0 0.0147335175251903
82 0 0.0164362757561175
83 0 0.0183359891128642
84 0 0.0202654364870779
85 0 0.0219248255260622
86 0 0.0229846966591525
87 0 0.0237309582058989
88 0 0.0244178988047146
89 0 0.0253422129133525
90 0 0.0271022853444292
91 0 0.0305052372751504
92 0 0.0342387983984221
93 0 0.0378513611320613
94 0 0.0409332774656485
95 0 0.0442377353776289
96 0 0.0494896272839355
97 0 0.0534140906345181
98 0 0.054889503382685
99 0 0.0583637837926643
100 0 0.068004244697954

death 1 F widowed
1 0 0.0166656651414161
2 0 0.00469862548388111
3 0 0.00301327413348174
4 0 0.00201765692966815
5 0 0.00152760284073361
6 0 0.00123366968138860
7 0 0.000952305404663956
8 0 0.000730931285443992
9 0 0.000591503866764875
10 0 0.000509592508220247
11 0 0.000473481069821813
12 0 0.000439979808997459
13 0 0.000416703705573562
14 0 0.000410508912862761
15 0 0.000413355116532177
16 0 0.000405821242319360
17 0 0.000408416172918757
18 0 0.000430266753204012
19 0 0.000476748103687918
20 0 0.000538257276069709
21 0 0.000567182654723775
22 0 0.000576742630442939
23 0 0.000603918581142282
24 0 0.000637564273951119
25 0 0.000667948397551799
26 0 0.000665765773681937
27 0 0.000662743765658225
28 0 0.000701113942402243
29 0 0.000744709363691087
30 0 0.000771263262151933
31 0 0.000788325716774785
32 0 0.000828767286998655
33 0 0.00088327838514668
34 0 0.000923678078690093
35 0 0.000934791145488556
36 0 0.000941863805133836
37 0 0.00095693714363232
38 0 0.00101321058345538
39 0 0.00108385445323622
40 0 0.00113176843895069
41 0 0.00117861023497390
42 0 0.00124938294696708
43 0 0.00130524619009942
44 0 0.00133382494819945
45 0 0.00133670023256216
46 0 0.00134329681726009
47 0 0.00135564555905843
48 0 0.00137315658614867
49 0 0.00142613320099350
50 0 0.00152989102658607
51 0 0.00169759402531588
52 0 0.00188840717825456
53 0 0.00207987823232014
54 0 0.00222016048855189
55 0 0.00221563462123187
56 0 0.00224586828310702
57 0 0.00227577023225078
58 0 0.00226671317267113
59 0 0.00239984042761821
60 0 0.00266007496759535
61 0 0.00305015216561555
62 0 0.00339146824469194
63 0 0.00369309854960898
64 0 0.00406246874826943
65 0 0.00439083339049107
66 0 0.00470433034609286
67 0 0.00499478777286755
68 0 0.00538773627217060
69 0 0.00581313772329539
70 0 0.00630949671299619
71 0 0.00683348642168391
72 0 0.0074611931016918
73 0 0.0080295318858642
74 0 0.00862548829139653
75 0 0.00952923944159811
76 0 0.0106535060125743
77 0 0.0116173743520384
78 0 0.0124177033745266
79 0 0.0135406835015059
80 0 0.0151947565901753
81 0 0.0147335175251903
82 0 0.0164362757561175
83 0 0.0183359891128642
84 0 0.0202654364870779
85 0 0.0219248255260622
86 0 0.0229846966591525
87 0 0.0237309582058989
88 0 0.0244178988047146
89 0 0.0253422129133525
90 0 0.0271022853444292
91 0 0.0305052372751504
92 0 0.0342387983984221
93 0 0.0378513611320613
94 0 0.0409332774656485
95 0 0.0442377353776289
96 0 0.0494896272839355
97 0 0.0534140906345181
98 0 0.054889503382685
99 0 0.0583637837926643
100 0 0.068004244697954
