*Period monthly mortality rates for SWE in 2061 
* Mon Dec 20 14:21:52 2010
death 1 M married
1 0 0.000176838560643211
2 0 0.0000183351822042876
3 0 0.00000583352049443597
4 0 0.00000416676215586609
5 0 0.00000333339444602565
6 0 0.00000333339444602565
7 0 0.00000333339444602565
8 0 0.00000250003437562984
9 0 0.00000250003437562984
10 0 0.00000250003437562984
11 0 0.00000333339444602565
12 0 0.00000333339444602565
13 0 0.00000333339444602565
14 0 0.00000416676215586609
15 0 0.00000500013750526218
16 0 0.00000666691112360951
17 0 0.00000916712885190574
18 0 0.0000116674153447516
19 0 0.0000158347123201397
20 0 0.0000208357208674181
21 0 0.0000250034381590325
22 0 0.0000266705785775256
23 0 0.0000266705785775256
24 0 0.0000266705785775256
25 0 0.0000258370045466139
26 0 0.0000258370045466139
27 0 0.0000258370045466139
28 0 0.0000241698794146705
29 0 0.0000233363283135279
30 0 0.0000233363283135279
31 0 0.0000241698794146705
32 0 0.0000225027848553827
33 0 0.0000233363283135279
34 0 0.0000250034381590325
35 0 0.0000250034381590325
36 0 0.0000275041602521009
37 0 0.0000300049511388067
38 0 0.0000308385633891461
39 0 0.0000333394460065861
40 0 0.0000366740631904117
41 0 0.0000383414176537977
42 0 0.0000425099376131222
43 0 0.0000475124138960004
44 0 0.0000533489841776369
45 0 0.00005668433545436
46 0 0.0000633554051622243
47 0 0.0000691929927806312
48 0 0.0000750309553007034
49 0 0.0000850397634148958
50 0 0.0000925470927749528
51 0 0.000100889297087292
52 0 0.000115072801694871
53 0 0.000125920504593591
54 0 0.000144281105325716
55 0 0.000155132294736626
56 0 0.000169324266588666
57 0 0.000188528697419477
58 0 0.000211078208056104
59 0 0.000222772749752909
60 0 0.000251180045748089
61 0 0.000269565969733043
62 0 0.000297987897547314
63 0 0.000331436843438837
64 0 0.000364061423379858
65 0 0.00040925326311303
66 0 0.000445255438177972
67 0 0.000488812015631224
68 0 0.000546640496100648
69 0 0.00059947257628945
70 0 0.000664926316925163
71 0 0.000741348664108354
72 0 0.000815312791019873
73 0 0.000912061326182378
74 0 0.00101902524647612
75 0 0.00114045977521504
76 0 0.00129755344586369
77 0 0.00143290560383080
78 0 0.00167195620749683
79 0 0.00191248918767795
80 0 0.00219377700718482
81 0 0.00254361830529348
82 0 0.00298605605331337
83 0 0.00353370983459322
84 0 0.00413352359128871
85 0 0.00496943231491276
86 0 0.00590559178423966
87 0 0.00705040405004642
88 0 0.00831217254022532
89 0 0.00995578844159328
90 0 0.0117210109697679
91 0 0.0138435512339282
92 0 0.0166087384996021
93 0 0.0198530394533913
94 0 0.0228162118439033
95 0 0.0266612187641316
96 0 0.0297815240136048
97 0 0.0351753278487403
98 0 0.0397053834903066
99 0 0.0437974590609896
100 0 0.0494334268904295

death 1 M single
1 0 0.000176838560643211
2 0 0.0000183351822042876
3 0 0.00000583352049443597
4 0 0.00000416676215586609
5 0 0.00000333339444602565
6 0 0.00000333339444602565
7 0 0.00000333339444602565
8 0 0.00000250003437562984
9 0 0.00000250003437562984
10 0 0.00000250003437562984
11 0 0.00000333339444602565
12 0 0.00000333339444602565
13 0 0.00000333339444602565
14 0 0.00000416676215586609
15 0 0.00000500013750526218
16 0 0.00000666691112360951
17 0 0.00000916712885190574
18 0 0.0000116674153447516
19 0 0.0000158347123201397
20 0 0.0000208357208674181
21 0 0.0000250034381590325
22 0 0.0000266705785775256
23 0 0.0000266705785775256
24 0 0.0000266705785775256
25 0 0.0000258370045466139
26 0 0.0000258370045466139
27 0 0.0000258370045466139
28 0 0.0000241698794146705
29 0 0.0000233363283135279
30 0 0.0000233363283135279
31 0 0.0000241698794146705
32 0 0.0000225027848553827
33 0 0.0000233363283135279
34 0 0.0000250034381590325
35 0 0.0000250034381590325
36 0 0.0000275041602521009
37 0 0.0000300049511388067
38 0 0.0000308385633891461
39 0 0.0000333394460065861
40 0 0.0000366740631904117
41 0 0.0000383414176537977
42 0 0.0000425099376131222
43 0 0.0000475124138960004
44 0 0.0000533489841776369
45 0 0.00005668433545436
46 0 0.0000633554051622243
47 0 0.0000691929927806312
48 0 0.0000750309553007034
49 0 0.0000850397634148958
50 0 0.0000925470927749528
51 0 0.000100889297087292
52 0 0.000115072801694871
53 0 0.000125920504593591
54 0 0.000144281105325716
55 0 0.000155132294736626
56 0 0.000169324266588666
57 0 0.000188528697419477
58 0 0.000211078208056104
59 0 0.000222772749752909
60 0 0.000251180045748089
61 0 0.000269565969733043
62 0 0.000297987897547314
63 0 0.000331436843438837
64 0 0.000364061423379858
65 0 0.00040925326311303
66 0 0.000445255438177972
67 0 0.000488812015631224
68 0 0.000546640496100648
69 0 0.00059947257628945
70 0 0.000664926316925163
71 0 0.000741348664108354
72 0 0.000815312791019873
73 0 0.000912061326182378
74 0 0.00101902524647612
75 0 0.00114045977521504
76 0 0.00129755344586369
77 0 0.00143290560383080
78 0 0.00167195620749683
79 0 0.00191248918767795
80 0 0.00219377700718482
81 0 0.00254361830529348
82 0 0.00298605605331337
83 0 0.00353370983459322
84 0 0.00413352359128871
85 0 0.00496943231491276
86 0 0.00590559178423966
87 0 0.00705040405004642
88 0 0.00831217254022532
89 0 0.00995578844159328
90 0 0.0117210109697679
91 0 0.0138435512339282
92 0 0.0166087384996021
93 0 0.0198530394533913
94 0 0.0228162118439033
95 0 0.0266612187641316
96 0 0.0297815240136048
97 0 0.0351753278487403
98 0 0.0397053834903066
99 0 0.0437974590609896
100 0 0.0494334268904295

death 1 M divorced
1 0 0.000176838560643211
2 0 0.0000183351822042876
3 0 0.00000583352049443597
4 0 0.00000416676215586609
5 0 0.00000333339444602565
6 0 0.00000333339444602565
7 0 0.00000333339444602565
8 0 0.00000250003437562984
9 0 0.00000250003437562984
10 0 0.00000250003437562984
11 0 0.00000333339444602565
12 0 0.00000333339444602565
13 0 0.00000333339444602565
14 0 0.00000416676215586609
15 0 0.00000500013750526218
16 0 0.00000666691112360951
17 0 0.00000916712885190574
18 0 0.0000116674153447516
19 0 0.0000158347123201397
20 0 0.0000208357208674181
21 0 0.0000250034381590325
22 0 0.0000266705785775256
23 0 0.0000266705785775256
24 0 0.0000266705785775256
25 0 0.0000258370045466139
26 0 0.0000258370045466139
27 0 0.0000258370045466139
28 0 0.0000241698794146705
29 0 0.0000233363283135279
30 0 0.0000233363283135279
31 0 0.0000241698794146705
32 0 0.0000225027848553827
33 0 0.0000233363283135279
34 0 0.0000250034381590325
35 0 0.0000250034381590325
36 0 0.0000275041602521009
37 0 0.0000300049511388067
38 0 0.0000308385633891461
39 0 0.0000333394460065861
40 0 0.0000366740631904117
41 0 0.0000383414176537977
42 0 0.0000425099376131222
43 0 0.0000475124138960004
44 0 0.0000533489841776369
45 0 0.00005668433545436
46 0 0.0000633554051622243
47 0 0.0000691929927806312
48 0 0.0000750309553007034
49 0 0.0000850397634148958
50 0 0.0000925470927749528
51 0 0.000100889297087292
52 0 0.000115072801694871
53 0 0.000125920504593591
54 0 0.000144281105325716
55 0 0.000155132294736626
56 0 0.000169324266588666
57 0 0.000188528697419477
58 0 0.000211078208056104
59 0 0.000222772749752909
60 0 0.000251180045748089
61 0 0.000269565969733043
62 0 0.000297987897547314
63 0 0.000331436843438837
64 0 0.000364061423379858
65 0 0.00040925326311303
66 0 0.000445255438177972
67 0 0.000488812015631224
68 0 0.000546640496100648
69 0 0.00059947257628945
70 0 0.000664926316925163
71 0 0.000741348664108354
72 0 0.000815312791019873
73 0 0.000912061326182378
74 0 0.00101902524647612
75 0 0.00114045977521504
76 0 0.00129755344586369
77 0 0.00143290560383080
78 0 0.00167195620749683
79 0 0.00191248918767795
80 0 0.00219377700718482
81 0 0.00254361830529348
82 0 0.00298605605331337
83 0 0.00353370983459322
84 0 0.00413352359128871
85 0 0.00496943231491276
86 0 0.00590559178423966
87 0 0.00705040405004642
88 0 0.00831217254022532
89 0 0.00995578844159328
90 0 0.0117210109697679
91 0 0.0138435512339282
92 0 0.0166087384996021
93 0 0.0198530394533913
94 0 0.0228162118439033
95 0 0.0266612187641316
96 0 0.0297815240136048
97 0 0.0351753278487403
98 0 0.0397053834903066
99 0 0.0437974590609896
100 0 0.0494334268904295

death 1 M widowed
1 0 0.000176838560643211
2 0 0.0000183351822042876
3 0 0.00000583352049443597
4 0 0.00000416676215586609
5 0 0.00000333339444602565
6 0 0.00000333339444602565
7 0 0.00000333339444602565
8 0 0.00000250003437562984
9 0 0.00000250003437562984
10 0 0.00000250003437562984
11 0 0.00000333339444602565
12 0 0.00000333339444602565
13 0 0.00000333339444602565
14 0 0.00000416676215586609
15 0 0.00000500013750526218
16 0 0.00000666691112360951
17 0 0.00000916712885190574
18 0 0.0000116674153447516
19 0 0.0000158347123201397
20 0 0.0000208357208674181
21 0 0.0000250034381590325
22 0 0.0000266705785775256
23 0 0.0000266705785775256
24 0 0.0000266705785775256
25 0 0.0000258370045466139
26 0 0.0000258370045466139
27 0 0.0000258370045466139
28 0 0.0000241698794146705
29 0 0.0000233363283135279
30 0 0.0000233363283135279
31 0 0.0000241698794146705
32 0 0.0000225027848553827
33 0 0.0000233363283135279
34 0 0.0000250034381590325
35 0 0.0000250034381590325
36 0 0.0000275041602521009
37 0 0.0000300049511388067
38 0 0.0000308385633891461
39 0 0.0000333394460065861
40 0 0.0000366740631904117
41 0 0.0000383414176537977
42 0 0.0000425099376131222
43 0 0.0000475124138960004
44 0 0.0000533489841776369
45 0 0.00005668433545436
46 0 0.0000633554051622243
47 0 0.0000691929927806312
48 0 0.0000750309553007034
49 0 0.0000850397634148958
50 0 0.0000925470927749528
51 0 0.000100889297087292
52 0 0.000115072801694871
53 0 0.000125920504593591
54 0 0.000144281105325716
55 0 0.000155132294736626
56 0 0.000169324266588666
57 0 0.000188528697419477
58 0 0.000211078208056104
59 0 0.000222772749752909
60 0 0.000251180045748089
61 0 0.000269565969733043
62 0 0.000297987897547314
63 0 0.000331436843438837
64 0 0.000364061423379858
65 0 0.00040925326311303
66 0 0.000445255438177972
67 0 0.000488812015631224
68 0 0.000546640496100648
69 0 0.00059947257628945
70 0 0.000664926316925163
71 0 0.000741348664108354
72 0 0.000815312791019873
73 0 0.000912061326182378
74 0 0.00101902524647612
75 0 0.00114045977521504
76 0 0.00129755344586369
77 0 0.00143290560383080
78 0 0.00167195620749683
79 0 0.00191248918767795
80 0 0.00219377700718482
81 0 0.00254361830529348
82 0 0.00298605605331337
83 0 0.00353370983459322
84 0 0.00413352359128871
85 0 0.00496943231491276
86 0 0.00590559178423966
87 0 0.00705040405004642
88 0 0.00831217254022532
89 0 0.00995578844159328
90 0 0.0117210109697679
91 0 0.0138435512339282
92 0 0.0166087384996021
93 0 0.0198530394533913
94 0 0.0228162118439033
95 0 0.0266612187641316
96 0 0.0297815240136048
97 0 0.0351753278487403
98 0 0.0397053834903066
99 0 0.0437974590609896
100 0 0.0494334268904295

death 1 F married
1 0 0.000174333726933429
2 0 0.0000191686874497776
3 0 0.00000583352049443597
4 0 0.00000416676215586609
5 0 0.00000333339444602565
6 0 0.00000333339444602565
7 0 0.00000333339444602565
8 0 0.00000250003437562984
9 0 0.00000250003437562984
10 0 0.00000250003437562984
11 0 0.00000250003437562984
12 0 0.00000250003437562984
13 0 0.00000250003437562984
14 0 0.00000250003437562984
15 0 0.00000416676215586609
16 0 0.00000583352049443597
17 0 0.00000583352049443597
18 0 0.00000666691112360951
19 0 0.00000750030939278279
20 0 0.00000916712885190574
21 0 0.0000100005500421885
22 0 0.0000108339788730261
23 0 0.0000100005500421885
24 0 0.0000100005500421885
25 0 0.00000833371530217786
26 0 0.00000833371530217786
27 0 0.0000100005500421885
28 0 0.00000916712885190574
29 0 0.00000916712885190574
30 0 0.0000100005500421885
31 0 0.0000108339788730261
32 0 0.0000116674153447516
33 0 0.0000116674153447516
34 0 0.000012500859457365
35 0 0.0000133343112110884
36 0 0.0000158347123201397
37 0 0.0000175016846010179
38 0 0.0000183351822042876
39 0 0.0000200022003373768
40 0 0.0000208357208674181
41 0 0.0000216692490401238
42 0 0.0000233363283135279
43 0 0.0000283377495704507
44 0 0.0000308385633891461
45 0 0.0000350067393084519
46 0 0.0000408425066913409
47 0 0.0000466786487315352
48 0 0.0000533489841776369
49 0 0.000064189323299324
50 0 0.0000750309553007034
51 0 0.000087542137645058
52 0 0.000100055042203562
53 0 0.000108397935606575
54 0 0.000117576002849673
55 0 0.000131762111637901
56 0 0.000147619794864662
57 0 0.000166819639945581
58 0 0.000182683441090514
59 0 0.000201890695059714
60 0 0.000216089970248357
61 0 0.000246166348294219
62 0 0.000271237601818131
63 0 0.000287119640289490
64 0 0.000320564585597816
65 0 0.000345656374260206
66 0 0.000385817651945008
67 0 0.000414275966217681
68 0 0.000453630081744261
69 0 0.000497190674715542
70 0 0.000539095563266923
71 0 0.000605344704256772
72 0 0.000664926316925163
73 0 0.000734627637908103
74 0 0.000819517106936729
75 0 0.000918795494455837
76 0 0.00102576735084436
77 0 0.00115480651896849
78 0 0.00131361595989365
79 0 0.00148117360423738
80 0 0.00170591513877327
81 0 0.0019559040065954
82 0 0.00226893463187861
83 0 0.00257018949689591
84 0 0.00298950092812000
85 0 0.00344624333894905
86 0 0.00416318259538884
87 0 0.0049755944460661
88 0 0.00592516149994893
89 0 0.00708373912446336
90 0 0.00843100182849943
91 0 0.00988697330719268
92 0 0.0118995498850654
93 0 0.0137668405203948
94 0 0.0161191451694350
95 0 0.0184920022985686
96 0 0.0213957323424822
97 0 0.0244685537328012
98 0 0.0283041130759297
99 0 0.0322468591637112
100 0 0.035282893071923

death 1 F single
1 0 0.000174333726933429
2 0 0.0000191686874497776
3 0 0.00000583352049443597
4 0 0.00000416676215586609
5 0 0.00000333339444602565
6 0 0.00000333339444602565
7 0 0.00000333339444602565
8 0 0.00000250003437562984
9 0 0.00000250003437562984
10 0 0.00000250003437562984
11 0 0.00000250003437562984
12 0 0.00000250003437562984
13 0 0.00000250003437562984
14 0 0.00000250003437562984
15 0 0.00000416676215586609
16 0 0.00000583352049443597
17 0 0.00000583352049443597
18 0 0.00000666691112360951
19 0 0.00000750030939278279
20 0 0.00000916712885190574
21 0 0.0000100005500421885
22 0 0.0000108339788730261
23 0 0.0000100005500421885
24 0 0.0000100005500421885
25 0 0.00000833371530217786
26 0 0.00000833371530217786
27 0 0.0000100005500421885
28 0 0.00000916712885190574
29 0 0.00000916712885190574
30 0 0.0000100005500421885
31 0 0.0000108339788730261
32 0 0.0000116674153447516
33 0 0.0000116674153447516
34 0 0.000012500859457365
35 0 0.0000133343112110884
36 0 0.0000158347123201397
37 0 0.0000175016846010179
38 0 0.0000183351822042876
39 0 0.0000200022003373768
40 0 0.0000208357208674181
41 0 0.0000216692490401238
42 0 0.0000233363283135279
43 0 0.0000283377495704507
44 0 0.0000308385633891461
45 0 0.0000350067393084519
46 0 0.0000408425066913409
47 0 0.0000466786487315352
48 0 0.0000533489841776369
49 0 0.000064189323299324
50 0 0.0000750309553007034
51 0 0.000087542137645058
52 0 0.000100055042203562
53 0 0.000108397935606575
54 0 0.000117576002849673
55 0 0.000131762111637901
56 0 0.000147619794864662
57 0 0.000166819639945581
58 0 0.000182683441090514
59 0 0.000201890695059714
60 0 0.000216089970248357
61 0 0.000246166348294219
62 0 0.000271237601818131
63 0 0.000287119640289490
64 0 0.000320564585597816
65 0 0.000345656374260206
66 0 0.000385817651945008
67 0 0.000414275966217681
68 0 0.000453630081744261
69 0 0.000497190674715542
70 0 0.000539095563266923
71 0 0.000605344704256772
72 0 0.000664926316925163
73 0 0.000734627637908103
74 0 0.000819517106936729
75 0 0.000918795494455837
76 0 0.00102576735084436
77 0 0.00115480651896849
78 0 0.00131361595989365
79 0 0.00148117360423738
80 0 0.00170591513877327
81 0 0.0019559040065954
82 0 0.00226893463187861
83 0 0.00257018949689591
84 0 0.00298950092812000
85 0 0.00344624333894905
86 0 0.00416318259538884
87 0 0.0049755944460661
88 0 0.00592516149994893
89 0 0.00708373912446336
90 0 0.00843100182849943
91 0 0.00988697330719268
92 0 0.0118995498850654
93 0 0.0137668405203948
94 0 0.0161191451694350
95 0 0.0184920022985686
96 0 0.0213957323424822
97 0 0.0244685537328012
98 0 0.0283041130759297
99 0 0.0322468591637112
100 0 0.035282893071923

death 1 F divorced
1 0 0.000174333726933429
2 0 0.0000191686874497776
3 0 0.00000583352049443597
4 0 0.00000416676215586609
5 0 0.00000333339444602565
6 0 0.00000333339444602565
7 0 0.00000333339444602565
8 0 0.00000250003437562984
9 0 0.00000250003437562984
10 0 0.00000250003437562984
11 0 0.00000250003437562984
12 0 0.00000250003437562984
13 0 0.00000250003437562984
14 0 0.00000250003437562984
15 0 0.00000416676215586609
16 0 0.00000583352049443597
17 0 0.00000583352049443597
18 0 0.00000666691112360951
19 0 0.00000750030939278279
20 0 0.00000916712885190574
21 0 0.0000100005500421885
22 0 0.0000108339788730261
23 0 0.0000100005500421885
24 0 0.0000100005500421885
25 0 0.00000833371530217786
26 0 0.00000833371530217786
27 0 0.0000100005500421885
28 0 0.00000916712885190574
29 0 0.00000916712885190574
30 0 0.0000100005500421885
31 0 0.0000108339788730261
32 0 0.0000116674153447516
33 0 0.0000116674153447516
34 0 0.000012500859457365
35 0 0.0000133343112110884
36 0 0.0000158347123201397
37 0 0.0000175016846010179
38 0 0.0000183351822042876
39 0 0.0000200022003373768
40 0 0.0000208357208674181
41 0 0.0000216692490401238
42 0 0.0000233363283135279
43 0 0.0000283377495704507
44 0 0.0000308385633891461
45 0 0.0000350067393084519
46 0 0.0000408425066913409
47 0 0.0000466786487315352
48 0 0.0000533489841776369
49 0 0.000064189323299324
50 0 0.0000750309553007034
51 0 0.000087542137645058
52 0 0.000100055042203562
53 0 0.000108397935606575
54 0 0.000117576002849673
55 0 0.000131762111637901
56 0 0.000147619794864662
57 0 0.000166819639945581
58 0 0.000182683441090514
59 0 0.000201890695059714
60 0 0.000216089970248357
61 0 0.000246166348294219
62 0 0.000271237601818131
63 0 0.000287119640289490
64 0 0.000320564585597816
65 0 0.000345656374260206
66 0 0.000385817651945008
67 0 0.000414275966217681
68 0 0.000453630081744261
69 0 0.000497190674715542
70 0 0.000539095563266923
71 0 0.000605344704256772
72 0 0.000664926316925163
73 0 0.000734627637908103
74 0 0.000819517106936729
75 0 0.000918795494455837
76 0 0.00102576735084436
77 0 0.00115480651896849
78 0 0.00131361595989365
79 0 0.00148117360423738
80 0 0.00170591513877327
81 0 0.0019559040065954
82 0 0.00226893463187861
83 0 0.00257018949689591
84 0 0.00298950092812000
85 0 0.00344624333894905
86 0 0.00416318259538884
87 0 0.0049755944460661
88 0 0.00592516149994893
89 0 0.00708373912446336
90 0 0.00843100182849943
91 0 0.00988697330719268
92 0 0.0118995498850654
93 0 0.0137668405203948
94 0 0.0161191451694350
95 0 0.0184920022985686
96 0 0.0213957323424822
97 0 0.0244685537328012
98 0 0.0283041130759297
99 0 0.0322468591637112
100 0 0.035282893071923

death 1 F widowed
1 0 0.000174333726933429
2 0 0.0000191686874497776
3 0 0.00000583352049443597
4 0 0.00000416676215586609
5 0 0.00000333339444602565
6 0 0.00000333339444602565
7 0 0.00000333339444602565
8 0 0.00000250003437562984
9 0 0.00000250003437562984
10 0 0.00000250003437562984
11 0 0.00000250003437562984
12 0 0.00000250003437562984
13 0 0.00000250003437562984
14 0 0.00000250003437562984
15 0 0.00000416676215586609
16 0 0.00000583352049443597
17 0 0.00000583352049443597
18 0 0.00000666691112360951
19 0 0.00000750030939278279
20 0 0.00000916712885190574
21 0 0.0000100005500421885
22 0 0.0000108339788730261
23 0 0.0000100005500421885
24 0 0.0000100005500421885
25 0 0.00000833371530217786
26 0 0.00000833371530217786
27 0 0.0000100005500421885
28 0 0.00000916712885190574
29 0 0.00000916712885190574
30 0 0.0000100005500421885
31 0 0.0000108339788730261
32 0 0.0000116674153447516
33 0 0.0000116674153447516
34 0 0.000012500859457365
35 0 0.0000133343112110884
36 0 0.0000158347123201397
37 0 0.0000175016846010179
38 0 0.0000183351822042876
39 0 0.0000200022003373768
40 0 0.0000208357208674181
41 0 0.0000216692490401238
42 0 0.0000233363283135279
43 0 0.0000283377495704507
44 0 0.0000308385633891461
45 0 0.0000350067393084519
46 0 0.0000408425066913409
47 0 0.0000466786487315352
48 0 0.0000533489841776369
49 0 0.000064189323299324
50 0 0.0000750309553007034
51 0 0.000087542137645058
52 0 0.000100055042203562
53 0 0.000108397935606575
54 0 0.000117576002849673
55 0 0.000131762111637901
56 0 0.000147619794864662
57 0 0.000166819639945581
58 0 0.000182683441090514
59 0 0.000201890695059714
60 0 0.000216089970248357
61 0 0.000246166348294219
62 0 0.000271237601818131
63 0 0.000287119640289490
64 0 0.000320564585597816
65 0 0.000345656374260206
66 0 0.000385817651945008
67 0 0.000414275966217681
68 0 0.000453630081744261
69 0 0.000497190674715542
70 0 0.000539095563266923
71 0 0.000605344704256772
72 0 0.000664926316925163
73 0 0.000734627637908103
74 0 0.000819517106936729
75 0 0.000918795494455837
76 0 0.00102576735084436
77 0 0.00115480651896849
78 0 0.00131361595989365
79 0 0.00148117360423738
80 0 0.00170591513877327
81 0 0.0019559040065954
82 0 0.00226893463187861
83 0 0.00257018949689591
84 0 0.00298950092812000
85 0 0.00344624333894905
86 0 0.00416318259538884
87 0 0.0049755944460661
88 0 0.00592516149994893
89 0 0.00708373912446336
90 0 0.00843100182849943
91 0 0.00988697330719268
92 0 0.0118995498850654
93 0 0.0137668405203948
94 0 0.0161191451694350
95 0 0.0184920022985686
96 0 0.0213957323424822
97 0 0.0244685537328012
98 0 0.0283041130759297
99 0 0.0322468591637112
100 0 0.035282893071923
