*Period monthly mortality rates for SWE in 1990 
* Mon Dec 20 14:21:38 2010
death 1 M married
1 0 0.000571543220633131
2 0 0.0000324224477249446
3 0 0.0000310886485548334
4 0 0.0000293380668423548
5 0 0.0000173349859974303
6 0 0.0000114173836009979
7 0 0.0000118341035559855
8 0 0.0000170015897071885
9 0 0.0000118341035559855
10 0 0.0000248367257986715
11 0 0.0000131676202490549
12 0 0.0000134176568067357
13 0 0.0000100838925813918
14 0 0.0000179184324473614
15 0 0.0000140844243226024
16 0 0.0000296715083790700
17 0 0.0000346732782017245
18 0 0.0000373410013059239
19 0 0.0000621879326223596
20 0 0.0000957170402278162
21 0 0.0000670247021896664
22 0 0.0000737799317690468
23 0 0.0000716949308086079
24 0 0.0000621045423003785
25 0 0.0000826208671377282
26 0 0.000058518830821197
27 0 0.0000962175683519861
28 0 0.0000787841292010372
29 0 0.0000717783299287733
30 0 0.0000948828328120044
31 0 0.0000774496496160904
32 0 0.0000921300026553995
33 0 0.000088876765401924
34 0 0.0000876255513057034
35 0 0.000104309822162030
36 0 0.0000849563521269081
37 0 0.000109399134273436
38 0 0.000112069051299235
39 0 0.000158554861658722
40 0 0.000107480179849184
41 0 0.000139774068965814
42 0 0.000163981146513947
43 0 0.000168322407649413
44 0 0.000205231501423930
45 0 0.000195209450695066
46 0 0.000229038301828521
47 0 0.000240150276408002
48 0 0.000275166058247067
49 0 0.000317386786650609
50 0 0.000291466787231243
51 0 0.000309944481872382
52 0 0.000371257137890435
53 0 0.000452625083762759
54 0 0.00048998498139341
55 0 0.000483868969135104
56 0 0.000602576368071484
57 0 0.000712451778823286
58 0 0.00074504544048759
59 0 0.000799590374133241
60 0 0.000921068388945678
61 0 0.000954242284951667
62 0 0.00112923713821089
63 0 0.00114594502723542
64 0 0.00126070494207431
65 0 0.00154396039984450
66 0 0.00161018354094555
67 0 0.00179248297899748
68 0 0.00187113673983030
69 0 0.00221981890578138
70 0 0.00225432526324754
71 0 0.00288681377395095
72 0 0.003050927799362
73 0 0.00339769691825431
74 0 0.00366168424269564
75 0 0.00419843710788104
76 0 0.0048532227335003
77 0 0.00517053433977821
78 0 0.00584415262987203
79 0 0.00648880550033482
80 0 0.00741342749868013
81 0 0.00777246904639906
82 0 0.00926491512836636
83 0 0.00982972945611782
84 0 0.0107333254029265
85 0 0.0124006860477361
86 0 0.0132545645857937
87 0 0.0160345873955786
88 0 0.016112469270683
89 0 0.0194255826238393
90 0 0.0216313678984945
91 0 0.0223902451852005
92 0 0.0244944941291203
93 0 0.0271344222086611
94 0 0.0274951552479998
95 0 0.0322786548631632
96 0 0.0362595922244697
97 0 0.0392670448332701
98 0 0.0513905182841849
99 0 0.0591306611624983
100 0 0.0408327727701637

death 1 M single
1 0 0.000571543220633131
2 0 0.0000324224477249446
3 0 0.0000310886485548334
4 0 0.0000293380668423548
5 0 0.0000173349859974303
6 0 0.0000114173836009979
7 0 0.0000118341035559855
8 0 0.0000170015897071885
9 0 0.0000118341035559855
10 0 0.0000248367257986715
11 0 0.0000131676202490549
12 0 0.0000134176568067357
13 0 0.0000100838925813918
14 0 0.0000179184324473614
15 0 0.0000140844243226024
16 0 0.0000296715083790700
17 0 0.0000346732782017245
18 0 0.0000373410013059239
19 0 0.0000621879326223596
20 0 0.0000957170402278162
21 0 0.0000670247021896664
22 0 0.0000737799317690468
23 0 0.0000716949308086079
24 0 0.0000621045423003785
25 0 0.0000826208671377282
26 0 0.000058518830821197
27 0 0.0000962175683519861
28 0 0.0000787841292010372
29 0 0.0000717783299287733
30 0 0.0000948828328120044
31 0 0.0000774496496160904
32 0 0.0000921300026553995
33 0 0.000088876765401924
34 0 0.0000876255513057034
35 0 0.000104309822162030
36 0 0.0000849563521269081
37 0 0.000109399134273436
38 0 0.000112069051299235
39 0 0.000158554861658722
40 0 0.000107480179849184
41 0 0.000139774068965814
42 0 0.000163981146513947
43 0 0.000168322407649413
44 0 0.000205231501423930
45 0 0.000195209450695066
46 0 0.000229038301828521
47 0 0.000240150276408002
48 0 0.000275166058247067
49 0 0.000317386786650609
50 0 0.000291466787231243
51 0 0.000309944481872382
52 0 0.000371257137890435
53 0 0.000452625083762759
54 0 0.00048998498139341
55 0 0.000483868969135104
56 0 0.000602576368071484
57 0 0.000712451778823286
58 0 0.00074504544048759
59 0 0.000799590374133241
60 0 0.000921068388945678
61 0 0.000954242284951667
62 0 0.00112923713821089
63 0 0.00114594502723542
64 0 0.00126070494207431
65 0 0.00154396039984450
66 0 0.00161018354094555
67 0 0.00179248297899748
68 0 0.00187113673983030
69 0 0.00221981890578138
70 0 0.00225432526324754
71 0 0.00288681377395095
72 0 0.003050927799362
73 0 0.00339769691825431
74 0 0.00366168424269564
75 0 0.00419843710788104
76 0 0.0048532227335003
77 0 0.00517053433977821
78 0 0.00584415262987203
79 0 0.00648880550033482
80 0 0.00741342749868013
81 0 0.00777246904639906
82 0 0.00926491512836636
83 0 0.00982972945611782
84 0 0.0107333254029265
85 0 0.0124006860477361
86 0 0.0132545645857937
87 0 0.0160345873955786
88 0 0.016112469270683
89 0 0.0194255826238393
90 0 0.0216313678984945
91 0 0.0223902451852005
92 0 0.0244944941291203
93 0 0.0271344222086611
94 0 0.0274951552479998
95 0 0.0322786548631632
96 0 0.0362595922244697
97 0 0.0392670448332701
98 0 0.0513905182841849
99 0 0.0591306611624983
100 0 0.0408327727701637

death 1 M divorced
1 0 0.000571543220633131
2 0 0.0000324224477249446
3 0 0.0000310886485548334
4 0 0.0000293380668423548
5 0 0.0000173349859974303
6 0 0.0000114173836009979
7 0 0.0000118341035559855
8 0 0.0000170015897071885
9 0 0.0000118341035559855
10 0 0.0000248367257986715
11 0 0.0000131676202490549
12 0 0.0000134176568067357
13 0 0.0000100838925813918
14 0 0.0000179184324473614
15 0 0.0000140844243226024
16 0 0.0000296715083790700
17 0 0.0000346732782017245
18 0 0.0000373410013059239
19 0 0.0000621879326223596
20 0 0.0000957170402278162
21 0 0.0000670247021896664
22 0 0.0000737799317690468
23 0 0.0000716949308086079
24 0 0.0000621045423003785
25 0 0.0000826208671377282
26 0 0.000058518830821197
27 0 0.0000962175683519861
28 0 0.0000787841292010372
29 0 0.0000717783299287733
30 0 0.0000948828328120044
31 0 0.0000774496496160904
32 0 0.0000921300026553995
33 0 0.000088876765401924
34 0 0.0000876255513057034
35 0 0.000104309822162030
36 0 0.0000849563521269081
37 0 0.000109399134273436
38 0 0.000112069051299235
39 0 0.000158554861658722
40 0 0.000107480179849184
41 0 0.000139774068965814
42 0 0.000163981146513947
43 0 0.000168322407649413
44 0 0.000205231501423930
45 0 0.000195209450695066
46 0 0.000229038301828521
47 0 0.000240150276408002
48 0 0.000275166058247067
49 0 0.000317386786650609
50 0 0.000291466787231243
51 0 0.000309944481872382
52 0 0.000371257137890435
53 0 0.000452625083762759
54 0 0.00048998498139341
55 0 0.000483868969135104
56 0 0.000602576368071484
57 0 0.000712451778823286
58 0 0.00074504544048759
59 0 0.000799590374133241
60 0 0.000921068388945678
61 0 0.000954242284951667
62 0 0.00112923713821089
63 0 0.00114594502723542
64 0 0.00126070494207431
65 0 0.00154396039984450
66 0 0.00161018354094555
67 0 0.00179248297899748
68 0 0.00187113673983030
69 0 0.00221981890578138
70 0 0.00225432526324754
71 0 0.00288681377395095
72 0 0.003050927799362
73 0 0.00339769691825431
74 0 0.00366168424269564
75 0 0.00419843710788104
76 0 0.0048532227335003
77 0 0.00517053433977821
78 0 0.00584415262987203
79 0 0.00648880550033482
80 0 0.00741342749868013
81 0 0.00777246904639906
82 0 0.00926491512836636
83 0 0.00982972945611782
84 0 0.0107333254029265
85 0 0.0124006860477361
86 0 0.0132545645857937
87 0 0.0160345873955786
88 0 0.016112469270683
89 0 0.0194255826238393
90 0 0.0216313678984945
91 0 0.0223902451852005
92 0 0.0244944941291203
93 0 0.0271344222086611
94 0 0.0274951552479998
95 0 0.0322786548631632
96 0 0.0362595922244697
97 0 0.0392670448332701
98 0 0.0513905182841849
99 0 0.0591306611624983
100 0 0.0408327727701637

death 1 M widowed
1 0 0.000571543220633131
2 0 0.0000324224477249446
3 0 0.0000310886485548334
4 0 0.0000293380668423548
5 0 0.0000173349859974303
6 0 0.0000114173836009979
7 0 0.0000118341035559855
8 0 0.0000170015897071885
9 0 0.0000118341035559855
10 0 0.0000248367257986715
11 0 0.0000131676202490549
12 0 0.0000134176568067357
13 0 0.0000100838925813918
14 0 0.0000179184324473614
15 0 0.0000140844243226024
16 0 0.0000296715083790700
17 0 0.0000346732782017245
18 0 0.0000373410013059239
19 0 0.0000621879326223596
20 0 0.0000957170402278162
21 0 0.0000670247021896664
22 0 0.0000737799317690468
23 0 0.0000716949308086079
24 0 0.0000621045423003785
25 0 0.0000826208671377282
26 0 0.000058518830821197
27 0 0.0000962175683519861
28 0 0.0000787841292010372
29 0 0.0000717783299287733
30 0 0.0000948828328120044
31 0 0.0000774496496160904
32 0 0.0000921300026553995
33 0 0.000088876765401924
34 0 0.0000876255513057034
35 0 0.000104309822162030
36 0 0.0000849563521269081
37 0 0.000109399134273436
38 0 0.000112069051299235
39 0 0.000158554861658722
40 0 0.000107480179849184
41 0 0.000139774068965814
42 0 0.000163981146513947
43 0 0.000168322407649413
44 0 0.000205231501423930
45 0 0.000195209450695066
46 0 0.000229038301828521
47 0 0.000240150276408002
48 0 0.000275166058247067
49 0 0.000317386786650609
50 0 0.000291466787231243
51 0 0.000309944481872382
52 0 0.000371257137890435
53 0 0.000452625083762759
54 0 0.00048998498139341
55 0 0.000483868969135104
56 0 0.000602576368071484
57 0 0.000712451778823286
58 0 0.00074504544048759
59 0 0.000799590374133241
60 0 0.000921068388945678
61 0 0.000954242284951667
62 0 0.00112923713821089
63 0 0.00114594502723542
64 0 0.00126070494207431
65 0 0.00154396039984450
66 0 0.00161018354094555
67 0 0.00179248297899748
68 0 0.00187113673983030
69 0 0.00221981890578138
70 0 0.00225432526324754
71 0 0.00288681377395095
72 0 0.003050927799362
73 0 0.00339769691825431
74 0 0.00366168424269564
75 0 0.00419843710788104
76 0 0.0048532227335003
77 0 0.00517053433977821
78 0 0.00584415262987203
79 0 0.00648880550033482
80 0 0.00741342749868013
81 0 0.00777246904639906
82 0 0.00926491512836636
83 0 0.00982972945611782
84 0 0.0107333254029265
85 0 0.0124006860477361
86 0 0.0132545645857937
87 0 0.0160345873955786
88 0 0.016112469270683
89 0 0.0194255826238393
90 0 0.0216313678984945
91 0 0.0223902451852005
92 0 0.0244944941291203
93 0 0.0271344222086611
94 0 0.0274951552479998
95 0 0.0322786548631632
96 0 0.0362595922244697
97 0 0.0392670448332701
98 0 0.0513905182841849
99 0 0.0591306611624983
100 0 0.0408327727701637

death 1 F married
1 0 0.000454635090841204
2 0 0.0000328392639790120
3 0 0.0000155846691144435
4 0 0.0000145845031690461
5 0 0.00000833371530217786
6 0 0.0000120841364459334
7 0 0.00000358340395678614
8 0 0.0000107506356461506
9 0 0.0000141677706060328
10 0 0.0000139177319852246
11 0 0.0000172516368102116
12 0 0.000008833762515148
13 0 0.00000533348978415393
14 0 0.0000103339206576347
15 0 0.0000263371480478947
16 0 0.0000233363283135279
17 0 0.0000197521456686278
18 0 0.0000120841364459334
19 0 0.0000296715083790700
20 0 0.0000268372943009743
21 0 0.0000288379068305034
22 0 0.0000237531029086968
23 0 0.0000195020916876620
24 0 0.000034923373917084
25 0 0.0000278375950621967
26 0 0.0000420930770154149
27 0 0.0000313387344086369
28 0 0.0000245866578314491
29 0 0.000037257633773935
30 0 0.0000454280153232567
31 0 0.000051431212605757
32 0 0.0000420097051251345
33 0 0.0000339229951838993
34 0 0.0000451778907062383
35 0 0.0000510976912450056
36 0 0.0000383414176537977
37 0 0.0000556003328661125
38 0 0.0000721119271748227
39 0 0.000080869292772956
40 0 0.0000751143574816426
41 0 0.0000704439531868939
42 0 0.0000881260348775115
43 0 0.000107730475954915
44 0 0.000125419812886274
45 0 0.000125169468066844
46 0 0.000135768002026637
47 0 0.000165984779734729
48 0 0.000153295848540069
49 0 0.000202809404568738
50 0 0.000205147979768228
51 0 0.000218930091499647
52 0 0.000238479215997955
53 0 0.000250093721162248
54 0 0.000242991149619232
55 0 0.000252767774269080
56 0 0.000391759681399373
57 0 0.000331520481232861
58 0 0.000430099295829045
59 0 0.000479931480444229
60 0 0.000484287860952115
61 0 0.000512693231101591
62 0 0.000547395023844155
63 0 0.000616670594379976
64 0 0.000667108920627046
65 0 0.000715055481785076
66 0 0.000854925166586917
67 0 0.000842391994913094
68 0 0.00105923245089490
69 0 0.00114037538931033
70 0 0.00114096609228975
71 0 0.00141648339982670
72 0 0.00154989392184446
73 0 0.00166830637867432
74 0 0.00199431364253699
75 0 0.00219582593477585
76 0 0.00247200058799801
77 0 0.00277195584210355
78 0 0.00319764189643501
79 0 0.00366966695661775
80 0 0.00434300193787873
81 0 0.00492859679817359
82 0 0.00527787765569676
83 0 0.00654127925134762
84 0 0.00681857056440682
85 0 0.00799138538147781
86 0 0.008845477573864
87 0 0.0105968968924746
88 0 0.0112735663396102
89 0 0.0134144273467520
90 0 0.0156455970994448
91 0 0.0168534391048936
92 0 0.0193615992122161
93 0 0.0217658729652572
94 0 0.0243442109075993
95 0 0.0282662932288561
96 0 0.0309489055819643
97 0 0.0353616105162685
98 0 0.0371817899882767
99 0 0.0394028411723865
100 0 0.0430447387641280

death 1 F single
1 0 0.000454635090841204
2 0 0.0000328392639790120
3 0 0.0000155846691144435
4 0 0.0000145845031690461
5 0 0.00000833371530217786
6 0 0.0000120841364459334
7 0 0.00000358340395678614
8 0 0.0000107506356461506
9 0 0.0000141677706060328
10 0 0.0000139177319852246
11 0 0.0000172516368102116
12 0 0.000008833762515148
13 0 0.00000533348978415393
14 0 0.0000103339206576347
15 0 0.0000263371480478947
16 0 0.0000233363283135279
17 0 0.0000197521456686278
18 0 0.0000120841364459334
19 0 0.0000296715083790700
20 0 0.0000268372943009743
21 0 0.0000288379068305034
22 0 0.0000237531029086968
23 0 0.0000195020916876620
24 0 0.000034923373917084
25 0 0.0000278375950621967
26 0 0.0000420930770154149
27 0 0.0000313387344086369
28 0 0.0000245866578314491
29 0 0.000037257633773935
30 0 0.0000454280153232567
31 0 0.000051431212605757
32 0 0.0000420097051251345
33 0 0.0000339229951838993
34 0 0.0000451778907062383
35 0 0.0000510976912450056
36 0 0.0000383414176537977
37 0 0.0000556003328661125
38 0 0.0000721119271748227
39 0 0.000080869292772956
40 0 0.0000751143574816426
41 0 0.0000704439531868939
42 0 0.0000881260348775115
43 0 0.000107730475954915
44 0 0.000125419812886274
45 0 0.000125169468066844
46 0 0.000135768002026637
47 0 0.000165984779734729
48 0 0.000153295848540069
49 0 0.000202809404568738
50 0 0.000205147979768228
51 0 0.000218930091499647
52 0 0.000238479215997955
53 0 0.000250093721162248
54 0 0.000242991149619232
55 0 0.000252767774269080
56 0 0.000391759681399373
57 0 0.000331520481232861
58 0 0.000430099295829045
59 0 0.000479931480444229
60 0 0.000484287860952115
61 0 0.000512693231101591
62 0 0.000547395023844155
63 0 0.000616670594379976
64 0 0.000667108920627046
65 0 0.000715055481785076
66 0 0.000854925166586917
67 0 0.000842391994913094
68 0 0.00105923245089490
69 0 0.00114037538931033
70 0 0.00114096609228975
71 0 0.00141648339982670
72 0 0.00154989392184446
73 0 0.00166830637867432
74 0 0.00199431364253699
75 0 0.00219582593477585
76 0 0.00247200058799801
77 0 0.00277195584210355
78 0 0.00319764189643501
79 0 0.00366966695661775
80 0 0.00434300193787873
81 0 0.00492859679817359
82 0 0.00527787765569676
83 0 0.00654127925134762
84 0 0.00681857056440682
85 0 0.00799138538147781
86 0 0.008845477573864
87 0 0.0105968968924746
88 0 0.0112735663396102
89 0 0.0134144273467520
90 0 0.0156455970994448
91 0 0.0168534391048936
92 0 0.0193615992122161
93 0 0.0217658729652572
94 0 0.0243442109075993
95 0 0.0282662932288561
96 0 0.0309489055819643
97 0 0.0353616105162685
98 0 0.0371817899882767
99 0 0.0394028411723865
100 0 0.0430447387641280

death 1 F divorced
1 0 0.000454635090841204
2 0 0.0000328392639790120
3 0 0.0000155846691144435
4 0 0.0000145845031690461
5 0 0.00000833371530217786
6 0 0.0000120841364459334
7 0 0.00000358340395678614
8 0 0.0000107506356461506
9 0 0.0000141677706060328
10 0 0.0000139177319852246
11 0 0.0000172516368102116
12 0 0.000008833762515148
13 0 0.00000533348978415393
14 0 0.0000103339206576347
15 0 0.0000263371480478947
16 0 0.0000233363283135279
17 0 0.0000197521456686278
18 0 0.0000120841364459334
19 0 0.0000296715083790700
20 0 0.0000268372943009743
21 0 0.0000288379068305034
22 0 0.0000237531029086968
23 0 0.0000195020916876620
24 0 0.000034923373917084
25 0 0.0000278375950621967
26 0 0.0000420930770154149
27 0 0.0000313387344086369
28 0 0.0000245866578314491
29 0 0.000037257633773935
30 0 0.0000454280153232567
31 0 0.000051431212605757
32 0 0.0000420097051251345
33 0 0.0000339229951838993
34 0 0.0000451778907062383
35 0 0.0000510976912450056
36 0 0.0000383414176537977
37 0 0.0000556003328661125
38 0 0.0000721119271748227
39 0 0.000080869292772956
40 0 0.0000751143574816426
41 0 0.0000704439531868939
42 0 0.0000881260348775115
43 0 0.000107730475954915
44 0 0.000125419812886274
45 0 0.000125169468066844
46 0 0.000135768002026637
47 0 0.000165984779734729
48 0 0.000153295848540069
49 0 0.000202809404568738
50 0 0.000205147979768228
51 0 0.000218930091499647
52 0 0.000238479215997955
53 0 0.000250093721162248
54 0 0.000242991149619232
55 0 0.000252767774269080
56 0 0.000391759681399373
57 0 0.000331520481232861
58 0 0.000430099295829045
59 0 0.000479931480444229
60 0 0.000484287860952115
61 0 0.000512693231101591
62 0 0.000547395023844155
63 0 0.000616670594379976
64 0 0.000667108920627046
65 0 0.000715055481785076
66 0 0.000854925166586917
67 0 0.000842391994913094
68 0 0.00105923245089490
69 0 0.00114037538931033
70 0 0.00114096609228975
71 0 0.00141648339982670
72 0 0.00154989392184446
73 0 0.00166830637867432
74 0 0.00199431364253699
75 0 0.00219582593477585
76 0 0.00247200058799801
77 0 0.00277195584210355
78 0 0.00319764189643501
79 0 0.00366966695661775
80 0 0.00434300193787873
81 0 0.00492859679817359
82 0 0.00527787765569676
83 0 0.00654127925134762
84 0 0.00681857056440682
85 0 0.00799138538147781
86 0 0.008845477573864
87 0 0.0105968968924746
88 0 0.0112735663396102
89 0 0.0134144273467520
90 0 0.0156455970994448
91 0 0.0168534391048936
92 0 0.0193615992122161
93 0 0.0217658729652572
94 0 0.0243442109075993
95 0 0.0282662932288561
96 0 0.0309489055819643
97 0 0.0353616105162685
98 0 0.0371817899882767
99 0 0.0394028411723865
100 0 0.0430447387641280

death 1 F widowed
1 0 0.000454635090841204
2 0 0.0000328392639790120
3 0 0.0000155846691144435
4 0 0.0000145845031690461
5 0 0.00000833371530217786
6 0 0.0000120841364459334
7 0 0.00000358340395678614
8 0 0.0000107506356461506
9 0 0.0000141677706060328
10 0 0.0000139177319852246
11 0 0.0000172516368102116
12 0 0.000008833762515148
13 0 0.00000533348978415393
14 0 0.0000103339206576347
15 0 0.0000263371480478947
16 0 0.0000233363283135279
17 0 0.0000197521456686278
18 0 0.0000120841364459334
19 0 0.0000296715083790700
20 0 0.0000268372943009743
21 0 0.0000288379068305034
22 0 0.0000237531029086968
23 0 0.0000195020916876620
24 0 0.000034923373917084
25 0 0.0000278375950621967
26 0 0.0000420930770154149
27 0 0.0000313387344086369
28 0 0.0000245866578314491
29 0 0.000037257633773935
30 0 0.0000454280153232567
31 0 0.000051431212605757
32 0 0.0000420097051251345
33 0 0.0000339229951838993
34 0 0.0000451778907062383
35 0 0.0000510976912450056
36 0 0.0000383414176537977
37 0 0.0000556003328661125
38 0 0.0000721119271748227
39 0 0.000080869292772956
40 0 0.0000751143574816426
41 0 0.0000704439531868939
42 0 0.0000881260348775115
43 0 0.000107730475954915
44 0 0.000125419812886274
45 0 0.000125169468066844
46 0 0.000135768002026637
47 0 0.000165984779734729
48 0 0.000153295848540069
49 0 0.000202809404568738
50 0 0.000205147979768228
51 0 0.000218930091499647
52 0 0.000238479215997955
53 0 0.000250093721162248
54 0 0.000242991149619232
55 0 0.000252767774269080
56 0 0.000391759681399373
57 0 0.000331520481232861
58 0 0.000430099295829045
59 0 0.000479931480444229
60 0 0.000484287860952115
61 0 0.000512693231101591
62 0 0.000547395023844155
63 0 0.000616670594379976
64 0 0.000667108920627046
65 0 0.000715055481785076
66 0 0.000854925166586917
67 0 0.000842391994913094
68 0 0.00105923245089490
69 0 0.00114037538931033
70 0 0.00114096609228975
71 0 0.00141648339982670
72 0 0.00154989392184446
73 0 0.00166830637867432
74 0 0.00199431364253699
75 0 0.00219582593477585
76 0 0.00247200058799801
77 0 0.00277195584210355
78 0 0.00319764189643501
79 0 0.00366966695661775
80 0 0.00434300193787873
81 0 0.00492859679817359
82 0 0.00527787765569676
83 0 0.00654127925134762
84 0 0.00681857056440682
85 0 0.00799138538147781
86 0 0.008845477573864
87 0 0.0105968968924746
88 0 0.0112735663396102
89 0 0.0134144273467520
90 0 0.0156455970994448
91 0 0.0168534391048936
92 0 0.0193615992122161
93 0 0.0217658729652572
94 0 0.0243442109075993
95 0 0.0282662932288561
96 0 0.0309489055819643
97 0 0.0353616105162685
98 0 0.0371817899882767
99 0 0.0394028411723865
100 0 0.0430447387641280
