*Period monthly mortality rates for SWE in 1988 
* Mon Dec 20 14:21:37 2010
death 1 M married
1 0 0.000571962516845881
2 0 0.0000423431931446672
3 0 0.0000208357208674181
4 0 0.0000215858958788617
5 0 0.0000171682876994872
6 0 0.0000171682876994872
7 0 0.0000221693696121905
8 0 0.0000117507594121768
9 0 0.0000116674153447516
10 0 0.0000068335901662886
11 0 0.0000135843482271802
12 0 0.0000164181491414395
13 0 0.0000174183352610324
14 0 0.0000180017822459799
15 0 0.0000306718403275674
16 0 0.0000318389081800374
17 0 0.0000513478321508831
18 0 0.0000550166445189015
19 0 0.0000459282666218641
20 0 0.000079701595279924
21 0 0.000093965213496805
22 0 0.0000741969376999441
23 0 0.0000681088410201536
24 0 0.0000819535967333529
25 0 0.0000857070564740381
26 0 0.0000766156098238602
27 0 0.0000749475531963695
28 0 0.000100138467347466
29 0 0.0000805356633871712
30 0 0.0000864577670208755
31 0 0.0000802854421514398
32 0 0.000116991916414344
33 0 0.000101139575045428
34 0 0.000118577302613443
35 0 0.000118744186979769
36 0 0.000141944095612967
37 0 0.000118744186979769
38 0 0.000121581268086146
39 0 0.000150624720304915
40 0 0.000132596657577144
41 0 0.000158638340510664
42 0 0.000185940037527588
43 0 0.000191367957561472
44 0 0.000190031824093495
45 0 0.000223441054729157
46 0 0.000212414650952897
47 0 0.000265387024029895
48 0 0.00029196839448975
49 0 0.000298573148277193
50 0 0.00036381042036715
51 0 0.000332858696404981
52 0 0.000429931838762720
53 0 0.000487136376522423
54 0 0.000482444751401467
55 0 0.000639578376495642
56 0 0.00063236138236833
57 0 0.000742188827348222
58 0 0.000760758418666296
59 0 0.00080202843162569
60 0 0.000918458774183617
61 0 0.0010400116920678
62 0 0.00126163442229166
63 0 0.0012989059690528
64 0 0.00137349499675066
65 0 0.00165710316976708
66 0 0.00164564677272094
67 0 0.00196842154746257
68 0 0.00214384870422901
69 0 0.00247268565703651
70 0 0.00254867480316023
71 0 0.0028209418021834
72 0 0.00313413151076958
73 0 0.00350477592385701
74 0 0.00408068485834046
75 0 0.00430585600143851
76 0 0.0049133762035185
77 0 0.00537579826201329
78 0 0.00604676658553727
79 0 0.00665331329912233
80 0 0.00762177309817424
81 0 0.00874317128233604
82 0 0.00940784422947616
83 0 0.0107935885923104
84 0 0.0114182121173085
85 0 0.0128191182937951
86 0 0.0146070406809647
87 0 0.0157214544875667
88 0 0.0178044677042756
89 0 0.0191482742396420
90 0 0.022076179334805
91 0 0.0240961559433652
92 0 0.0268126788006131
93 0 0.0288833703819502
94 0 0.0342907703382659
95 0 0.0317677313393155
96 0 0.0382610045387762
97 0 0.0440282576188026
98 0 0.0430565028826420
99 0 0.0583332705427665
100 0 0.0603325182513387

death 1 M single
1 0 0.000571962516845881
2 0 0.0000423431931446672
3 0 0.0000208357208674181
4 0 0.0000215858958788617
5 0 0.0000171682876994872
6 0 0.0000171682876994872
7 0 0.0000221693696121905
8 0 0.0000117507594121768
9 0 0.0000116674153447516
10 0 0.0000068335901662886
11 0 0.0000135843482271802
12 0 0.0000164181491414395
13 0 0.0000174183352610324
14 0 0.0000180017822459799
15 0 0.0000306718403275674
16 0 0.0000318389081800374
17 0 0.0000513478321508831
18 0 0.0000550166445189015
19 0 0.0000459282666218641
20 0 0.000079701595279924
21 0 0.000093965213496805
22 0 0.0000741969376999441
23 0 0.0000681088410201536
24 0 0.0000819535967333529
25 0 0.0000857070564740381
26 0 0.0000766156098238602
27 0 0.0000749475531963695
28 0 0.000100138467347466
29 0 0.0000805356633871712
30 0 0.0000864577670208755
31 0 0.0000802854421514398
32 0 0.000116991916414344
33 0 0.000101139575045428
34 0 0.000118577302613443
35 0 0.000118744186979769
36 0 0.000141944095612967
37 0 0.000118744186979769
38 0 0.000121581268086146
39 0 0.000150624720304915
40 0 0.000132596657577144
41 0 0.000158638340510664
42 0 0.000185940037527588
43 0 0.000191367957561472
44 0 0.000190031824093495
45 0 0.000223441054729157
46 0 0.000212414650952897
47 0 0.000265387024029895
48 0 0.00029196839448975
49 0 0.000298573148277193
50 0 0.00036381042036715
51 0 0.000332858696404981
52 0 0.000429931838762720
53 0 0.000487136376522423
54 0 0.000482444751401467
55 0 0.000639578376495642
56 0 0.00063236138236833
57 0 0.000742188827348222
58 0 0.000760758418666296
59 0 0.00080202843162569
60 0 0.000918458774183617
61 0 0.0010400116920678
62 0 0.00126163442229166
63 0 0.0012989059690528
64 0 0.00137349499675066
65 0 0.00165710316976708
66 0 0.00164564677272094
67 0 0.00196842154746257
68 0 0.00214384870422901
69 0 0.00247268565703651
70 0 0.00254867480316023
71 0 0.0028209418021834
72 0 0.00313413151076958
73 0 0.00350477592385701
74 0 0.00408068485834046
75 0 0.00430585600143851
76 0 0.0049133762035185
77 0 0.00537579826201329
78 0 0.00604676658553727
79 0 0.00665331329912233
80 0 0.00762177309817424
81 0 0.00874317128233604
82 0 0.00940784422947616
83 0 0.0107935885923104
84 0 0.0114182121173085
85 0 0.0128191182937951
86 0 0.0146070406809647
87 0 0.0157214544875667
88 0 0.0178044677042756
89 0 0.0191482742396420
90 0 0.022076179334805
91 0 0.0240961559433652
92 0 0.0268126788006131
93 0 0.0288833703819502
94 0 0.0342907703382659
95 0 0.0317677313393155
96 0 0.0382610045387762
97 0 0.0440282576188026
98 0 0.0430565028826420
99 0 0.0583332705427665
100 0 0.0603325182513387

death 1 M divorced
1 0 0.000571962516845881
2 0 0.0000423431931446672
3 0 0.0000208357208674181
4 0 0.0000215858958788617
5 0 0.0000171682876994872
6 0 0.0000171682876994872
7 0 0.0000221693696121905
8 0 0.0000117507594121768
9 0 0.0000116674153447516
10 0 0.0000068335901662886
11 0 0.0000135843482271802
12 0 0.0000164181491414395
13 0 0.0000174183352610324
14 0 0.0000180017822459799
15 0 0.0000306718403275674
16 0 0.0000318389081800374
17 0 0.0000513478321508831
18 0 0.0000550166445189015
19 0 0.0000459282666218641
20 0 0.000079701595279924
21 0 0.000093965213496805
22 0 0.0000741969376999441
23 0 0.0000681088410201536
24 0 0.0000819535967333529
25 0 0.0000857070564740381
26 0 0.0000766156098238602
27 0 0.0000749475531963695
28 0 0.000100138467347466
29 0 0.0000805356633871712
30 0 0.0000864577670208755
31 0 0.0000802854421514398
32 0 0.000116991916414344
33 0 0.000101139575045428
34 0 0.000118577302613443
35 0 0.000118744186979769
36 0 0.000141944095612967
37 0 0.000118744186979769
38 0 0.000121581268086146
39 0 0.000150624720304915
40 0 0.000132596657577144
41 0 0.000158638340510664
42 0 0.000185940037527588
43 0 0.000191367957561472
44 0 0.000190031824093495
45 0 0.000223441054729157
46 0 0.000212414650952897
47 0 0.000265387024029895
48 0 0.00029196839448975
49 0 0.000298573148277193
50 0 0.00036381042036715
51 0 0.000332858696404981
52 0 0.000429931838762720
53 0 0.000487136376522423
54 0 0.000482444751401467
55 0 0.000639578376495642
56 0 0.00063236138236833
57 0 0.000742188827348222
58 0 0.000760758418666296
59 0 0.00080202843162569
60 0 0.000918458774183617
61 0 0.0010400116920678
62 0 0.00126163442229166
63 0 0.0012989059690528
64 0 0.00137349499675066
65 0 0.00165710316976708
66 0 0.00164564677272094
67 0 0.00196842154746257
68 0 0.00214384870422901
69 0 0.00247268565703651
70 0 0.00254867480316023
71 0 0.0028209418021834
72 0 0.00313413151076958
73 0 0.00350477592385701
74 0 0.00408068485834046
75 0 0.00430585600143851
76 0 0.0049133762035185
77 0 0.00537579826201329
78 0 0.00604676658553727
79 0 0.00665331329912233
80 0 0.00762177309817424
81 0 0.00874317128233604
82 0 0.00940784422947616
83 0 0.0107935885923104
84 0 0.0114182121173085
85 0 0.0128191182937951
86 0 0.0146070406809647
87 0 0.0157214544875667
88 0 0.0178044677042756
89 0 0.0191482742396420
90 0 0.022076179334805
91 0 0.0240961559433652
92 0 0.0268126788006131
93 0 0.0288833703819502
94 0 0.0342907703382659
95 0 0.0317677313393155
96 0 0.0382610045387762
97 0 0.0440282576188026
98 0 0.0430565028826420
99 0 0.0583332705427665
100 0 0.0603325182513387

death 1 M widowed
1 0 0.000571962516845881
2 0 0.0000423431931446672
3 0 0.0000208357208674181
4 0 0.0000215858958788617
5 0 0.0000171682876994872
6 0 0.0000171682876994872
7 0 0.0000221693696121905
8 0 0.0000117507594121768
9 0 0.0000116674153447516
10 0 0.0000068335901662886
11 0 0.0000135843482271802
12 0 0.0000164181491414395
13 0 0.0000174183352610324
14 0 0.0000180017822459799
15 0 0.0000306718403275674
16 0 0.0000318389081800374
17 0 0.0000513478321508831
18 0 0.0000550166445189015
19 0 0.0000459282666218641
20 0 0.000079701595279924
21 0 0.000093965213496805
22 0 0.0000741969376999441
23 0 0.0000681088410201536
24 0 0.0000819535967333529
25 0 0.0000857070564740381
26 0 0.0000766156098238602
27 0 0.0000749475531963695
28 0 0.000100138467347466
29 0 0.0000805356633871712
30 0 0.0000864577670208755
31 0 0.0000802854421514398
32 0 0.000116991916414344
33 0 0.000101139575045428
34 0 0.000118577302613443
35 0 0.000118744186979769
36 0 0.000141944095612967
37 0 0.000118744186979769
38 0 0.000121581268086146
39 0 0.000150624720304915
40 0 0.000132596657577144
41 0 0.000158638340510664
42 0 0.000185940037527588
43 0 0.000191367957561472
44 0 0.000190031824093495
45 0 0.000223441054729157
46 0 0.000212414650952897
47 0 0.000265387024029895
48 0 0.00029196839448975
49 0 0.000298573148277193
50 0 0.00036381042036715
51 0 0.000332858696404981
52 0 0.000429931838762720
53 0 0.000487136376522423
54 0 0.000482444751401467
55 0 0.000639578376495642
56 0 0.00063236138236833
57 0 0.000742188827348222
58 0 0.000760758418666296
59 0 0.00080202843162569
60 0 0.000918458774183617
61 0 0.0010400116920678
62 0 0.00126163442229166
63 0 0.0012989059690528
64 0 0.00137349499675066
65 0 0.00165710316976708
66 0 0.00164564677272094
67 0 0.00196842154746257
68 0 0.00214384870422901
69 0 0.00247268565703651
70 0 0.00254867480316023
71 0 0.0028209418021834
72 0 0.00313413151076958
73 0 0.00350477592385701
74 0 0.00408068485834046
75 0 0.00430585600143851
76 0 0.0049133762035185
77 0 0.00537579826201329
78 0 0.00604676658553727
79 0 0.00665331329912233
80 0 0.00762177309817424
81 0 0.00874317128233604
82 0 0.00940784422947616
83 0 0.0107935885923104
84 0 0.0114182121173085
85 0 0.0128191182937951
86 0 0.0146070406809647
87 0 0.0157214544875667
88 0 0.0178044677042756
89 0 0.0191482742396420
90 0 0.022076179334805
91 0 0.0240961559433652
92 0 0.0268126788006131
93 0 0.0288833703819502
94 0 0.0342907703382659
95 0 0.0317677313393155
96 0 0.0382610045387762
97 0 0.0440282576188026
98 0 0.0430565028826420
99 0 0.0583332705427665
100 0 0.0603325182513387

death 1 F married
1 0 0.000431020315210362
2 0 0.0000426766823875546
3 0 0.0000253368637967988
4 0 0.0000123341700235535
5 0 0.00000541682804489074
6 0 0.0000145845031690461
7 0 0.0000107506356461506
8 0 0.0000105839494215498
9 0 0.00000525015159980047
10 0 0.0000106672924956586
11 0 0.0000071669491682469
12 0 0.0000173349859974303
13 0 0.0000115840713537096
14 0 0.00000783367083967423
15 0 0.00000608353688102969
16 0 0.0000258370045466139
17 0 0.0000225027848553827
18 0 0.0000166681946396352
19 0 0.0000264205055656719
20 0 0.0000258370045466139
21 0 0.0000327559005753875
22 0 0.0000397586929929972
23 0 0.0000338396307862920
24 0 0.0000281710310953143
25 0 0.0000291713465325749
26 0 0.0000368407972606288
27 0 0.0000455113903485849
28 0 0.0000354235674120407
29 0 0.0000415094753898337
30 0 0.0000395085839746123
31 0 0.0000373410013059239
32 0 0.0000545997265654075
33 0 0.0000457615158832025
34 0 0.0000401755428862671
35 0 0.0000486796979735082
36 0 0.0000769492248224868
37 0 0.000068275632757131
38 0 0.0000868748311146916
39 0 0.0000721119271748227
40 0 0.0000650232490866376
41 0 0.0000964678334476332
42 0 0.0000953833563428486
43 0 0.000103976106732406
44 0 0.000135768002026637
45 0 0.000152711532531158
46 0 0.000167320559752993
47 0 0.000153796693823094
48 0 0.00018602354153463
49 0 0.000194207306398630
50 0 0.000262378302098853
51 0 0.000229539564654324
52 0 0.000221436154542398
53 0 0.00026931522757212
54 0 0.000284528170847342
55 0 0.000283525041223753
56 0 0.000342394049934303
57 0 0.00032173538164193
58 0 0.000417540872114652
59 0 0.00046443451210465
60 0 0.000468622621304982
61 0 0.000555359865523464
62 0 0.000623047272256261
63 0 0.000599304806781276
64 0 0.000678106683181912
65 0 0.000796900179736437
66 0 0.000821535247700234
67 0 0.000898846972192113
68 0 0.00111514752028630
69 0 0.00125673363378076
70 0 0.00134084418492342
71 0 0.00150929943015288
72 0 0.00164293139431559
73 0 0.00177013224332800
74 0 0.00213676708507460
75 0 0.00235672581917146
76 0 0.00260071311871479
77 0 0.00300853622185693
78 0 0.0033104480015409
79 0 0.00373251201047986
80 0 0.0044425407705605
81 0 0.00509469403648222
82 0 0.00578364344622828
83 0 0.00624474689115895
84 0 0.00743685481490286
85 0 0.00814963026945925
86 0 0.00959565040906951
87 0 0.0109096291335410
88 0 0.0124797770300770
89 0 0.0144570687624966
90 0 0.0154435256361561
91 0 0.0175534055546732
92 0 0.0203110631495472
93 0 0.0227423384889296
94 0 0.0271398358823192
95 0 0.0270972121699776
96 0 0.0309244144826334
97 0 0.0395546957564701
98 0 0.0383469306566289
99 0 0.0476185371095615
100 0 0.0426405878647577

death 1 F single
1 0 0.000431020315210362
2 0 0.0000426766823875546
3 0 0.0000253368637967988
4 0 0.0000123341700235535
5 0 0.00000541682804489074
6 0 0.0000145845031690461
7 0 0.0000107506356461506
8 0 0.0000105839494215498
9 0 0.00000525015159980047
10 0 0.0000106672924956586
11 0 0.0000071669491682469
12 0 0.0000173349859974303
13 0 0.0000115840713537096
14 0 0.00000783367083967423
15 0 0.00000608353688102969
16 0 0.0000258370045466139
17 0 0.0000225027848553827
18 0 0.0000166681946396352
19 0 0.0000264205055656719
20 0 0.0000258370045466139
21 0 0.0000327559005753875
22 0 0.0000397586929929972
23 0 0.0000338396307862920
24 0 0.0000281710310953143
25 0 0.0000291713465325749
26 0 0.0000368407972606288
27 0 0.0000455113903485849
28 0 0.0000354235674120407
29 0 0.0000415094753898337
30 0 0.0000395085839746123
31 0 0.0000373410013059239
32 0 0.0000545997265654075
33 0 0.0000457615158832025
34 0 0.0000401755428862671
35 0 0.0000486796979735082
36 0 0.0000769492248224868
37 0 0.000068275632757131
38 0 0.0000868748311146916
39 0 0.0000721119271748227
40 0 0.0000650232490866376
41 0 0.0000964678334476332
42 0 0.0000953833563428486
43 0 0.000103976106732406
44 0 0.000135768002026637
45 0 0.000152711532531158
46 0 0.000167320559752993
47 0 0.000153796693823094
48 0 0.00018602354153463
49 0 0.000194207306398630
50 0 0.000262378302098853
51 0 0.000229539564654324
52 0 0.000221436154542398
53 0 0.00026931522757212
54 0 0.000284528170847342
55 0 0.000283525041223753
56 0 0.000342394049934303
57 0 0.00032173538164193
58 0 0.000417540872114652
59 0 0.00046443451210465
60 0 0.000468622621304982
61 0 0.000555359865523464
62 0 0.000623047272256261
63 0 0.000599304806781276
64 0 0.000678106683181912
65 0 0.000796900179736437
66 0 0.000821535247700234
67 0 0.000898846972192113
68 0 0.00111514752028630
69 0 0.00125673363378076
70 0 0.00134084418492342
71 0 0.00150929943015288
72 0 0.00164293139431559
73 0 0.00177013224332800
74 0 0.00213676708507460
75 0 0.00235672581917146
76 0 0.00260071311871479
77 0 0.00300853622185693
78 0 0.0033104480015409
79 0 0.00373251201047986
80 0 0.0044425407705605
81 0 0.00509469403648222
82 0 0.00578364344622828
83 0 0.00624474689115895
84 0 0.00743685481490286
85 0 0.00814963026945925
86 0 0.00959565040906951
87 0 0.0109096291335410
88 0 0.0124797770300770
89 0 0.0144570687624966
90 0 0.0154435256361561
91 0 0.0175534055546732
92 0 0.0203110631495472
93 0 0.0227423384889296
94 0 0.0271398358823192
95 0 0.0270972121699776
96 0 0.0309244144826334
97 0 0.0395546957564701
98 0 0.0383469306566289
99 0 0.0476185371095615
100 0 0.0426405878647577

death 1 F divorced
1 0 0.000431020315210362
2 0 0.0000426766823875546
3 0 0.0000253368637967988
4 0 0.0000123341700235535
5 0 0.00000541682804489074
6 0 0.0000145845031690461
7 0 0.0000107506356461506
8 0 0.0000105839494215498
9 0 0.00000525015159980047
10 0 0.0000106672924956586
11 0 0.0000071669491682469
12 0 0.0000173349859974303
13 0 0.0000115840713537096
14 0 0.00000783367083967423
15 0 0.00000608353688102969
16 0 0.0000258370045466139
17 0 0.0000225027848553827
18 0 0.0000166681946396352
19 0 0.0000264205055656719
20 0 0.0000258370045466139
21 0 0.0000327559005753875
22 0 0.0000397586929929972
23 0 0.0000338396307862920
24 0 0.0000281710310953143
25 0 0.0000291713465325749
26 0 0.0000368407972606288
27 0 0.0000455113903485849
28 0 0.0000354235674120407
29 0 0.0000415094753898337
30 0 0.0000395085839746123
31 0 0.0000373410013059239
32 0 0.0000545997265654075
33 0 0.0000457615158832025
34 0 0.0000401755428862671
35 0 0.0000486796979735082
36 0 0.0000769492248224868
37 0 0.000068275632757131
38 0 0.0000868748311146916
39 0 0.0000721119271748227
40 0 0.0000650232490866376
41 0 0.0000964678334476332
42 0 0.0000953833563428486
43 0 0.000103976106732406
44 0 0.000135768002026637
45 0 0.000152711532531158
46 0 0.000167320559752993
47 0 0.000153796693823094
48 0 0.00018602354153463
49 0 0.000194207306398630
50 0 0.000262378302098853
51 0 0.000229539564654324
52 0 0.000221436154542398
53 0 0.00026931522757212
54 0 0.000284528170847342
55 0 0.000283525041223753
56 0 0.000342394049934303
57 0 0.00032173538164193
58 0 0.000417540872114652
59 0 0.00046443451210465
60 0 0.000468622621304982
61 0 0.000555359865523464
62 0 0.000623047272256261
63 0 0.000599304806781276
64 0 0.000678106683181912
65 0 0.000796900179736437
66 0 0.000821535247700234
67 0 0.000898846972192113
68 0 0.00111514752028630
69 0 0.00125673363378076
70 0 0.00134084418492342
71 0 0.00150929943015288
72 0 0.00164293139431559
73 0 0.00177013224332800
74 0 0.00213676708507460
75 0 0.00235672581917146
76 0 0.00260071311871479
77 0 0.00300853622185693
78 0 0.0033104480015409
79 0 0.00373251201047986
80 0 0.0044425407705605
81 0 0.00509469403648222
82 0 0.00578364344622828
83 0 0.00624474689115895
84 0 0.00743685481490286
85 0 0.00814963026945925
86 0 0.00959565040906951
87 0 0.0109096291335410
88 0 0.0124797770300770
89 0 0.0144570687624966
90 0 0.0154435256361561
91 0 0.0175534055546732
92 0 0.0203110631495472
93 0 0.0227423384889296
94 0 0.0271398358823192
95 0 0.0270972121699776
96 0 0.0309244144826334
97 0 0.0395546957564701
98 0 0.0383469306566289
99 0 0.0476185371095615
100 0 0.0426405878647577

death 1 F widowed
1 0 0.000431020315210362
2 0 0.0000426766823875546
3 0 0.0000253368637967988
4 0 0.0000123341700235535
5 0 0.00000541682804489074
6 0 0.0000145845031690461
7 0 0.0000107506356461506
8 0 0.0000105839494215498
9 0 0.00000525015159980047
10 0 0.0000106672924956586
11 0 0.0000071669491682469
12 0 0.0000173349859974303
13 0 0.0000115840713537096
14 0 0.00000783367083967423
15 0 0.00000608353688102969
16 0 0.0000258370045466139
17 0 0.0000225027848553827
18 0 0.0000166681946396352
19 0 0.0000264205055656719
20 0 0.0000258370045466139
21 0 0.0000327559005753875
22 0 0.0000397586929929972
23 0 0.0000338396307862920
24 0 0.0000281710310953143
25 0 0.0000291713465325749
26 0 0.0000368407972606288
27 0 0.0000455113903485849
28 0 0.0000354235674120407
29 0 0.0000415094753898337
30 0 0.0000395085839746123
31 0 0.0000373410013059239
32 0 0.0000545997265654075
33 0 0.0000457615158832025
34 0 0.0000401755428862671
35 0 0.0000486796979735082
36 0 0.0000769492248224868
37 0 0.000068275632757131
38 0 0.0000868748311146916
39 0 0.0000721119271748227
40 0 0.0000650232490866376
41 0 0.0000964678334476332
42 0 0.0000953833563428486
43 0 0.000103976106732406
44 0 0.000135768002026637
45 0 0.000152711532531158
46 0 0.000167320559752993
47 0 0.000153796693823094
48 0 0.00018602354153463
49 0 0.000194207306398630
50 0 0.000262378302098853
51 0 0.000229539564654324
52 0 0.000221436154542398
53 0 0.00026931522757212
54 0 0.000284528170847342
55 0 0.000283525041223753
56 0 0.000342394049934303
57 0 0.00032173538164193
58 0 0.000417540872114652
59 0 0.00046443451210465
60 0 0.000468622621304982
61 0 0.000555359865523464
62 0 0.000623047272256261
63 0 0.000599304806781276
64 0 0.000678106683181912
65 0 0.000796900179736437
66 0 0.000821535247700234
67 0 0.000898846972192113
68 0 0.00111514752028630
69 0 0.00125673363378076
70 0 0.00134084418492342
71 0 0.00150929943015288
72 0 0.00164293139431559
73 0 0.00177013224332800
74 0 0.00213676708507460
75 0 0.00235672581917146
76 0 0.00260071311871479
77 0 0.00300853622185693
78 0 0.0033104480015409
79 0 0.00373251201047986
80 0 0.0044425407705605
81 0 0.00509469403648222
82 0 0.00578364344622828
83 0 0.00624474689115895
84 0 0.00743685481490286
85 0 0.00814963026945925
86 0 0.00959565040906951
87 0 0.0109096291335410
88 0 0.0124797770300770
89 0 0.0144570687624966
90 0 0.0154435256361561
91 0 0.0175534055546732
92 0 0.0203110631495472
93 0 0.0227423384889296
94 0 0.0271398358823192
95 0 0.0270972121699776
96 0 0.0309244144826334
97 0 0.0395546957564701
98 0 0.0383469306566289
99 0 0.0476185371095615
100 0 0.0426405878647577
