*Period monthly mortality rates for SWE in 1899 
* Mon Dec 20 14:20:29 2010
death 1 M married
1 0 0.0114354226005988
2 0 0.00282498217692917
3 0 0.00140988149526111
4 0 0.00110797699730625
5 0 0.000902213504075822
6 0 0.000681884847787528
7 0 0.000537251341641842
8 0 0.000501212705521614
9 0 0.000452206337884342
10 0 0.000413355116532177
11 0 0.000298991186820197
12 0 0.000317888536991884
13 0 0.000298322326074296
14 0 0.00026914806651579
15 0 0.000278091614837273
16 0 0.000336538889738391
17 0 0.000365149111112628
18 0 0.000488560667795013
19 0 0.000469711561316588
20 0 0.000630934835111785
21 0 0.000580432714695212
22 0 0.000639494454664824
23 0 0.000578000596873629
24 0 0.000581522995542594
25 0 0.000612475655634048
26 0 0.000605428594548818
27 0 0.000579845645811816
28 0 0.000539263221634556
29 0 0.000602911919480253
30 0 0.000627662252511207
31 0 0.0006188520390773
32 0 0.000513363671583389
33 0 0.000650572806639715
34 0 0.000547478860646877
35 0 0.000625061052993647
36 0 0.000629340485273078
37 0 0.00067374099976314
38 0 0.000593433069159932
39 0 0.000720851088555463
40 0 0.000708672342790373
41 0 0.000812538049111522
42 0 0.000773700559460244
43 0 0.000790259103433999
44 0 0.000718163224947332
45 0 0.000789166314613787
46 0 0.000889253040845639
47 0 0.000904149316412917
48 0 0.0009985491731066
49 0 0.00105813642106489
50 0 0.00106547164190030
51 0 0.00107415663489308
52 0 0.00107719236232429
53 0 0.00117734392272273
54 0 0.00121120274621200
55 0 0.00127507069925703
56 0 0.00141326702737099
57 0 0.001594407704821
58 0 0.00178933824615080
59 0 0.00160992907021795
60 0 0.00175169490572569
61 0 0.00193530065942393
62 0 0.00200487701389140
63 0 0.00241652717571095
64 0 0.00245119408162742
65 0 0.00286711596170397
66 0 0.00320342562352482
67 0 0.00288784609175508
68 0 0.00367539411959827
69 0 0.00384172651697401
70 0 0.0038638982830862
71 0 0.00485471729129106
72 0 0.00471582893069822
73 0 0.00562257204785577
74 0 0.00634684943792363
75 0 0.00701771159799025
76 0 0.00727759662864302
77 0 0.00859955083069819
78 0 0.00960565798090818
79 0 0.010341474647509
80 0 0.011339388623268
81 0 0.0134095934798061
82 0 0.0138290779875160
83 0 0.0166688733550926
84 0 0.0201082714017883
85 0 0.0213511313853224
86 0 0.0226859011372922
87 0 0.0249830850428501
88 0 0.0260880454325795
89 0 0.0304686876308211
90 0 0.0370630314861577
91 0 0.0374289193331238
92 0 0.0365508085872878
93 0 0.0590118061847194
94 0 0.045276953009602
95 0 0.0704545038052464
96 0 0.098465901858874
97 0 0.0712743240552067
98 0 1
99 0 0
100 0 1

death 1 M single
1 0 0.0114354226005988
2 0 0.00282498217692917
3 0 0.00140988149526111
4 0 0.00110797699730625
5 0 0.000902213504075822
6 0 0.000681884847787528
7 0 0.000537251341641842
8 0 0.000501212705521614
9 0 0.000452206337884342
10 0 0.000413355116532177
11 0 0.000298991186820197
12 0 0.000317888536991884
13 0 0.000298322326074296
14 0 0.00026914806651579
15 0 0.000278091614837273
16 0 0.000336538889738391
17 0 0.000365149111112628
18 0 0.000488560667795013
19 0 0.000469711561316588
20 0 0.000630934835111785
21 0 0.000580432714695212
22 0 0.000639494454664824
23 0 0.000578000596873629
24 0 0.000581522995542594
25 0 0.000612475655634048
26 0 0.000605428594548818
27 0 0.000579845645811816
28 0 0.000539263221634556
29 0 0.000602911919480253
30 0 0.000627662252511207
31 0 0.0006188520390773
32 0 0.000513363671583389
33 0 0.000650572806639715
34 0 0.000547478860646877
35 0 0.000625061052993647
36 0 0.000629340485273078
37 0 0.00067374099976314
38 0 0.000593433069159932
39 0 0.000720851088555463
40 0 0.000708672342790373
41 0 0.000812538049111522
42 0 0.000773700559460244
43 0 0.000790259103433999
44 0 0.000718163224947332
45 0 0.000789166314613787
46 0 0.000889253040845639
47 0 0.000904149316412917
48 0 0.0009985491731066
49 0 0.00105813642106489
50 0 0.00106547164190030
51 0 0.00107415663489308
52 0 0.00107719236232429
53 0 0.00117734392272273
54 0 0.00121120274621200
55 0 0.00127507069925703
56 0 0.00141326702737099
57 0 0.001594407704821
58 0 0.00178933824615080
59 0 0.00160992907021795
60 0 0.00175169490572569
61 0 0.00193530065942393
62 0 0.00200487701389140
63 0 0.00241652717571095
64 0 0.00245119408162742
65 0 0.00286711596170397
66 0 0.00320342562352482
67 0 0.00288784609175508
68 0 0.00367539411959827
69 0 0.00384172651697401
70 0 0.0038638982830862
71 0 0.00485471729129106
72 0 0.00471582893069822
73 0 0.00562257204785577
74 0 0.00634684943792363
75 0 0.00701771159799025
76 0 0.00727759662864302
77 0 0.00859955083069819
78 0 0.00960565798090818
79 0 0.010341474647509
80 0 0.011339388623268
81 0 0.0134095934798061
82 0 0.0138290779875160
83 0 0.0166688733550926
84 0 0.0201082714017883
85 0 0.0213511313853224
86 0 0.0226859011372922
87 0 0.0249830850428501
88 0 0.0260880454325795
89 0 0.0304686876308211
90 0 0.0370630314861577
91 0 0.0374289193331238
92 0 0.0365508085872878
93 0 0.0590118061847194
94 0 0.045276953009602
95 0 0.0704545038052464
96 0 0.098465901858874
97 0 0.0712743240552067
98 0 1
99 0 0
100 0 1

death 1 M divorced
1 0 0.0114354226005988
2 0 0.00282498217692917
3 0 0.00140988149526111
4 0 0.00110797699730625
5 0 0.000902213504075822
6 0 0.000681884847787528
7 0 0.000537251341641842
8 0 0.000501212705521614
9 0 0.000452206337884342
10 0 0.000413355116532177
11 0 0.000298991186820197
12 0 0.000317888536991884
13 0 0.000298322326074296
14 0 0.00026914806651579
15 0 0.000278091614837273
16 0 0.000336538889738391
17 0 0.000365149111112628
18 0 0.000488560667795013
19 0 0.000469711561316588
20 0 0.000630934835111785
21 0 0.000580432714695212
22 0 0.000639494454664824
23 0 0.000578000596873629
24 0 0.000581522995542594
25 0 0.000612475655634048
26 0 0.000605428594548818
27 0 0.000579845645811816
28 0 0.000539263221634556
29 0 0.000602911919480253
30 0 0.000627662252511207
31 0 0.0006188520390773
32 0 0.000513363671583389
33 0 0.000650572806639715
34 0 0.000547478860646877
35 0 0.000625061052993647
36 0 0.000629340485273078
37 0 0.00067374099976314
38 0 0.000593433069159932
39 0 0.000720851088555463
40 0 0.000708672342790373
41 0 0.000812538049111522
42 0 0.000773700559460244
43 0 0.000790259103433999
44 0 0.000718163224947332
45 0 0.000789166314613787
46 0 0.000889253040845639
47 0 0.000904149316412917
48 0 0.0009985491731066
49 0 0.00105813642106489
50 0 0.00106547164190030
51 0 0.00107415663489308
52 0 0.00107719236232429
53 0 0.00117734392272273
54 0 0.00121120274621200
55 0 0.00127507069925703
56 0 0.00141326702737099
57 0 0.001594407704821
58 0 0.00178933824615080
59 0 0.00160992907021795
60 0 0.00175169490572569
61 0 0.00193530065942393
62 0 0.00200487701389140
63 0 0.00241652717571095
64 0 0.00245119408162742
65 0 0.00286711596170397
66 0 0.00320342562352482
67 0 0.00288784609175508
68 0 0.00367539411959827
69 0 0.00384172651697401
70 0 0.0038638982830862
71 0 0.00485471729129106
72 0 0.00471582893069822
73 0 0.00562257204785577
74 0 0.00634684943792363
75 0 0.00701771159799025
76 0 0.00727759662864302
77 0 0.00859955083069819
78 0 0.00960565798090818
79 0 0.010341474647509
80 0 0.011339388623268
81 0 0.0134095934798061
82 0 0.0138290779875160
83 0 0.0166688733550926
84 0 0.0201082714017883
85 0 0.0213511313853224
86 0 0.0226859011372922
87 0 0.0249830850428501
88 0 0.0260880454325795
89 0 0.0304686876308211
90 0 0.0370630314861577
91 0 0.0374289193331238
92 0 0.0365508085872878
93 0 0.0590118061847194
94 0 0.045276953009602
95 0 0.0704545038052464
96 0 0.098465901858874
97 0 0.0712743240552067
98 0 1
99 0 0
100 0 1

death 1 M widowed
1 0 0.0114354226005988
2 0 0.00282498217692917
3 0 0.00140988149526111
4 0 0.00110797699730625
5 0 0.000902213504075822
6 0 0.000681884847787528
7 0 0.000537251341641842
8 0 0.000501212705521614
9 0 0.000452206337884342
10 0 0.000413355116532177
11 0 0.000298991186820197
12 0 0.000317888536991884
13 0 0.000298322326074296
14 0 0.00026914806651579
15 0 0.000278091614837273
16 0 0.000336538889738391
17 0 0.000365149111112628
18 0 0.000488560667795013
19 0 0.000469711561316588
20 0 0.000630934835111785
21 0 0.000580432714695212
22 0 0.000639494454664824
23 0 0.000578000596873629
24 0 0.000581522995542594
25 0 0.000612475655634048
26 0 0.000605428594548818
27 0 0.000579845645811816
28 0 0.000539263221634556
29 0 0.000602911919480253
30 0 0.000627662252511207
31 0 0.0006188520390773
32 0 0.000513363671583389
33 0 0.000650572806639715
34 0 0.000547478860646877
35 0 0.000625061052993647
36 0 0.000629340485273078
37 0 0.00067374099976314
38 0 0.000593433069159932
39 0 0.000720851088555463
40 0 0.000708672342790373
41 0 0.000812538049111522
42 0 0.000773700559460244
43 0 0.000790259103433999
44 0 0.000718163224947332
45 0 0.000789166314613787
46 0 0.000889253040845639
47 0 0.000904149316412917
48 0 0.0009985491731066
49 0 0.00105813642106489
50 0 0.00106547164190030
51 0 0.00107415663489308
52 0 0.00107719236232429
53 0 0.00117734392272273
54 0 0.00121120274621200
55 0 0.00127507069925703
56 0 0.00141326702737099
57 0 0.001594407704821
58 0 0.00178933824615080
59 0 0.00160992907021795
60 0 0.00175169490572569
61 0 0.00193530065942393
62 0 0.00200487701389140
63 0 0.00241652717571095
64 0 0.00245119408162742
65 0 0.00286711596170397
66 0 0.00320342562352482
67 0 0.00288784609175508
68 0 0.00367539411959827
69 0 0.00384172651697401
70 0 0.0038638982830862
71 0 0.00485471729129106
72 0 0.00471582893069822
73 0 0.00562257204785577
74 0 0.00634684943792363
75 0 0.00701771159799025
76 0 0.00727759662864302
77 0 0.00859955083069819
78 0 0.00960565798090818
79 0 0.010341474647509
80 0 0.011339388623268
81 0 0.0134095934798061
82 0 0.0138290779875160
83 0 0.0166688733550926
84 0 0.0201082714017883
85 0 0.0213511313853224
86 0 0.0226859011372922
87 0 0.0249830850428501
88 0 0.0260880454325795
89 0 0.0304686876308211
90 0 0.0370630314861577
91 0 0.0374289193331238
92 0 0.0365508085872878
93 0 0.0590118061847194
94 0 0.045276953009602
95 0 0.0704545038052464
96 0 0.098465901858874
97 0 0.0712743240552067
98 0 1
99 0 0
100 0 1

death 1 F married
1 0 0.00940266636636211
2 0 0.00275382915348066
3 0 0.00149057614860282
4 0 0.000993915311539362
5 0 0.000838943573200801
6 0 0.000672649611687781
7 0 0.000555192177450925
8 0 0.000513196060999199
9 0 0.000457985201445243
10 0 0.000337040745830963
11 0 0.000361300428370348
12 0 0.000311951335506433
13 0 0.000315881552247821
14 0 0.000346325583469143
15 0 0.000358204867048073
16 0 0.000377281895238335
17 0 0.000388160941105498
18 0 0.000392680312274019
19 0 0.00046954403123467
20 0 0.000422145425957976
21 0 0.000466528542575673
22 0 0.000492163386553224
23 0 0.000469627796236938
24 0 0.000515626444732575
25 0 0.000570620775776298
26 0 0.000551503118152441
27 0 0.000535323331783966
28 0 0.00047616170434428
29 0 0.000507162285874441
30 0 0.000537586651880306
31 0 0.000534149780596072
32 0 0.000555276021448559
33 0 0.000521157905226999
34 0 0.000541107484096415
35 0 0.000577497408211225
36 0 0.000643019238307341
37 0 0.000680961281929404
38 0 0.000573471999233854
39 0 0.000722195050183227
40 0 0.000690029425920113
41 0 0.000635298461959422
42 0 0.000655860678174247
43 0 0.000638571319641956
44 0 0.00068499145639922
45 0 0.000791351905400806
46 0 0.00065695186457726
47 0 0.000714215569450172
48 0 0.000742524894819963
49 0 0.00075890969192316
50 0 0.000801608072217075
51 0 0.000936980243191665
52 0 0.000952136982243168
53 0 0.000883362532498322
54 0 0.00107272313221429
55 0 0.00114316016557037
56 0 0.00104844134861137
57 0 0.00111438826163890
58 0 0.00114231628495787
59 0 0.00134617240162260
60 0 0.00137730220294763
61 0 0.00155591260469645
62 0 0.00173181736503092
63 0 0.00196475977517352
64 0 0.00179622280316183
65 0 0.00221401219548045
66 0 0.00258364949057821
67 0 0.00271767251112209
68 0 0.00285387180470609
69 0 0.00327078574476813
70 0 0.00365821371694008
71 0 0.00419808798600019
72 0 0.00446731128251443
73 0 0.00539631492676296
74 0 0.00565015124118229
75 0 0.00608971464452512
76 0 0.00684759585563777
77 0 0.0075739224307434
78 0 0.00799866747740574
79 0 0.00935894378820945
80 0 0.0106761971514363
81 0 0.0120256905504307
82 0 0.0123434435535136
83 0 0.0145855867509597
84 0 0.0162534664473233
85 0 0.0184061919622788
86 0 0.0202020990777202
87 0 0.0216013759802663
88 0 0.0256322523163328
89 0 0.0287688688926842
90 0 0.0291823944736838
91 0 0.0384473060307493
92 0 0.0349806860501402
93 0 0.0499674943532213
94 0 0.0657682137570533
95 0 0.0655267395395668
96 0 0.0444947264798498
97 0 0.069971547906207
98 0 0.101762897463308
99 0 0.0768263913771539
100 0 0.0466554379126430

death 1 F single
1 0 0.00940266636636211
2 0 0.00275382915348066
3 0 0.00149057614860282
4 0 0.000993915311539362
5 0 0.000838943573200801
6 0 0.000672649611687781
7 0 0.000555192177450925
8 0 0.000513196060999199
9 0 0.000457985201445243
10 0 0.000337040745830963
11 0 0.000361300428370348
12 0 0.000311951335506433
13 0 0.000315881552247821
14 0 0.000346325583469143
15 0 0.000358204867048073
16 0 0.000377281895238335
17 0 0.000388160941105498
18 0 0.000392680312274019
19 0 0.00046954403123467
20 0 0.000422145425957976
21 0 0.000466528542575673
22 0 0.000492163386553224
23 0 0.000469627796236938
24 0 0.000515626444732575
25 0 0.000570620775776298
26 0 0.000551503118152441
27 0 0.000535323331783966
28 0 0.00047616170434428
29 0 0.000507162285874441
30 0 0.000537586651880306
31 0 0.000534149780596072
32 0 0.000555276021448559
33 0 0.000521157905226999
34 0 0.000541107484096415
35 0 0.000577497408211225
36 0 0.000643019238307341
37 0 0.000680961281929404
38 0 0.000573471999233854
39 0 0.000722195050183227
40 0 0.000690029425920113
41 0 0.000635298461959422
42 0 0.000655860678174247
43 0 0.000638571319641956
44 0 0.00068499145639922
45 0 0.000791351905400806
46 0 0.00065695186457726
47 0 0.000714215569450172
48 0 0.000742524894819963
49 0 0.00075890969192316
50 0 0.000801608072217075
51 0 0.000936980243191665
52 0 0.000952136982243168
53 0 0.000883362532498322
54 0 0.00107272313221429
55 0 0.00114316016557037
56 0 0.00104844134861137
57 0 0.00111438826163890
58 0 0.00114231628495787
59 0 0.00134617240162260
60 0 0.00137730220294763
61 0 0.00155591260469645
62 0 0.00173181736503092
63 0 0.00196475977517352
64 0 0.00179622280316183
65 0 0.00221401219548045
66 0 0.00258364949057821
67 0 0.00271767251112209
68 0 0.00285387180470609
69 0 0.00327078574476813
70 0 0.00365821371694008
71 0 0.00419808798600019
72 0 0.00446731128251443
73 0 0.00539631492676296
74 0 0.00565015124118229
75 0 0.00608971464452512
76 0 0.00684759585563777
77 0 0.0075739224307434
78 0 0.00799866747740574
79 0 0.00935894378820945
80 0 0.0106761971514363
81 0 0.0120256905504307
82 0 0.0123434435535136
83 0 0.0145855867509597
84 0 0.0162534664473233
85 0 0.0184061919622788
86 0 0.0202020990777202
87 0 0.0216013759802663
88 0 0.0256322523163328
89 0 0.0287688688926842
90 0 0.0291823944736838
91 0 0.0384473060307493
92 0 0.0349806860501402
93 0 0.0499674943532213
94 0 0.0657682137570533
95 0 0.0655267395395668
96 0 0.0444947264798498
97 0 0.069971547906207
98 0 0.101762897463308
99 0 0.0768263913771539
100 0 0.0466554379126430

death 1 F divorced
1 0 0.00940266636636211
2 0 0.00275382915348066
3 0 0.00149057614860282
4 0 0.000993915311539362
5 0 0.000838943573200801
6 0 0.000672649611687781
7 0 0.000555192177450925
8 0 0.000513196060999199
9 0 0.000457985201445243
10 0 0.000337040745830963
11 0 0.000361300428370348
12 0 0.000311951335506433
13 0 0.000315881552247821
14 0 0.000346325583469143
15 0 0.000358204867048073
16 0 0.000377281895238335
17 0 0.000388160941105498
18 0 0.000392680312274019
19 0 0.00046954403123467
20 0 0.000422145425957976
21 0 0.000466528542575673
22 0 0.000492163386553224
23 0 0.000469627796236938
24 0 0.000515626444732575
25 0 0.000570620775776298
26 0 0.000551503118152441
27 0 0.000535323331783966
28 0 0.00047616170434428
29 0 0.000507162285874441
30 0 0.000537586651880306
31 0 0.000534149780596072
32 0 0.000555276021448559
33 0 0.000521157905226999
34 0 0.000541107484096415
35 0 0.000577497408211225
36 0 0.000643019238307341
37 0 0.000680961281929404
38 0 0.000573471999233854
39 0 0.000722195050183227
40 0 0.000690029425920113
41 0 0.000635298461959422
42 0 0.000655860678174247
43 0 0.000638571319641956
44 0 0.00068499145639922
45 0 0.000791351905400806
46 0 0.00065695186457726
47 0 0.000714215569450172
48 0 0.000742524894819963
49 0 0.00075890969192316
50 0 0.000801608072217075
51 0 0.000936980243191665
52 0 0.000952136982243168
53 0 0.000883362532498322
54 0 0.00107272313221429
55 0 0.00114316016557037
56 0 0.00104844134861137
57 0 0.00111438826163890
58 0 0.00114231628495787
59 0 0.00134617240162260
60 0 0.00137730220294763
61 0 0.00155591260469645
62 0 0.00173181736503092
63 0 0.00196475977517352
64 0 0.00179622280316183
65 0 0.00221401219548045
66 0 0.00258364949057821
67 0 0.00271767251112209
68 0 0.00285387180470609
69 0 0.00327078574476813
70 0 0.00365821371694008
71 0 0.00419808798600019
72 0 0.00446731128251443
73 0 0.00539631492676296
74 0 0.00565015124118229
75 0 0.00608971464452512
76 0 0.00684759585563777
77 0 0.0075739224307434
78 0 0.00799866747740574
79 0 0.00935894378820945
80 0 0.0106761971514363
81 0 0.0120256905504307
82 0 0.0123434435535136
83 0 0.0145855867509597
84 0 0.0162534664473233
85 0 0.0184061919622788
86 0 0.0202020990777202
87 0 0.0216013759802663
88 0 0.0256322523163328
89 0 0.0287688688926842
90 0 0.0291823944736838
91 0 0.0384473060307493
92 0 0.0349806860501402
93 0 0.0499674943532213
94 0 0.0657682137570533
95 0 0.0655267395395668
96 0 0.0444947264798498
97 0 0.069971547906207
98 0 0.101762897463308
99 0 0.0768263913771539
100 0 0.0466554379126430

death 1 F widowed
1 0 0.00940266636636211
2 0 0.00275382915348066
3 0 0.00149057614860282
4 0 0.000993915311539362
5 0 0.000838943573200801
6 0 0.000672649611687781
7 0 0.000555192177450925
8 0 0.000513196060999199
9 0 0.000457985201445243
10 0 0.000337040745830963
11 0 0.000361300428370348
12 0 0.000311951335506433
13 0 0.000315881552247821
14 0 0.000346325583469143
15 0 0.000358204867048073
16 0 0.000377281895238335
17 0 0.000388160941105498
18 0 0.000392680312274019
19 0 0.00046954403123467
20 0 0.000422145425957976
21 0 0.000466528542575673
22 0 0.000492163386553224
23 0 0.000469627796236938
24 0 0.000515626444732575
25 0 0.000570620775776298
26 0 0.000551503118152441
27 0 0.000535323331783966
28 0 0.00047616170434428
29 0 0.000507162285874441
30 0 0.000537586651880306
31 0 0.000534149780596072
32 0 0.000555276021448559
33 0 0.000521157905226999
34 0 0.000541107484096415
35 0 0.000577497408211225
36 0 0.000643019238307341
37 0 0.000680961281929404
38 0 0.000573471999233854
39 0 0.000722195050183227
40 0 0.000690029425920113
41 0 0.000635298461959422
42 0 0.000655860678174247
43 0 0.000638571319641956
44 0 0.00068499145639922
45 0 0.000791351905400806
46 0 0.00065695186457726
47 0 0.000714215569450172
48 0 0.000742524894819963
49 0 0.00075890969192316
50 0 0.000801608072217075
51 0 0.000936980243191665
52 0 0.000952136982243168
53 0 0.000883362532498322
54 0 0.00107272313221429
55 0 0.00114316016557037
56 0 0.00104844134861137
57 0 0.00111438826163890
58 0 0.00114231628495787
59 0 0.00134617240162260
60 0 0.00137730220294763
61 0 0.00155591260469645
62 0 0.00173181736503092
63 0 0.00196475977517352
64 0 0.00179622280316183
65 0 0.00221401219548045
66 0 0.00258364949057821
67 0 0.00271767251112209
68 0 0.00285387180470609
69 0 0.00327078574476813
70 0 0.00365821371694008
71 0 0.00419808798600019
72 0 0.00446731128251443
73 0 0.00539631492676296
74 0 0.00565015124118229
75 0 0.00608971464452512
76 0 0.00684759585563777
77 0 0.0075739224307434
78 0 0.00799866747740574
79 0 0.00935894378820945
80 0 0.0106761971514363
81 0 0.0120256905504307
82 0 0.0123434435535136
83 0 0.0145855867509597
84 0 0.0162534664473233
85 0 0.0184061919622788
86 0 0.0202020990777202
87 0 0.0216013759802663
88 0 0.0256322523163328
89 0 0.0287688688926842
90 0 0.0291823944736838
91 0 0.0384473060307493
92 0 0.0349806860501402
93 0 0.0499674943532213
94 0 0.0657682137570533
95 0 0.0655267395395668
96 0 0.0444947264798498
97 0 0.069971547906207
98 0 0.101762897463308
99 0 0.0768263913771539
100 0 0.0466554379126430
