*Period monthly mortality rates for SWE in 1755 
* Mon Dec 20 14:18:41 2010
death 1 M married
1 0 0.0276173149674668
2 0 0.00549914523044026
3 0 0.00363496462385315
4 0 0.00241498673186935
5 0 0.00196331213851864
6 0 0.00168910387960319
7 0 0.00120208241920261
8 0 0.000826160322741742
9 0 0.000576323312169835
10 0 0.000452708833170057
11 0 0.000428089831399303
12 0 0.000456896401951123
13 0 0.000480266579222066
14 0 0.000496352774039144
15 0 0.000503307583745283
16 0 0.00050381036170577
17 0 0.000491157962297595
18 0 0.000494425631805573
19 0 0.000514872180754966
20 0 0.000551670799416648
21 0 0.000598046545344788
22 0 0.000663583202248019
23 0 0.00072160706452451
24 0 0.000767313298489336
25 0 0.000796227643585778
26 0 0.000810183789111352
27 0 0.000784375011124716
28 0 0.000764708097307665
29 0 0.000758153405463147
30 0 0.000767481378550539
31 0 0.00078714889286835
32 0 0.000842139666933917
33 0 0.000887149244010121
34 0 0.000922920419104023
35 0 0.00095954786423369
36 0 0.00100090832072997
37 0 0.00100967140562180
38 0 0.00103992739945369
39 0 0.00108630015355493
40 0 0.00114425722209133
41 0 0.00120090022166042
42 0 0.00131074140650655
43 0 0.00139447891812072
44 0 0.00146118584503907
45 0 0.00151226501001489
46 0 0.00152878930027156
47 0 0.00144746798104267
48 0 0.00143282094567698
49 0 0.00148795011476965
50 0 0.00159627352095604
51 0 0.00170905698206436
52 0 0.00191444666365492
53 0 0.00204825084026161
54 0 0.00215570952158173
55 0 0.00226671317267113
56 0 0.00237554316726496
57 0 0.00232525825253904
58 0 0.00236664720703872
59 0 0.00243989378243059
60 0 0.00253093544959271
61 0 0.00262086777034742
62 0 0.00289610505744820
63 0 0.00314111892554292
64 0 0.00341863532116959
65 0 0.00370377495205021
66 0 0.00392966297043573
67 0 0.00411137290956554
68 0 0.00439310754415367
69 0 0.00476579012967548
70 0 0.00526498266296083
71 0 0.00585286360101667
72 0 0.00654450388897343
73 0 0.00718282595733477
74 0 0.00781306661298231
75 0 0.00847052441573448
76 0 0.00906674218712644
77 0 0.0093288217628088
78 0 0.00994220723472272
79 0 0.0109196899010987
80 0 0.0122854737564730
81 0 0.0110628251143655
82 0 0.0127372330687023
83 0 0.0143945893183670
84 0 0.0158685928067466
85 0 0.0170183549287428
86 0 0.0177955325470517
87 0 0.0185878309838721
88 0 0.0195797862101641
89 0 0.0208306812237611
90 0 0.0226726017347844
91 0 0.0237591807692987
92 0 0.0254335503681813
93 0 0.0270234022209814
94 0 0.0284713542425579
95 0 0.0300133241776489
96 0 0.0317173481987585
97 0 0.0336837044855837
98 0 0.0356052651061168
99 0 0.0364077109009261
100 0 0.0366630925289807

death 1 M single
1 0 0.0276173149674668
2 0 0.00549914523044026
3 0 0.00363496462385315
4 0 0.00241498673186935
5 0 0.00196331213851864
6 0 0.00168910387960319
7 0 0.00120208241920261
8 0 0.000826160322741742
9 0 0.000576323312169835
10 0 0.000452708833170057
11 0 0.000428089831399303
12 0 0.000456896401951123
13 0 0.000480266579222066
14 0 0.000496352774039144
15 0 0.000503307583745283
16 0 0.00050381036170577
17 0 0.000491157962297595
18 0 0.000494425631805573
19 0 0.000514872180754966
20 0 0.000551670799416648
21 0 0.000598046545344788
22 0 0.000663583202248019
23 0 0.00072160706452451
24 0 0.000767313298489336
25 0 0.000796227643585778
26 0 0.000810183789111352
27 0 0.000784375011124716
28 0 0.000764708097307665
29 0 0.000758153405463147
30 0 0.000767481378550539
31 0 0.00078714889286835
32 0 0.000842139666933917
33 0 0.000887149244010121
34 0 0.000922920419104023
35 0 0.00095954786423369
36 0 0.00100090832072997
37 0 0.00100967140562180
38 0 0.00103992739945369
39 0 0.00108630015355493
40 0 0.00114425722209133
41 0 0.00120090022166042
42 0 0.00131074140650655
43 0 0.00139447891812072
44 0 0.00146118584503907
45 0 0.00151226501001489
46 0 0.00152878930027156
47 0 0.00144746798104267
48 0 0.00143282094567698
49 0 0.00148795011476965
50 0 0.00159627352095604
51 0 0.00170905698206436
52 0 0.00191444666365492
53 0 0.00204825084026161
54 0 0.00215570952158173
55 0 0.00226671317267113
56 0 0.00237554316726496
57 0 0.00232525825253904
58 0 0.00236664720703872
59 0 0.00243989378243059
60 0 0.00253093544959271
61 0 0.00262086777034742
62 0 0.00289610505744820
63 0 0.00314111892554292
64 0 0.00341863532116959
65 0 0.00370377495205021
66 0 0.00392966297043573
67 0 0.00411137290956554
68 0 0.00439310754415367
69 0 0.00476579012967548
70 0 0.00526498266296083
71 0 0.00585286360101667
72 0 0.00654450388897343
73 0 0.00718282595733477
74 0 0.00781306661298231
75 0 0.00847052441573448
76 0 0.00906674218712644
77 0 0.0093288217628088
78 0 0.00994220723472272
79 0 0.0109196899010987
80 0 0.0122854737564730
81 0 0.0110628251143655
82 0 0.0127372330687023
83 0 0.0143945893183670
84 0 0.0158685928067466
85 0 0.0170183549287428
86 0 0.0177955325470517
87 0 0.0185878309838721
88 0 0.0195797862101641
89 0 0.0208306812237611
90 0 0.0226726017347844
91 0 0.0237591807692987
92 0 0.0254335503681813
93 0 0.0270234022209814
94 0 0.0284713542425579
95 0 0.0300133241776489
96 0 0.0317173481987585
97 0 0.0336837044855837
98 0 0.0356052651061168
99 0 0.0364077109009261
100 0 0.0366630925289807

death 1 M divorced
1 0 0.0276173149674668
2 0 0.00549914523044026
3 0 0.00363496462385315
4 0 0.00241498673186935
5 0 0.00196331213851864
6 0 0.00168910387960319
7 0 0.00120208241920261
8 0 0.000826160322741742
9 0 0.000576323312169835
10 0 0.000452708833170057
11 0 0.000428089831399303
12 0 0.000456896401951123
13 0 0.000480266579222066
14 0 0.000496352774039144
15 0 0.000503307583745283
16 0 0.00050381036170577
17 0 0.000491157962297595
18 0 0.000494425631805573
19 0 0.000514872180754966
20 0 0.000551670799416648
21 0 0.000598046545344788
22 0 0.000663583202248019
23 0 0.00072160706452451
24 0 0.000767313298489336
25 0 0.000796227643585778
26 0 0.000810183789111352
27 0 0.000784375011124716
28 0 0.000764708097307665
29 0 0.000758153405463147
30 0 0.000767481378550539
31 0 0.00078714889286835
32 0 0.000842139666933917
33 0 0.000887149244010121
34 0 0.000922920419104023
35 0 0.00095954786423369
36 0 0.00100090832072997
37 0 0.00100967140562180
38 0 0.00103992739945369
39 0 0.00108630015355493
40 0 0.00114425722209133
41 0 0.00120090022166042
42 0 0.00131074140650655
43 0 0.00139447891812072
44 0 0.00146118584503907
45 0 0.00151226501001489
46 0 0.00152878930027156
47 0 0.00144746798104267
48 0 0.00143282094567698
49 0 0.00148795011476965
50 0 0.00159627352095604
51 0 0.00170905698206436
52 0 0.00191444666365492
53 0 0.00204825084026161
54 0 0.00215570952158173
55 0 0.00226671317267113
56 0 0.00237554316726496
57 0 0.00232525825253904
58 0 0.00236664720703872
59 0 0.00243989378243059
60 0 0.00253093544959271
61 0 0.00262086777034742
62 0 0.00289610505744820
63 0 0.00314111892554292
64 0 0.00341863532116959
65 0 0.00370377495205021
66 0 0.00392966297043573
67 0 0.00411137290956554
68 0 0.00439310754415367
69 0 0.00476579012967548
70 0 0.00526498266296083
71 0 0.00585286360101667
72 0 0.00654450388897343
73 0 0.00718282595733477
74 0 0.00781306661298231
75 0 0.00847052441573448
76 0 0.00906674218712644
77 0 0.0093288217628088
78 0 0.00994220723472272
79 0 0.0109196899010987
80 0 0.0122854737564730
81 0 0.0110628251143655
82 0 0.0127372330687023
83 0 0.0143945893183670
84 0 0.0158685928067466
85 0 0.0170183549287428
86 0 0.0177955325470517
87 0 0.0185878309838721
88 0 0.0195797862101641
89 0 0.0208306812237611
90 0 0.0226726017347844
91 0 0.0237591807692987
92 0 0.0254335503681813
93 0 0.0270234022209814
94 0 0.0284713542425579
95 0 0.0300133241776489
96 0 0.0317173481987585
97 0 0.0336837044855837
98 0 0.0356052651061168
99 0 0.0364077109009261
100 0 0.0366630925289807

death 1 M widowed
1 0 0.0276173149674668
2 0 0.00549914523044026
3 0 0.00363496462385315
4 0 0.00241498673186935
5 0 0.00196331213851864
6 0 0.00168910387960319
7 0 0.00120208241920261
8 0 0.000826160322741742
9 0 0.000576323312169835
10 0 0.000452708833170057
11 0 0.000428089831399303
12 0 0.000456896401951123
13 0 0.000480266579222066
14 0 0.000496352774039144
15 0 0.000503307583745283
16 0 0.00050381036170577
17 0 0.000491157962297595
18 0 0.000494425631805573
19 0 0.000514872180754966
20 0 0.000551670799416648
21 0 0.000598046545344788
22 0 0.000663583202248019
23 0 0.00072160706452451
24 0 0.000767313298489336
25 0 0.000796227643585778
26 0 0.000810183789111352
27 0 0.000784375011124716
28 0 0.000764708097307665
29 0 0.000758153405463147
30 0 0.000767481378550539
31 0 0.00078714889286835
32 0 0.000842139666933917
33 0 0.000887149244010121
34 0 0.000922920419104023
35 0 0.00095954786423369
36 0 0.00100090832072997
37 0 0.00100967140562180
38 0 0.00103992739945369
39 0 0.00108630015355493
40 0 0.00114425722209133
41 0 0.00120090022166042
42 0 0.00131074140650655
43 0 0.00139447891812072
44 0 0.00146118584503907
45 0 0.00151226501001489
46 0 0.00152878930027156
47 0 0.00144746798104267
48 0 0.00143282094567698
49 0 0.00148795011476965
50 0 0.00159627352095604
51 0 0.00170905698206436
52 0 0.00191444666365492
53 0 0.00204825084026161
54 0 0.00215570952158173
55 0 0.00226671317267113
56 0 0.00237554316726496
57 0 0.00232525825253904
58 0 0.00236664720703872
59 0 0.00243989378243059
60 0 0.00253093544959271
61 0 0.00262086777034742
62 0 0.00289610505744820
63 0 0.00314111892554292
64 0 0.00341863532116959
65 0 0.00370377495205021
66 0 0.00392966297043573
67 0 0.00411137290956554
68 0 0.00439310754415367
69 0 0.00476579012967548
70 0 0.00526498266296083
71 0 0.00585286360101667
72 0 0.00654450388897343
73 0 0.00718282595733477
74 0 0.00781306661298231
75 0 0.00847052441573448
76 0 0.00906674218712644
77 0 0.0093288217628088
78 0 0.00994220723472272
79 0 0.0109196899010987
80 0 0.0122854737564730
81 0 0.0110628251143655
82 0 0.0127372330687023
83 0 0.0143945893183670
84 0 0.0158685928067466
85 0 0.0170183549287428
86 0 0.0177955325470517
87 0 0.0185878309838721
88 0 0.0195797862101641
89 0 0.0208306812237611
90 0 0.0226726017347844
91 0 0.0237591807692987
92 0 0.0254335503681813
93 0 0.0270234022209814
94 0 0.0284713542425579
95 0 0.0300133241776489
96 0 0.0317173481987585
97 0 0.0336837044855837
98 0 0.0356052651061168
99 0 0.0364077109009261
100 0 0.0366630925289807

death 1 F married
1 0 0.0249588720504553
2 0 0.00570418118309124
3 0 0.0038169527299059
4 0 0.00241241938361147
5 0 0.00180778323420139
6 0 0.00149243983160563
7 0 0.00106816980321089
8 0 0.000750422838334486
9 0 0.000539430880311498
10 0 0.000442910676283992
11 0 0.00044316189787863
12 0 0.000488393102957008
13 0 0.000521241717824306
14 0 0.00053674837860429
15 0 0.000532221836549773
16 0 0.000514536954330236
17 0 0.000477334506815752
18 0 0.000455305103081116
19 0 0.000447349026711841
20 0 0.00045128510374437
21 0 0.000465690924596474
22 0 0.000508754493172447
23 0 0.000550580876731099
24 0 0.00058747783719304
25 0 0.000618516428791627
26 0 0.000644529901732582
27 0 0.000650488874652355
28 0 0.000669375526126781
29 0 0.000704473153826046
30 0 0.000756640851432233
31 0 0.000813715201993581
32 0 0.000888159060409843
33 0 0.000934706950476816
34 0 0.00095340015801204
35 0 0.000942705825112466
36 0 0.000904822652114556
37 0 0.000844831201517238
38 0 0.000832467622800315
39 0 0.000859888444115109
40 0 0.000922920419104023
41 0 0.00100116109018156
42 0 0.00111961883887213
43 0 0.00120740249862716
44 0 0.00127591581458719
45 0 0.00132545331523504
46 0 0.00134025218014822
47 0 0.00124845359216053
48 0 0.00119811367406697
49 0 0.001188065924699
50 0 0.00120613578477646
51 0 0.00122463156166663
52 0 0.00134625697901203
53 0 0.00142994261542084
54 0 0.00149981022562495
55 0 0.00157846502196568
56 0 0.00166924004184366
57 0 0.00162681050799718
58 0 0.00167891675304599
59 0 0.0017960528078107
60 0 0.00197302026153667
61 0 0.00217209535980267
62 0 0.00254019033152308
63 0 0.00283701840296791
64 0 0.00310265169402146
65 0 0.00334200010160313
66 0 0.00354454077096311
67 0 0.00372191904271701
68 0 0.00401916572712169
69 0 0.00442468919910244
70 0 0.00491284836756956
71 0 0.00540268311423664
72 0 0.00601461345777221
73 0 0.00661018614503384
74 0 0.00724003748708135
75 0 0.0079918404952466
76 0 0.00886137578039248
77 0 0.00909051098972191
78 0 0.00950961266272954
79 0 0.0101548112781518
80 0 0.0109859121939472
81 0 0.0104688144320741
82 0 0.0120010382899886
83 0 0.0135383599441223
84 0 0.0149731361606943
85 0 0.0161433619391163
86 0 0.0168776546205107
87 0 0.0175087628669133
88 0 0.0182848279479375
89 0 0.0192028211669353
90 0 0.0202391360813943
91 0 0.0229118659852638
92 0 0.0245055512034082
93 0 0.0261184780547836
94 0 0.0277316951674796
95 0 0.0293213616366309
96 0 0.0308454535147051
97 0 0.0324531379690164
98 0 0.0341952879219348
99 0 0.0359073933370484
100 0 0.0372450251128376

death 1 F single
1 0 0.0249588720504553
2 0 0.00570418118309124
3 0 0.0038169527299059
4 0 0.00241241938361147
5 0 0.00180778323420139
6 0 0.00149243983160563
7 0 0.00106816980321089
8 0 0.000750422838334486
9 0 0.000539430880311498
10 0 0.000442910676283992
11 0 0.00044316189787863
12 0 0.000488393102957008
13 0 0.000521241717824306
14 0 0.00053674837860429
15 0 0.000532221836549773
16 0 0.000514536954330236
17 0 0.000477334506815752
18 0 0.000455305103081116
19 0 0.000447349026711841
20 0 0.00045128510374437
21 0 0.000465690924596474
22 0 0.000508754493172447
23 0 0.000550580876731099
24 0 0.00058747783719304
25 0 0.000618516428791627
26 0 0.000644529901732582
27 0 0.000650488874652355
28 0 0.000669375526126781
29 0 0.000704473153826046
30 0 0.000756640851432233
31 0 0.000813715201993581
32 0 0.000888159060409843
33 0 0.000934706950476816
34 0 0.00095340015801204
35 0 0.000942705825112466
36 0 0.000904822652114556
37 0 0.000844831201517238
38 0 0.000832467622800315
39 0 0.000859888444115109
40 0 0.000922920419104023
41 0 0.00100116109018156
42 0 0.00111961883887213
43 0 0.00120740249862716
44 0 0.00127591581458719
45 0 0.00132545331523504
46 0 0.00134025218014822
47 0 0.00124845359216053
48 0 0.00119811367406697
49 0 0.001188065924699
50 0 0.00120613578477646
51 0 0.00122463156166663
52 0 0.00134625697901203
53 0 0.00142994261542084
54 0 0.00149981022562495
55 0 0.00157846502196568
56 0 0.00166924004184366
57 0 0.00162681050799718
58 0 0.00167891675304599
59 0 0.0017960528078107
60 0 0.00197302026153667
61 0 0.00217209535980267
62 0 0.00254019033152308
63 0 0.00283701840296791
64 0 0.00310265169402146
65 0 0.00334200010160313
66 0 0.00354454077096311
67 0 0.00372191904271701
68 0 0.00401916572712169
69 0 0.00442468919910244
70 0 0.00491284836756956
71 0 0.00540268311423664
72 0 0.00601461345777221
73 0 0.00661018614503384
74 0 0.00724003748708135
75 0 0.0079918404952466
76 0 0.00886137578039248
77 0 0.00909051098972191
78 0 0.00950961266272954
79 0 0.0101548112781518
80 0 0.0109859121939472
81 0 0.0104688144320741
82 0 0.0120010382899886
83 0 0.0135383599441223
84 0 0.0149731361606943
85 0 0.0161433619391163
86 0 0.0168776546205107
87 0 0.0175087628669133
88 0 0.0182848279479375
89 0 0.0192028211669353
90 0 0.0202391360813943
91 0 0.0229118659852638
92 0 0.0245055512034082
93 0 0.0261184780547836
94 0 0.0277316951674796
95 0 0.0293213616366309
96 0 0.0308454535147051
97 0 0.0324531379690164
98 0 0.0341952879219348
99 0 0.0359073933370484
100 0 0.0372450251128376

death 1 F divorced
1 0 0.0249588720504553
2 0 0.00570418118309124
3 0 0.0038169527299059
4 0 0.00241241938361147
5 0 0.00180778323420139
6 0 0.00149243983160563
7 0 0.00106816980321089
8 0 0.000750422838334486
9 0 0.000539430880311498
10 0 0.000442910676283992
11 0 0.00044316189787863
12 0 0.000488393102957008
13 0 0.000521241717824306
14 0 0.00053674837860429
15 0 0.000532221836549773
16 0 0.000514536954330236
17 0 0.000477334506815752
18 0 0.000455305103081116
19 0 0.000447349026711841
20 0 0.00045128510374437
21 0 0.000465690924596474
22 0 0.000508754493172447
23 0 0.000550580876731099
24 0 0.00058747783719304
25 0 0.000618516428791627
26 0 0.000644529901732582
27 0 0.000650488874652355
28 0 0.000669375526126781
29 0 0.000704473153826046
30 0 0.000756640851432233
31 0 0.000813715201993581
32 0 0.000888159060409843
33 0 0.000934706950476816
34 0 0.00095340015801204
35 0 0.000942705825112466
36 0 0.000904822652114556
37 0 0.000844831201517238
38 0 0.000832467622800315
39 0 0.000859888444115109
40 0 0.000922920419104023
41 0 0.00100116109018156
42 0 0.00111961883887213
43 0 0.00120740249862716
44 0 0.00127591581458719
45 0 0.00132545331523504
46 0 0.00134025218014822
47 0 0.00124845359216053
48 0 0.00119811367406697
49 0 0.001188065924699
50 0 0.00120613578477646
51 0 0.00122463156166663
52 0 0.00134625697901203
53 0 0.00142994261542084
54 0 0.00149981022562495
55 0 0.00157846502196568
56 0 0.00166924004184366
57 0 0.00162681050799718
58 0 0.00167891675304599
59 0 0.0017960528078107
60 0 0.00197302026153667
61 0 0.00217209535980267
62 0 0.00254019033152308
63 0 0.00283701840296791
64 0 0.00310265169402146
65 0 0.00334200010160313
66 0 0.00354454077096311
67 0 0.00372191904271701
68 0 0.00401916572712169
69 0 0.00442468919910244
70 0 0.00491284836756956
71 0 0.00540268311423664
72 0 0.00601461345777221
73 0 0.00661018614503384
74 0 0.00724003748708135
75 0 0.0079918404952466
76 0 0.00886137578039248
77 0 0.00909051098972191
78 0 0.00950961266272954
79 0 0.0101548112781518
80 0 0.0109859121939472
81 0 0.0104688144320741
82 0 0.0120010382899886
83 0 0.0135383599441223
84 0 0.0149731361606943
85 0 0.0161433619391163
86 0 0.0168776546205107
87 0 0.0175087628669133
88 0 0.0182848279479375
89 0 0.0192028211669353
90 0 0.0202391360813943
91 0 0.0229118659852638
92 0 0.0245055512034082
93 0 0.0261184780547836
94 0 0.0277316951674796
95 0 0.0293213616366309
96 0 0.0308454535147051
97 0 0.0324531379690164
98 0 0.0341952879219348
99 0 0.0359073933370484
100 0 0.0372450251128376

death 1 F widowed
1 0 0.0249588720504553
2 0 0.00570418118309124
3 0 0.0038169527299059
4 0 0.00241241938361147
5 0 0.00180778323420139
6 0 0.00149243983160563
7 0 0.00106816980321089
8 0 0.000750422838334486
9 0 0.000539430880311498
10 0 0.000442910676283992
11 0 0.00044316189787863
12 0 0.000488393102957008
13 0 0.000521241717824306
14 0 0.00053674837860429
15 0 0.000532221836549773
16 0 0.000514536954330236
17 0 0.000477334506815752
18 0 0.000455305103081116
19 0 0.000447349026711841
20 0 0.00045128510374437
21 0 0.000465690924596474
22 0 0.000508754493172447
23 0 0.000550580876731099
24 0 0.00058747783719304
25 0 0.000618516428791627
26 0 0.000644529901732582
27 0 0.000650488874652355
28 0 0.000669375526126781
29 0 0.000704473153826046
30 0 0.000756640851432233
31 0 0.000813715201993581
32 0 0.000888159060409843
33 0 0.000934706950476816
34 0 0.00095340015801204
35 0 0.000942705825112466
36 0 0.000904822652114556
37 0 0.000844831201517238
38 0 0.000832467622800315
39 0 0.000859888444115109
40 0 0.000922920419104023
41 0 0.00100116109018156
42 0 0.00111961883887213
43 0 0.00120740249862716
44 0 0.00127591581458719
45 0 0.00132545331523504
46 0 0.00134025218014822
47 0 0.00124845359216053
48 0 0.00119811367406697
49 0 0.001188065924699
50 0 0.00120613578477646
51 0 0.00122463156166663
52 0 0.00134625697901203
53 0 0.00142994261542084
54 0 0.00149981022562495
55 0 0.00157846502196568
56 0 0.00166924004184366
57 0 0.00162681050799718
58 0 0.00167891675304599
59 0 0.0017960528078107
60 0 0.00197302026153667
61 0 0.00217209535980267
62 0 0.00254019033152308
63 0 0.00283701840296791
64 0 0.00310265169402146
65 0 0.00334200010160313
66 0 0.00354454077096311
67 0 0.00372191904271701
68 0 0.00401916572712169
69 0 0.00442468919910244
70 0 0.00491284836756956
71 0 0.00540268311423664
72 0 0.00601461345777221
73 0 0.00661018614503384
74 0 0.00724003748708135
75 0 0.0079918404952466
76 0 0.00886137578039248
77 0 0.00909051098972191
78 0 0.00950961266272954
79 0 0.0101548112781518
80 0 0.0109859121939472
81 0 0.0104688144320741
82 0 0.0120010382899886
83 0 0.0135383599441223
84 0 0.0149731361606943
85 0 0.0161433619391163
86 0 0.0168776546205107
87 0 0.0175087628669133
88 0 0.0182848279479375
89 0 0.0192028211669353
90 0 0.0202391360813943
91 0 0.0229118659852638
92 0 0.0245055512034082
93 0 0.0261184780547836
94 0 0.0277316951674796
95 0 0.0293213616366309
96 0 0.0308454535147051
97 0 0.0324531379690164
98 0 0.0341952879219348
99 0 0.0359073933370484
100 0 0.0372450251128376
