*Period monthly mortality rates for SWE in 1829 
* Mon Dec 20 14:19:36 2010
death 1 M married
1 0 0.0237801364004551
2 0 0.0052500585629871
3 0 0.00357028027080031
4 0 0.00210094085973189
5 0 0.00136139760123277
6 0 0.00113429981025459
7 0 0.000978077715271697
8 0 0.000829608259171555
9 0 0.000706824675732687
10 0 0.000627913985449258
11 0 0.000558042916774637
12 0 0.000476245475447445
13 0 0.000409839230837039
14 0 0.000368663268147551
15 0 0.000358706842802037
16 0 0.000368997956857298
17 0 0.000393600952475537
18 0 0.000424405928685423
19 0 0.000482444751401467
20 0 0.000581019787371906
21 0 0.000707160612402502
22 0 0.000773952697396996
23 0 0.000806148056778588
24 0 0.000857869451041937
25 0 0.000924014818312613
26 0 0.000984564056403014
27 0 0.000989113195389302
28 0 0.00100436289746331
29 0 0.00106783252866294
30 0 0.00114240067266613
31 0 0.00118857250729509
32 0 0.00122995296249606
33 0 0.00128808634765865
34 0 0.00137078774725607
35 0 0.00144975414775605
36 0 0.00149006787806105
37 0 0.00150192826563722
38 0 0.00154989392184446
39 0 0.00165396312449262
40 0 0.00177981971899099
41 0 0.00183447985626350
42 0 0.00188168577949221
43 0 0.0019666332216024
44 0 0.00206666329085103
45 0 0.00216501153528781
46 0 0.00224808923184761
47 0 0.00231935929905658
48 0 0.00240942423583312
49 0 0.00247910843097587
50 0 0.00257361860497496
51 0 0.00270857121036672
52 0 0.00289662126779
53 0 0.00309601214286293
54 0 0.00329126278140623
55 0 0.00339769691825431
56 0 0.00331260875381245
57 0 0.00340660812635063
58 0 0.00353847528705475
59 0 0.00358926458794673
60 0 0.00384276977249642
61 0 0.00425632267440512
62 0 0.00474155242952978
63 0 0.00510395020085552
64 0 0.00544063619858648
65 0 0.00590185622929507
66 0 0.00633978876783603
67 0 0.00668551518536353
68 0 0.0071023941188163
69 0 0.00758388922709963
70 0 0.00808363836920178
71 0 0.00866096962764207
72 0 0.00928227256061176
73 0 0.0100081790046553
74 0 0.0108210113845869
75 0 0.0117588733553402
76 0 0.0132720341966266
77 0 0.0150477363670375
78 0 0.0170655728473008
79 0 0.0187969430244544
80 0 0.0207550796125182
81 0 0.0203117942016566
82 0 0.0220492318535210
83 0 0.0242228796045140
84 0 0.0265630038324451
85 0 0.0288477164487321
86 0 0.0307450599758146
87 0 0.0323208676597907
88 0 0.0337903075044711
89 0 0.0354737439241435
90 0 0.0382424473928039
91 0 0.0429521687622294
92 0 0.0471219726908035
93 0 0.0498265759898218
94 0 0.0480076550732256
95 0 0.045403705107366
96 0 0.0563574064574666
97 0 0.0745098095813242
98 0 0.0998300995308261
99 0 0.117070577923727
100 0 0.0550310380458267

death 1 M single
1 0 0.0237801364004551
2 0 0.0052500585629871
3 0 0.00357028027080031
4 0 0.00210094085973189
5 0 0.00136139760123277
6 0 0.00113429981025459
7 0 0.000978077715271697
8 0 0.000829608259171555
9 0 0.000706824675732687
10 0 0.000627913985449258
11 0 0.000558042916774637
12 0 0.000476245475447445
13 0 0.000409839230837039
14 0 0.000368663268147551
15 0 0.000358706842802037
16 0 0.000368997956857298
17 0 0.000393600952475537
18 0 0.000424405928685423
19 0 0.000482444751401467
20 0 0.000581019787371906
21 0 0.000707160612402502
22 0 0.000773952697396996
23 0 0.000806148056778588
24 0 0.000857869451041937
25 0 0.000924014818312613
26 0 0.000984564056403014
27 0 0.000989113195389302
28 0 0.00100436289746331
29 0 0.00106783252866294
30 0 0.00114240067266613
31 0 0.00118857250729509
32 0 0.00122995296249606
33 0 0.00128808634765865
34 0 0.00137078774725607
35 0 0.00144975414775605
36 0 0.00149006787806105
37 0 0.00150192826563722
38 0 0.00154989392184446
39 0 0.00165396312449262
40 0 0.00177981971899099
41 0 0.00183447985626350
42 0 0.00188168577949221
43 0 0.0019666332216024
44 0 0.00206666329085103
45 0 0.00216501153528781
46 0 0.00224808923184761
47 0 0.00231935929905658
48 0 0.00240942423583312
49 0 0.00247910843097587
50 0 0.00257361860497496
51 0 0.00270857121036672
52 0 0.00289662126779
53 0 0.00309601214286293
54 0 0.00329126278140623
55 0 0.00339769691825431
56 0 0.00331260875381245
57 0 0.00340660812635063
58 0 0.00353847528705475
59 0 0.00358926458794673
60 0 0.00384276977249642
61 0 0.00425632267440512
62 0 0.00474155242952978
63 0 0.00510395020085552
64 0 0.00544063619858648
65 0 0.00590185622929507
66 0 0.00633978876783603
67 0 0.00668551518536353
68 0 0.0071023941188163
69 0 0.00758388922709963
70 0 0.00808363836920178
71 0 0.00866096962764207
72 0 0.00928227256061176
73 0 0.0100081790046553
74 0 0.0108210113845869
75 0 0.0117588733553402
76 0 0.0132720341966266
77 0 0.0150477363670375
78 0 0.0170655728473008
79 0 0.0187969430244544
80 0 0.0207550796125182
81 0 0.0203117942016566
82 0 0.0220492318535210
83 0 0.0242228796045140
84 0 0.0265630038324451
85 0 0.0288477164487321
86 0 0.0307450599758146
87 0 0.0323208676597907
88 0 0.0337903075044711
89 0 0.0354737439241435
90 0 0.0382424473928039
91 0 0.0429521687622294
92 0 0.0471219726908035
93 0 0.0498265759898218
94 0 0.0480076550732256
95 0 0.045403705107366
96 0 0.0563574064574666
97 0 0.0745098095813242
98 0 0.0998300995308261
99 0 0.117070577923727
100 0 0.0550310380458267

death 1 M divorced
1 0 0.0237801364004551
2 0 0.0052500585629871
3 0 0.00357028027080031
4 0 0.00210094085973189
5 0 0.00136139760123277
6 0 0.00113429981025459
7 0 0.000978077715271697
8 0 0.000829608259171555
9 0 0.000706824675732687
10 0 0.000627913985449258
11 0 0.000558042916774637
12 0 0.000476245475447445
13 0 0.000409839230837039
14 0 0.000368663268147551
15 0 0.000358706842802037
16 0 0.000368997956857298
17 0 0.000393600952475537
18 0 0.000424405928685423
19 0 0.000482444751401467
20 0 0.000581019787371906
21 0 0.000707160612402502
22 0 0.000773952697396996
23 0 0.000806148056778588
24 0 0.000857869451041937
25 0 0.000924014818312613
26 0 0.000984564056403014
27 0 0.000989113195389302
28 0 0.00100436289746331
29 0 0.00106783252866294
30 0 0.00114240067266613
31 0 0.00118857250729509
32 0 0.00122995296249606
33 0 0.00128808634765865
34 0 0.00137078774725607
35 0 0.00144975414775605
36 0 0.00149006787806105
37 0 0.00150192826563722
38 0 0.00154989392184446
39 0 0.00165396312449262
40 0 0.00177981971899099
41 0 0.00183447985626350
42 0 0.00188168577949221
43 0 0.0019666332216024
44 0 0.00206666329085103
45 0 0.00216501153528781
46 0 0.00224808923184761
47 0 0.00231935929905658
48 0 0.00240942423583312
49 0 0.00247910843097587
50 0 0.00257361860497496
51 0 0.00270857121036672
52 0 0.00289662126779
53 0 0.00309601214286293
54 0 0.00329126278140623
55 0 0.00339769691825431
56 0 0.00331260875381245
57 0 0.00340660812635063
58 0 0.00353847528705475
59 0 0.00358926458794673
60 0 0.00384276977249642
61 0 0.00425632267440512
62 0 0.00474155242952978
63 0 0.00510395020085552
64 0 0.00544063619858648
65 0 0.00590185622929507
66 0 0.00633978876783603
67 0 0.00668551518536353
68 0 0.0071023941188163
69 0 0.00758388922709963
70 0 0.00808363836920178
71 0 0.00866096962764207
72 0 0.00928227256061176
73 0 0.0100081790046553
74 0 0.0108210113845869
75 0 0.0117588733553402
76 0 0.0132720341966266
77 0 0.0150477363670375
78 0 0.0170655728473008
79 0 0.0187969430244544
80 0 0.0207550796125182
81 0 0.0203117942016566
82 0 0.0220492318535210
83 0 0.0242228796045140
84 0 0.0265630038324451
85 0 0.0288477164487321
86 0 0.0307450599758146
87 0 0.0323208676597907
88 0 0.0337903075044711
89 0 0.0354737439241435
90 0 0.0382424473928039
91 0 0.0429521687622294
92 0 0.0471219726908035
93 0 0.0498265759898218
94 0 0.0480076550732256
95 0 0.045403705107366
96 0 0.0563574064574666
97 0 0.0745098095813242
98 0 0.0998300995308261
99 0 0.117070577923727
100 0 0.0550310380458267

death 1 M widowed
1 0 0.0237801364004551
2 0 0.0052500585629871
3 0 0.00357028027080031
4 0 0.00210094085973189
5 0 0.00136139760123277
6 0 0.00113429981025459
7 0 0.000978077715271697
8 0 0.000829608259171555
9 0 0.000706824675732687
10 0 0.000627913985449258
11 0 0.000558042916774637
12 0 0.000476245475447445
13 0 0.000409839230837039
14 0 0.000368663268147551
15 0 0.000358706842802037
16 0 0.000368997956857298
17 0 0.000393600952475537
18 0 0.000424405928685423
19 0 0.000482444751401467
20 0 0.000581019787371906
21 0 0.000707160612402502
22 0 0.000773952697396996
23 0 0.000806148056778588
24 0 0.000857869451041937
25 0 0.000924014818312613
26 0 0.000984564056403014
27 0 0.000989113195389302
28 0 0.00100436289746331
29 0 0.00106783252866294
30 0 0.00114240067266613
31 0 0.00118857250729509
32 0 0.00122995296249606
33 0 0.00128808634765865
34 0 0.00137078774725607
35 0 0.00144975414775605
36 0 0.00149006787806105
37 0 0.00150192826563722
38 0 0.00154989392184446
39 0 0.00165396312449262
40 0 0.00177981971899099
41 0 0.00183447985626350
42 0 0.00188168577949221
43 0 0.0019666332216024
44 0 0.00206666329085103
45 0 0.00216501153528781
46 0 0.00224808923184761
47 0 0.00231935929905658
48 0 0.00240942423583312
49 0 0.00247910843097587
50 0 0.00257361860497496
51 0 0.00270857121036672
52 0 0.00289662126779
53 0 0.00309601214286293
54 0 0.00329126278140623
55 0 0.00339769691825431
56 0 0.00331260875381245
57 0 0.00340660812635063
58 0 0.00353847528705475
59 0 0.00358926458794673
60 0 0.00384276977249642
61 0 0.00425632267440512
62 0 0.00474155242952978
63 0 0.00510395020085552
64 0 0.00544063619858648
65 0 0.00590185622929507
66 0 0.00633978876783603
67 0 0.00668551518536353
68 0 0.0071023941188163
69 0 0.00758388922709963
70 0 0.00808363836920178
71 0 0.00866096962764207
72 0 0.00928227256061176
73 0 0.0100081790046553
74 0 0.0108210113845869
75 0 0.0117588733553402
76 0 0.0132720341966266
77 0 0.0150477363670375
78 0 0.0170655728473008
79 0 0.0187969430244544
80 0 0.0207550796125182
81 0 0.0203117942016566
82 0 0.0220492318535210
83 0 0.0242228796045140
84 0 0.0265630038324451
85 0 0.0288477164487321
86 0 0.0307450599758146
87 0 0.0323208676597907
88 0 0.0337903075044711
89 0 0.0354737439241435
90 0 0.0382424473928039
91 0 0.0429521687622294
92 0 0.0471219726908035
93 0 0.0498265759898218
94 0 0.0480076550732256
95 0 0.045403705107366
96 0 0.0563574064574666
97 0 0.0745098095813242
98 0 0.0998300995308261
99 0 0.117070577923727
100 0 0.0550310380458267

death 1 F married
1 0 0.0195024440865065
2 0 0.00475165068219052
3 0 0.00318901015453499
4 0 0.00197566036937846
5 0 0.00136706541101628
6 0 0.00112501846044255
7 0 0.000933444034665443
8 0 0.000764540022377802
9 0 0.000633620119137923
10 0 0.000560306802897537
11 0 0.000515458829974169
12 0 0.000458990258711767
13 0 0.000414610822962458
14 0 0.00039117383024434
15 0 0.000395023778405612
16 0 0.000416703705573562
17 0 0.000436714096799906
18 0 0.000448186475631496
19 0 0.000473062227821175
20 0 0.000516548331430444
21 0 0.000566511817004733
22 0 0.000573639721047292
23 0 0.000570788492326391
24 0 0.000593265310803726
25 0 0.000629843961146848
26 0 0.000671390334046507
27 0 0.000674076814116464
28 0 0.000686166957631684
29 0 0.000737904076062001
30 0 0.000791688154804682
31 0 0.000822628426002447
32 0 0.000855345772808769
33 0 0.000899099457755015
34 0 0.000965106422596285
35 0 0.00102264906535987
36 0 0.00105518563727003
37 0 0.0010674109372395
38 0 0.00109793921626711
39 0 0.00116214955300808
40 0 0.00122724998976709
41 0 0.00125022782322792
42 0 0.00127819766527248
43 0 0.00132443862429921
44 0 0.00136867276476038
45 0 0.00139887938779026
46 0 0.00142215464992190
47 0 0.00146304892472593
48 0 0.00151955227493328
49 0 0.00156227080175264
50 0 0.00162502890154170
51 0 0.00171839823967068
52 0 0.00186169468804076
53 0 0.00202021312886358
54 0 0.00220410748868127
55 0 0.00236296932459712
56 0 0.00241301842503761
57 0 0.00257593332624051
58 0 0.00275400095342127
59 0 0.00284596063409936
60 0 0.00307014840016540
61 0 0.00339821599371404
62 0 0.00381886485105520
63 0 0.00416204839597034
64 0 0.00448893631752112
65 0 0.00493713200945722
66 0 0.00538163442561224
67 0 0.00573444851220106
68 0 0.00613723078084782
69 0 0.00662659176185809
70 0 0.00710852317091126
71 0 0.00761841909934668
72 0 0.00828669034893925
73 0 0.00906222866573847
74 0 0.00990361430683961
75 0 0.0109776317395257
76 0 0.0126798715282082
77 0 0.0142316048612747
78 0 0.015901389365938
79 0 0.0171434513297152
80 0 0.0185227054148124
81 0 0.0178523063084888
82 0 0.0191204465094736
83 0 0.0208934162887149
84 0 0.0230513400825344
85 0 0.0254913206951051
86 0 0.0281365035327995
87 0 0.0310528329799955
88 0 0.0342597057623398
89 0 0.0378902254640491
90 0 0.0424401539876396
91 0 0.0484087421397545
92 0 0.0539612058949694
93 0 0.0578075385586388
94 0 0.060435356425749
95 0 0.0635104443602232
96 0 0.07368824917399
97 0 0.089486008502002
98 0 0.100553832141110
99 0 0.101167037354542
100 0 0.113761797922544

death 1 F single
1 0 0.0195024440865065
2 0 0.00475165068219052
3 0 0.00318901015453499
4 0 0.00197566036937846
5 0 0.00136706541101628
6 0 0.00112501846044255
7 0 0.000933444034665443
8 0 0.000764540022377802
9 0 0.000633620119137923
10 0 0.000560306802897537
11 0 0.000515458829974169
12 0 0.000458990258711767
13 0 0.000414610822962458
14 0 0.00039117383024434
15 0 0.000395023778405612
16 0 0.000416703705573562
17 0 0.000436714096799906
18 0 0.000448186475631496
19 0 0.000473062227821175
20 0 0.000516548331430444
21 0 0.000566511817004733
22 0 0.000573639721047292
23 0 0.000570788492326391
24 0 0.000593265310803726
25 0 0.000629843961146848
26 0 0.000671390334046507
27 0 0.000674076814116464
28 0 0.000686166957631684
29 0 0.000737904076062001
30 0 0.000791688154804682
31 0 0.000822628426002447
32 0 0.000855345772808769
33 0 0.000899099457755015
34 0 0.000965106422596285
35 0 0.00102264906535987
36 0 0.00105518563727003
37 0 0.0010674109372395
38 0 0.00109793921626711
39 0 0.00116214955300808
40 0 0.00122724998976709
41 0 0.00125022782322792
42 0 0.00127819766527248
43 0 0.00132443862429921
44 0 0.00136867276476038
45 0 0.00139887938779026
46 0 0.00142215464992190
47 0 0.00146304892472593
48 0 0.00151955227493328
49 0 0.00156227080175264
50 0 0.00162502890154170
51 0 0.00171839823967068
52 0 0.00186169468804076
53 0 0.00202021312886358
54 0 0.00220410748868127
55 0 0.00236296932459712
56 0 0.00241301842503761
57 0 0.00257593332624051
58 0 0.00275400095342127
59 0 0.00284596063409936
60 0 0.00307014840016540
61 0 0.00339821599371404
62 0 0.00381886485105520
63 0 0.00416204839597034
64 0 0.00448893631752112
65 0 0.00493713200945722
66 0 0.00538163442561224
67 0 0.00573444851220106
68 0 0.00613723078084782
69 0 0.00662659176185809
70 0 0.00710852317091126
71 0 0.00761841909934668
72 0 0.00828669034893925
73 0 0.00906222866573847
74 0 0.00990361430683961
75 0 0.0109776317395257
76 0 0.0126798715282082
77 0 0.0142316048612747
78 0 0.015901389365938
79 0 0.0171434513297152
80 0 0.0185227054148124
81 0 0.0178523063084888
82 0 0.0191204465094736
83 0 0.0208934162887149
84 0 0.0230513400825344
85 0 0.0254913206951051
86 0 0.0281365035327995
87 0 0.0310528329799955
88 0 0.0342597057623398
89 0 0.0378902254640491
90 0 0.0424401539876396
91 0 0.0484087421397545
92 0 0.0539612058949694
93 0 0.0578075385586388
94 0 0.060435356425749
95 0 0.0635104443602232
96 0 0.07368824917399
97 0 0.089486008502002
98 0 0.100553832141110
99 0 0.101167037354542
100 0 0.113761797922544

death 1 F divorced
1 0 0.0195024440865065
2 0 0.00475165068219052
3 0 0.00318901015453499
4 0 0.00197566036937846
5 0 0.00136706541101628
6 0 0.00112501846044255
7 0 0.000933444034665443
8 0 0.000764540022377802
9 0 0.000633620119137923
10 0 0.000560306802897537
11 0 0.000515458829974169
12 0 0.000458990258711767
13 0 0.000414610822962458
14 0 0.00039117383024434
15 0 0.000395023778405612
16 0 0.000416703705573562
17 0 0.000436714096799906
18 0 0.000448186475631496
19 0 0.000473062227821175
20 0 0.000516548331430444
21 0 0.000566511817004733
22 0 0.000573639721047292
23 0 0.000570788492326391
24 0 0.000593265310803726
25 0 0.000629843961146848
26 0 0.000671390334046507
27 0 0.000674076814116464
28 0 0.000686166957631684
29 0 0.000737904076062001
30 0 0.000791688154804682
31 0 0.000822628426002447
32 0 0.000855345772808769
33 0 0.000899099457755015
34 0 0.000965106422596285
35 0 0.00102264906535987
36 0 0.00105518563727003
37 0 0.0010674109372395
38 0 0.00109793921626711
39 0 0.00116214955300808
40 0 0.00122724998976709
41 0 0.00125022782322792
42 0 0.00127819766527248
43 0 0.00132443862429921
44 0 0.00136867276476038
45 0 0.00139887938779026
46 0 0.00142215464992190
47 0 0.00146304892472593
48 0 0.00151955227493328
49 0 0.00156227080175264
50 0 0.00162502890154170
51 0 0.00171839823967068
52 0 0.00186169468804076
53 0 0.00202021312886358
54 0 0.00220410748868127
55 0 0.00236296932459712
56 0 0.00241301842503761
57 0 0.00257593332624051
58 0 0.00275400095342127
59 0 0.00284596063409936
60 0 0.00307014840016540
61 0 0.00339821599371404
62 0 0.00381886485105520
63 0 0.00416204839597034
64 0 0.00448893631752112
65 0 0.00493713200945722
66 0 0.00538163442561224
67 0 0.00573444851220106
68 0 0.00613723078084782
69 0 0.00662659176185809
70 0 0.00710852317091126
71 0 0.00761841909934668
72 0 0.00828669034893925
73 0 0.00906222866573847
74 0 0.00990361430683961
75 0 0.0109776317395257
76 0 0.0126798715282082
77 0 0.0142316048612747
78 0 0.015901389365938
79 0 0.0171434513297152
80 0 0.0185227054148124
81 0 0.0178523063084888
82 0 0.0191204465094736
83 0 0.0208934162887149
84 0 0.0230513400825344
85 0 0.0254913206951051
86 0 0.0281365035327995
87 0 0.0310528329799955
88 0 0.0342597057623398
89 0 0.0378902254640491
90 0 0.0424401539876396
91 0 0.0484087421397545
92 0 0.0539612058949694
93 0 0.0578075385586388
94 0 0.060435356425749
95 0 0.0635104443602232
96 0 0.07368824917399
97 0 0.089486008502002
98 0 0.100553832141110
99 0 0.101167037354542
100 0 0.113761797922544

death 1 F widowed
1 0 0.0195024440865065
2 0 0.00475165068219052
3 0 0.00318901015453499
4 0 0.00197566036937846
5 0 0.00136706541101628
6 0 0.00112501846044255
7 0 0.000933444034665443
8 0 0.000764540022377802
9 0 0.000633620119137923
10 0 0.000560306802897537
11 0 0.000515458829974169
12 0 0.000458990258711767
13 0 0.000414610822962458
14 0 0.00039117383024434
15 0 0.000395023778405612
16 0 0.000416703705573562
17 0 0.000436714096799906
18 0 0.000448186475631496
19 0 0.000473062227821175
20 0 0.000516548331430444
21 0 0.000566511817004733
22 0 0.000573639721047292
23 0 0.000570788492326391
24 0 0.000593265310803726
25 0 0.000629843961146848
26 0 0.000671390334046507
27 0 0.000674076814116464
28 0 0.000686166957631684
29 0 0.000737904076062001
30 0 0.000791688154804682
31 0 0.000822628426002447
32 0 0.000855345772808769
33 0 0.000899099457755015
34 0 0.000965106422596285
35 0 0.00102264906535987
36 0 0.00105518563727003
37 0 0.0010674109372395
38 0 0.00109793921626711
39 0 0.00116214955300808
40 0 0.00122724998976709
41 0 0.00125022782322792
42 0 0.00127819766527248
43 0 0.00132443862429921
44 0 0.00136867276476038
45 0 0.00139887938779026
46 0 0.00142215464992190
47 0 0.00146304892472593
48 0 0.00151955227493328
49 0 0.00156227080175264
50 0 0.00162502890154170
51 0 0.00171839823967068
52 0 0.00186169468804076
53 0 0.00202021312886358
54 0 0.00220410748868127
55 0 0.00236296932459712
56 0 0.00241301842503761
57 0 0.00257593332624051
58 0 0.00275400095342127
59 0 0.00284596063409936
60 0 0.00307014840016540
61 0 0.00339821599371404
62 0 0.00381886485105520
63 0 0.00416204839597034
64 0 0.00448893631752112
65 0 0.00493713200945722
66 0 0.00538163442561224
67 0 0.00573444851220106
68 0 0.00613723078084782
69 0 0.00662659176185809
70 0 0.00710852317091126
71 0 0.00761841909934668
72 0 0.00828669034893925
73 0 0.00906222866573847
74 0 0.00990361430683961
75 0 0.0109776317395257
76 0 0.0126798715282082
77 0 0.0142316048612747
78 0 0.015901389365938
79 0 0.0171434513297152
80 0 0.0185227054148124
81 0 0.0178523063084888
82 0 0.0191204465094736
83 0 0.0208934162887149
84 0 0.0230513400825344
85 0 0.0254913206951051
86 0 0.0281365035327995
87 0 0.0310528329799955
88 0 0.0342597057623398
89 0 0.0378902254640491
90 0 0.0424401539876396
91 0 0.0484087421397545
92 0 0.0539612058949694
93 0 0.0578075385586388
94 0 0.060435356425749
95 0 0.0635104443602232
96 0 0.07368824917399
97 0 0.089486008502002
98 0 0.100553832141110
99 0 0.101167037354542
100 0 0.113761797922544
