*Period monthly mortality rates for SWE in 1971 
* Mon Dec 20 14:21:24 2010
death 1 M married
1 0 0.00109777052354509
2 0 0.0000476791678465371
3 0 0.0000451778907062383
4 0 0.0000342564535383838
5 0 0.0000250867944537880
6 0 0.0000433436645435048
7 0 0.0000342564535383838
8 0 0.0000396753232437819
9 0 0.0000262537906066118
10 0 0.0000212524839984241
11 0 0.0000390083680021913
12 0 0.0000217526022776582
13 0 0.0000397586929929972
14 0 0.0000274208017406741
15 0 0.0000300049511388067
16 0 0.0000732795271770614
17 0 0.0000562674098522065
18 0 0.0000794513763400229
19 0 0.000096050725337693
20 0 0.000103976106732406
21 0 0.0000956336191417773
22 0 0.0000963844116725898
23 0 0.000099971617136374
24 0 0.0000902114127544484
25 0 0.0000937983746165383
26 0 0.00010522754591058
27 0 0.0000765322062655782
28 0 0.0000911289941765148
29 0 0.000087542137645058
30 0 0.0000906284940708213
31 0 0.000107897340408392
32 0 0.000102390975172728
33 0 0.0000994710683406286
34 0 0.000110567213322699
35 0 0.000151292495004784
36 0 0.000125503261312665
37 0 0.000169908689402809
38 0 0.000156300961635103
39 0 0.00017491818195825
40 0 0.00018602354153463
41 0 0.0001925370904583
42 0 0.000231544643603310
43 0 0.000272157012570551
44 0 0.000252934905200619
45 0 0.000285531311543075
46 0 0.000271321184229456
47 0 0.00027800802619915
48 0 0.000409588101349834
49 0 0.000415029395628541
50 0 0.000441068405811706
51 0 0.000474905147065274
52 0 0.000532221836549773
53 0 0.000554102212523055
54 0 0.000607945339331728
55 0 0.000625144961493018
56 0 0.000728915156582133
57 0 0.00084760693009156
58 0 0.000918963855060073
59 0 0.000880080843549624
60 0 0.00109338462276209
61 0 0.00124076565814224
62 0 0.00140429564329647
63 0 0.00147803963919879
64 0 0.00159644314250662
65 0 0.00189112991184881
66 0 0.00207749087462239
67 0 0.00223800997803569
68 0 0.00250874471963669
69 0 0.00278252425721159
70 0 0.00303541638549398
71 0 0.00336967125876064
72 0 0.00394141169220785
73 0 0.00402691866955474
74 0 0.00485454145968123
75 0 0.00507768279522647
76 0 0.00533053657187854
77 0 0.00645837394907511
78 0 0.00676117648712127
79 0 0.0080370902684942
80 0 0.008497248575697
81 0 0.00936920236031535
82 0 0.0099951483067452
83 0 0.0114393947186870
84 0 0.0128234402228082
85 0 0.0130586747850518
86 0 0.0156599703588548
87 0 0.0173604179599668
88 0 0.0179838676079581
89 0 0.0193910527523392
90 0 0.0238882504935147
91 0 0.0236125213419206
92 0 0.0264585179373927
93 0 0.029137851174432
94 0 0.0315763337409464
95 0 0.0311044887846164
96 0 0.0352686671115867
97 0 0.0496202231580152
98 0 0.0443550168144523
99 0 0.0423192566443067
100 0 0.0635928084188389

death 1 M single
1 0 0.00109777052354509
2 0 0.0000476791678465371
3 0 0.0000451778907062383
4 0 0.0000342564535383838
5 0 0.0000250867944537880
6 0 0.0000433436645435048
7 0 0.0000342564535383838
8 0 0.0000396753232437819
9 0 0.0000262537906066118
10 0 0.0000212524839984241
11 0 0.0000390083680021913
12 0 0.0000217526022776582
13 0 0.0000397586929929972
14 0 0.0000274208017406741
15 0 0.0000300049511388067
16 0 0.0000732795271770614
17 0 0.0000562674098522065
18 0 0.0000794513763400229
19 0 0.000096050725337693
20 0 0.000103976106732406
21 0 0.0000956336191417773
22 0 0.0000963844116725898
23 0 0.000099971617136374
24 0 0.0000902114127544484
25 0 0.0000937983746165383
26 0 0.00010522754591058
27 0 0.0000765322062655782
28 0 0.0000911289941765148
29 0 0.000087542137645058
30 0 0.0000906284940708213
31 0 0.000107897340408392
32 0 0.000102390975172728
33 0 0.0000994710683406286
34 0 0.000110567213322699
35 0 0.000151292495004784
36 0 0.000125503261312665
37 0 0.000169908689402809
38 0 0.000156300961635103
39 0 0.00017491818195825
40 0 0.00018602354153463
41 0 0.0001925370904583
42 0 0.000231544643603310
43 0 0.000272157012570551
44 0 0.000252934905200619
45 0 0.000285531311543075
46 0 0.000271321184229456
47 0 0.00027800802619915
48 0 0.000409588101349834
49 0 0.000415029395628541
50 0 0.000441068405811706
51 0 0.000474905147065274
52 0 0.000532221836549773
53 0 0.000554102212523055
54 0 0.000607945339331728
55 0 0.000625144961493018
56 0 0.000728915156582133
57 0 0.00084760693009156
58 0 0.000918963855060073
59 0 0.000880080843549624
60 0 0.00109338462276209
61 0 0.00124076565814224
62 0 0.00140429564329647
63 0 0.00147803963919879
64 0 0.00159644314250662
65 0 0.00189112991184881
66 0 0.00207749087462239
67 0 0.00223800997803569
68 0 0.00250874471963669
69 0 0.00278252425721159
70 0 0.00303541638549398
71 0 0.00336967125876064
72 0 0.00394141169220785
73 0 0.00402691866955474
74 0 0.00485454145968123
75 0 0.00507768279522647
76 0 0.00533053657187854
77 0 0.00645837394907511
78 0 0.00676117648712127
79 0 0.0080370902684942
80 0 0.008497248575697
81 0 0.00936920236031535
82 0 0.0099951483067452
83 0 0.0114393947186870
84 0 0.0128234402228082
85 0 0.0130586747850518
86 0 0.0156599703588548
87 0 0.0173604179599668
88 0 0.0179838676079581
89 0 0.0193910527523392
90 0 0.0238882504935147
91 0 0.0236125213419206
92 0 0.0264585179373927
93 0 0.029137851174432
94 0 0.0315763337409464
95 0 0.0311044887846164
96 0 0.0352686671115867
97 0 0.0496202231580152
98 0 0.0443550168144523
99 0 0.0423192566443067
100 0 0.0635928084188389

death 1 M divorced
1 0 0.00109777052354509
2 0 0.0000476791678465371
3 0 0.0000451778907062383
4 0 0.0000342564535383838
5 0 0.0000250867944537880
6 0 0.0000433436645435048
7 0 0.0000342564535383838
8 0 0.0000396753232437819
9 0 0.0000262537906066118
10 0 0.0000212524839984241
11 0 0.0000390083680021913
12 0 0.0000217526022776582
13 0 0.0000397586929929972
14 0 0.0000274208017406741
15 0 0.0000300049511388067
16 0 0.0000732795271770614
17 0 0.0000562674098522065
18 0 0.0000794513763400229
19 0 0.000096050725337693
20 0 0.000103976106732406
21 0 0.0000956336191417773
22 0 0.0000963844116725898
23 0 0.000099971617136374
24 0 0.0000902114127544484
25 0 0.0000937983746165383
26 0 0.00010522754591058
27 0 0.0000765322062655782
28 0 0.0000911289941765148
29 0 0.000087542137645058
30 0 0.0000906284940708213
31 0 0.000107897340408392
32 0 0.000102390975172728
33 0 0.0000994710683406286
34 0 0.000110567213322699
35 0 0.000151292495004784
36 0 0.000125503261312665
37 0 0.000169908689402809
38 0 0.000156300961635103
39 0 0.00017491818195825
40 0 0.00018602354153463
41 0 0.0001925370904583
42 0 0.000231544643603310
43 0 0.000272157012570551
44 0 0.000252934905200619
45 0 0.000285531311543075
46 0 0.000271321184229456
47 0 0.00027800802619915
48 0 0.000409588101349834
49 0 0.000415029395628541
50 0 0.000441068405811706
51 0 0.000474905147065274
52 0 0.000532221836549773
53 0 0.000554102212523055
54 0 0.000607945339331728
55 0 0.000625144961493018
56 0 0.000728915156582133
57 0 0.00084760693009156
58 0 0.000918963855060073
59 0 0.000880080843549624
60 0 0.00109338462276209
61 0 0.00124076565814224
62 0 0.00140429564329647
63 0 0.00147803963919879
64 0 0.00159644314250662
65 0 0.00189112991184881
66 0 0.00207749087462239
67 0 0.00223800997803569
68 0 0.00250874471963669
69 0 0.00278252425721159
70 0 0.00303541638549398
71 0 0.00336967125876064
72 0 0.00394141169220785
73 0 0.00402691866955474
74 0 0.00485454145968123
75 0 0.00507768279522647
76 0 0.00533053657187854
77 0 0.00645837394907511
78 0 0.00676117648712127
79 0 0.0080370902684942
80 0 0.008497248575697
81 0 0.00936920236031535
82 0 0.0099951483067452
83 0 0.0114393947186870
84 0 0.0128234402228082
85 0 0.0130586747850518
86 0 0.0156599703588548
87 0 0.0173604179599668
88 0 0.0179838676079581
89 0 0.0193910527523392
90 0 0.0238882504935147
91 0 0.0236125213419206
92 0 0.0264585179373927
93 0 0.029137851174432
94 0 0.0315763337409464
95 0 0.0311044887846164
96 0 0.0352686671115867
97 0 0.0496202231580152
98 0 0.0443550168144523
99 0 0.0423192566443067
100 0 0.0635928084188389

death 1 M widowed
1 0 0.00109777052354509
2 0 0.0000476791678465371
3 0 0.0000451778907062383
4 0 0.0000342564535383838
5 0 0.0000250867944537880
6 0 0.0000433436645435048
7 0 0.0000342564535383838
8 0 0.0000396753232437819
9 0 0.0000262537906066118
10 0 0.0000212524839984241
11 0 0.0000390083680021913
12 0 0.0000217526022776582
13 0 0.0000397586929929972
14 0 0.0000274208017406741
15 0 0.0000300049511388067
16 0 0.0000732795271770614
17 0 0.0000562674098522065
18 0 0.0000794513763400229
19 0 0.000096050725337693
20 0 0.000103976106732406
21 0 0.0000956336191417773
22 0 0.0000963844116725898
23 0 0.000099971617136374
24 0 0.0000902114127544484
25 0 0.0000937983746165383
26 0 0.00010522754591058
27 0 0.0000765322062655782
28 0 0.0000911289941765148
29 0 0.000087542137645058
30 0 0.0000906284940708213
31 0 0.000107897340408392
32 0 0.000102390975172728
33 0 0.0000994710683406286
34 0 0.000110567213322699
35 0 0.000151292495004784
36 0 0.000125503261312665
37 0 0.000169908689402809
38 0 0.000156300961635103
39 0 0.00017491818195825
40 0 0.00018602354153463
41 0 0.0001925370904583
42 0 0.000231544643603310
43 0 0.000272157012570551
44 0 0.000252934905200619
45 0 0.000285531311543075
46 0 0.000271321184229456
47 0 0.00027800802619915
48 0 0.000409588101349834
49 0 0.000415029395628541
50 0 0.000441068405811706
51 0 0.000474905147065274
52 0 0.000532221836549773
53 0 0.000554102212523055
54 0 0.000607945339331728
55 0 0.000625144961493018
56 0 0.000728915156582133
57 0 0.00084760693009156
58 0 0.000918963855060073
59 0 0.000880080843549624
60 0 0.00109338462276209
61 0 0.00124076565814224
62 0 0.00140429564329647
63 0 0.00147803963919879
64 0 0.00159644314250662
65 0 0.00189112991184881
66 0 0.00207749087462239
67 0 0.00223800997803569
68 0 0.00250874471963669
69 0 0.00278252425721159
70 0 0.00303541638549398
71 0 0.00336967125876064
72 0 0.00394141169220785
73 0 0.00402691866955474
74 0 0.00485454145968123
75 0 0.00507768279522647
76 0 0.00533053657187854
77 0 0.00645837394907511
78 0 0.00676117648712127
79 0 0.0080370902684942
80 0 0.008497248575697
81 0 0.00936920236031535
82 0 0.0099951483067452
83 0 0.0114393947186870
84 0 0.0128234402228082
85 0 0.0130586747850518
86 0 0.0156599703588548
87 0 0.0173604179599668
88 0 0.0179838676079581
89 0 0.0193910527523392
90 0 0.0238882504935147
91 0 0.0236125213419206
92 0 0.0264585179373927
93 0 0.029137851174432
94 0 0.0315763337409464
95 0 0.0311044887846164
96 0 0.0352686671115867
97 0 0.0496202231580152
98 0 0.0443550168144523
99 0 0.0423192566443067
100 0 0.0635928084188389

death 1 F married
1 0 0.000828010418699954
2 0 0.0000518481160275419
3 0 0.0000307552018201651
4 0 0.0000245866578314491
5 0 0.0000223360770809089
6 0 0.0000152512792432891
7 0 0.0000249200819406603
8 0 0.0000130009295926659
9 0 0.0000123341700235535
10 0 0.0000224194309299541
11 0 0.0000196687942652929
12 0 0.0000245866578314491
13 0 0.0000260037187412854
14 0 0.0000304217563084075
15 0 0.0000238364580570360
16 0 0.0000222527233083580
17 0 0.0000303383951216762
18 0 0.0000391751063537615
19 0 0.0000425933099621467
20 0 0.0000404256537397396
21 0 0.0000449277667774473
22 0 0.0000287545470960548
23 0 0.0000428434274677425
24 0 0.0000328392639790120
25 0 0.0000248367257986715
26 0 0.0000370075316366014
27 0 0.0000336729022206717
28 0 0.0000310052867564803
29 0 0.0000390083680021913
30 0 0.000040092172754691
31 0 0.000063605579800119
32 0 0.000040759135948143
33 0 0.0000513478321508831
34 0 0.0000872918971220882
35 0 0.0000696099776699155
36 0 0.0000717783299287733
37 0 0.000079284564096116
38 0 0.000107313316161539
39 0 0.0000974689007205987
40 0 0.000120496491324840
41 0 0.000118326976638383
42 0 0.00013777101342638
43 0 0.000123500520223918
44 0 0.000153796693823094
45 0 0.000180679439738318
46 0 0.000166318722898851
47 0 0.000193288683833392
48 0 0.000202642365785488
49 0 0.000248422477922117
50 0 0.000261876858127175
51 0 0.000276670618445607
52 0 0.000302837231641373
53 0 0.000313205641532255
54 0 0.000378202379451742
55 0 0.000396279231550500
56 0 0.000375775668454925
57 0 0.000464685793213238
58 0 0.000475659079347546
59 0 0.000561899941761923
60 0 0.000586722976509191
61 0 0.000604925253958166
62 0 0.000693976030530119
63 0 0.000761598761441995
64 0 0.000881343017575031
65 0 0.00105459549201647
66 0 0.00107938489525006
67 0 0.00109650533811834
68 0 0.00141741447627985
69 0 0.00151624751253188
70 0 0.00157447978875902
71 0 0.00197029506950397
72 0 0.00212550588958205
73 0 0.00241490115242315
74 0 0.00285352782640969
75 0 0.00314310310449428
76 0 0.00361276210614947
77 0 0.00413273863199315
78 0 0.00466203515172525
79 0 0.00523425406557665
80 0 0.00571136986551002
81 0 0.0065839254327189
82 0 0.00757229160525263
83 0 0.00822735115783924
84 0 0.00974950066666136
85 0 0.0103576392414267
86 0 0.0120069389873257
87 0 0.0130900731959303
88 0 0.0138691036743219
89 0 0.0152894818604414
90 0 0.0181637306990294
91 0 0.0203054238063907
92 0 0.0215402576917387
93 0 0.0242019282668272
94 0 0.0261493672717689
95 0 0.0293555882944141
96 0 0.0315289049096859
97 0 0.0352560512340062
98 0 0.0435910793726628
99 0 0.0378614259741181
100 0 0.0470711128181978

death 1 F single
1 0 0.000828010418699954
2 0 0.0000518481160275419
3 0 0.0000307552018201651
4 0 0.0000245866578314491
5 0 0.0000223360770809089
6 0 0.0000152512792432891
7 0 0.0000249200819406603
8 0 0.0000130009295926659
9 0 0.0000123341700235535
10 0 0.0000224194309299541
11 0 0.0000196687942652929
12 0 0.0000245866578314491
13 0 0.0000260037187412854
14 0 0.0000304217563084075
15 0 0.0000238364580570360
16 0 0.0000222527233083580
17 0 0.0000303383951216762
18 0 0.0000391751063537615
19 0 0.0000425933099621467
20 0 0.0000404256537397396
21 0 0.0000449277667774473
22 0 0.0000287545470960548
23 0 0.0000428434274677425
24 0 0.0000328392639790120
25 0 0.0000248367257986715
26 0 0.0000370075316366014
27 0 0.0000336729022206717
28 0 0.0000310052867564803
29 0 0.0000390083680021913
30 0 0.000040092172754691
31 0 0.000063605579800119
32 0 0.000040759135948143
33 0 0.0000513478321508831
34 0 0.0000872918971220882
35 0 0.0000696099776699155
36 0 0.0000717783299287733
37 0 0.000079284564096116
38 0 0.000107313316161539
39 0 0.0000974689007205987
40 0 0.000120496491324840
41 0 0.000118326976638383
42 0 0.00013777101342638
43 0 0.000123500520223918
44 0 0.000153796693823094
45 0 0.000180679439738318
46 0 0.000166318722898851
47 0 0.000193288683833392
48 0 0.000202642365785488
49 0 0.000248422477922117
50 0 0.000261876858127175
51 0 0.000276670618445607
52 0 0.000302837231641373
53 0 0.000313205641532255
54 0 0.000378202379451742
55 0 0.000396279231550500
56 0 0.000375775668454925
57 0 0.000464685793213238
58 0 0.000475659079347546
59 0 0.000561899941761923
60 0 0.000586722976509191
61 0 0.000604925253958166
62 0 0.000693976030530119
63 0 0.000761598761441995
64 0 0.000881343017575031
65 0 0.00105459549201647
66 0 0.00107938489525006
67 0 0.00109650533811834
68 0 0.00141741447627985
69 0 0.00151624751253188
70 0 0.00157447978875902
71 0 0.00197029506950397
72 0 0.00212550588958205
73 0 0.00241490115242315
74 0 0.00285352782640969
75 0 0.00314310310449428
76 0 0.00361276210614947
77 0 0.00413273863199315
78 0 0.00466203515172525
79 0 0.00523425406557665
80 0 0.00571136986551002
81 0 0.0065839254327189
82 0 0.00757229160525263
83 0 0.00822735115783924
84 0 0.00974950066666136
85 0 0.0103576392414267
86 0 0.0120069389873257
87 0 0.0130900731959303
88 0 0.0138691036743219
89 0 0.0152894818604414
90 0 0.0181637306990294
91 0 0.0203054238063907
92 0 0.0215402576917387
93 0 0.0242019282668272
94 0 0.0261493672717689
95 0 0.0293555882944141
96 0 0.0315289049096859
97 0 0.0352560512340062
98 0 0.0435910793726628
99 0 0.0378614259741181
100 0 0.0470711128181978

death 1 F divorced
1 0 0.000828010418699954
2 0 0.0000518481160275419
3 0 0.0000307552018201651
4 0 0.0000245866578314491
5 0 0.0000223360770809089
6 0 0.0000152512792432891
7 0 0.0000249200819406603
8 0 0.0000130009295926659
9 0 0.0000123341700235535
10 0 0.0000224194309299541
11 0 0.0000196687942652929
12 0 0.0000245866578314491
13 0 0.0000260037187412854
14 0 0.0000304217563084075
15 0 0.0000238364580570360
16 0 0.0000222527233083580
17 0 0.0000303383951216762
18 0 0.0000391751063537615
19 0 0.0000425933099621467
20 0 0.0000404256537397396
21 0 0.0000449277667774473
22 0 0.0000287545470960548
23 0 0.0000428434274677425
24 0 0.0000328392639790120
25 0 0.0000248367257986715
26 0 0.0000370075316366014
27 0 0.0000336729022206717
28 0 0.0000310052867564803
29 0 0.0000390083680021913
30 0 0.000040092172754691
31 0 0.000063605579800119
32 0 0.000040759135948143
33 0 0.0000513478321508831
34 0 0.0000872918971220882
35 0 0.0000696099776699155
36 0 0.0000717783299287733
37 0 0.000079284564096116
38 0 0.000107313316161539
39 0 0.0000974689007205987
40 0 0.000120496491324840
41 0 0.000118326976638383
42 0 0.00013777101342638
43 0 0.000123500520223918
44 0 0.000153796693823094
45 0 0.000180679439738318
46 0 0.000166318722898851
47 0 0.000193288683833392
48 0 0.000202642365785488
49 0 0.000248422477922117
50 0 0.000261876858127175
51 0 0.000276670618445607
52 0 0.000302837231641373
53 0 0.000313205641532255
54 0 0.000378202379451742
55 0 0.000396279231550500
56 0 0.000375775668454925
57 0 0.000464685793213238
58 0 0.000475659079347546
59 0 0.000561899941761923
60 0 0.000586722976509191
61 0 0.000604925253958166
62 0 0.000693976030530119
63 0 0.000761598761441995
64 0 0.000881343017575031
65 0 0.00105459549201647
66 0 0.00107938489525006
67 0 0.00109650533811834
68 0 0.00141741447627985
69 0 0.00151624751253188
70 0 0.00157447978875902
71 0 0.00197029506950397
72 0 0.00212550588958205
73 0 0.00241490115242315
74 0 0.00285352782640969
75 0 0.00314310310449428
76 0 0.00361276210614947
77 0 0.00413273863199315
78 0 0.00466203515172525
79 0 0.00523425406557665
80 0 0.00571136986551002
81 0 0.0065839254327189
82 0 0.00757229160525263
83 0 0.00822735115783924
84 0 0.00974950066666136
85 0 0.0103576392414267
86 0 0.0120069389873257
87 0 0.0130900731959303
88 0 0.0138691036743219
89 0 0.0152894818604414
90 0 0.0181637306990294
91 0 0.0203054238063907
92 0 0.0215402576917387
93 0 0.0242019282668272
94 0 0.0261493672717689
95 0 0.0293555882944141
96 0 0.0315289049096859
97 0 0.0352560512340062
98 0 0.0435910793726628
99 0 0.0378614259741181
100 0 0.0470711128181978

death 1 F widowed
1 0 0.000828010418699954
2 0 0.0000518481160275419
3 0 0.0000307552018201651
4 0 0.0000245866578314491
5 0 0.0000223360770809089
6 0 0.0000152512792432891
7 0 0.0000249200819406603
8 0 0.0000130009295926659
9 0 0.0000123341700235535
10 0 0.0000224194309299541
11 0 0.0000196687942652929
12 0 0.0000245866578314491
13 0 0.0000260037187412854
14 0 0.0000304217563084075
15 0 0.0000238364580570360
16 0 0.0000222527233083580
17 0 0.0000303383951216762
18 0 0.0000391751063537615
19 0 0.0000425933099621467
20 0 0.0000404256537397396
21 0 0.0000449277667774473
22 0 0.0000287545470960548
23 0 0.0000428434274677425
24 0 0.0000328392639790120
25 0 0.0000248367257986715
26 0 0.0000370075316366014
27 0 0.0000336729022206717
28 0 0.0000310052867564803
29 0 0.0000390083680021913
30 0 0.000040092172754691
31 0 0.000063605579800119
32 0 0.000040759135948143
33 0 0.0000513478321508831
34 0 0.0000872918971220882
35 0 0.0000696099776699155
36 0 0.0000717783299287733
37 0 0.000079284564096116
38 0 0.000107313316161539
39 0 0.0000974689007205987
40 0 0.000120496491324840
41 0 0.000118326976638383
42 0 0.00013777101342638
43 0 0.000123500520223918
44 0 0.000153796693823094
45 0 0.000180679439738318
46 0 0.000166318722898851
47 0 0.000193288683833392
48 0 0.000202642365785488
49 0 0.000248422477922117
50 0 0.000261876858127175
51 0 0.000276670618445607
52 0 0.000302837231641373
53 0 0.000313205641532255
54 0 0.000378202379451742
55 0 0.000396279231550500
56 0 0.000375775668454925
57 0 0.000464685793213238
58 0 0.000475659079347546
59 0 0.000561899941761923
60 0 0.000586722976509191
61 0 0.000604925253958166
62 0 0.000693976030530119
63 0 0.000761598761441995
64 0 0.000881343017575031
65 0 0.00105459549201647
66 0 0.00107938489525006
67 0 0.00109650533811834
68 0 0.00141741447627985
69 0 0.00151624751253188
70 0 0.00157447978875902
71 0 0.00197029506950397
72 0 0.00212550588958205
73 0 0.00241490115242315
74 0 0.00285352782640969
75 0 0.00314310310449428
76 0 0.00361276210614947
77 0 0.00413273863199315
78 0 0.00466203515172525
79 0 0.00523425406557665
80 0 0.00571136986551002
81 0 0.0065839254327189
82 0 0.00757229160525263
83 0 0.00822735115783924
84 0 0.00974950066666136
85 0 0.0103576392414267
86 0 0.0120069389873257
87 0 0.0130900731959303
88 0 0.0138691036743219
89 0 0.0152894818604414
90 0 0.0181637306990294
91 0 0.0203054238063907
92 0 0.0215402576917387
93 0 0.0242019282668272
94 0 0.0261493672717689
95 0 0.0293555882944141
96 0 0.0315289049096859
97 0 0.0352560512340062
98 0 0.0435910793726628
99 0 0.0378614259741181
100 0 0.0470711128181978
