*Period monthly mortality rates for SWE in 2096 
* Mon Dec 20 14:21:52 2010
death 1 M married
1 0 0.000124251542961140
2 0 0.000012500859457365
3 0 0.00000416676215586609
4 0 0.00000333339444602565
5 0 0.00000250003437562984
6 0 0.00000250003437562984
7 0 0.00000250003437562984
8 0 0.00000166668194467867
9 0 0.00000166668194467867
10 0 0.00000166668194467867
11 0 0.00000250003437562984
12 0 0.00000250003437562984
13 0 0.00000250003437562984
14 0 0.00000333339444602565
15 0 0.00000333339444602565
16 0 0.00000500013750526218
17 0 0.00000666691112360951
18 0 0.00000833371530217786
19 0 0.0000108339788730261
20 0 0.0000150012376423092
21 0 0.0000175016846010179
22 0 0.0000183351822042876
23 0 0.0000191686874497776
24 0 0.0000183351822042876
25 0 0.0000183351822042876
26 0 0.0000183351822042876
27 0 0.0000175016846010179
28 0 0.0000166681946396352
29 0 0.0000166681946396352
30 0 0.0000166681946396352
31 0 0.0000166681946396352
32 0 0.0000158347123201397
33 0 0.0000166681946396352
34 0 0.0000175016846010179
35 0 0.0000175016846010179
36 0 0.0000191686874497776
37 0 0.0000208357208674181
38 0 0.0000216692490401238
39 0 0.0000233363283135279
40 0 0.0000258370045466139
41 0 0.0000275041602521009
42 0 0.0000300049511388067
43 0 0.0000333394460065861
44 0 0.0000375077365993848
45 0 0.0000400088026996093
46 0 0.0000441773991204375
47 0 0.0000483461867075707
48 0 0.0000533489841776369
49 0 0.0000600198091127435
50 0 0.0000650232490866376
51 0 0.000070860943814588
52 0 0.000080869292772956
53 0 0.0000883762776967556
54 0 0.000101723559627565
55 0 0.000109232267063164
56 0 0.000119244841917165
57 0 0.000132596657577144
58 0 0.000148454486411209
59 0 0.000156801823476993
60 0 0.000176003608403419
61 0 0.000189363764725003
62 0 0.000209407682068785
63 0 0.000232797840409416
64 0 0.000256194019795597
65 0 0.000284611765482445
66 0 0.00030718513048289
67 0 0.000337291674916473
68 0 0.000377449255310913
69 0 0.00041343882975442
70 0 0.000458655238387728
71 0 0.000511436168531554
72 0 0.000562570745430535
73 0 0.000629676135545654
74 0 0.00070270955234053
75 0 0.000786728602310882
76 0 0.000898594487330984
77 0 0.000995431822025106
78 0 0.00117337625868907
79 0 0.00134828685999844
80 0 0.0015701555847093
81 0 0.00184357890734643
82 0 0.00219121591277671
83 0 0.00263536473652082
84 0 0.00314379326387815
85 0 0.00385746356441397
86 0 0.00468291702991097
87 0 0.0057119023832477
88 0 0.0068785185043081
89 0 0.00841088124245137
90 0 0.0101028943937318
91 0 0.0121708858510949
92 0 0.0148861155409409
93 0 0.0181315201823059
94 0 0.0212130314347246
95 0 0.0251573935417810
96 0 0.0284287703576744
97 0 0.0338508991288506
98 0 0.0384290940208252
99 0 0.042570497798633
100 0 0.0482552628298791

death 1 M single
1 0 0.000124251542961140
2 0 0.000012500859457365
3 0 0.00000416676215586609
4 0 0.00000333339444602565
5 0 0.00000250003437562984
6 0 0.00000250003437562984
7 0 0.00000250003437562984
8 0 0.00000166668194467867
9 0 0.00000166668194467867
10 0 0.00000166668194467867
11 0 0.00000250003437562984
12 0 0.00000250003437562984
13 0 0.00000250003437562984
14 0 0.00000333339444602565
15 0 0.00000333339444602565
16 0 0.00000500013750526218
17 0 0.00000666691112360951
18 0 0.00000833371530217786
19 0 0.0000108339788730261
20 0 0.0000150012376423092
21 0 0.0000175016846010179
22 0 0.0000183351822042876
23 0 0.0000191686874497776
24 0 0.0000183351822042876
25 0 0.0000183351822042876
26 0 0.0000183351822042876
27 0 0.0000175016846010179
28 0 0.0000166681946396352
29 0 0.0000166681946396352
30 0 0.0000166681946396352
31 0 0.0000166681946396352
32 0 0.0000158347123201397
33 0 0.0000166681946396352
34 0 0.0000175016846010179
35 0 0.0000175016846010179
36 0 0.0000191686874497776
37 0 0.0000208357208674181
38 0 0.0000216692490401238
39 0 0.0000233363283135279
40 0 0.0000258370045466139
41 0 0.0000275041602521009
42 0 0.0000300049511388067
43 0 0.0000333394460065861
44 0 0.0000375077365993848
45 0 0.0000400088026996093
46 0 0.0000441773991204375
47 0 0.0000483461867075707
48 0 0.0000533489841776369
49 0 0.0000600198091127435
50 0 0.0000650232490866376
51 0 0.000070860943814588
52 0 0.000080869292772956
53 0 0.0000883762776967556
54 0 0.000101723559627565
55 0 0.000109232267063164
56 0 0.000119244841917165
57 0 0.000132596657577144
58 0 0.000148454486411209
59 0 0.000156801823476993
60 0 0.000176003608403419
61 0 0.000189363764725003
62 0 0.000209407682068785
63 0 0.000232797840409416
64 0 0.000256194019795597
65 0 0.000284611765482445
66 0 0.00030718513048289
67 0 0.000337291674916473
68 0 0.000377449255310913
69 0 0.00041343882975442
70 0 0.000458655238387728
71 0 0.000511436168531554
72 0 0.000562570745430535
73 0 0.000629676135545654
74 0 0.00070270955234053
75 0 0.000786728602310882
76 0 0.000898594487330984
77 0 0.000995431822025106
78 0 0.00117337625868907
79 0 0.00134828685999844
80 0 0.0015701555847093
81 0 0.00184357890734643
82 0 0.00219121591277671
83 0 0.00263536473652082
84 0 0.00314379326387815
85 0 0.00385746356441397
86 0 0.00468291702991097
87 0 0.0057119023832477
88 0 0.0068785185043081
89 0 0.00841088124245137
90 0 0.0101028943937318
91 0 0.0121708858510949
92 0 0.0148861155409409
93 0 0.0181315201823059
94 0 0.0212130314347246
95 0 0.0251573935417810
96 0 0.0284287703576744
97 0 0.0338508991288506
98 0 0.0384290940208252
99 0 0.042570497798633
100 0 0.0482552628298791

death 1 M divorced
1 0 0.000124251542961140
2 0 0.000012500859457365
3 0 0.00000416676215586609
4 0 0.00000333339444602565
5 0 0.00000250003437562984
6 0 0.00000250003437562984
7 0 0.00000250003437562984
8 0 0.00000166668194467867
9 0 0.00000166668194467867
10 0 0.00000166668194467867
11 0 0.00000250003437562984
12 0 0.00000250003437562984
13 0 0.00000250003437562984
14 0 0.00000333339444602565
15 0 0.00000333339444602565
16 0 0.00000500013750526218
17 0 0.00000666691112360951
18 0 0.00000833371530217786
19 0 0.0000108339788730261
20 0 0.0000150012376423092
21 0 0.0000175016846010179
22 0 0.0000183351822042876
23 0 0.0000191686874497776
24 0 0.0000183351822042876
25 0 0.0000183351822042876
26 0 0.0000183351822042876
27 0 0.0000175016846010179
28 0 0.0000166681946396352
29 0 0.0000166681946396352
30 0 0.0000166681946396352
31 0 0.0000166681946396352
32 0 0.0000158347123201397
33 0 0.0000166681946396352
34 0 0.0000175016846010179
35 0 0.0000175016846010179
36 0 0.0000191686874497776
37 0 0.0000208357208674181
38 0 0.0000216692490401238
39 0 0.0000233363283135279
40 0 0.0000258370045466139
41 0 0.0000275041602521009
42 0 0.0000300049511388067
43 0 0.0000333394460065861
44 0 0.0000375077365993848
45 0 0.0000400088026996093
46 0 0.0000441773991204375
47 0 0.0000483461867075707
48 0 0.0000533489841776369
49 0 0.0000600198091127435
50 0 0.0000650232490866376
51 0 0.000070860943814588
52 0 0.000080869292772956
53 0 0.0000883762776967556
54 0 0.000101723559627565
55 0 0.000109232267063164
56 0 0.000119244841917165
57 0 0.000132596657577144
58 0 0.000148454486411209
59 0 0.000156801823476993
60 0 0.000176003608403419
61 0 0.000189363764725003
62 0 0.000209407682068785
63 0 0.000232797840409416
64 0 0.000256194019795597
65 0 0.000284611765482445
66 0 0.00030718513048289
67 0 0.000337291674916473
68 0 0.000377449255310913
69 0 0.00041343882975442
70 0 0.000458655238387728
71 0 0.000511436168531554
72 0 0.000562570745430535
73 0 0.000629676135545654
74 0 0.00070270955234053
75 0 0.000786728602310882
76 0 0.000898594487330984
77 0 0.000995431822025106
78 0 0.00117337625868907
79 0 0.00134828685999844
80 0 0.0015701555847093
81 0 0.00184357890734643
82 0 0.00219121591277671
83 0 0.00263536473652082
84 0 0.00314379326387815
85 0 0.00385746356441397
86 0 0.00468291702991097
87 0 0.0057119023832477
88 0 0.0068785185043081
89 0 0.00841088124245137
90 0 0.0101028943937318
91 0 0.0121708858510949
92 0 0.0148861155409409
93 0 0.0181315201823059
94 0 0.0212130314347246
95 0 0.0251573935417810
96 0 0.0284287703576744
97 0 0.0338508991288506
98 0 0.0384290940208252
99 0 0.042570497798633
100 0 0.0482552628298791

death 1 M widowed
1 0 0.000124251542961140
2 0 0.000012500859457365
3 0 0.00000416676215586609
4 0 0.00000333339444602565
5 0 0.00000250003437562984
6 0 0.00000250003437562984
7 0 0.00000250003437562984
8 0 0.00000166668194467867
9 0 0.00000166668194467867
10 0 0.00000166668194467867
11 0 0.00000250003437562984
12 0 0.00000250003437562984
13 0 0.00000250003437562984
14 0 0.00000333339444602565
15 0 0.00000333339444602565
16 0 0.00000500013750526218
17 0 0.00000666691112360951
18 0 0.00000833371530217786
19 0 0.0000108339788730261
20 0 0.0000150012376423092
21 0 0.0000175016846010179
22 0 0.0000183351822042876
23 0 0.0000191686874497776
24 0 0.0000183351822042876
25 0 0.0000183351822042876
26 0 0.0000183351822042876
27 0 0.0000175016846010179
28 0 0.0000166681946396352
29 0 0.0000166681946396352
30 0 0.0000166681946396352
31 0 0.0000166681946396352
32 0 0.0000158347123201397
33 0 0.0000166681946396352
34 0 0.0000175016846010179
35 0 0.0000175016846010179
36 0 0.0000191686874497776
37 0 0.0000208357208674181
38 0 0.0000216692490401238
39 0 0.0000233363283135279
40 0 0.0000258370045466139
41 0 0.0000275041602521009
42 0 0.0000300049511388067
43 0 0.0000333394460065861
44 0 0.0000375077365993848
45 0 0.0000400088026996093
46 0 0.0000441773991204375
47 0 0.0000483461867075707
48 0 0.0000533489841776369
49 0 0.0000600198091127435
50 0 0.0000650232490866376
51 0 0.000070860943814588
52 0 0.000080869292772956
53 0 0.0000883762776967556
54 0 0.000101723559627565
55 0 0.000109232267063164
56 0 0.000119244841917165
57 0 0.000132596657577144
58 0 0.000148454486411209
59 0 0.000156801823476993
60 0 0.000176003608403419
61 0 0.000189363764725003
62 0 0.000209407682068785
63 0 0.000232797840409416
64 0 0.000256194019795597
65 0 0.000284611765482445
66 0 0.00030718513048289
67 0 0.000337291674916473
68 0 0.000377449255310913
69 0 0.00041343882975442
70 0 0.000458655238387728
71 0 0.000511436168531554
72 0 0.000562570745430535
73 0 0.000629676135545654
74 0 0.00070270955234053
75 0 0.000786728602310882
76 0 0.000898594487330984
77 0 0.000995431822025106
78 0 0.00117337625868907
79 0 0.00134828685999844
80 0 0.0015701555847093
81 0 0.00184357890734643
82 0 0.00219121591277671
83 0 0.00263536473652082
84 0 0.00314379326387815
85 0 0.00385746356441397
86 0 0.00468291702991097
87 0 0.0057119023832477
88 0 0.0068785185043081
89 0 0.00841088124245137
90 0 0.0101028943937318
91 0 0.0121708858510949
92 0 0.0148861155409409
93 0 0.0181315201823059
94 0 0.0212130314347246
95 0 0.0251573935417810
96 0 0.0284287703576744
97 0 0.0338508991288506
98 0 0.0384290940208252
99 0 0.042570497798633
100 0 0.0482552628298791

death 1 F married
1 0 0.000122582611971733
2 0 0.0000133343112110884
3 0 0.00000416676215586609
4 0 0.00000333339444602565
5 0 0.00000250003437562984
6 0 0.00000250003437562984
7 0 0.00000250003437562984
8 0 0.00000166668194467867
9 0 0.00000166668194467867
10 0 0.00000166668194467867
11 0 0.00000166668194467867
12 0 0.00000166668194467867
13 0 0.00000166668194467867
14 0 0.00000166668194467867
15 0 0.00000250003437562984
16 0 0.00000416676215586609
17 0 0.00000416676215586609
18 0 0.00000500013750526218
19 0 0.00000583352049443597
20 0 0.00000666691112360951
21 0 0.00000750030939278279
22 0 0.00000750030939278279
23 0 0.00000666691112360951
24 0 0.00000750030939278279
25 0 0.00000583352049443597
26 0 0.00000583352049443597
27 0 0.00000666691112360951
28 0 0.00000666691112360951
29 0 0.00000666691112360951
30 0 0.00000666691112360951
31 0 0.00000750030939278279
32 0 0.00000833371530217786
33 0 0.00000833371530217786
34 0 0.00000916712885190574
35 0 0.00000916712885190574
36 0 0.0000108339788730261
37 0 0.000012500859457365
38 0 0.0000133343112110884
39 0 0.0000141677706060328
40 0 0.0000141677706060328
41 0 0.0000150012376423092
42 0 0.0000166681946396352
43 0 0.0000200022003373768
44 0 0.0000216692490401238
45 0 0.0000250034381590325
46 0 0.0000291713465325749
47 0 0.0000333394460065861
48 0 0.0000391751063537615
49 0 0.0000483461867075707
50 0 0.0000575181923953005
51 0 0.0000683590287403613
52 0 0.0000783671022263066
53 0 0.0000858738805041837
54 0 0.0000933812787555777
55 0 0.000104226393189744
56 0 0.000116741594805347
57 0 0.000132596657577144
58 0 0.000145115766213677
59 0 0.000160140972956802
60 0 0.000171828962249876
61 0 0.000196044579382604
62 0 0.000216089970248357
63 0 0.000228620584918904
64 0 0.000255358338245082
65 0 0.000274580958229742
66 0 0.00030718513048289
67 0 0.000329764103723651
68 0 0.000360714773546156
69 0 0.000395860745241672
70 0 0.000429345741460474
71 0 0.000481271882970646
72 0 0.000529036627315183
73 0 0.00058437456115501
74 0 0.000651496063618806
75 0 0.000730427249033605
76 0 0.000815312791019873
77 0 0.000917953696115803
78 0 0.00104431071913569
79 0 0.00117675298304909
80 0 0.00135505345775822
81 0 0.00155319990950264
82 0 0.00180106780454503
83 0 0.00204023918136498
84 0 0.00237066738869163
85 0 0.00274180396658319
86 0 0.00337010368765345
87 0 0.00409689940753799
88 0 0.00496327060350732
89 0 0.00602485490214943
90 0 0.00726865685782185
91 0 0.00864070596512267
92 0 0.0105203812677398
93 0 0.0123178443664409
94 0 0.0145672717075537
95 0 0.0168505256468692
96 0 0.0197357097231239
97 0 0.0228097669545659
98 0 0.0266690716947863
99 0 0.0306621511297744
100 0 0.0337329178534329

death 1 F single
1 0 0.000122582611971733
2 0 0.0000133343112110884
3 0 0.00000416676215586609
4 0 0.00000333339444602565
5 0 0.00000250003437562984
6 0 0.00000250003437562984
7 0 0.00000250003437562984
8 0 0.00000166668194467867
9 0 0.00000166668194467867
10 0 0.00000166668194467867
11 0 0.00000166668194467867
12 0 0.00000166668194467867
13 0 0.00000166668194467867
14 0 0.00000166668194467867
15 0 0.00000250003437562984
16 0 0.00000416676215586609
17 0 0.00000416676215586609
18 0 0.00000500013750526218
19 0 0.00000583352049443597
20 0 0.00000666691112360951
21 0 0.00000750030939278279
22 0 0.00000750030939278279
23 0 0.00000666691112360951
24 0 0.00000750030939278279
25 0 0.00000583352049443597
26 0 0.00000583352049443597
27 0 0.00000666691112360951
28 0 0.00000666691112360951
29 0 0.00000666691112360951
30 0 0.00000666691112360951
31 0 0.00000750030939278279
32 0 0.00000833371530217786
33 0 0.00000833371530217786
34 0 0.00000916712885190574
35 0 0.00000916712885190574
36 0 0.0000108339788730261
37 0 0.000012500859457365
38 0 0.0000133343112110884
39 0 0.0000141677706060328
40 0 0.0000141677706060328
41 0 0.0000150012376423092
42 0 0.0000166681946396352
43 0 0.0000200022003373768
44 0 0.0000216692490401238
45 0 0.0000250034381590325
46 0 0.0000291713465325749
47 0 0.0000333394460065861
48 0 0.0000391751063537615
49 0 0.0000483461867075707
50 0 0.0000575181923953005
51 0 0.0000683590287403613
52 0 0.0000783671022263066
53 0 0.0000858738805041837
54 0 0.0000933812787555777
55 0 0.000104226393189744
56 0 0.000116741594805347
57 0 0.000132596657577144
58 0 0.000145115766213677
59 0 0.000160140972956802
60 0 0.000171828962249876
61 0 0.000196044579382604
62 0 0.000216089970248357
63 0 0.000228620584918904
64 0 0.000255358338245082
65 0 0.000274580958229742
66 0 0.00030718513048289
67 0 0.000329764103723651
68 0 0.000360714773546156
69 0 0.000395860745241672
70 0 0.000429345741460474
71 0 0.000481271882970646
72 0 0.000529036627315183
73 0 0.00058437456115501
74 0 0.000651496063618806
75 0 0.000730427249033605
76 0 0.000815312791019873
77 0 0.000917953696115803
78 0 0.00104431071913569
79 0 0.00117675298304909
80 0 0.00135505345775822
81 0 0.00155319990950264
82 0 0.00180106780454503
83 0 0.00204023918136498
84 0 0.00237066738869163
85 0 0.00274180396658319
86 0 0.00337010368765345
87 0 0.00409689940753799
88 0 0.00496327060350732
89 0 0.00602485490214943
90 0 0.00726865685782185
91 0 0.00864070596512267
92 0 0.0105203812677398
93 0 0.0123178443664409
94 0 0.0145672717075537
95 0 0.0168505256468692
96 0 0.0197357097231239
97 0 0.0228097669545659
98 0 0.0266690716947863
99 0 0.0306621511297744
100 0 0.0337329178534329

death 1 F divorced
1 0 0.000122582611971733
2 0 0.0000133343112110884
3 0 0.00000416676215586609
4 0 0.00000333339444602565
5 0 0.00000250003437562984
6 0 0.00000250003437562984
7 0 0.00000250003437562984
8 0 0.00000166668194467867
9 0 0.00000166668194467867
10 0 0.00000166668194467867
11 0 0.00000166668194467867
12 0 0.00000166668194467867
13 0 0.00000166668194467867
14 0 0.00000166668194467867
15 0 0.00000250003437562984
16 0 0.00000416676215586609
17 0 0.00000416676215586609
18 0 0.00000500013750526218
19 0 0.00000583352049443597
20 0 0.00000666691112360951
21 0 0.00000750030939278279
22 0 0.00000750030939278279
23 0 0.00000666691112360951
24 0 0.00000750030939278279
25 0 0.00000583352049443597
26 0 0.00000583352049443597
27 0 0.00000666691112360951
28 0 0.00000666691112360951
29 0 0.00000666691112360951
30 0 0.00000666691112360951
31 0 0.00000750030939278279
32 0 0.00000833371530217786
33 0 0.00000833371530217786
34 0 0.00000916712885190574
35 0 0.00000916712885190574
36 0 0.0000108339788730261
37 0 0.000012500859457365
38 0 0.0000133343112110884
39 0 0.0000141677706060328
40 0 0.0000141677706060328
41 0 0.0000150012376423092
42 0 0.0000166681946396352
43 0 0.0000200022003373768
44 0 0.0000216692490401238
45 0 0.0000250034381590325
46 0 0.0000291713465325749
47 0 0.0000333394460065861
48 0 0.0000391751063537615
49 0 0.0000483461867075707
50 0 0.0000575181923953005
51 0 0.0000683590287403613
52 0 0.0000783671022263066
53 0 0.0000858738805041837
54 0 0.0000933812787555777
55 0 0.000104226393189744
56 0 0.000116741594805347
57 0 0.000132596657577144
58 0 0.000145115766213677
59 0 0.000160140972956802
60 0 0.000171828962249876
61 0 0.000196044579382604
62 0 0.000216089970248357
63 0 0.000228620584918904
64 0 0.000255358338245082
65 0 0.000274580958229742
66 0 0.00030718513048289
67 0 0.000329764103723651
68 0 0.000360714773546156
69 0 0.000395860745241672
70 0 0.000429345741460474
71 0 0.000481271882970646
72 0 0.000529036627315183
73 0 0.00058437456115501
74 0 0.000651496063618806
75 0 0.000730427249033605
76 0 0.000815312791019873
77 0 0.000917953696115803
78 0 0.00104431071913569
79 0 0.00117675298304909
80 0 0.00135505345775822
81 0 0.00155319990950264
82 0 0.00180106780454503
83 0 0.00204023918136498
84 0 0.00237066738869163
85 0 0.00274180396658319
86 0 0.00337010368765345
87 0 0.00409689940753799
88 0 0.00496327060350732
89 0 0.00602485490214943
90 0 0.00726865685782185
91 0 0.00864070596512267
92 0 0.0105203812677398
93 0 0.0123178443664409
94 0 0.0145672717075537
95 0 0.0168505256468692
96 0 0.0197357097231239
97 0 0.0228097669545659
98 0 0.0266690716947863
99 0 0.0306621511297744
100 0 0.0337329178534329

death 1 F widowed
1 0 0.000122582611971733
2 0 0.0000133343112110884
3 0 0.00000416676215586609
4 0 0.00000333339444602565
5 0 0.00000250003437562984
6 0 0.00000250003437562984
7 0 0.00000250003437562984
8 0 0.00000166668194467867
9 0 0.00000166668194467867
10 0 0.00000166668194467867
11 0 0.00000166668194467867
12 0 0.00000166668194467867
13 0 0.00000166668194467867
14 0 0.00000166668194467867
15 0 0.00000250003437562984
16 0 0.00000416676215586609
17 0 0.00000416676215586609
18 0 0.00000500013750526218
19 0 0.00000583352049443597
20 0 0.00000666691112360951
21 0 0.00000750030939278279
22 0 0.00000750030939278279
23 0 0.00000666691112360951
24 0 0.00000750030939278279
25 0 0.00000583352049443597
26 0 0.00000583352049443597
27 0 0.00000666691112360951
28 0 0.00000666691112360951
29 0 0.00000666691112360951
30 0 0.00000666691112360951
31 0 0.00000750030939278279
32 0 0.00000833371530217786
33 0 0.00000833371530217786
34 0 0.00000916712885190574
35 0 0.00000916712885190574
36 0 0.0000108339788730261
37 0 0.000012500859457365
38 0 0.0000133343112110884
39 0 0.0000141677706060328
40 0 0.0000141677706060328
41 0 0.0000150012376423092
42 0 0.0000166681946396352
43 0 0.0000200022003373768
44 0 0.0000216692490401238
45 0 0.0000250034381590325
46 0 0.0000291713465325749
47 0 0.0000333394460065861
48 0 0.0000391751063537615
49 0 0.0000483461867075707
50 0 0.0000575181923953005
51 0 0.0000683590287403613
52 0 0.0000783671022263066
53 0 0.0000858738805041837
54 0 0.0000933812787555777
55 0 0.000104226393189744
56 0 0.000116741594805347
57 0 0.000132596657577144
58 0 0.000145115766213677
59 0 0.000160140972956802
60 0 0.000171828962249876
61 0 0.000196044579382604
62 0 0.000216089970248357
63 0 0.000228620584918904
64 0 0.000255358338245082
65 0 0.000274580958229742
66 0 0.00030718513048289
67 0 0.000329764103723651
68 0 0.000360714773546156
69 0 0.000395860745241672
70 0 0.000429345741460474
71 0 0.000481271882970646
72 0 0.000529036627315183
73 0 0.00058437456115501
74 0 0.000651496063618806
75 0 0.000730427249033605
76 0 0.000815312791019873
77 0 0.000917953696115803
78 0 0.00104431071913569
79 0 0.00117675298304909
80 0 0.00135505345775822
81 0 0.00155319990950264
82 0 0.00180106780454503
83 0 0.00204023918136498
84 0 0.00237066738869163
85 0 0.00274180396658319
86 0 0.00337010368765345
87 0 0.00409689940753799
88 0 0.00496327060350732
89 0 0.00602485490214943
90 0 0.00726865685782185
91 0 0.00864070596512267
92 0 0.0105203812677398
93 0 0.0123178443664409
94 0 0.0145672717075537
95 0 0.0168505256468692
96 0 0.0197357097231239
97 0 0.0228097669545659
98 0 0.0266690716947863
99 0 0.0306621511297744
100 0 0.0337329178534329
