*Period monthly mortality rates for SWE in 1923 
* Mon Dec 20 14:20:47 2010
death 1 M married
1 0 0.00548320861057416
2 0 0.000974624138209923
3 0 0.000383809166470739
4 0 0.000267894368393584
5 0 0.000230040830244693
6 0 0.000208572430588916
7 0 0.000171578489577828
8 0 0.000152294166253064
9 0 0.000149205715356704
10 0 0.000146284304333055
11 0 0.000138438693701781
12 0 0.000132179383649733
13 0 0.000145950434766062
14 0 0.000151793329249084
15 0 0.000157219210453641
16 0 0.000193121662546258
17 0 0.000226030782927822
18 0 0.000286200078158272
19 0 0.000297151831613829
20 0 0.000388997844735228
21 0 0.000388412011385175
22 0 0.000386989288972184
23 0 0.000370922440860122
24 0 0.000376696137411536
25 0 0.000395525957582188
26 0 0.000340721108527009
27 0 0.000358539517242629
28 0 0.000323909757170004
29 0 0.000360798438289955
30 0 0.000349504394511091
31 0 0.000343397829561387
32 0 0.000336789817438232
33 0 0.000318557541756026
34 0 0.000390253214631597
35 0 0.000408248755805252
36 0 0.000333946010742214
37 0 0.000368244908993565
38 0 0.000413103977328411
39 0 0.000376947176017883
40 0 0.000410508912862761
41 0 0.000403561201848368
42 0 0.000414527108660523
43 0 0.000420471015746493
44 0 0.000491912029446429
45 0 0.000449107678357596
46 0 0.000553682998724825
47 0 0.000589994084768786
48 0 0.000528701348627925
49 0 0.00062220821012271
50 0 0.000659553977352734
51 0 0.000721019082671637
52 0 0.000673321233567115
53 0 0.000738492167213889
54 0 0.000813042541335851
55 0 0.000975297996592572
56 0 0.000968054280986785
57 0 0.00111801588802496
58 0 0.00115354053863104
59 0 0.00124152597425908
60 0 0.00147151795071221
61 0 0.00141470591675130
62 0 0.00170175448667598
63 0 0.00180472297677570
64 0 0.001971998304932
65 0 0.00211254018379925
66 0 0.00238803319933611
67 0 0.00266831320805294
68 0 0.00270093025772544
69 0 0.00291675576446004
70 0 0.00333309524543424
71 0 0.00347385977251624
72 0 0.00416082696633369
73 0 0.00412968607720665
74 0 0.00530667722321609
75 0 0.00557904774123708
76 0 0.00650832289107506
77 0 0.00663232994882001
78 0 0.00748617155200082
79 0 0.00822351827614332
80 0 0.00927276248928122
81 0 0.0104408440705119
82 0 0.0102943055887394
83 0 0.0123779375817826
84 0 0.0133283268559998
85 0 0.0142824507552749
86 0 0.0172397598425678
87 0 0.0194004592660414
88 0 0.0214458558294846
89 0 0.0231615891107199
90 0 0.0304481936618816
91 0 0.0327081845253688
92 0 0.0368179387187625
93 0 0.0410475080231014
94 0 0.0366167296959208
95 0 0.0470064123605559
96 0 0.0352859859773689
97 0 0.0809517520203998
98 0 0.117475469419283
99 0 0.0874853212824371
100 0 0.0292855303767776

death 1 M single
1 0 0.00548320861057416
2 0 0.000974624138209923
3 0 0.000383809166470739
4 0 0.000267894368393584
5 0 0.000230040830244693
6 0 0.000208572430588916
7 0 0.000171578489577828
8 0 0.000152294166253064
9 0 0.000149205715356704
10 0 0.000146284304333055
11 0 0.000138438693701781
12 0 0.000132179383649733
13 0 0.000145950434766062
14 0 0.000151793329249084
15 0 0.000157219210453641
16 0 0.000193121662546258
17 0 0.000226030782927822
18 0 0.000286200078158272
19 0 0.000297151831613829
20 0 0.000388997844735228
21 0 0.000388412011385175
22 0 0.000386989288972184
23 0 0.000370922440860122
24 0 0.000376696137411536
25 0 0.000395525957582188
26 0 0.000340721108527009
27 0 0.000358539517242629
28 0 0.000323909757170004
29 0 0.000360798438289955
30 0 0.000349504394511091
31 0 0.000343397829561387
32 0 0.000336789817438232
33 0 0.000318557541756026
34 0 0.000390253214631597
35 0 0.000408248755805252
36 0 0.000333946010742214
37 0 0.000368244908993565
38 0 0.000413103977328411
39 0 0.000376947176017883
40 0 0.000410508912862761
41 0 0.000403561201848368
42 0 0.000414527108660523
43 0 0.000420471015746493
44 0 0.000491912029446429
45 0 0.000449107678357596
46 0 0.000553682998724825
47 0 0.000589994084768786
48 0 0.000528701348627925
49 0 0.00062220821012271
50 0 0.000659553977352734
51 0 0.000721019082671637
52 0 0.000673321233567115
53 0 0.000738492167213889
54 0 0.000813042541335851
55 0 0.000975297996592572
56 0 0.000968054280986785
57 0 0.00111801588802496
58 0 0.00115354053863104
59 0 0.00124152597425908
60 0 0.00147151795071221
61 0 0.00141470591675130
62 0 0.00170175448667598
63 0 0.00180472297677570
64 0 0.001971998304932
65 0 0.00211254018379925
66 0 0.00238803319933611
67 0 0.00266831320805294
68 0 0.00270093025772544
69 0 0.00291675576446004
70 0 0.00333309524543424
71 0 0.00347385977251624
72 0 0.00416082696633369
73 0 0.00412968607720665
74 0 0.00530667722321609
75 0 0.00557904774123708
76 0 0.00650832289107506
77 0 0.00663232994882001
78 0 0.00748617155200082
79 0 0.00822351827614332
80 0 0.00927276248928122
81 0 0.0104408440705119
82 0 0.0102943055887394
83 0 0.0123779375817826
84 0 0.0133283268559998
85 0 0.0142824507552749
86 0 0.0172397598425678
87 0 0.0194004592660414
88 0 0.0214458558294846
89 0 0.0231615891107199
90 0 0.0304481936618816
91 0 0.0327081845253688
92 0 0.0368179387187625
93 0 0.0410475080231014
94 0 0.0366167296959208
95 0 0.0470064123605559
96 0 0.0352859859773689
97 0 0.0809517520203998
98 0 0.117475469419283
99 0 0.0874853212824371
100 0 0.0292855303767776

death 1 M divorced
1 0 0.00548320861057416
2 0 0.000974624138209923
3 0 0.000383809166470739
4 0 0.000267894368393584
5 0 0.000230040830244693
6 0 0.000208572430588916
7 0 0.000171578489577828
8 0 0.000152294166253064
9 0 0.000149205715356704
10 0 0.000146284304333055
11 0 0.000138438693701781
12 0 0.000132179383649733
13 0 0.000145950434766062
14 0 0.000151793329249084
15 0 0.000157219210453641
16 0 0.000193121662546258
17 0 0.000226030782927822
18 0 0.000286200078158272
19 0 0.000297151831613829
20 0 0.000388997844735228
21 0 0.000388412011385175
22 0 0.000386989288972184
23 0 0.000370922440860122
24 0 0.000376696137411536
25 0 0.000395525957582188
26 0 0.000340721108527009
27 0 0.000358539517242629
28 0 0.000323909757170004
29 0 0.000360798438289955
30 0 0.000349504394511091
31 0 0.000343397829561387
32 0 0.000336789817438232
33 0 0.000318557541756026
34 0 0.000390253214631597
35 0 0.000408248755805252
36 0 0.000333946010742214
37 0 0.000368244908993565
38 0 0.000413103977328411
39 0 0.000376947176017883
40 0 0.000410508912862761
41 0 0.000403561201848368
42 0 0.000414527108660523
43 0 0.000420471015746493
44 0 0.000491912029446429
45 0 0.000449107678357596
46 0 0.000553682998724825
47 0 0.000589994084768786
48 0 0.000528701348627925
49 0 0.00062220821012271
50 0 0.000659553977352734
51 0 0.000721019082671637
52 0 0.000673321233567115
53 0 0.000738492167213889
54 0 0.000813042541335851
55 0 0.000975297996592572
56 0 0.000968054280986785
57 0 0.00111801588802496
58 0 0.00115354053863104
59 0 0.00124152597425908
60 0 0.00147151795071221
61 0 0.00141470591675130
62 0 0.00170175448667598
63 0 0.00180472297677570
64 0 0.001971998304932
65 0 0.00211254018379925
66 0 0.00238803319933611
67 0 0.00266831320805294
68 0 0.00270093025772544
69 0 0.00291675576446004
70 0 0.00333309524543424
71 0 0.00347385977251624
72 0 0.00416082696633369
73 0 0.00412968607720665
74 0 0.00530667722321609
75 0 0.00557904774123708
76 0 0.00650832289107506
77 0 0.00663232994882001
78 0 0.00748617155200082
79 0 0.00822351827614332
80 0 0.00927276248928122
81 0 0.0104408440705119
82 0 0.0102943055887394
83 0 0.0123779375817826
84 0 0.0133283268559998
85 0 0.0142824507552749
86 0 0.0172397598425678
87 0 0.0194004592660414
88 0 0.0214458558294846
89 0 0.0231615891107199
90 0 0.0304481936618816
91 0 0.0327081845253688
92 0 0.0368179387187625
93 0 0.0410475080231014
94 0 0.0366167296959208
95 0 0.0470064123605559
96 0 0.0352859859773689
97 0 0.0809517520203998
98 0 0.117475469419283
99 0 0.0874853212824371
100 0 0.0292855303767776

death 1 M widowed
1 0 0.00548320861057416
2 0 0.000974624138209923
3 0 0.000383809166470739
4 0 0.000267894368393584
5 0 0.000230040830244693
6 0 0.000208572430588916
7 0 0.000171578489577828
8 0 0.000152294166253064
9 0 0.000149205715356704
10 0 0.000146284304333055
11 0 0.000138438693701781
12 0 0.000132179383649733
13 0 0.000145950434766062
14 0 0.000151793329249084
15 0 0.000157219210453641
16 0 0.000193121662546258
17 0 0.000226030782927822
18 0 0.000286200078158272
19 0 0.000297151831613829
20 0 0.000388997844735228
21 0 0.000388412011385175
22 0 0.000386989288972184
23 0 0.000370922440860122
24 0 0.000376696137411536
25 0 0.000395525957582188
26 0 0.000340721108527009
27 0 0.000358539517242629
28 0 0.000323909757170004
29 0 0.000360798438289955
30 0 0.000349504394511091
31 0 0.000343397829561387
32 0 0.000336789817438232
33 0 0.000318557541756026
34 0 0.000390253214631597
35 0 0.000408248755805252
36 0 0.000333946010742214
37 0 0.000368244908993565
38 0 0.000413103977328411
39 0 0.000376947176017883
40 0 0.000410508912862761
41 0 0.000403561201848368
42 0 0.000414527108660523
43 0 0.000420471015746493
44 0 0.000491912029446429
45 0 0.000449107678357596
46 0 0.000553682998724825
47 0 0.000589994084768786
48 0 0.000528701348627925
49 0 0.00062220821012271
50 0 0.000659553977352734
51 0 0.000721019082671637
52 0 0.000673321233567115
53 0 0.000738492167213889
54 0 0.000813042541335851
55 0 0.000975297996592572
56 0 0.000968054280986785
57 0 0.00111801588802496
58 0 0.00115354053863104
59 0 0.00124152597425908
60 0 0.00147151795071221
61 0 0.00141470591675130
62 0 0.00170175448667598
63 0 0.00180472297677570
64 0 0.001971998304932
65 0 0.00211254018379925
66 0 0.00238803319933611
67 0 0.00266831320805294
68 0 0.00270093025772544
69 0 0.00291675576446004
70 0 0.00333309524543424
71 0 0.00347385977251624
72 0 0.00416082696633369
73 0 0.00412968607720665
74 0 0.00530667722321609
75 0 0.00557904774123708
76 0 0.00650832289107506
77 0 0.00663232994882001
78 0 0.00748617155200082
79 0 0.00822351827614332
80 0 0.00927276248928122
81 0 0.0104408440705119
82 0 0.0102943055887394
83 0 0.0123779375817826
84 0 0.0133283268559998
85 0 0.0142824507552749
86 0 0.0172397598425678
87 0 0.0194004592660414
88 0 0.0214458558294846
89 0 0.0231615891107199
90 0 0.0304481936618816
91 0 0.0327081845253688
92 0 0.0368179387187625
93 0 0.0410475080231014
94 0 0.0366167296959208
95 0 0.0470064123605559
96 0 0.0352859859773689
97 0 0.0809517520203998
98 0 0.117475469419283
99 0 0.0874853212824371
100 0 0.0292855303767776

death 1 F married
1 0 0.00435139466040646
2 0 0.00080698881956176
3 0 0.000353352577705635
4 0 0.000225195378672272
5 0 0.000185105001676567
6 0 0.000177089047810775
7 0 0.000168906824021930
8 0 0.00014853795598746
9 0 0.000134432685614527
10 0 0.000142945663846650
11 0 0.000124835676046819
12 0 0.000131428295407687
13 0 0.000136185292428426
14 0 0.000156885300719001
15 0 0.000170159157473537
16 0 0.000189363764725003
17 0 0.000227701614475162
18 0 0.000296148562646037
19 0 0.000269398808215526
20 0 0.000293473232876873
21 0 0.000278676737456296
22 0 0.000301666679030976
23 0 0.000342728641911427
24 0 0.000353268919816463
25 0 0.000323491603989590
26 0 0.000354356478382112
27 0 0.000324996964443214
28 0 0.000355862350190916
29 0 0.000336120678444907
30 0 0.00032098272531067
31 0 0.000359627138885821
32 0 0.000325247860276434
33 0 0.000335702469075994
34 0 0.000355611369823206
35 0 0.000358874168669532
36 0 0.000345990978248722
37 0 0.000375106242342382
38 0 0.000399459790480172
39 0 0.000390420598594732
40 0 0.000411011177620879
41 0 0.000411597156680599
42 0 0.000419717541217057
43 0 0.000431773883465714
44 0 0.000529371907239562
45 0 0.000510346728371469
46 0 0.000424657099126313
47 0 0.000574813782410311
48 0 0.000484706754700359
49 0 0.00062883701218952
50 0 0.00072841113135802
51 0 0.000706656707863518
52 0 0.000619271553677914
53 0 0.000658630638482038
54 0 0.000790090981221403
55 0 0.000801608072217075
56 0 0.000870068217747599
57 0 0.000824562542920404
58 0 0.000960390048178716
59 0 0.000990376885548039
60 0 0.00109254120458846
61 0 0.00131885802685627
62 0 0.00137967121183091
63 0 0.00151014672879846
64 0 0.00182172571304151
65 0 0.00172196515532663
66 0 0.00193487501975975
67 0 0.00198477358992477
68 0 0.00244657106175972
69 0 0.00250454708422720
70 0 0.00282876481862637
71 0 0.00318262319481921
72 0 0.00325359551942095
73 0 0.0035911719082371
74 0 0.00456707464005623
75 0 0.00481156088420231
76 0 0.00544656504197849
77 0 0.0057123461504257
78 0 0.00648531430174848
79 0 0.00733315141536717
80 0 0.00866344559107168
81 0 0.0086083485673728
82 0 0.0107020832913512
83 0 0.0119216069636335
84 0 0.0126148805149979
85 0 0.0128821430230706
86 0 0.0164888901703976
87 0 0.0178806559186092
88 0 0.0181226541372270
89 0 0.0202261974622475
90 0 0.0226155655889885
91 0 0.0256639706702876
92 0 0.0290887180703513
93 0 0.0327851074924806
94 0 0.0308641576900346
95 0 0.0403791756415297
96 0 0.0370721221864097
97 0 0.0451884889997944
98 0 0.0662596088829898
99 0 0.0579077048029762
100 0 0.0420736855793666

death 1 F single
1 0 0.00435139466040646
2 0 0.00080698881956176
3 0 0.000353352577705635
4 0 0.000225195378672272
5 0 0.000185105001676567
6 0 0.000177089047810775
7 0 0.000168906824021930
8 0 0.00014853795598746
9 0 0.000134432685614527
10 0 0.000142945663846650
11 0 0.000124835676046819
12 0 0.000131428295407687
13 0 0.000136185292428426
14 0 0.000156885300719001
15 0 0.000170159157473537
16 0 0.000189363764725003
17 0 0.000227701614475162
18 0 0.000296148562646037
19 0 0.000269398808215526
20 0 0.000293473232876873
21 0 0.000278676737456296
22 0 0.000301666679030976
23 0 0.000342728641911427
24 0 0.000353268919816463
25 0 0.000323491603989590
26 0 0.000354356478382112
27 0 0.000324996964443214
28 0 0.000355862350190916
29 0 0.000336120678444907
30 0 0.00032098272531067
31 0 0.000359627138885821
32 0 0.000325247860276434
33 0 0.000335702469075994
34 0 0.000355611369823206
35 0 0.000358874168669532
36 0 0.000345990978248722
37 0 0.000375106242342382
38 0 0.000399459790480172
39 0 0.000390420598594732
40 0 0.000411011177620879
41 0 0.000411597156680599
42 0 0.000419717541217057
43 0 0.000431773883465714
44 0 0.000529371907239562
45 0 0.000510346728371469
46 0 0.000424657099126313
47 0 0.000574813782410311
48 0 0.000484706754700359
49 0 0.00062883701218952
50 0 0.00072841113135802
51 0 0.000706656707863518
52 0 0.000619271553677914
53 0 0.000658630638482038
54 0 0.000790090981221403
55 0 0.000801608072217075
56 0 0.000870068217747599
57 0 0.000824562542920404
58 0 0.000960390048178716
59 0 0.000990376885548039
60 0 0.00109254120458846
61 0 0.00131885802685627
62 0 0.00137967121183091
63 0 0.00151014672879846
64 0 0.00182172571304151
65 0 0.00172196515532663
66 0 0.00193487501975975
67 0 0.00198477358992477
68 0 0.00244657106175972
69 0 0.00250454708422720
70 0 0.00282876481862637
71 0 0.00318262319481921
72 0 0.00325359551942095
73 0 0.0035911719082371
74 0 0.00456707464005623
75 0 0.00481156088420231
76 0 0.00544656504197849
77 0 0.0057123461504257
78 0 0.00648531430174848
79 0 0.00733315141536717
80 0 0.00866344559107168
81 0 0.0086083485673728
82 0 0.0107020832913512
83 0 0.0119216069636335
84 0 0.0126148805149979
85 0 0.0128821430230706
86 0 0.0164888901703976
87 0 0.0178806559186092
88 0 0.0181226541372270
89 0 0.0202261974622475
90 0 0.0226155655889885
91 0 0.0256639706702876
92 0 0.0290887180703513
93 0 0.0327851074924806
94 0 0.0308641576900346
95 0 0.0403791756415297
96 0 0.0370721221864097
97 0 0.0451884889997944
98 0 0.0662596088829898
99 0 0.0579077048029762
100 0 0.0420736855793666

death 1 F divorced
1 0 0.00435139466040646
2 0 0.00080698881956176
3 0 0.000353352577705635
4 0 0.000225195378672272
5 0 0.000185105001676567
6 0 0.000177089047810775
7 0 0.000168906824021930
8 0 0.00014853795598746
9 0 0.000134432685614527
10 0 0.000142945663846650
11 0 0.000124835676046819
12 0 0.000131428295407687
13 0 0.000136185292428426
14 0 0.000156885300719001
15 0 0.000170159157473537
16 0 0.000189363764725003
17 0 0.000227701614475162
18 0 0.000296148562646037
19 0 0.000269398808215526
20 0 0.000293473232876873
21 0 0.000278676737456296
22 0 0.000301666679030976
23 0 0.000342728641911427
24 0 0.000353268919816463
25 0 0.000323491603989590
26 0 0.000354356478382112
27 0 0.000324996964443214
28 0 0.000355862350190916
29 0 0.000336120678444907
30 0 0.00032098272531067
31 0 0.000359627138885821
32 0 0.000325247860276434
33 0 0.000335702469075994
34 0 0.000355611369823206
35 0 0.000358874168669532
36 0 0.000345990978248722
37 0 0.000375106242342382
38 0 0.000399459790480172
39 0 0.000390420598594732
40 0 0.000411011177620879
41 0 0.000411597156680599
42 0 0.000419717541217057
43 0 0.000431773883465714
44 0 0.000529371907239562
45 0 0.000510346728371469
46 0 0.000424657099126313
47 0 0.000574813782410311
48 0 0.000484706754700359
49 0 0.00062883701218952
50 0 0.00072841113135802
51 0 0.000706656707863518
52 0 0.000619271553677914
53 0 0.000658630638482038
54 0 0.000790090981221403
55 0 0.000801608072217075
56 0 0.000870068217747599
57 0 0.000824562542920404
58 0 0.000960390048178716
59 0 0.000990376885548039
60 0 0.00109254120458846
61 0 0.00131885802685627
62 0 0.00137967121183091
63 0 0.00151014672879846
64 0 0.00182172571304151
65 0 0.00172196515532663
66 0 0.00193487501975975
67 0 0.00198477358992477
68 0 0.00244657106175972
69 0 0.00250454708422720
70 0 0.00282876481862637
71 0 0.00318262319481921
72 0 0.00325359551942095
73 0 0.0035911719082371
74 0 0.00456707464005623
75 0 0.00481156088420231
76 0 0.00544656504197849
77 0 0.0057123461504257
78 0 0.00648531430174848
79 0 0.00733315141536717
80 0 0.00866344559107168
81 0 0.0086083485673728
82 0 0.0107020832913512
83 0 0.0119216069636335
84 0 0.0126148805149979
85 0 0.0128821430230706
86 0 0.0164888901703976
87 0 0.0178806559186092
88 0 0.0181226541372270
89 0 0.0202261974622475
90 0 0.0226155655889885
91 0 0.0256639706702876
92 0 0.0290887180703513
93 0 0.0327851074924806
94 0 0.0308641576900346
95 0 0.0403791756415297
96 0 0.0370721221864097
97 0 0.0451884889997944
98 0 0.0662596088829898
99 0 0.0579077048029762
100 0 0.0420736855793666

death 1 F widowed
1 0 0.00435139466040646
2 0 0.00080698881956176
3 0 0.000353352577705635
4 0 0.000225195378672272
5 0 0.000185105001676567
6 0 0.000177089047810775
7 0 0.000168906824021930
8 0 0.00014853795598746
9 0 0.000134432685614527
10 0 0.000142945663846650
11 0 0.000124835676046819
12 0 0.000131428295407687
13 0 0.000136185292428426
14 0 0.000156885300719001
15 0 0.000170159157473537
16 0 0.000189363764725003
17 0 0.000227701614475162
18 0 0.000296148562646037
19 0 0.000269398808215526
20 0 0.000293473232876873
21 0 0.000278676737456296
22 0 0.000301666679030976
23 0 0.000342728641911427
24 0 0.000353268919816463
25 0 0.000323491603989590
26 0 0.000354356478382112
27 0 0.000324996964443214
28 0 0.000355862350190916
29 0 0.000336120678444907
30 0 0.00032098272531067
31 0 0.000359627138885821
32 0 0.000325247860276434
33 0 0.000335702469075994
34 0 0.000355611369823206
35 0 0.000358874168669532
36 0 0.000345990978248722
37 0 0.000375106242342382
38 0 0.000399459790480172
39 0 0.000390420598594732
40 0 0.000411011177620879
41 0 0.000411597156680599
42 0 0.000419717541217057
43 0 0.000431773883465714
44 0 0.000529371907239562
45 0 0.000510346728371469
46 0 0.000424657099126313
47 0 0.000574813782410311
48 0 0.000484706754700359
49 0 0.00062883701218952
50 0 0.00072841113135802
51 0 0.000706656707863518
52 0 0.000619271553677914
53 0 0.000658630638482038
54 0 0.000790090981221403
55 0 0.000801608072217075
56 0 0.000870068217747599
57 0 0.000824562542920404
58 0 0.000960390048178716
59 0 0.000990376885548039
60 0 0.00109254120458846
61 0 0.00131885802685627
62 0 0.00137967121183091
63 0 0.00151014672879846
64 0 0.00182172571304151
65 0 0.00172196515532663
66 0 0.00193487501975975
67 0 0.00198477358992477
68 0 0.00244657106175972
69 0 0.00250454708422720
70 0 0.00282876481862637
71 0 0.00318262319481921
72 0 0.00325359551942095
73 0 0.0035911719082371
74 0 0.00456707464005623
75 0 0.00481156088420231
76 0 0.00544656504197849
77 0 0.0057123461504257
78 0 0.00648531430174848
79 0 0.00733315141536717
80 0 0.00866344559107168
81 0 0.0086083485673728
82 0 0.0107020832913512
83 0 0.0119216069636335
84 0 0.0126148805149979
85 0 0.0128821430230706
86 0 0.0164888901703976
87 0 0.0178806559186092
88 0 0.0181226541372270
89 0 0.0202261974622475
90 0 0.0226155655889885
91 0 0.0256639706702876
92 0 0.0290887180703513
93 0 0.0327851074924806
94 0 0.0308641576900346
95 0 0.0403791756415297
96 0 0.0370721221864097
97 0 0.0451884889997944
98 0 0.0662596088829898
99 0 0.0579077048029762
100 0 0.0420736855793666
