*Period monthly mortality rates for SWE in 1841 
* Mon Dec 20 14:19:45 2010
death 1 M married
1 0 0.0177399109972554
2 0 0.00295841567326272
3 0 0.00205685990062188
4 0 0.00122302675595942
5 0 0.000780508529413249
6 0 0.000630431353192629
7 0 0.000538257276069709
8 0 0.000473229764389682
9 0 0.000420052418014349
10 0 0.00038021074100858
11 0 0.000343899723532548
12 0 0.000306265365303870
13 0 0.000286952446482691
14 0 0.000290797981859714
15 0 0.000304342250008527
16 0 0.000310947903149894
17 0 0.000334698774442699
18 0 0.000369918357165155
19 0 0.00040682572279338
20 0 0.000442910676283992
21 0 0.000488057974208256
22 0 0.000550497037066
23 0 0.000591839377282355
24 0 0.000603918581142282
25 0 0.000598214312529488
26 0 0.000589406954101257
27 0 0.000601234174829379
28 0 0.00063059918018904
29 0 0.000643858492664684
30 0 0.000640669367350966
31 0 0.000664926316925163
32 0 0.000747986165494985
33 0 0.00085282216469218
34 0 0.000886476039314132
35 0 0.000915849234399135
36 0 0.000997706635235351
37 0 0.00107837295039881
38 0 0.00113337163258298
39 0 0.00112459660344499
40 0 0.00112662153490695
41 0 0.00117607762813121
42 0 0.00123856922512378
43 0 0.00126991566608348
44 0 0.00129670812910210
45 0 0.00135183926093774
46 0 0.00144721396607306
47 0 0.0015043852539679
48 0 0.00152446727232003
49 0 0.00154667281891663
50 0 0.00160772368713091
51 0 0.00173292155863325
52 0 0.00194645313016018
53 0 0.00206845358954599
54 0 0.00214197159470264
55 0 0.00226073259136972
56 0 0.00239907034413234
57 0 0.00242525685175987
58 0 0.00247773820103059
59 0 0.00255364587252882
60 0 0.00264823380819923
61 0 0.0027323567242854
62 0 0.00301930456104815
63 0 0.00333612106926617
64 0 0.0037125426951381
65 0 0.00414320531557422
66 0 0.00461520006294758
67 0 0.00487388498581875
68 0 0.00509310736055613
69 0 0.00567170611444545
70 0 0.00627814307285346
71 0 0.00662937115063578
72 0 0.00731282252594112
73 0 0.00815710753593368
74 0 0.00902060439442998
75 0 0.00966711773920514
76 0 0.0102929049056901
77 0 0.0113617810750301
78 0 0.0124474436382380
79 0 0.0137219127027151
80 0 0.0153657295441965
81 0 0.0151168806907052
82 0 0.0169639191745496
83 0 0.0192097321384003
84 0 0.0214928325747609
85 0 0.0237126183511724
86 0 0.0256700716560918
87 0 0.0279399563803603
88 0 0.0302129132424159
89 0 0.0335421723411445
90 0 0.0398646747529956
91 0 0.0372113783393531
92 0 0.0411475992283962
93 0 0.0461597218604526
94 0 0.0514343021653215
95 0 0.0558751401736682
96 0 0.0601456764694739
97 0 0.0809418398348402
98 0 1
99 0 1
100 0 1

death 1 M single
1 0 0.0177399109972554
2 0 0.00295841567326272
3 0 0.00205685990062188
4 0 0.00122302675595942
5 0 0.000780508529413249
6 0 0.000630431353192629
7 0 0.000538257276069709
8 0 0.000473229764389682
9 0 0.000420052418014349
10 0 0.00038021074100858
11 0 0.000343899723532548
12 0 0.000306265365303870
13 0 0.000286952446482691
14 0 0.000290797981859714
15 0 0.000304342250008527
16 0 0.000310947903149894
17 0 0.000334698774442699
18 0 0.000369918357165155
19 0 0.00040682572279338
20 0 0.000442910676283992
21 0 0.000488057974208256
22 0 0.000550497037066
23 0 0.000591839377282355
24 0 0.000603918581142282
25 0 0.000598214312529488
26 0 0.000589406954101257
27 0 0.000601234174829379
28 0 0.00063059918018904
29 0 0.000643858492664684
30 0 0.000640669367350966
31 0 0.000664926316925163
32 0 0.000747986165494985
33 0 0.00085282216469218
34 0 0.000886476039314132
35 0 0.000915849234399135
36 0 0.000997706635235351
37 0 0.00107837295039881
38 0 0.00113337163258298
39 0 0.00112459660344499
40 0 0.00112662153490695
41 0 0.00117607762813121
42 0 0.00123856922512378
43 0 0.00126991566608348
44 0 0.00129670812910210
45 0 0.00135183926093774
46 0 0.00144721396607306
47 0 0.0015043852539679
48 0 0.00152446727232003
49 0 0.00154667281891663
50 0 0.00160772368713091
51 0 0.00173292155863325
52 0 0.00194645313016018
53 0 0.00206845358954599
54 0 0.00214197159470264
55 0 0.00226073259136972
56 0 0.00239907034413234
57 0 0.00242525685175987
58 0 0.00247773820103059
59 0 0.00255364587252882
60 0 0.00264823380819923
61 0 0.0027323567242854
62 0 0.00301930456104815
63 0 0.00333612106926617
64 0 0.0037125426951381
65 0 0.00414320531557422
66 0 0.00461520006294758
67 0 0.00487388498581875
68 0 0.00509310736055613
69 0 0.00567170611444545
70 0 0.00627814307285346
71 0 0.00662937115063578
72 0 0.00731282252594112
73 0 0.00815710753593368
74 0 0.00902060439442998
75 0 0.00966711773920514
76 0 0.0102929049056901
77 0 0.0113617810750301
78 0 0.0124474436382380
79 0 0.0137219127027151
80 0 0.0153657295441965
81 0 0.0151168806907052
82 0 0.0169639191745496
83 0 0.0192097321384003
84 0 0.0214928325747609
85 0 0.0237126183511724
86 0 0.0256700716560918
87 0 0.0279399563803603
88 0 0.0302129132424159
89 0 0.0335421723411445
90 0 0.0398646747529956
91 0 0.0372113783393531
92 0 0.0411475992283962
93 0 0.0461597218604526
94 0 0.0514343021653215
95 0 0.0558751401736682
96 0 0.0601456764694739
97 0 0.0809418398348402
98 0 1
99 0 1
100 0 1

death 1 M divorced
1 0 0.0177399109972554
2 0 0.00295841567326272
3 0 0.00205685990062188
4 0 0.00122302675595942
5 0 0.000780508529413249
6 0 0.000630431353192629
7 0 0.000538257276069709
8 0 0.000473229764389682
9 0 0.000420052418014349
10 0 0.00038021074100858
11 0 0.000343899723532548
12 0 0.000306265365303870
13 0 0.000286952446482691
14 0 0.000290797981859714
15 0 0.000304342250008527
16 0 0.000310947903149894
17 0 0.000334698774442699
18 0 0.000369918357165155
19 0 0.00040682572279338
20 0 0.000442910676283992
21 0 0.000488057974208256
22 0 0.000550497037066
23 0 0.000591839377282355
24 0 0.000603918581142282
25 0 0.000598214312529488
26 0 0.000589406954101257
27 0 0.000601234174829379
28 0 0.00063059918018904
29 0 0.000643858492664684
30 0 0.000640669367350966
31 0 0.000664926316925163
32 0 0.000747986165494985
33 0 0.00085282216469218
34 0 0.000886476039314132
35 0 0.000915849234399135
36 0 0.000997706635235351
37 0 0.00107837295039881
38 0 0.00113337163258298
39 0 0.00112459660344499
40 0 0.00112662153490695
41 0 0.00117607762813121
42 0 0.00123856922512378
43 0 0.00126991566608348
44 0 0.00129670812910210
45 0 0.00135183926093774
46 0 0.00144721396607306
47 0 0.0015043852539679
48 0 0.00152446727232003
49 0 0.00154667281891663
50 0 0.00160772368713091
51 0 0.00173292155863325
52 0 0.00194645313016018
53 0 0.00206845358954599
54 0 0.00214197159470264
55 0 0.00226073259136972
56 0 0.00239907034413234
57 0 0.00242525685175987
58 0 0.00247773820103059
59 0 0.00255364587252882
60 0 0.00264823380819923
61 0 0.0027323567242854
62 0 0.00301930456104815
63 0 0.00333612106926617
64 0 0.0037125426951381
65 0 0.00414320531557422
66 0 0.00461520006294758
67 0 0.00487388498581875
68 0 0.00509310736055613
69 0 0.00567170611444545
70 0 0.00627814307285346
71 0 0.00662937115063578
72 0 0.00731282252594112
73 0 0.00815710753593368
74 0 0.00902060439442998
75 0 0.00966711773920514
76 0 0.0102929049056901
77 0 0.0113617810750301
78 0 0.0124474436382380
79 0 0.0137219127027151
80 0 0.0153657295441965
81 0 0.0151168806907052
82 0 0.0169639191745496
83 0 0.0192097321384003
84 0 0.0214928325747609
85 0 0.0237126183511724
86 0 0.0256700716560918
87 0 0.0279399563803603
88 0 0.0302129132424159
89 0 0.0335421723411445
90 0 0.0398646747529956
91 0 0.0372113783393531
92 0 0.0411475992283962
93 0 0.0461597218604526
94 0 0.0514343021653215
95 0 0.0558751401736682
96 0 0.0601456764694739
97 0 0.0809418398348402
98 0 1
99 0 1
100 0 1

death 1 M widowed
1 0 0.0177399109972554
2 0 0.00295841567326272
3 0 0.00205685990062188
4 0 0.00122302675595942
5 0 0.000780508529413249
6 0 0.000630431353192629
7 0 0.000538257276069709
8 0 0.000473229764389682
9 0 0.000420052418014349
10 0 0.00038021074100858
11 0 0.000343899723532548
12 0 0.000306265365303870
13 0 0.000286952446482691
14 0 0.000290797981859714
15 0 0.000304342250008527
16 0 0.000310947903149894
17 0 0.000334698774442699
18 0 0.000369918357165155
19 0 0.00040682572279338
20 0 0.000442910676283992
21 0 0.000488057974208256
22 0 0.000550497037066
23 0 0.000591839377282355
24 0 0.000603918581142282
25 0 0.000598214312529488
26 0 0.000589406954101257
27 0 0.000601234174829379
28 0 0.00063059918018904
29 0 0.000643858492664684
30 0 0.000640669367350966
31 0 0.000664926316925163
32 0 0.000747986165494985
33 0 0.00085282216469218
34 0 0.000886476039314132
35 0 0.000915849234399135
36 0 0.000997706635235351
37 0 0.00107837295039881
38 0 0.00113337163258298
39 0 0.00112459660344499
40 0 0.00112662153490695
41 0 0.00117607762813121
42 0 0.00123856922512378
43 0 0.00126991566608348
44 0 0.00129670812910210
45 0 0.00135183926093774
46 0 0.00144721396607306
47 0 0.0015043852539679
48 0 0.00152446727232003
49 0 0.00154667281891663
50 0 0.00160772368713091
51 0 0.00173292155863325
52 0 0.00194645313016018
53 0 0.00206845358954599
54 0 0.00214197159470264
55 0 0.00226073259136972
56 0 0.00239907034413234
57 0 0.00242525685175987
58 0 0.00247773820103059
59 0 0.00255364587252882
60 0 0.00264823380819923
61 0 0.0027323567242854
62 0 0.00301930456104815
63 0 0.00333612106926617
64 0 0.0037125426951381
65 0 0.00414320531557422
66 0 0.00461520006294758
67 0 0.00487388498581875
68 0 0.00509310736055613
69 0 0.00567170611444545
70 0 0.00627814307285346
71 0 0.00662937115063578
72 0 0.00731282252594112
73 0 0.00815710753593368
74 0 0.00902060439442998
75 0 0.00966711773920514
76 0 0.0102929049056901
77 0 0.0113617810750301
78 0 0.0124474436382380
79 0 0.0137219127027151
80 0 0.0153657295441965
81 0 0.0151168806907052
82 0 0.0169639191745496
83 0 0.0192097321384003
84 0 0.0214928325747609
85 0 0.0237126183511724
86 0 0.0256700716560918
87 0 0.0279399563803603
88 0 0.0302129132424159
89 0 0.0335421723411445
90 0 0.0398646747529956
91 0 0.0372113783393531
92 0 0.0411475992283962
93 0 0.0461597218604526
94 0 0.0514343021653215
95 0 0.0558751401736682
96 0 0.0601456764694739
97 0 0.0809418398348402
98 0 1
99 0 1
100 0 1

death 1 F married
1 0 0.0144695894463164
2 0 0.00262181128934114
3 0 0.00180735819227629
4 0 0.00110671166967191
5 0 0.000740760554463815
6 0 0.000609287631722855
7 0 0.000521912221385756
8 0 0.000458655238387728
9 0 0.000410257781524814
10 0 0.000373851081672649
11 0 0.000337626248108291
12 0 0.000302502786499903
13 0 0.000288039211725155
14 0 0.000301833899909343
15 0 0.000329262287812826
16 0 0.000347329406522712
17 0 0.000374269466636323
18 0 0.00040289157102158
19 0 0.000421810541447409
20 0 0.000428173558196687
21 0 0.0004333647703052
22 0 0.000461502950514614
23 0 0.00048395274734403
24 0 0.000493085035227492
25 0 0.000502302036170299
26 0 0.000518475942933194
27 0 0.000545885974622906
28 0 0.000584290690300748
29 0 0.000592594280476422
30 0 0.000577413543705108
31 0 0.000580852051934366
32 0 0.000630263526506303
33 0 0.000695487541531259
34 0 0.000701617816197153
35 0 0.000711107961330448
36 0 0.000763615615821722
37 0 0.000808081822814
38 0 0.000839700532605847
39 0 0.000828094514866207
40 0 0.000828346803831925
41 0 0.000871919208262462
42 0 0.000912734720541875
43 0 0.00092418318859211
44 0 0.000935212121718432
45 0 0.00096300086803891
46 0 0.00102256478885987
47 0 0.00104751404808878
48 0 0.00105139191326964
49 0 0.00106327944486251
50 0 0.00109734879311096
51 0 0.0011747269333644
52 0 0.00130440080171113
53 0 0.00138635553446576
54 0 0.00146220206558256
55 0 0.00156608593378393
56 0 0.00167874697729087
57 0 0.00170999106455882
58 0 0.00178270916634071
59 0 0.00190100050606634
60 0 0.00203026821119079
61 0 0.00213446354499403
62 0 0.00238811875343237
63 0 0.00267002960237095
64 0 0.00299087891470384
65 0 0.00334770658605099
66 0 0.00375743641959780
67 0 0.00404983293020633
68 0 0.00429720537189626
69 0 0.00484144296576094
70 0 0.00538729409553795
71 0 0.0057248612819325
72 0 0.00630708450813922
73 0 0.00702851771013435
74 0 0.00785241009815896
75 0 0.00855694894358672
76 0 0.00927026972406797
77 0 0.0102591083660730
78 0 0.0111716699654363
79 0 0.0121490534549596
80 0 0.0133677430854143
81 0 0.0130438462273819
82 0 0.0145249753301423
83 0 0.0162840085527887
84 0 0.0179293488335897
85 0 0.0196735771745478
86 0 0.0214156091649953
87 0 0.0237157651574880
88 0 0.026258625349015
89 0 0.0294977246332792
90 0 0.0343348177096920
91 0 0.0297831510072161
92 0 0.0322112520603004
93 0 0.0347253575120688
94 0 0.0373495897238889
95 0 0.0395978342631231
96 0 0.0424586858420147
97 0 0.0459498942509818
98 0 0.0510060569744912
99 0 0.0626490391509559
100 0 0.0848847411091622

death 1 F single
1 0 0.0144695894463164
2 0 0.00262181128934114
3 0 0.00180735819227629
4 0 0.00110671166967191
5 0 0.000740760554463815
6 0 0.000609287631722855
7 0 0.000521912221385756
8 0 0.000458655238387728
9 0 0.000410257781524814
10 0 0.000373851081672649
11 0 0.000337626248108291
12 0 0.000302502786499903
13 0 0.000288039211725155
14 0 0.000301833899909343
15 0 0.000329262287812826
16 0 0.000347329406522712
17 0 0.000374269466636323
18 0 0.00040289157102158
19 0 0.000421810541447409
20 0 0.000428173558196687
21 0 0.0004333647703052
22 0 0.000461502950514614
23 0 0.00048395274734403
24 0 0.000493085035227492
25 0 0.000502302036170299
26 0 0.000518475942933194
27 0 0.000545885974622906
28 0 0.000584290690300748
29 0 0.000592594280476422
30 0 0.000577413543705108
31 0 0.000580852051934366
32 0 0.000630263526506303
33 0 0.000695487541531259
34 0 0.000701617816197153
35 0 0.000711107961330448
36 0 0.000763615615821722
37 0 0.000808081822814
38 0 0.000839700532605847
39 0 0.000828094514866207
40 0 0.000828346803831925
41 0 0.000871919208262462
42 0 0.000912734720541875
43 0 0.00092418318859211
44 0 0.000935212121718432
45 0 0.00096300086803891
46 0 0.00102256478885987
47 0 0.00104751404808878
48 0 0.00105139191326964
49 0 0.00106327944486251
50 0 0.00109734879311096
51 0 0.0011747269333644
52 0 0.00130440080171113
53 0 0.00138635553446576
54 0 0.00146220206558256
55 0 0.00156608593378393
56 0 0.00167874697729087
57 0 0.00170999106455882
58 0 0.00178270916634071
59 0 0.00190100050606634
60 0 0.00203026821119079
61 0 0.00213446354499403
62 0 0.00238811875343237
63 0 0.00267002960237095
64 0 0.00299087891470384
65 0 0.00334770658605099
66 0 0.00375743641959780
67 0 0.00404983293020633
68 0 0.00429720537189626
69 0 0.00484144296576094
70 0 0.00538729409553795
71 0 0.0057248612819325
72 0 0.00630708450813922
73 0 0.00702851771013435
74 0 0.00785241009815896
75 0 0.00855694894358672
76 0 0.00927026972406797
77 0 0.0102591083660730
78 0 0.0111716699654363
79 0 0.0121490534549596
80 0 0.0133677430854143
81 0 0.0130438462273819
82 0 0.0145249753301423
83 0 0.0162840085527887
84 0 0.0179293488335897
85 0 0.0196735771745478
86 0 0.0214156091649953
87 0 0.0237157651574880
88 0 0.026258625349015
89 0 0.0294977246332792
90 0 0.0343348177096920
91 0 0.0297831510072161
92 0 0.0322112520603004
93 0 0.0347253575120688
94 0 0.0373495897238889
95 0 0.0395978342631231
96 0 0.0424586858420147
97 0 0.0459498942509818
98 0 0.0510060569744912
99 0 0.0626490391509559
100 0 0.0848847411091622

death 1 F divorced
1 0 0.0144695894463164
2 0 0.00262181128934114
3 0 0.00180735819227629
4 0 0.00110671166967191
5 0 0.000740760554463815
6 0 0.000609287631722855
7 0 0.000521912221385756
8 0 0.000458655238387728
9 0 0.000410257781524814
10 0 0.000373851081672649
11 0 0.000337626248108291
12 0 0.000302502786499903
13 0 0.000288039211725155
14 0 0.000301833899909343
15 0 0.000329262287812826
16 0 0.000347329406522712
17 0 0.000374269466636323
18 0 0.00040289157102158
19 0 0.000421810541447409
20 0 0.000428173558196687
21 0 0.0004333647703052
22 0 0.000461502950514614
23 0 0.00048395274734403
24 0 0.000493085035227492
25 0 0.000502302036170299
26 0 0.000518475942933194
27 0 0.000545885974622906
28 0 0.000584290690300748
29 0 0.000592594280476422
30 0 0.000577413543705108
31 0 0.000580852051934366
32 0 0.000630263526506303
33 0 0.000695487541531259
34 0 0.000701617816197153
35 0 0.000711107961330448
36 0 0.000763615615821722
37 0 0.000808081822814
38 0 0.000839700532605847
39 0 0.000828094514866207
40 0 0.000828346803831925
41 0 0.000871919208262462
42 0 0.000912734720541875
43 0 0.00092418318859211
44 0 0.000935212121718432
45 0 0.00096300086803891
46 0 0.00102256478885987
47 0 0.00104751404808878
48 0 0.00105139191326964
49 0 0.00106327944486251
50 0 0.00109734879311096
51 0 0.0011747269333644
52 0 0.00130440080171113
53 0 0.00138635553446576
54 0 0.00146220206558256
55 0 0.00156608593378393
56 0 0.00167874697729087
57 0 0.00170999106455882
58 0 0.00178270916634071
59 0 0.00190100050606634
60 0 0.00203026821119079
61 0 0.00213446354499403
62 0 0.00238811875343237
63 0 0.00267002960237095
64 0 0.00299087891470384
65 0 0.00334770658605099
66 0 0.00375743641959780
67 0 0.00404983293020633
68 0 0.00429720537189626
69 0 0.00484144296576094
70 0 0.00538729409553795
71 0 0.0057248612819325
72 0 0.00630708450813922
73 0 0.00702851771013435
74 0 0.00785241009815896
75 0 0.00855694894358672
76 0 0.00927026972406797
77 0 0.0102591083660730
78 0 0.0111716699654363
79 0 0.0121490534549596
80 0 0.0133677430854143
81 0 0.0130438462273819
82 0 0.0145249753301423
83 0 0.0162840085527887
84 0 0.0179293488335897
85 0 0.0196735771745478
86 0 0.0214156091649953
87 0 0.0237157651574880
88 0 0.026258625349015
89 0 0.0294977246332792
90 0 0.0343348177096920
91 0 0.0297831510072161
92 0 0.0322112520603004
93 0 0.0347253575120688
94 0 0.0373495897238889
95 0 0.0395978342631231
96 0 0.0424586858420147
97 0 0.0459498942509818
98 0 0.0510060569744912
99 0 0.0626490391509559
100 0 0.0848847411091622

death 1 F widowed
1 0 0.0144695894463164
2 0 0.00262181128934114
3 0 0.00180735819227629
4 0 0.00110671166967191
5 0 0.000740760554463815
6 0 0.000609287631722855
7 0 0.000521912221385756
8 0 0.000458655238387728
9 0 0.000410257781524814
10 0 0.000373851081672649
11 0 0.000337626248108291
12 0 0.000302502786499903
13 0 0.000288039211725155
14 0 0.000301833899909343
15 0 0.000329262287812826
16 0 0.000347329406522712
17 0 0.000374269466636323
18 0 0.00040289157102158
19 0 0.000421810541447409
20 0 0.000428173558196687
21 0 0.0004333647703052
22 0 0.000461502950514614
23 0 0.00048395274734403
24 0 0.000493085035227492
25 0 0.000502302036170299
26 0 0.000518475942933194
27 0 0.000545885974622906
28 0 0.000584290690300748
29 0 0.000592594280476422
30 0 0.000577413543705108
31 0 0.000580852051934366
32 0 0.000630263526506303
33 0 0.000695487541531259
34 0 0.000701617816197153
35 0 0.000711107961330448
36 0 0.000763615615821722
37 0 0.000808081822814
38 0 0.000839700532605847
39 0 0.000828094514866207
40 0 0.000828346803831925
41 0 0.000871919208262462
42 0 0.000912734720541875
43 0 0.00092418318859211
44 0 0.000935212121718432
45 0 0.00096300086803891
46 0 0.00102256478885987
47 0 0.00104751404808878
48 0 0.00105139191326964
49 0 0.00106327944486251
50 0 0.00109734879311096
51 0 0.0011747269333644
52 0 0.00130440080171113
53 0 0.00138635553446576
54 0 0.00146220206558256
55 0 0.00156608593378393
56 0 0.00167874697729087
57 0 0.00170999106455882
58 0 0.00178270916634071
59 0 0.00190100050606634
60 0 0.00203026821119079
61 0 0.00213446354499403
62 0 0.00238811875343237
63 0 0.00267002960237095
64 0 0.00299087891470384
65 0 0.00334770658605099
66 0 0.00375743641959780
67 0 0.00404983293020633
68 0 0.00429720537189626
69 0 0.00484144296576094
70 0 0.00538729409553795
71 0 0.0057248612819325
72 0 0.00630708450813922
73 0 0.00702851771013435
74 0 0.00785241009815896
75 0 0.00855694894358672
76 0 0.00927026972406797
77 0 0.0102591083660730
78 0 0.0111716699654363
79 0 0.0121490534549596
80 0 0.0133677430854143
81 0 0.0130438462273819
82 0 0.0145249753301423
83 0 0.0162840085527887
84 0 0.0179293488335897
85 0 0.0196735771745478
86 0 0.0214156091649953
87 0 0.0237157651574880
88 0 0.026258625349015
89 0 0.0294977246332792
90 0 0.0343348177096920
91 0 0.0297831510072161
92 0 0.0322112520603004
93 0 0.0347253575120688
94 0 0.0373495897238889
95 0 0.0395978342631231
96 0 0.0424586858420147
97 0 0.0459498942509818
98 0 0.0510060569744912
99 0 0.0626490391509559
100 0 0.0848847411091622
