*Period monthly mortality rates for SWE in 1789 
* Mon Dec 20 14:19:06 2010
death 1 M married
1 0 0.0264834803057690
2 0 0.00628225147735495
3 0 0.00405558418735519
4 0 0.00275468815643976
5 0 0.00226543158633830
6 0 0.00189334219305404
7 0 0.00138923248304545
8 0 0.00103630289105916
9 0 0.000809931550587395
10 0 0.000713711625776714
11 0 0.000717743253442316
12 0 0.000782441749697105
13 0 0.000847270473625428
14 0 0.000906674351032866
15 0 0.000956516066692559
16 0 0.000967970055133494
17 0 0.000996190086764104
18 0 0.00104641815967865
19 0 0.00108781820757264
20 0 0.00116181192922415
21 0 0.00125707161070288
22 0 0.00141665268574420
23 0 0.00154701187699990
24 0 0.00163716148493054
25 0 0.00174948607507441
26 0 0.00188074992801357
27 0 0.00193053360923412
28 0 0.00195351990888504
29 0 0.00195965057242908
30 0 0.00197157249307744
31 0 0.00198852134810368
32 0 0.00210767852184957
33 0 0.00222127064143995
34 0 0.00230508370958493
35 0 0.00238170242016278
36 0 0.00250094926566602
37 0 0.00248493213923562
38 0 0.00247551162152648
39 0 0.00244562936438308
40 0 0.00238538106238129
41 0 0.00233534720709827
42 0 0.00239308102911229
43 0 0.0024636089122565
44 0 0.00255450298099891
45 0 0.00264960661699287
46 0 0.00275700750508534
47 0 0.00272316807849127
48 0 0.00268487776951409
49 0 0.00266548122846377
50 0 0.0026551838664709
51 0 0.00264531665852585
52 0 0.00272952274355243
53 0 0.00277350236248275
54 0 0.00278389910095656
55 0 0.00280770438903266
56 0 0.00288044807392918
57 0 0.00289507264558364
58 0 0.00294808498498356
59 0 0.00304868709776074
60 0 0.00320998671607042
61 0 0.00342339472405517
62 0 0.00374067465044958
63 0 0.0040274413637178
64 0 0.0042777226382984
65 0 0.00454604424098715
66 0 0.00488654844291081
67 0 0.00521792271044463
68 0 0.00563205975980319
69 0 0.00617665336844508
70 0 0.00674950453543177
71 0 0.00731851415338924
72 0 0.00814297420024346
73 0 0.00898718997157233
74 0 0.0098107800981826
75 0 0.0107452434220889
76 0 0.0120100798391541
77 0 0.0131226389831607
78 0 0.0142025351453916
79 0 0.0152304641403945
80 0 0.0159650291041086
81 0 0.0155780241647768
82 0 0.0168840863995277
83 0 0.0187621424899667
84 0 0.0210927382975874
85 0 0.0237050230714446
86 0 0.0268244786414651
87 0 0.0300128581044364
88 0 0.0333674533311061
89 0 0.0380655205525521
90 0 0.0463176721455103
91 0 0.0329784329066364
92 0 0.0354499423084027
93 0 0.0375791582118931
94 0 0.0393905226830406
95 0 0.0415776972944912
96 0 0.0443138474012343
97 0 0.0503519067791782
98 0 0.05879714640312
99 0 0.0700019065234314
100 0 0.0855580496168806

death 1 M single
1 0 0.0264834803057690
2 0 0.00628225147735495
3 0 0.00405558418735519
4 0 0.00275468815643976
5 0 0.00226543158633830
6 0 0.00189334219305404
7 0 0.00138923248304545
8 0 0.00103630289105916
9 0 0.000809931550587395
10 0 0.000713711625776714
11 0 0.000717743253442316
12 0 0.000782441749697105
13 0 0.000847270473625428
14 0 0.000906674351032866
15 0 0.000956516066692559
16 0 0.000967970055133494
17 0 0.000996190086764104
18 0 0.00104641815967865
19 0 0.00108781820757264
20 0 0.00116181192922415
21 0 0.00125707161070288
22 0 0.00141665268574420
23 0 0.00154701187699990
24 0 0.00163716148493054
25 0 0.00174948607507441
26 0 0.00188074992801357
27 0 0.00193053360923412
28 0 0.00195351990888504
29 0 0.00195965057242908
30 0 0.00197157249307744
31 0 0.00198852134810368
32 0 0.00210767852184957
33 0 0.00222127064143995
34 0 0.00230508370958493
35 0 0.00238170242016278
36 0 0.00250094926566602
37 0 0.00248493213923562
38 0 0.00247551162152648
39 0 0.00244562936438308
40 0 0.00238538106238129
41 0 0.00233534720709827
42 0 0.00239308102911229
43 0 0.0024636089122565
44 0 0.00255450298099891
45 0 0.00264960661699287
46 0 0.00275700750508534
47 0 0.00272316807849127
48 0 0.00268487776951409
49 0 0.00266548122846377
50 0 0.0026551838664709
51 0 0.00264531665852585
52 0 0.00272952274355243
53 0 0.00277350236248275
54 0 0.00278389910095656
55 0 0.00280770438903266
56 0 0.00288044807392918
57 0 0.00289507264558364
58 0 0.00294808498498356
59 0 0.00304868709776074
60 0 0.00320998671607042
61 0 0.00342339472405517
62 0 0.00374067465044958
63 0 0.0040274413637178
64 0 0.0042777226382984
65 0 0.00454604424098715
66 0 0.00488654844291081
67 0 0.00521792271044463
68 0 0.00563205975980319
69 0 0.00617665336844508
70 0 0.00674950453543177
71 0 0.00731851415338924
72 0 0.00814297420024346
73 0 0.00898718997157233
74 0 0.0098107800981826
75 0 0.0107452434220889
76 0 0.0120100798391541
77 0 0.0131226389831607
78 0 0.0142025351453916
79 0 0.0152304641403945
80 0 0.0159650291041086
81 0 0.0155780241647768
82 0 0.0168840863995277
83 0 0.0187621424899667
84 0 0.0210927382975874
85 0 0.0237050230714446
86 0 0.0268244786414651
87 0 0.0300128581044364
88 0 0.0333674533311061
89 0 0.0380655205525521
90 0 0.0463176721455103
91 0 0.0329784329066364
92 0 0.0354499423084027
93 0 0.0375791582118931
94 0 0.0393905226830406
95 0 0.0415776972944912
96 0 0.0443138474012343
97 0 0.0503519067791782
98 0 0.05879714640312
99 0 0.0700019065234314
100 0 0.0855580496168806

death 1 M divorced
1 0 0.0264834803057690
2 0 0.00628225147735495
3 0 0.00405558418735519
4 0 0.00275468815643976
5 0 0.00226543158633830
6 0 0.00189334219305404
7 0 0.00138923248304545
8 0 0.00103630289105916
9 0 0.000809931550587395
10 0 0.000713711625776714
11 0 0.000717743253442316
12 0 0.000782441749697105
13 0 0.000847270473625428
14 0 0.000906674351032866
15 0 0.000956516066692559
16 0 0.000967970055133494
17 0 0.000996190086764104
18 0 0.00104641815967865
19 0 0.00108781820757264
20 0 0.00116181192922415
21 0 0.00125707161070288
22 0 0.00141665268574420
23 0 0.00154701187699990
24 0 0.00163716148493054
25 0 0.00174948607507441
26 0 0.00188074992801357
27 0 0.00193053360923412
28 0 0.00195351990888504
29 0 0.00195965057242908
30 0 0.00197157249307744
31 0 0.00198852134810368
32 0 0.00210767852184957
33 0 0.00222127064143995
34 0 0.00230508370958493
35 0 0.00238170242016278
36 0 0.00250094926566602
37 0 0.00248493213923562
38 0 0.00247551162152648
39 0 0.00244562936438308
40 0 0.00238538106238129
41 0 0.00233534720709827
42 0 0.00239308102911229
43 0 0.0024636089122565
44 0 0.00255450298099891
45 0 0.00264960661699287
46 0 0.00275700750508534
47 0 0.00272316807849127
48 0 0.00268487776951409
49 0 0.00266548122846377
50 0 0.0026551838664709
51 0 0.00264531665852585
52 0 0.00272952274355243
53 0 0.00277350236248275
54 0 0.00278389910095656
55 0 0.00280770438903266
56 0 0.00288044807392918
57 0 0.00289507264558364
58 0 0.00294808498498356
59 0 0.00304868709776074
60 0 0.00320998671607042
61 0 0.00342339472405517
62 0 0.00374067465044958
63 0 0.0040274413637178
64 0 0.0042777226382984
65 0 0.00454604424098715
66 0 0.00488654844291081
67 0 0.00521792271044463
68 0 0.00563205975980319
69 0 0.00617665336844508
70 0 0.00674950453543177
71 0 0.00731851415338924
72 0 0.00814297420024346
73 0 0.00898718997157233
74 0 0.0098107800981826
75 0 0.0107452434220889
76 0 0.0120100798391541
77 0 0.0131226389831607
78 0 0.0142025351453916
79 0 0.0152304641403945
80 0 0.0159650291041086
81 0 0.0155780241647768
82 0 0.0168840863995277
83 0 0.0187621424899667
84 0 0.0210927382975874
85 0 0.0237050230714446
86 0 0.0268244786414651
87 0 0.0300128581044364
88 0 0.0333674533311061
89 0 0.0380655205525521
90 0 0.0463176721455103
91 0 0.0329784329066364
92 0 0.0354499423084027
93 0 0.0375791582118931
94 0 0.0393905226830406
95 0 0.0415776972944912
96 0 0.0443138474012343
97 0 0.0503519067791782
98 0 0.05879714640312
99 0 0.0700019065234314
100 0 0.0855580496168806

death 1 M widowed
1 0 0.0264834803057690
2 0 0.00628225147735495
3 0 0.00405558418735519
4 0 0.00275468815643976
5 0 0.00226543158633830
6 0 0.00189334219305404
7 0 0.00138923248304545
8 0 0.00103630289105916
9 0 0.000809931550587395
10 0 0.000713711625776714
11 0 0.000717743253442316
12 0 0.000782441749697105
13 0 0.000847270473625428
14 0 0.000906674351032866
15 0 0.000956516066692559
16 0 0.000967970055133494
17 0 0.000996190086764104
18 0 0.00104641815967865
19 0 0.00108781820757264
20 0 0.00116181192922415
21 0 0.00125707161070288
22 0 0.00141665268574420
23 0 0.00154701187699990
24 0 0.00163716148493054
25 0 0.00174948607507441
26 0 0.00188074992801357
27 0 0.00193053360923412
28 0 0.00195351990888504
29 0 0.00195965057242908
30 0 0.00197157249307744
31 0 0.00198852134810368
32 0 0.00210767852184957
33 0 0.00222127064143995
34 0 0.00230508370958493
35 0 0.00238170242016278
36 0 0.00250094926566602
37 0 0.00248493213923562
38 0 0.00247551162152648
39 0 0.00244562936438308
40 0 0.00238538106238129
41 0 0.00233534720709827
42 0 0.00239308102911229
43 0 0.0024636089122565
44 0 0.00255450298099891
45 0 0.00264960661699287
46 0 0.00275700750508534
47 0 0.00272316807849127
48 0 0.00268487776951409
49 0 0.00266548122846377
50 0 0.0026551838664709
51 0 0.00264531665852585
52 0 0.00272952274355243
53 0 0.00277350236248275
54 0 0.00278389910095656
55 0 0.00280770438903266
56 0 0.00288044807392918
57 0 0.00289507264558364
58 0 0.00294808498498356
59 0 0.00304868709776074
60 0 0.00320998671607042
61 0 0.00342339472405517
62 0 0.00374067465044958
63 0 0.0040274413637178
64 0 0.0042777226382984
65 0 0.00454604424098715
66 0 0.00488654844291081
67 0 0.00521792271044463
68 0 0.00563205975980319
69 0 0.00617665336844508
70 0 0.00674950453543177
71 0 0.00731851415338924
72 0 0.00814297420024346
73 0 0.00898718997157233
74 0 0.0098107800981826
75 0 0.0107452434220889
76 0 0.0120100798391541
77 0 0.0131226389831607
78 0 0.0142025351453916
79 0 0.0152304641403945
80 0 0.0159650291041086
81 0 0.0155780241647768
82 0 0.0168840863995277
83 0 0.0187621424899667
84 0 0.0210927382975874
85 0 0.0237050230714446
86 0 0.0268244786414651
87 0 0.0300128581044364
88 0 0.0333674533311061
89 0 0.0380655205525521
90 0 0.0463176721455103
91 0 0.0329784329066364
92 0 0.0354499423084027
93 0 0.0375791582118931
94 0 0.0393905226830406
95 0 0.0415776972944912
96 0 0.0443138474012343
97 0 0.0503519067791782
98 0 0.05879714640312
99 0 0.0700019065234314
100 0 0.0855580496168806

death 1 F married
1 0 0.0227014553834378
2 0 0.0057926150842108
3 0 0.00367539411959827
4 0 0.00255990295066744
5 0 0.00223766832804106
6 0 0.00191402112180672
7 0 0.0013695187518461
8 0 0.00097934125188781
9 0 0.000719507146810461
10 0 0.000593684707274944
11 0 0.000571375502689819
12 0 0.000604170248300506
13 0 0.000631186577117582
14 0 0.000646376302254503
15 0 0.000647299516587707
16 0 0.00061918765060287
17 0 0.000600395314121926
18 0 0.000604002470117493
19 0 0.000612391758834652
20 0 0.000650321010910226
21 0 0.00070598483949269
22 0 0.000786812660266811
23 0 0.000837345568505676
24 0 0.000852569807736736
25 0 0.00086552503730919
26 0 0.000877135839030374
27 0 0.000885718689995318
28 0 0.000898342003171737
29 0 0.000916943548406435
30 0 0.000946916042105284
31 0 0.00098768103446556
32 0 0.00105653455510801
33 0 0.00111101385556567
34 0 0.00113674686959409
35 0 0.00114375088666552
36 0 0.00116645436629614
37 0 0.00115784494379312
38 0 0.00118578633799094
39 0 0.00123468335840093
40 0 0.00130042758172488
41 0 0.00138940171815416
42 0 0.00151777277253551
43 0 0.00162138095934405
44 0 0.00169793364766546
45 0 0.00172672126095674
46 0 0.00171483146420193
47 0 0.00163741603202194
48 0 0.00160017489682052
49 0 0.00161103178185695
50 0 0.00167458757049377
51 0 0.00178304910737170
52 0 0.00195190216397267
53 0 0.00206947663323431
54 0 0.00213523138518823
55 0 0.00218421595697815
56 0 0.00225671727946775
57 0 0.00230602394875101
58 0 0.00240625804430805
59 0 0.00256667479569295
60 0 0.00277968870783507
61 0 0.00301990762587345
62 0 0.00334805244514469
63 0 0.00362958695216464
64 0 0.00386815936194629
65 0 0.00409358652166103
66 0 0.00437614023642252
67 0 0.00461774291916306
68 0 0.00493194039324574
69 0 0.00536395024003655
70 0 0.00593521486516457
71 0 0.00663609583217473
72 0 0.00746743706603481
73 0 0.00826185442751515
74 0 0.00899215992754476
75 0 0.00965256012848037
76 0 0.0103590409326483
77 0 0.0111123779432195
78 0 0.0119424330558775
79 0 0.0128337176454960
80 0 0.0137583966423755
81 0 0.0136630457376347
82 0 0.0151762179547855
83 0 0.0170688961565701
84 0 0.0191990048898801
85 0 0.0213065527760509
86 0 0.0233460744536717
87 0 0.02538057202207
88 0 0.0273591424992849
89 0 0.0297245981361570
90 0 0.0339605082103714
91 0 0.0298008174413574
92 0 0.0317592925293485
93 0 0.0338353213865272
94 0 0.0360707694319264
95 0 0.0381732447818781
96 0 0.0397742481293586
97 0 0.0420456108936629
98 0 0.0448871685686677
99 0 0.0479910489957885
100 0 0.0540167539896328

death 1 F single
1 0 0.0227014553834378
2 0 0.0057926150842108
3 0 0.00367539411959827
4 0 0.00255990295066744
5 0 0.00223766832804106
6 0 0.00191402112180672
7 0 0.0013695187518461
8 0 0.00097934125188781
9 0 0.000719507146810461
10 0 0.000593684707274944
11 0 0.000571375502689819
12 0 0.000604170248300506
13 0 0.000631186577117582
14 0 0.000646376302254503
15 0 0.000647299516587707
16 0 0.00061918765060287
17 0 0.000600395314121926
18 0 0.000604002470117493
19 0 0.000612391758834652
20 0 0.000650321010910226
21 0 0.00070598483949269
22 0 0.000786812660266811
23 0 0.000837345568505676
24 0 0.000852569807736736
25 0 0.00086552503730919
26 0 0.000877135839030374
27 0 0.000885718689995318
28 0 0.000898342003171737
29 0 0.000916943548406435
30 0 0.000946916042105284
31 0 0.00098768103446556
32 0 0.00105653455510801
33 0 0.00111101385556567
34 0 0.00113674686959409
35 0 0.00114375088666552
36 0 0.00116645436629614
37 0 0.00115784494379312
38 0 0.00118578633799094
39 0 0.00123468335840093
40 0 0.00130042758172488
41 0 0.00138940171815416
42 0 0.00151777277253551
43 0 0.00162138095934405
44 0 0.00169793364766546
45 0 0.00172672126095674
46 0 0.00171483146420193
47 0 0.00163741603202194
48 0 0.00160017489682052
49 0 0.00161103178185695
50 0 0.00167458757049377
51 0 0.00178304910737170
52 0 0.00195190216397267
53 0 0.00206947663323431
54 0 0.00213523138518823
55 0 0.00218421595697815
56 0 0.00225671727946775
57 0 0.00230602394875101
58 0 0.00240625804430805
59 0 0.00256667479569295
60 0 0.00277968870783507
61 0 0.00301990762587345
62 0 0.00334805244514469
63 0 0.00362958695216464
64 0 0.00386815936194629
65 0 0.00409358652166103
66 0 0.00437614023642252
67 0 0.00461774291916306
68 0 0.00493194039324574
69 0 0.00536395024003655
70 0 0.00593521486516457
71 0 0.00663609583217473
72 0 0.00746743706603481
73 0 0.00826185442751515
74 0 0.00899215992754476
75 0 0.00965256012848037
76 0 0.0103590409326483
77 0 0.0111123779432195
78 0 0.0119424330558775
79 0 0.0128337176454960
80 0 0.0137583966423755
81 0 0.0136630457376347
82 0 0.0151762179547855
83 0 0.0170688961565701
84 0 0.0191990048898801
85 0 0.0213065527760509
86 0 0.0233460744536717
87 0 0.02538057202207
88 0 0.0273591424992849
89 0 0.0297245981361570
90 0 0.0339605082103714
91 0 0.0298008174413574
92 0 0.0317592925293485
93 0 0.0338353213865272
94 0 0.0360707694319264
95 0 0.0381732447818781
96 0 0.0397742481293586
97 0 0.0420456108936629
98 0 0.0448871685686677
99 0 0.0479910489957885
100 0 0.0540167539896328

death 1 F divorced
1 0 0.0227014553834378
2 0 0.0057926150842108
3 0 0.00367539411959827
4 0 0.00255990295066744
5 0 0.00223766832804106
6 0 0.00191402112180672
7 0 0.0013695187518461
8 0 0.00097934125188781
9 0 0.000719507146810461
10 0 0.000593684707274944
11 0 0.000571375502689819
12 0 0.000604170248300506
13 0 0.000631186577117582
14 0 0.000646376302254503
15 0 0.000647299516587707
16 0 0.00061918765060287
17 0 0.000600395314121926
18 0 0.000604002470117493
19 0 0.000612391758834652
20 0 0.000650321010910226
21 0 0.00070598483949269
22 0 0.000786812660266811
23 0 0.000837345568505676
24 0 0.000852569807736736
25 0 0.00086552503730919
26 0 0.000877135839030374
27 0 0.000885718689995318
28 0 0.000898342003171737
29 0 0.000916943548406435
30 0 0.000946916042105284
31 0 0.00098768103446556
32 0 0.00105653455510801
33 0 0.00111101385556567
34 0 0.00113674686959409
35 0 0.00114375088666552
36 0 0.00116645436629614
37 0 0.00115784494379312
38 0 0.00118578633799094
39 0 0.00123468335840093
40 0 0.00130042758172488
41 0 0.00138940171815416
42 0 0.00151777277253551
43 0 0.00162138095934405
44 0 0.00169793364766546
45 0 0.00172672126095674
46 0 0.00171483146420193
47 0 0.00163741603202194
48 0 0.00160017489682052
49 0 0.00161103178185695
50 0 0.00167458757049377
51 0 0.00178304910737170
52 0 0.00195190216397267
53 0 0.00206947663323431
54 0 0.00213523138518823
55 0 0.00218421595697815
56 0 0.00225671727946775
57 0 0.00230602394875101
58 0 0.00240625804430805
59 0 0.00256667479569295
60 0 0.00277968870783507
61 0 0.00301990762587345
62 0 0.00334805244514469
63 0 0.00362958695216464
64 0 0.00386815936194629
65 0 0.00409358652166103
66 0 0.00437614023642252
67 0 0.00461774291916306
68 0 0.00493194039324574
69 0 0.00536395024003655
70 0 0.00593521486516457
71 0 0.00663609583217473
72 0 0.00746743706603481
73 0 0.00826185442751515
74 0 0.00899215992754476
75 0 0.00965256012848037
76 0 0.0103590409326483
77 0 0.0111123779432195
78 0 0.0119424330558775
79 0 0.0128337176454960
80 0 0.0137583966423755
81 0 0.0136630457376347
82 0 0.0151762179547855
83 0 0.0170688961565701
84 0 0.0191990048898801
85 0 0.0213065527760509
86 0 0.0233460744536717
87 0 0.02538057202207
88 0 0.0273591424992849
89 0 0.0297245981361570
90 0 0.0339605082103714
91 0 0.0298008174413574
92 0 0.0317592925293485
93 0 0.0338353213865272
94 0 0.0360707694319264
95 0 0.0381732447818781
96 0 0.0397742481293586
97 0 0.0420456108936629
98 0 0.0448871685686677
99 0 0.0479910489957885
100 0 0.0540167539896328

death 1 F widowed
1 0 0.0227014553834378
2 0 0.0057926150842108
3 0 0.00367539411959827
4 0 0.00255990295066744
5 0 0.00223766832804106
6 0 0.00191402112180672
7 0 0.0013695187518461
8 0 0.00097934125188781
9 0 0.000719507146810461
10 0 0.000593684707274944
11 0 0.000571375502689819
12 0 0.000604170248300506
13 0 0.000631186577117582
14 0 0.000646376302254503
15 0 0.000647299516587707
16 0 0.00061918765060287
17 0 0.000600395314121926
18 0 0.000604002470117493
19 0 0.000612391758834652
20 0 0.000650321010910226
21 0 0.00070598483949269
22 0 0.000786812660266811
23 0 0.000837345568505676
24 0 0.000852569807736736
25 0 0.00086552503730919
26 0 0.000877135839030374
27 0 0.000885718689995318
28 0 0.000898342003171737
29 0 0.000916943548406435
30 0 0.000946916042105284
31 0 0.00098768103446556
32 0 0.00105653455510801
33 0 0.00111101385556567
34 0 0.00113674686959409
35 0 0.00114375088666552
36 0 0.00116645436629614
37 0 0.00115784494379312
38 0 0.00118578633799094
39 0 0.00123468335840093
40 0 0.00130042758172488
41 0 0.00138940171815416
42 0 0.00151777277253551
43 0 0.00162138095934405
44 0 0.00169793364766546
45 0 0.00172672126095674
46 0 0.00171483146420193
47 0 0.00163741603202194
48 0 0.00160017489682052
49 0 0.00161103178185695
50 0 0.00167458757049377
51 0 0.00178304910737170
52 0 0.00195190216397267
53 0 0.00206947663323431
54 0 0.00213523138518823
55 0 0.00218421595697815
56 0 0.00225671727946775
57 0 0.00230602394875101
58 0 0.00240625804430805
59 0 0.00256667479569295
60 0 0.00277968870783507
61 0 0.00301990762587345
62 0 0.00334805244514469
63 0 0.00362958695216464
64 0 0.00386815936194629
65 0 0.00409358652166103
66 0 0.00437614023642252
67 0 0.00461774291916306
68 0 0.00493194039324574
69 0 0.00536395024003655
70 0 0.00593521486516457
71 0 0.00663609583217473
72 0 0.00746743706603481
73 0 0.00826185442751515
74 0 0.00899215992754476
75 0 0.00965256012848037
76 0 0.0103590409326483
77 0 0.0111123779432195
78 0 0.0119424330558775
79 0 0.0128337176454960
80 0 0.0137583966423755
81 0 0.0136630457376347
82 0 0.0151762179547855
83 0 0.0170688961565701
84 0 0.0191990048898801
85 0 0.0213065527760509
86 0 0.0233460744536717
87 0 0.02538057202207
88 0 0.0273591424992849
89 0 0.0297245981361570
90 0 0.0339605082103714
91 0 0.0298008174413574
92 0 0.0317592925293485
93 0 0.0338353213865272
94 0 0.0360707694319264
95 0 0.0381732447818781
96 0 0.0397742481293586
97 0 0.0420456108936629
98 0 0.0448871685686677
99 0 0.0479910489957885
100 0 0.0540167539896328
