*Period monthly mortality rates for SWE in 2099 
* Mon Dec 20 14:21:52 2010
death 1 M married
1 0 0.000120079272940554
2 0 0.000012500859457365
3 0 0.00000416676215586609
4 0 0.00000333339444602565
5 0 0.00000250003437562984
6 0 0.00000250003437562984
7 0 0.00000166668194467867
8 0 0.00000166668194467867
9 0 0.00000166668194467867
10 0 0.00000166668194467867
11 0 0.00000250003437562984
12 0 0.00000250003437562984
13 0 0.00000250003437562984
14 0 0.00000333339444602565
15 0 0.00000333339444602565
16 0 0.00000500013750526218
17 0 0.00000666691112360951
18 0 0.00000833371530217786
19 0 0.0000108339788730261
20 0 0.0000141677706060328
21 0 0.0000166681946396352
22 0 0.0000183351822042876
23 0 0.0000183351822042876
24 0 0.0000183351822042876
25 0 0.0000175016846010179
26 0 0.0000175016846010179
27 0 0.0000175016846010179
28 0 0.0000166681946396352
29 0 0.0000158347123201397
30 0 0.0000158347123201397
31 0 0.0000166681946396352
32 0 0.0000150012376423092
33 0 0.0000158347123201397
34 0 0.0000166681946396352
35 0 0.0000175016846010179
36 0 0.0000191686874497776
37 0 0.0000200022003373768
38 0 0.0000208357208674181
39 0 0.0000233363283135279
40 0 0.0000250034381590325
41 0 0.0000266705785775256
42 0 0.0000291713465325749
43 0 0.0000325058108229248
44 0 0.0000358403974268784
45 0 0.0000383414176537977
46 0 0.0000433436645435048
47 0 0.0000475124138960004
48 0 0.0000516813544294559
49 0 0.0000583520569852336
50 0 0.0000633554051622243
51 0 0.0000691929927806312
52 0 0.0000783671022263066
53 0 0.0000858738805041837
54 0 0.0000983865554056162
55 0 0.000105894987183719
56 0 0.000115907194420450
57 0 0.000128424004500527
58 0 0.000144281105325716
59 0 0.000151793329249084
60 0 0.000170994056027163
61 0 0.000183518454694553
62 0 0.000203561082892323
63 0 0.000226114323775728
64 0 0.000248673162449031
65 0 0.000276252682558709
66 0 0.000297987897547314
67 0 0.000326418716656729
68 0 0.00036573479451496
69 0 0.000400882708147643
70 0 0.000444418016270154
71 0 0.000495514881089343
72 0 0.000544963790214736
73 0 0.000610378258893096
74 0 0.000680877321862394
75 0 0.00076235507658684
76 0 0.000870825436580791
77 0 0.000965106422596285
78 0 0.00113792823218783
79 0 0.00130854328003083
80 0 0.00152607741554345
81 0 0.00179341792058940
82 0 0.00213403696991665
83 0 0.00256933224013822
84 0 0.00307135521065272
85 0 0.00377489627546179
86 0 0.00459082734223548
87 0 0.00560989376300947
88 0 0.00676889876137121
89 0 0.00829025194267374
90 0 0.00997625714529549
91 0 0.0120384476582648
92 0 0.0147476469571527
93 0 0.0179920075946393
94 0 0.0210812551702768
95 0 0.0250328525005398
96 0 0.0283155421971826
97 0 0.0337402110681859
98 0 0.03832143854173
99 0 0.0424670130321902
100 0 0.0481562494218616

death 1 M single
1 0 0.000120079272940554
2 0 0.000012500859457365
3 0 0.00000416676215586609
4 0 0.00000333339444602565
5 0 0.00000250003437562984
6 0 0.00000250003437562984
7 0 0.00000166668194467867
8 0 0.00000166668194467867
9 0 0.00000166668194467867
10 0 0.00000166668194467867
11 0 0.00000250003437562984
12 0 0.00000250003437562984
13 0 0.00000250003437562984
14 0 0.00000333339444602565
15 0 0.00000333339444602565
16 0 0.00000500013750526218
17 0 0.00000666691112360951
18 0 0.00000833371530217786
19 0 0.0000108339788730261
20 0 0.0000141677706060328
21 0 0.0000166681946396352
22 0 0.0000183351822042876
23 0 0.0000183351822042876
24 0 0.0000183351822042876
25 0 0.0000175016846010179
26 0 0.0000175016846010179
27 0 0.0000175016846010179
28 0 0.0000166681946396352
29 0 0.0000158347123201397
30 0 0.0000158347123201397
31 0 0.0000166681946396352
32 0 0.0000150012376423092
33 0 0.0000158347123201397
34 0 0.0000166681946396352
35 0 0.0000175016846010179
36 0 0.0000191686874497776
37 0 0.0000200022003373768
38 0 0.0000208357208674181
39 0 0.0000233363283135279
40 0 0.0000250034381590325
41 0 0.0000266705785775256
42 0 0.0000291713465325749
43 0 0.0000325058108229248
44 0 0.0000358403974268784
45 0 0.0000383414176537977
46 0 0.0000433436645435048
47 0 0.0000475124138960004
48 0 0.0000516813544294559
49 0 0.0000583520569852336
50 0 0.0000633554051622243
51 0 0.0000691929927806312
52 0 0.0000783671022263066
53 0 0.0000858738805041837
54 0 0.0000983865554056162
55 0 0.000105894987183719
56 0 0.000115907194420450
57 0 0.000128424004500527
58 0 0.000144281105325716
59 0 0.000151793329249084
60 0 0.000170994056027163
61 0 0.000183518454694553
62 0 0.000203561082892323
63 0 0.000226114323775728
64 0 0.000248673162449031
65 0 0.000276252682558709
66 0 0.000297987897547314
67 0 0.000326418716656729
68 0 0.00036573479451496
69 0 0.000400882708147643
70 0 0.000444418016270154
71 0 0.000495514881089343
72 0 0.000544963790214736
73 0 0.000610378258893096
74 0 0.000680877321862394
75 0 0.00076235507658684
76 0 0.000870825436580791
77 0 0.000965106422596285
78 0 0.00113792823218783
79 0 0.00130854328003083
80 0 0.00152607741554345
81 0 0.00179341792058940
82 0 0.00213403696991665
83 0 0.00256933224013822
84 0 0.00307135521065272
85 0 0.00377489627546179
86 0 0.00459082734223548
87 0 0.00560989376300947
88 0 0.00676889876137121
89 0 0.00829025194267374
90 0 0.00997625714529549
91 0 0.0120384476582648
92 0 0.0147476469571527
93 0 0.0179920075946393
94 0 0.0210812551702768
95 0 0.0250328525005398
96 0 0.0283155421971826
97 0 0.0337402110681859
98 0 0.03832143854173
99 0 0.0424670130321902
100 0 0.0481562494218616

death 1 M divorced
1 0 0.000120079272940554
2 0 0.000012500859457365
3 0 0.00000416676215586609
4 0 0.00000333339444602565
5 0 0.00000250003437562984
6 0 0.00000250003437562984
7 0 0.00000166668194467867
8 0 0.00000166668194467867
9 0 0.00000166668194467867
10 0 0.00000166668194467867
11 0 0.00000250003437562984
12 0 0.00000250003437562984
13 0 0.00000250003437562984
14 0 0.00000333339444602565
15 0 0.00000333339444602565
16 0 0.00000500013750526218
17 0 0.00000666691112360951
18 0 0.00000833371530217786
19 0 0.0000108339788730261
20 0 0.0000141677706060328
21 0 0.0000166681946396352
22 0 0.0000183351822042876
23 0 0.0000183351822042876
24 0 0.0000183351822042876
25 0 0.0000175016846010179
26 0 0.0000175016846010179
27 0 0.0000175016846010179
28 0 0.0000166681946396352
29 0 0.0000158347123201397
30 0 0.0000158347123201397
31 0 0.0000166681946396352
32 0 0.0000150012376423092
33 0 0.0000158347123201397
34 0 0.0000166681946396352
35 0 0.0000175016846010179
36 0 0.0000191686874497776
37 0 0.0000200022003373768
38 0 0.0000208357208674181
39 0 0.0000233363283135279
40 0 0.0000250034381590325
41 0 0.0000266705785775256
42 0 0.0000291713465325749
43 0 0.0000325058108229248
44 0 0.0000358403974268784
45 0 0.0000383414176537977
46 0 0.0000433436645435048
47 0 0.0000475124138960004
48 0 0.0000516813544294559
49 0 0.0000583520569852336
50 0 0.0000633554051622243
51 0 0.0000691929927806312
52 0 0.0000783671022263066
53 0 0.0000858738805041837
54 0 0.0000983865554056162
55 0 0.000105894987183719
56 0 0.000115907194420450
57 0 0.000128424004500527
58 0 0.000144281105325716
59 0 0.000151793329249084
60 0 0.000170994056027163
61 0 0.000183518454694553
62 0 0.000203561082892323
63 0 0.000226114323775728
64 0 0.000248673162449031
65 0 0.000276252682558709
66 0 0.000297987897547314
67 0 0.000326418716656729
68 0 0.00036573479451496
69 0 0.000400882708147643
70 0 0.000444418016270154
71 0 0.000495514881089343
72 0 0.000544963790214736
73 0 0.000610378258893096
74 0 0.000680877321862394
75 0 0.00076235507658684
76 0 0.000870825436580791
77 0 0.000965106422596285
78 0 0.00113792823218783
79 0 0.00130854328003083
80 0 0.00152607741554345
81 0 0.00179341792058940
82 0 0.00213403696991665
83 0 0.00256933224013822
84 0 0.00307135521065272
85 0 0.00377489627546179
86 0 0.00459082734223548
87 0 0.00560989376300947
88 0 0.00676889876137121
89 0 0.00829025194267374
90 0 0.00997625714529549
91 0 0.0120384476582648
92 0 0.0147476469571527
93 0 0.0179920075946393
94 0 0.0210812551702768
95 0 0.0250328525005398
96 0 0.0283155421971826
97 0 0.0337402110681859
98 0 0.03832143854173
99 0 0.0424670130321902
100 0 0.0481562494218616

death 1 M widowed
1 0 0.000120079272940554
2 0 0.000012500859457365
3 0 0.00000416676215586609
4 0 0.00000333339444602565
5 0 0.00000250003437562984
6 0 0.00000250003437562984
7 0 0.00000166668194467867
8 0 0.00000166668194467867
9 0 0.00000166668194467867
10 0 0.00000166668194467867
11 0 0.00000250003437562984
12 0 0.00000250003437562984
13 0 0.00000250003437562984
14 0 0.00000333339444602565
15 0 0.00000333339444602565
16 0 0.00000500013750526218
17 0 0.00000666691112360951
18 0 0.00000833371530217786
19 0 0.0000108339788730261
20 0 0.0000141677706060328
21 0 0.0000166681946396352
22 0 0.0000183351822042876
23 0 0.0000183351822042876
24 0 0.0000183351822042876
25 0 0.0000175016846010179
26 0 0.0000175016846010179
27 0 0.0000175016846010179
28 0 0.0000166681946396352
29 0 0.0000158347123201397
30 0 0.0000158347123201397
31 0 0.0000166681946396352
32 0 0.0000150012376423092
33 0 0.0000158347123201397
34 0 0.0000166681946396352
35 0 0.0000175016846010179
36 0 0.0000191686874497776
37 0 0.0000200022003373768
38 0 0.0000208357208674181
39 0 0.0000233363283135279
40 0 0.0000250034381590325
41 0 0.0000266705785775256
42 0 0.0000291713465325749
43 0 0.0000325058108229248
44 0 0.0000358403974268784
45 0 0.0000383414176537977
46 0 0.0000433436645435048
47 0 0.0000475124138960004
48 0 0.0000516813544294559
49 0 0.0000583520569852336
50 0 0.0000633554051622243
51 0 0.0000691929927806312
52 0 0.0000783671022263066
53 0 0.0000858738805041837
54 0 0.0000983865554056162
55 0 0.000105894987183719
56 0 0.000115907194420450
57 0 0.000128424004500527
58 0 0.000144281105325716
59 0 0.000151793329249084
60 0 0.000170994056027163
61 0 0.000183518454694553
62 0 0.000203561082892323
63 0 0.000226114323775728
64 0 0.000248673162449031
65 0 0.000276252682558709
66 0 0.000297987897547314
67 0 0.000326418716656729
68 0 0.00036573479451496
69 0 0.000400882708147643
70 0 0.000444418016270154
71 0 0.000495514881089343
72 0 0.000544963790214736
73 0 0.000610378258893096
74 0 0.000680877321862394
75 0 0.00076235507658684
76 0 0.000870825436580791
77 0 0.000965106422596285
78 0 0.00113792823218783
79 0 0.00130854328003083
80 0 0.00152607741554345
81 0 0.00179341792058940
82 0 0.00213403696991665
83 0 0.00256933224013822
84 0 0.00307135521065272
85 0 0.00377489627546179
86 0 0.00459082734223548
87 0 0.00560989376300947
88 0 0.00676889876137121
89 0 0.00829025194267374
90 0 0.00997625714529549
91 0 0.0120384476582648
92 0 0.0147476469571527
93 0 0.0179920075946393
94 0 0.0210812551702768
95 0 0.0250328525005398
96 0 0.0283155421971826
97 0 0.0337402110681859
98 0 0.03832143854173
99 0 0.0424670130321902
100 0 0.0481562494218616

death 1 F married
1 0 0.000119244841917165
2 0 0.0000133343112110884
3 0 0.00000416676215586609
4 0 0.00000250003437562984
5 0 0.00000250003437562984
6 0 0.00000250003437562984
7 0 0.00000250003437562984
8 0 0.00000166668194467867
9 0 0.00000166668194467867
10 0 0.00000166668194467867
11 0 0.00000166668194467867
12 0 0.00000166668194467867
13 0 0.00000166668194467867
14 0 0.00000166668194467867
15 0 0.00000250003437562984
16 0 0.00000416676215586609
17 0 0.00000416676215586609
18 0 0.00000500013750526218
19 0 0.00000500013750526218
20 0 0.00000583352049443597
21 0 0.00000666691112360951
22 0 0.00000750030939278279
23 0 0.00000666691112360951
24 0 0.00000666691112360951
25 0 0.00000583352049443597
26 0 0.00000583352049443597
27 0 0.00000666691112360951
28 0 0.00000666691112360951
29 0 0.00000666691112360951
30 0 0.00000666691112360951
31 0 0.00000750030939278279
32 0 0.00000833371530217786
33 0 0.00000833371530217786
34 0 0.00000833371530217786
35 0 0.00000916712885190574
36 0 0.0000108339788730261
37 0 0.000012500859457365
38 0 0.000012500859457365
39 0 0.0000133343112110884
40 0 0.0000141677706060328
41 0 0.0000150012376423092
42 0 0.0000158347123201397
43 0 0.0000191686874497776
44 0 0.0000208357208674181
45 0 0.0000241698794146705
46 0 0.0000283377495704507
47 0 0.0000325058108229248
48 0 0.0000383414176537977
49 0 0.0000466786487315352
50 0 0.000055850486162301
51 0 0.0000666911236122392
52 0 0.0000766990134587475
53 0 0.0000842056539793745
54 0 0.0000917129144495377
55 0 0.000102557829824601
56 0 0.000115072801694871
57 0 0.000130093042745694
58 0 0.000142611806542514
59 0 0.000157636599346866
60 0 0.000168489383372439
61 0 0.000191869012675761
62 0 0.000211913482563775
63 0 0.000224443521407491
64 0 0.000250344410298808
65 0 0.000269565969733043
66 0 0.000301332238197172
67 0 0.000323073452733302
68 0 0.000354021843591124
69 0 0.000388328321214826
70 0 0.000420973335570340
71 0 0.000472057014896388
72 0 0.000518140703212544
73 0 0.000572633394811173
74 0 0.000638907004019584
75 0 0.000716147379430043
76 0 0.000799338165023977
77 0 0.000900277732995947
78 0 0.00102323900305035
79 0 0.00115396253011568
80 0 0.0013288357002611
81 0 0.00152268767356534
82 0 0.00176622355473588
83 0 0.00200019149578734
84 0 0.00232448880206559
85 0 0.00268942711660503
86 0 0.00330958371505996
87 0 0.00402892234689989
88 0 0.00488848329385239
89 0 0.00594206602912539
90 0 0.00717660165359868
91 0 0.00854174540405328
92 0 0.0104109188664472
93 0 0.0122014028963420
94 0 0.0144420071333654
95 0 0.0167180135125892
96 0 0.0196009194257803
97 0 0.0226745321697011
98 0 0.0265345463606805
99 0 0.0305307841657252
100 0 0.0336041707996760

death 1 F single
1 0 0.000119244841917165
2 0 0.0000133343112110884
3 0 0.00000416676215586609
4 0 0.00000250003437562984
5 0 0.00000250003437562984
6 0 0.00000250003437562984
7 0 0.00000250003437562984
8 0 0.00000166668194467867
9 0 0.00000166668194467867
10 0 0.00000166668194467867
11 0 0.00000166668194467867
12 0 0.00000166668194467867
13 0 0.00000166668194467867
14 0 0.00000166668194467867
15 0 0.00000250003437562984
16 0 0.00000416676215586609
17 0 0.00000416676215586609
18 0 0.00000500013750526218
19 0 0.00000500013750526218
20 0 0.00000583352049443597
21 0 0.00000666691112360951
22 0 0.00000750030939278279
23 0 0.00000666691112360951
24 0 0.00000666691112360951
25 0 0.00000583352049443597
26 0 0.00000583352049443597
27 0 0.00000666691112360951
28 0 0.00000666691112360951
29 0 0.00000666691112360951
30 0 0.00000666691112360951
31 0 0.00000750030939278279
32 0 0.00000833371530217786
33 0 0.00000833371530217786
34 0 0.00000833371530217786
35 0 0.00000916712885190574
36 0 0.0000108339788730261
37 0 0.000012500859457365
38 0 0.000012500859457365
39 0 0.0000133343112110884
40 0 0.0000141677706060328
41 0 0.0000150012376423092
42 0 0.0000158347123201397
43 0 0.0000191686874497776
44 0 0.0000208357208674181
45 0 0.0000241698794146705
46 0 0.0000283377495704507
47 0 0.0000325058108229248
48 0 0.0000383414176537977
49 0 0.0000466786487315352
50 0 0.000055850486162301
51 0 0.0000666911236122392
52 0 0.0000766990134587475
53 0 0.0000842056539793745
54 0 0.0000917129144495377
55 0 0.000102557829824601
56 0 0.000115072801694871
57 0 0.000130093042745694
58 0 0.000142611806542514
59 0 0.000157636599346866
60 0 0.000168489383372439
61 0 0.000191869012675761
62 0 0.000211913482563775
63 0 0.000224443521407491
64 0 0.000250344410298808
65 0 0.000269565969733043
66 0 0.000301332238197172
67 0 0.000323073452733302
68 0 0.000354021843591124
69 0 0.000388328321214826
70 0 0.000420973335570340
71 0 0.000472057014896388
72 0 0.000518140703212544
73 0 0.000572633394811173
74 0 0.000638907004019584
75 0 0.000716147379430043
76 0 0.000799338165023977
77 0 0.000900277732995947
78 0 0.00102323900305035
79 0 0.00115396253011568
80 0 0.0013288357002611
81 0 0.00152268767356534
82 0 0.00176622355473588
83 0 0.00200019149578734
84 0 0.00232448880206559
85 0 0.00268942711660503
86 0 0.00330958371505996
87 0 0.00402892234689989
88 0 0.00488848329385239
89 0 0.00594206602912539
90 0 0.00717660165359868
91 0 0.00854174540405328
92 0 0.0104109188664472
93 0 0.0122014028963420
94 0 0.0144420071333654
95 0 0.0167180135125892
96 0 0.0196009194257803
97 0 0.0226745321697011
98 0 0.0265345463606805
99 0 0.0305307841657252
100 0 0.0336041707996760

death 1 F divorced
1 0 0.000119244841917165
2 0 0.0000133343112110884
3 0 0.00000416676215586609
4 0 0.00000250003437562984
5 0 0.00000250003437562984
6 0 0.00000250003437562984
7 0 0.00000250003437562984
8 0 0.00000166668194467867
9 0 0.00000166668194467867
10 0 0.00000166668194467867
11 0 0.00000166668194467867
12 0 0.00000166668194467867
13 0 0.00000166668194467867
14 0 0.00000166668194467867
15 0 0.00000250003437562984
16 0 0.00000416676215586609
17 0 0.00000416676215586609
18 0 0.00000500013750526218
19 0 0.00000500013750526218
20 0 0.00000583352049443597
21 0 0.00000666691112360951
22 0 0.00000750030939278279
23 0 0.00000666691112360951
24 0 0.00000666691112360951
25 0 0.00000583352049443597
26 0 0.00000583352049443597
27 0 0.00000666691112360951
28 0 0.00000666691112360951
29 0 0.00000666691112360951
30 0 0.00000666691112360951
31 0 0.00000750030939278279
32 0 0.00000833371530217786
33 0 0.00000833371530217786
34 0 0.00000833371530217786
35 0 0.00000916712885190574
36 0 0.0000108339788730261
37 0 0.000012500859457365
38 0 0.000012500859457365
39 0 0.0000133343112110884
40 0 0.0000141677706060328
41 0 0.0000150012376423092
42 0 0.0000158347123201397
43 0 0.0000191686874497776
44 0 0.0000208357208674181
45 0 0.0000241698794146705
46 0 0.0000283377495704507
47 0 0.0000325058108229248
48 0 0.0000383414176537977
49 0 0.0000466786487315352
50 0 0.000055850486162301
51 0 0.0000666911236122392
52 0 0.0000766990134587475
53 0 0.0000842056539793745
54 0 0.0000917129144495377
55 0 0.000102557829824601
56 0 0.000115072801694871
57 0 0.000130093042745694
58 0 0.000142611806542514
59 0 0.000157636599346866
60 0 0.000168489383372439
61 0 0.000191869012675761
62 0 0.000211913482563775
63 0 0.000224443521407491
64 0 0.000250344410298808
65 0 0.000269565969733043
66 0 0.000301332238197172
67 0 0.000323073452733302
68 0 0.000354021843591124
69 0 0.000388328321214826
70 0 0.000420973335570340
71 0 0.000472057014896388
72 0 0.000518140703212544
73 0 0.000572633394811173
74 0 0.000638907004019584
75 0 0.000716147379430043
76 0 0.000799338165023977
77 0 0.000900277732995947
78 0 0.00102323900305035
79 0 0.00115396253011568
80 0 0.0013288357002611
81 0 0.00152268767356534
82 0 0.00176622355473588
83 0 0.00200019149578734
84 0 0.00232448880206559
85 0 0.00268942711660503
86 0 0.00330958371505996
87 0 0.00402892234689989
88 0 0.00488848329385239
89 0 0.00594206602912539
90 0 0.00717660165359868
91 0 0.00854174540405328
92 0 0.0104109188664472
93 0 0.0122014028963420
94 0 0.0144420071333654
95 0 0.0167180135125892
96 0 0.0196009194257803
97 0 0.0226745321697011
98 0 0.0265345463606805
99 0 0.0305307841657252
100 0 0.0336041707996760

death 1 F widowed
1 0 0.000119244841917165
2 0 0.0000133343112110884
3 0 0.00000416676215586609
4 0 0.00000250003437562984
5 0 0.00000250003437562984
6 0 0.00000250003437562984
7 0 0.00000250003437562984
8 0 0.00000166668194467867
9 0 0.00000166668194467867
10 0 0.00000166668194467867
11 0 0.00000166668194467867
12 0 0.00000166668194467867
13 0 0.00000166668194467867
14 0 0.00000166668194467867
15 0 0.00000250003437562984
16 0 0.00000416676215586609
17 0 0.00000416676215586609
18 0 0.00000500013750526218
19 0 0.00000500013750526218
20 0 0.00000583352049443597
21 0 0.00000666691112360951
22 0 0.00000750030939278279
23 0 0.00000666691112360951
24 0 0.00000666691112360951
25 0 0.00000583352049443597
26 0 0.00000583352049443597
27 0 0.00000666691112360951
28 0 0.00000666691112360951
29 0 0.00000666691112360951
30 0 0.00000666691112360951
31 0 0.00000750030939278279
32 0 0.00000833371530217786
33 0 0.00000833371530217786
34 0 0.00000833371530217786
35 0 0.00000916712885190574
36 0 0.0000108339788730261
37 0 0.000012500859457365
38 0 0.000012500859457365
39 0 0.0000133343112110884
40 0 0.0000141677706060328
41 0 0.0000150012376423092
42 0 0.0000158347123201397
43 0 0.0000191686874497776
44 0 0.0000208357208674181
45 0 0.0000241698794146705
46 0 0.0000283377495704507
47 0 0.0000325058108229248
48 0 0.0000383414176537977
49 0 0.0000466786487315352
50 0 0.000055850486162301
51 0 0.0000666911236122392
52 0 0.0000766990134587475
53 0 0.0000842056539793745
54 0 0.0000917129144495377
55 0 0.000102557829824601
56 0 0.000115072801694871
57 0 0.000130093042745694
58 0 0.000142611806542514
59 0 0.000157636599346866
60 0 0.000168489383372439
61 0 0.000191869012675761
62 0 0.000211913482563775
63 0 0.000224443521407491
64 0 0.000250344410298808
65 0 0.000269565969733043
66 0 0.000301332238197172
67 0 0.000323073452733302
68 0 0.000354021843591124
69 0 0.000388328321214826
70 0 0.000420973335570340
71 0 0.000472057014896388
72 0 0.000518140703212544
73 0 0.000572633394811173
74 0 0.000638907004019584
75 0 0.000716147379430043
76 0 0.000799338165023977
77 0 0.000900277732995947
78 0 0.00102323900305035
79 0 0.00115396253011568
80 0 0.0013288357002611
81 0 0.00152268767356534
82 0 0.00176622355473588
83 0 0.00200019149578734
84 0 0.00232448880206559
85 0 0.00268942711660503
86 0 0.00330958371505996
87 0 0.00402892234689989
88 0 0.00488848329385239
89 0 0.00594206602912539
90 0 0.00717660165359868
91 0 0.00854174540405328
92 0 0.0104109188664472
93 0 0.0122014028963420
94 0 0.0144420071333654
95 0 0.0167180135125892
96 0 0.0196009194257803
97 0 0.0226745321697011
98 0 0.0265345463606805
99 0 0.0305307841657252
100 0 0.0336041707996760
