*Period monthly mortality rates for SWE in 1762 
* Mon Dec 20 14:18:46 2010
death 1 M married
1 0 0.0293827709425895
2 0 0.00669143655912174
3 0 0.00431450745778694
4 0 0.00302430150500799
5 0 0.00259505346905797
6 0 0.00226158693598455
7 0 0.00168324614211479
8 0 0.0012451586835861
9 0 0.000958537253808123
10 0 0.000803878036134242
11 0 0.000753867901118532
12 0 0.000746893885093636
13 0 0.000724967033836177
14 0 0.000695571515102134
15 0 0.00064847453021677
16 0 0.00059460738632644
17 0 0.000543957781534932
18 0 0.000523169428899739
19 0 0.000533060068065083
20 0 0.000568440488797339
21 0 0.000623970249553407
22 0 0.000694563837375539
23 0 0.000758573563830245
24 0 0.000820442082554051
25 0 0.000883614975020985
26 0 0.00094598977762117
27 0 0.000947673901891433
28 0 0.000945652956514498
29 0 0.00094666342358185
30 0 0.000948431768001523
31 0 0.000945652956514498
32 0 0.000996358590899304
33 0 0.00103857872826829
34 0 0.00106867571738156
35 0 0.00107542150898998
36 0 0.00107230151808579
37 0 0.00103815727263035
38 0 0.00104962156297095
39 0 0.00110907362885115
40 0 0.00121390524126508
41 0 0.00134896349707969
42 0 0.00155226743925352
43 0 0.00173079812132237
44 0 0.00185854755576642
45 0 0.00190372361757996
46 0 0.00188304703523723
47 0 0.00181254383978369
48 0 0.00179044313986798
49 0 0.00183022827600554
50 0 0.00194977359619075
51 0 0.00213898536414203
52 0 0.00241669833775293
53 0 0.00264137007599852
54 0 0.00277281501683491
55 0 0.00280486805196412
56 0 0.00278527396555195
57 0 0.00267964201106741
58 0 0.00264883440948882
59 0 0.00271655626470368
60 0 0.00291434627287412
61 0 0.00321499418527149
62 0 0.00375344110495202
63 0 0.00432901579608747
64 0 0.00489780633756332
65 0 0.00523575493266637
66 0 0.00526250986077759
67 0 0.00516127135881794
68 0 0.00506666685881951
69 0 0.00514363020972008
70 0 0.00554794646328238
71 0 0.00630386833519025
72 0 0.00726901804351665
73 0 0.00818355650241431
74 0 0.00918094501958555
75 0 0.0101602190673742
76 0 0.0109623901695485
77 0 0.0113694354708440
78 0 0.0120682530386724
79 0 0.0131369986620375
80 0 0.0146890832161178
81 0 0.0142506320961433
82 0 0.0160709304713970
83 0 0.0179783735364942
84 0 0.0197460866566732
85 0 0.0208422371261113
86 0 0.0207485724752355
87 0 0.0201209844754995
88 0 0.0194458518913844
89 0 0.0190314560850335
90 0 0.0192264444622797
91 0 0.030128286437449
92 0 0.0323935019328678
93 0 0.0347697465694699
94 0 0.0372998236690826
95 0 0.0403108804429309
96 0 0.0440884478777381
97 0 0.0476300826019233
98 0 0.0533798016711148
99 0 0.0650088263338264
100 0 0.0770839742956173

death 1 M single
1 0 0.0293827709425895
2 0 0.00669143655912174
3 0 0.00431450745778694
4 0 0.00302430150500799
5 0 0.00259505346905797
6 0 0.00226158693598455
7 0 0.00168324614211479
8 0 0.0012451586835861
9 0 0.000958537253808123
10 0 0.000803878036134242
11 0 0.000753867901118532
12 0 0.000746893885093636
13 0 0.000724967033836177
14 0 0.000695571515102134
15 0 0.00064847453021677
16 0 0.00059460738632644
17 0 0.000543957781534932
18 0 0.000523169428899739
19 0 0.000533060068065083
20 0 0.000568440488797339
21 0 0.000623970249553407
22 0 0.000694563837375539
23 0 0.000758573563830245
24 0 0.000820442082554051
25 0 0.000883614975020985
26 0 0.00094598977762117
27 0 0.000947673901891433
28 0 0.000945652956514498
29 0 0.00094666342358185
30 0 0.000948431768001523
31 0 0.000945652956514498
32 0 0.000996358590899304
33 0 0.00103857872826829
34 0 0.00106867571738156
35 0 0.00107542150898998
36 0 0.00107230151808579
37 0 0.00103815727263035
38 0 0.00104962156297095
39 0 0.00110907362885115
40 0 0.00121390524126508
41 0 0.00134896349707969
42 0 0.00155226743925352
43 0 0.00173079812132237
44 0 0.00185854755576642
45 0 0.00190372361757996
46 0 0.00188304703523723
47 0 0.00181254383978369
48 0 0.00179044313986798
49 0 0.00183022827600554
50 0 0.00194977359619075
51 0 0.00213898536414203
52 0 0.00241669833775293
53 0 0.00264137007599852
54 0 0.00277281501683491
55 0 0.00280486805196412
56 0 0.00278527396555195
57 0 0.00267964201106741
58 0 0.00264883440948882
59 0 0.00271655626470368
60 0 0.00291434627287412
61 0 0.00321499418527149
62 0 0.00375344110495202
63 0 0.00432901579608747
64 0 0.00489780633756332
65 0 0.00523575493266637
66 0 0.00526250986077759
67 0 0.00516127135881794
68 0 0.00506666685881951
69 0 0.00514363020972008
70 0 0.00554794646328238
71 0 0.00630386833519025
72 0 0.00726901804351665
73 0 0.00818355650241431
74 0 0.00918094501958555
75 0 0.0101602190673742
76 0 0.0109623901695485
77 0 0.0113694354708440
78 0 0.0120682530386724
79 0 0.0131369986620375
80 0 0.0146890832161178
81 0 0.0142506320961433
82 0 0.0160709304713970
83 0 0.0179783735364942
84 0 0.0197460866566732
85 0 0.0208422371261113
86 0 0.0207485724752355
87 0 0.0201209844754995
88 0 0.0194458518913844
89 0 0.0190314560850335
90 0 0.0192264444622797
91 0 0.030128286437449
92 0 0.0323935019328678
93 0 0.0347697465694699
94 0 0.0372998236690826
95 0 0.0403108804429309
96 0 0.0440884478777381
97 0 0.0476300826019233
98 0 0.0533798016711148
99 0 0.0650088263338264
100 0 0.0770839742956173

death 1 M divorced
1 0 0.0293827709425895
2 0 0.00669143655912174
3 0 0.00431450745778694
4 0 0.00302430150500799
5 0 0.00259505346905797
6 0 0.00226158693598455
7 0 0.00168324614211479
8 0 0.0012451586835861
9 0 0.000958537253808123
10 0 0.000803878036134242
11 0 0.000753867901118532
12 0 0.000746893885093636
13 0 0.000724967033836177
14 0 0.000695571515102134
15 0 0.00064847453021677
16 0 0.00059460738632644
17 0 0.000543957781534932
18 0 0.000523169428899739
19 0 0.000533060068065083
20 0 0.000568440488797339
21 0 0.000623970249553407
22 0 0.000694563837375539
23 0 0.000758573563830245
24 0 0.000820442082554051
25 0 0.000883614975020985
26 0 0.00094598977762117
27 0 0.000947673901891433
28 0 0.000945652956514498
29 0 0.00094666342358185
30 0 0.000948431768001523
31 0 0.000945652956514498
32 0 0.000996358590899304
33 0 0.00103857872826829
34 0 0.00106867571738156
35 0 0.00107542150898998
36 0 0.00107230151808579
37 0 0.00103815727263035
38 0 0.00104962156297095
39 0 0.00110907362885115
40 0 0.00121390524126508
41 0 0.00134896349707969
42 0 0.00155226743925352
43 0 0.00173079812132237
44 0 0.00185854755576642
45 0 0.00190372361757996
46 0 0.00188304703523723
47 0 0.00181254383978369
48 0 0.00179044313986798
49 0 0.00183022827600554
50 0 0.00194977359619075
51 0 0.00213898536414203
52 0 0.00241669833775293
53 0 0.00264137007599852
54 0 0.00277281501683491
55 0 0.00280486805196412
56 0 0.00278527396555195
57 0 0.00267964201106741
58 0 0.00264883440948882
59 0 0.00271655626470368
60 0 0.00291434627287412
61 0 0.00321499418527149
62 0 0.00375344110495202
63 0 0.00432901579608747
64 0 0.00489780633756332
65 0 0.00523575493266637
66 0 0.00526250986077759
67 0 0.00516127135881794
68 0 0.00506666685881951
69 0 0.00514363020972008
70 0 0.00554794646328238
71 0 0.00630386833519025
72 0 0.00726901804351665
73 0 0.00818355650241431
74 0 0.00918094501958555
75 0 0.0101602190673742
76 0 0.0109623901695485
77 0 0.0113694354708440
78 0 0.0120682530386724
79 0 0.0131369986620375
80 0 0.0146890832161178
81 0 0.0142506320961433
82 0 0.0160709304713970
83 0 0.0179783735364942
84 0 0.0197460866566732
85 0 0.0208422371261113
86 0 0.0207485724752355
87 0 0.0201209844754995
88 0 0.0194458518913844
89 0 0.0190314560850335
90 0 0.0192264444622797
91 0 0.030128286437449
92 0 0.0323935019328678
93 0 0.0347697465694699
94 0 0.0372998236690826
95 0 0.0403108804429309
96 0 0.0440884478777381
97 0 0.0476300826019233
98 0 0.0533798016711148
99 0 0.0650088263338264
100 0 0.0770839742956173

death 1 M widowed
1 0 0.0293827709425895
2 0 0.00669143655912174
3 0 0.00431450745778694
4 0 0.00302430150500799
5 0 0.00259505346905797
6 0 0.00226158693598455
7 0 0.00168324614211479
8 0 0.0012451586835861
9 0 0.000958537253808123
10 0 0.000803878036134242
11 0 0.000753867901118532
12 0 0.000746893885093636
13 0 0.000724967033836177
14 0 0.000695571515102134
15 0 0.00064847453021677
16 0 0.00059460738632644
17 0 0.000543957781534932
18 0 0.000523169428899739
19 0 0.000533060068065083
20 0 0.000568440488797339
21 0 0.000623970249553407
22 0 0.000694563837375539
23 0 0.000758573563830245
24 0 0.000820442082554051
25 0 0.000883614975020985
26 0 0.00094598977762117
27 0 0.000947673901891433
28 0 0.000945652956514498
29 0 0.00094666342358185
30 0 0.000948431768001523
31 0 0.000945652956514498
32 0 0.000996358590899304
33 0 0.00103857872826829
34 0 0.00106867571738156
35 0 0.00107542150898998
36 0 0.00107230151808579
37 0 0.00103815727263035
38 0 0.00104962156297095
39 0 0.00110907362885115
40 0 0.00121390524126508
41 0 0.00134896349707969
42 0 0.00155226743925352
43 0 0.00173079812132237
44 0 0.00185854755576642
45 0 0.00190372361757996
46 0 0.00188304703523723
47 0 0.00181254383978369
48 0 0.00179044313986798
49 0 0.00183022827600554
50 0 0.00194977359619075
51 0 0.00213898536414203
52 0 0.00241669833775293
53 0 0.00264137007599852
54 0 0.00277281501683491
55 0 0.00280486805196412
56 0 0.00278527396555195
57 0 0.00267964201106741
58 0 0.00264883440948882
59 0 0.00271655626470368
60 0 0.00291434627287412
61 0 0.00321499418527149
62 0 0.00375344110495202
63 0 0.00432901579608747
64 0 0.00489780633756332
65 0 0.00523575493266637
66 0 0.00526250986077759
67 0 0.00516127135881794
68 0 0.00506666685881951
69 0 0.00514363020972008
70 0 0.00554794646328238
71 0 0.00630386833519025
72 0 0.00726901804351665
73 0 0.00818355650241431
74 0 0.00918094501958555
75 0 0.0101602190673742
76 0 0.0109623901695485
77 0 0.0113694354708440
78 0 0.0120682530386724
79 0 0.0131369986620375
80 0 0.0146890832161178
81 0 0.0142506320961433
82 0 0.0160709304713970
83 0 0.0179783735364942
84 0 0.0197460866566732
85 0 0.0208422371261113
86 0 0.0207485724752355
87 0 0.0201209844754995
88 0 0.0194458518913844
89 0 0.0190314560850335
90 0 0.0192264444622797
91 0 0.030128286437449
92 0 0.0323935019328678
93 0 0.0347697465694699
94 0 0.0372998236690826
95 0 0.0403108804429309
96 0 0.0440884478777381
97 0 0.0476300826019233
98 0 0.0533798016711148
99 0 0.0650088263338264
100 0 0.0770839742956173

death 1 F married
1 0 0.0270950702503538
2 0 0.00661314431470228
3 0 0.00417496166016607
4 0 0.00298769235252117
5 0 0.00275451635519675
6 0 0.00252116743219033
7 0 0.00177998968393533
8 0 0.00123071318807422
9 0 0.000873349544950996
10 0 0.000677854811128142
11 0 0.000605848047171342
12 0 0.000612895140792546
13 0 0.000611133316141932
14 0 0.000605848047171342
15 0 0.000584877787906612
16 0 0.000553766841329684
17 0 0.000501380294002152
18 0 0.000474318759615011
19 0 0.000470381684733234
20 0 0.000483533857071783
21 0 0.000508754493172447
22 0 0.000554018369608666
23 0 0.000585548761244503
24 0 0.000607274200572938
25 0 0.00061918765060287
26 0 0.000624725419770988
27 0 0.000623550713255927
28 0 0.000650069215878513
29 0 0.000706572724045396
30 0 0.000787905420772339
31 0 0.000879491835006685
32 0 0.000992061833112179
33 0 0.00107086804469037
34 0 0.00111202616422146
35 0 0.00109684271917532
36 0 0.00103065568951721
37 0 0.00092856092541671
38 0 0.000884624752127805
39 0 0.0009038968168118
40 0 0.000989113195389302
41 0 0.00112619967046201
42 0 0.00131302413263856
43 0 0.00146389579176975
44 0 0.00156498376805891
45 0 0.00158533360049418
46 0 0.00152506047965839
47 0 0.00140725779471507
48 0 0.00132807465264340
49 0 0.00129797610719584
50 0 0.00133281016369469
51 0 0.00142621785291075
52 0 0.00158652081489941
53 0 0.00173232699117798
54 0 0.00184936195607377
55 0 0.00192755433004521
56 0 0.00199065082513084
57 0 0.00199755067402818
58 0 0.00205362075234605
59 0 0.00216228056996648
60 0 0.00233859643137801
61 0 0.00255827435451872
62 0 0.00298373083683301
63 0 0.00345515932360119
64 0 0.00391704567064644
65 0 0.00422855393733113
66 0 0.0043891715451031
67 0 0.0044398278048714
68 0 0.00457636462251687
69 0 0.00483775111544738
70 0 0.00528026254761516
71 0 0.00588638200352565
72 0 0.00686629200520195
73 0 0.00784077790462046
74 0 0.00882324316949268
75 0 0.00975497697893035
76 0 0.010565795788689
77 0 0.0107836358115269
78 0 0.0112579913604681
79 0 0.0122324073891269
80 0 0.0140118649284262
81 0 0.0136539330562342
82 0 0.0158114759956222
83 0 0.0180910696398067
84 0 0.020150481625955
85 0 0.0213955209107954
86 0 0.0212072291729406
87 0 0.0202618875663918
88 0 0.0190600798891724
89 0 0.0180349583125992
90 0 0.017783045132183
91 0 0.0271434451822
92 0 0.0285011293674561
93 0 0.0298025610313093
94 0 0.0309961408205824
95 0 0.0323585534126725
96 0 0.0337803345769226
97 0 0.0348608082427256
98 0 0.0361285852074577
99 0 0.0378144241692101
100 0 0.039665963737903

death 1 F single
1 0 0.0270950702503538
2 0 0.00661314431470228
3 0 0.00417496166016607
4 0 0.00298769235252117
5 0 0.00275451635519675
6 0 0.00252116743219033
7 0 0.00177998968393533
8 0 0.00123071318807422
9 0 0.000873349544950996
10 0 0.000677854811128142
11 0 0.000605848047171342
12 0 0.000612895140792546
13 0 0.000611133316141932
14 0 0.000605848047171342
15 0 0.000584877787906612
16 0 0.000553766841329684
17 0 0.000501380294002152
18 0 0.000474318759615011
19 0 0.000470381684733234
20 0 0.000483533857071783
21 0 0.000508754493172447
22 0 0.000554018369608666
23 0 0.000585548761244503
24 0 0.000607274200572938
25 0 0.00061918765060287
26 0 0.000624725419770988
27 0 0.000623550713255927
28 0 0.000650069215878513
29 0 0.000706572724045396
30 0 0.000787905420772339
31 0 0.000879491835006685
32 0 0.000992061833112179
33 0 0.00107086804469037
34 0 0.00111202616422146
35 0 0.00109684271917532
36 0 0.00103065568951721
37 0 0.00092856092541671
38 0 0.000884624752127805
39 0 0.0009038968168118
40 0 0.000989113195389302
41 0 0.00112619967046201
42 0 0.00131302413263856
43 0 0.00146389579176975
44 0 0.00156498376805891
45 0 0.00158533360049418
46 0 0.00152506047965839
47 0 0.00140725779471507
48 0 0.00132807465264340
49 0 0.00129797610719584
50 0 0.00133281016369469
51 0 0.00142621785291075
52 0 0.00158652081489941
53 0 0.00173232699117798
54 0 0.00184936195607377
55 0 0.00192755433004521
56 0 0.00199065082513084
57 0 0.00199755067402818
58 0 0.00205362075234605
59 0 0.00216228056996648
60 0 0.00233859643137801
61 0 0.00255827435451872
62 0 0.00298373083683301
63 0 0.00345515932360119
64 0 0.00391704567064644
65 0 0.00422855393733113
66 0 0.0043891715451031
67 0 0.0044398278048714
68 0 0.00457636462251687
69 0 0.00483775111544738
70 0 0.00528026254761516
71 0 0.00588638200352565
72 0 0.00686629200520195
73 0 0.00784077790462046
74 0 0.00882324316949268
75 0 0.00975497697893035
76 0 0.010565795788689
77 0 0.0107836358115269
78 0 0.0112579913604681
79 0 0.0122324073891269
80 0 0.0140118649284262
81 0 0.0136539330562342
82 0 0.0158114759956222
83 0 0.0180910696398067
84 0 0.020150481625955
85 0 0.0213955209107954
86 0 0.0212072291729406
87 0 0.0202618875663918
88 0 0.0190600798891724
89 0 0.0180349583125992
90 0 0.017783045132183
91 0 0.0271434451822
92 0 0.0285011293674561
93 0 0.0298025610313093
94 0 0.0309961408205824
95 0 0.0323585534126725
96 0 0.0337803345769226
97 0 0.0348608082427256
98 0 0.0361285852074577
99 0 0.0378144241692101
100 0 0.039665963737903

death 1 F divorced
1 0 0.0270950702503538
2 0 0.00661314431470228
3 0 0.00417496166016607
4 0 0.00298769235252117
5 0 0.00275451635519675
6 0 0.00252116743219033
7 0 0.00177998968393533
8 0 0.00123071318807422
9 0 0.000873349544950996
10 0 0.000677854811128142
11 0 0.000605848047171342
12 0 0.000612895140792546
13 0 0.000611133316141932
14 0 0.000605848047171342
15 0 0.000584877787906612
16 0 0.000553766841329684
17 0 0.000501380294002152
18 0 0.000474318759615011
19 0 0.000470381684733234
20 0 0.000483533857071783
21 0 0.000508754493172447
22 0 0.000554018369608666
23 0 0.000585548761244503
24 0 0.000607274200572938
25 0 0.00061918765060287
26 0 0.000624725419770988
27 0 0.000623550713255927
28 0 0.000650069215878513
29 0 0.000706572724045396
30 0 0.000787905420772339
31 0 0.000879491835006685
32 0 0.000992061833112179
33 0 0.00107086804469037
34 0 0.00111202616422146
35 0 0.00109684271917532
36 0 0.00103065568951721
37 0 0.00092856092541671
38 0 0.000884624752127805
39 0 0.0009038968168118
40 0 0.000989113195389302
41 0 0.00112619967046201
42 0 0.00131302413263856
43 0 0.00146389579176975
44 0 0.00156498376805891
45 0 0.00158533360049418
46 0 0.00152506047965839
47 0 0.00140725779471507
48 0 0.00132807465264340
49 0 0.00129797610719584
50 0 0.00133281016369469
51 0 0.00142621785291075
52 0 0.00158652081489941
53 0 0.00173232699117798
54 0 0.00184936195607377
55 0 0.00192755433004521
56 0 0.00199065082513084
57 0 0.00199755067402818
58 0 0.00205362075234605
59 0 0.00216228056996648
60 0 0.00233859643137801
61 0 0.00255827435451872
62 0 0.00298373083683301
63 0 0.00345515932360119
64 0 0.00391704567064644
65 0 0.00422855393733113
66 0 0.0043891715451031
67 0 0.0044398278048714
68 0 0.00457636462251687
69 0 0.00483775111544738
70 0 0.00528026254761516
71 0 0.00588638200352565
72 0 0.00686629200520195
73 0 0.00784077790462046
74 0 0.00882324316949268
75 0 0.00975497697893035
76 0 0.010565795788689
77 0 0.0107836358115269
78 0 0.0112579913604681
79 0 0.0122324073891269
80 0 0.0140118649284262
81 0 0.0136539330562342
82 0 0.0158114759956222
83 0 0.0180910696398067
84 0 0.020150481625955
85 0 0.0213955209107954
86 0 0.0212072291729406
87 0 0.0202618875663918
88 0 0.0190600798891724
89 0 0.0180349583125992
90 0 0.017783045132183
91 0 0.0271434451822
92 0 0.0285011293674561
93 0 0.0298025610313093
94 0 0.0309961408205824
95 0 0.0323585534126725
96 0 0.0337803345769226
97 0 0.0348608082427256
98 0 0.0361285852074577
99 0 0.0378144241692101
100 0 0.039665963737903

death 1 F widowed
1 0 0.0270950702503538
2 0 0.00661314431470228
3 0 0.00417496166016607
4 0 0.00298769235252117
5 0 0.00275451635519675
6 0 0.00252116743219033
7 0 0.00177998968393533
8 0 0.00123071318807422
9 0 0.000873349544950996
10 0 0.000677854811128142
11 0 0.000605848047171342
12 0 0.000612895140792546
13 0 0.000611133316141932
14 0 0.000605848047171342
15 0 0.000584877787906612
16 0 0.000553766841329684
17 0 0.000501380294002152
18 0 0.000474318759615011
19 0 0.000470381684733234
20 0 0.000483533857071783
21 0 0.000508754493172447
22 0 0.000554018369608666
23 0 0.000585548761244503
24 0 0.000607274200572938
25 0 0.00061918765060287
26 0 0.000624725419770988
27 0 0.000623550713255927
28 0 0.000650069215878513
29 0 0.000706572724045396
30 0 0.000787905420772339
31 0 0.000879491835006685
32 0 0.000992061833112179
33 0 0.00107086804469037
34 0 0.00111202616422146
35 0 0.00109684271917532
36 0 0.00103065568951721
37 0 0.00092856092541671
38 0 0.000884624752127805
39 0 0.0009038968168118
40 0 0.000989113195389302
41 0 0.00112619967046201
42 0 0.00131302413263856
43 0 0.00146389579176975
44 0 0.00156498376805891
45 0 0.00158533360049418
46 0 0.00152506047965839
47 0 0.00140725779471507
48 0 0.00132807465264340
49 0 0.00129797610719584
50 0 0.00133281016369469
51 0 0.00142621785291075
52 0 0.00158652081489941
53 0 0.00173232699117798
54 0 0.00184936195607377
55 0 0.00192755433004521
56 0 0.00199065082513084
57 0 0.00199755067402818
58 0 0.00205362075234605
59 0 0.00216228056996648
60 0 0.00233859643137801
61 0 0.00255827435451872
62 0 0.00298373083683301
63 0 0.00345515932360119
64 0 0.00391704567064644
65 0 0.00422855393733113
66 0 0.0043891715451031
67 0 0.0044398278048714
68 0 0.00457636462251687
69 0 0.00483775111544738
70 0 0.00528026254761516
71 0 0.00588638200352565
72 0 0.00686629200520195
73 0 0.00784077790462046
74 0 0.00882324316949268
75 0 0.00975497697893035
76 0 0.010565795788689
77 0 0.0107836358115269
78 0 0.0112579913604681
79 0 0.0122324073891269
80 0 0.0140118649284262
81 0 0.0136539330562342
82 0 0.0158114759956222
83 0 0.0180910696398067
84 0 0.020150481625955
85 0 0.0213955209107954
86 0 0.0212072291729406
87 0 0.0202618875663918
88 0 0.0190600798891724
89 0 0.0180349583125992
90 0 0.017783045132183
91 0 0.0271434451822
92 0 0.0285011293674561
93 0 0.0298025610313093
94 0 0.0309961408205824
95 0 0.0323585534126725
96 0 0.0337803345769226
97 0 0.0348608082427256
98 0 0.0361285852074577
99 0 0.0378144241692101
100 0 0.039665963737903
