*Period monthly mortality rates for SWE in 2082 
* Mon Dec 20 14:21:52 2010
death 1 M married
1 0 0.000142611806542514
2 0 0.0000150012376423092
3 0 0.00000500013750526218
4 0 0.00000333339444602565
5 0 0.00000333339444602565
6 0 0.00000250003437562984
7 0 0.00000250003437562984
8 0 0.00000250003437562984
9 0 0.00000166668194467867
10 0 0.00000250003437562984
11 0 0.00000250003437562984
12 0 0.00000250003437562984
13 0 0.00000250003437562984
14 0 0.00000333339444602565
15 0 0.00000416676215586609
16 0 0.00000583352049443597
17 0 0.00000750030939278279
18 0 0.0000100005500421885
19 0 0.000012500859457365
20 0 0.0000166681946396352
21 0 0.0000200022003373768
22 0 0.0000216692490401238
23 0 0.0000216692490401238
24 0 0.0000216692490401238
25 0 0.0000208357208674181
26 0 0.0000208357208674181
27 0 0.0000208357208674181
28 0 0.0000191686874497776
29 0 0.0000191686874497776
30 0 0.0000191686874497776
31 0 0.0000191686874497776
32 0 0.0000183351822042876
33 0 0.0000191686874497776
34 0 0.0000200022003373768
35 0 0.0000208357208674181
36 0 0.0000225027848553827
37 0 0.0000241698794146705
38 0 0.0000250034381590325
39 0 0.0000275041602521009
40 0 0.0000291713465325749
41 0 0.0000316721832838152
42 0 0.0000341730888351321
43 0 0.0000383414176537977
44 0 0.0000433436645435048
45 0 0.0000458448912142861
46 0 0.0000508475510273554
47 0 0.000055850486162301
48 0 0.0000608536966506534
49 0 0.0000683590287403613
50 0 0.0000750309553007034
51 0 0.0000817033715945215
52 0 0.0000933812787555777
53 0 0.000101723559627565
54 0 0.000116741594805347
55 0 0.000125920504593591
56 0 0.000137604094123889
57 0 0.000152628059122195
58 0 0.000170994056027163
59 0 0.000180178446304025
60 0 0.000202725885138699
61 0 0.00021776061905987
62 0 0.00024115292740190
63 0 0.000268730165220221
64 0 0.000294643679960349
65 0 0.000328927745411711
66 0 0.000356531634559953
67 0 0.0003908390598516
68 0 0.000437718918821939
69 0 0.00047959638290207
70 0 0.000532389482234108
71 0 0.00059360082782578
72 0 0.000652335396287174
73 0 0.000730427249033605
74 0 0.000815312791019873
75 0 0.000912903069911875
76 0 0.00104093891598678
77 0 0.00115143061062351
78 0 0.00135167009583625
79 0 0.00155065683138589
80 0 0.00179511783907171
81 0 0.00209650621597524
82 0 0.00247936535139559
83 0 0.00296280657234849
84 0 0.00350685469912415
85 0 0.00426793916991186
86 0 0.0051377211941448
87 0 0.00621207701410387
88 0 0.00741867324176382
89 0 0.00899620972402304
90 0 0.0107200016136485
91 0 0.0128129719087986
92 0 0.0155499993412361
93 0 0.0187995099731753
94 0 0.0218387263688623
95 0 0.0257472021597249
96 0 0.0289613992058276
97 0 0.0343733772974817
98 0 0.0389332469962681
99 0 0.0430559619687390
100 0 0.0487217167825055

death 1 M single
1 0 0.000142611806542514
2 0 0.0000150012376423092
3 0 0.00000500013750526218
4 0 0.00000333339444602565
5 0 0.00000333339444602565
6 0 0.00000250003437562984
7 0 0.00000250003437562984
8 0 0.00000250003437562984
9 0 0.00000166668194467867
10 0 0.00000250003437562984
11 0 0.00000250003437562984
12 0 0.00000250003437562984
13 0 0.00000250003437562984
14 0 0.00000333339444602565
15 0 0.00000416676215586609
16 0 0.00000583352049443597
17 0 0.00000750030939278279
18 0 0.0000100005500421885
19 0 0.000012500859457365
20 0 0.0000166681946396352
21 0 0.0000200022003373768
22 0 0.0000216692490401238
23 0 0.0000216692490401238
24 0 0.0000216692490401238
25 0 0.0000208357208674181
26 0 0.0000208357208674181
27 0 0.0000208357208674181
28 0 0.0000191686874497776
29 0 0.0000191686874497776
30 0 0.0000191686874497776
31 0 0.0000191686874497776
32 0 0.0000183351822042876
33 0 0.0000191686874497776
34 0 0.0000200022003373768
35 0 0.0000208357208674181
36 0 0.0000225027848553827
37 0 0.0000241698794146705
38 0 0.0000250034381590325
39 0 0.0000275041602521009
40 0 0.0000291713465325749
41 0 0.0000316721832838152
42 0 0.0000341730888351321
43 0 0.0000383414176537977
44 0 0.0000433436645435048
45 0 0.0000458448912142861
46 0 0.0000508475510273554
47 0 0.000055850486162301
48 0 0.0000608536966506534
49 0 0.0000683590287403613
50 0 0.0000750309553007034
51 0 0.0000817033715945215
52 0 0.0000933812787555777
53 0 0.000101723559627565
54 0 0.000116741594805347
55 0 0.000125920504593591
56 0 0.000137604094123889
57 0 0.000152628059122195
58 0 0.000170994056027163
59 0 0.000180178446304025
60 0 0.000202725885138699
61 0 0.00021776061905987
62 0 0.00024115292740190
63 0 0.000268730165220221
64 0 0.000294643679960349
65 0 0.000328927745411711
66 0 0.000356531634559953
67 0 0.0003908390598516
68 0 0.000437718918821939
69 0 0.00047959638290207
70 0 0.000532389482234108
71 0 0.00059360082782578
72 0 0.000652335396287174
73 0 0.000730427249033605
74 0 0.000815312791019873
75 0 0.000912903069911875
76 0 0.00104093891598678
77 0 0.00115143061062351
78 0 0.00135167009583625
79 0 0.00155065683138589
80 0 0.00179511783907171
81 0 0.00209650621597524
82 0 0.00247936535139559
83 0 0.00296280657234849
84 0 0.00350685469912415
85 0 0.00426793916991186
86 0 0.0051377211941448
87 0 0.00621207701410387
88 0 0.00741867324176382
89 0 0.00899620972402304
90 0 0.0107200016136485
91 0 0.0128129719087986
92 0 0.0155499993412361
93 0 0.0187995099731753
94 0 0.0218387263688623
95 0 0.0257472021597249
96 0 0.0289613992058276
97 0 0.0343733772974817
98 0 0.0389332469962681
99 0 0.0430559619687390
100 0 0.0487217167825055

death 1 M divorced
1 0 0.000142611806542514
2 0 0.0000150012376423092
3 0 0.00000500013750526218
4 0 0.00000333339444602565
5 0 0.00000333339444602565
6 0 0.00000250003437562984
7 0 0.00000250003437562984
8 0 0.00000250003437562984
9 0 0.00000166668194467867
10 0 0.00000250003437562984
11 0 0.00000250003437562984
12 0 0.00000250003437562984
13 0 0.00000250003437562984
14 0 0.00000333339444602565
15 0 0.00000416676215586609
16 0 0.00000583352049443597
17 0 0.00000750030939278279
18 0 0.0000100005500421885
19 0 0.000012500859457365
20 0 0.0000166681946396352
21 0 0.0000200022003373768
22 0 0.0000216692490401238
23 0 0.0000216692490401238
24 0 0.0000216692490401238
25 0 0.0000208357208674181
26 0 0.0000208357208674181
27 0 0.0000208357208674181
28 0 0.0000191686874497776
29 0 0.0000191686874497776
30 0 0.0000191686874497776
31 0 0.0000191686874497776
32 0 0.0000183351822042876
33 0 0.0000191686874497776
34 0 0.0000200022003373768
35 0 0.0000208357208674181
36 0 0.0000225027848553827
37 0 0.0000241698794146705
38 0 0.0000250034381590325
39 0 0.0000275041602521009
40 0 0.0000291713465325749
41 0 0.0000316721832838152
42 0 0.0000341730888351321
43 0 0.0000383414176537977
44 0 0.0000433436645435048
45 0 0.0000458448912142861
46 0 0.0000508475510273554
47 0 0.000055850486162301
48 0 0.0000608536966506534
49 0 0.0000683590287403613
50 0 0.0000750309553007034
51 0 0.0000817033715945215
52 0 0.0000933812787555777
53 0 0.000101723559627565
54 0 0.000116741594805347
55 0 0.000125920504593591
56 0 0.000137604094123889
57 0 0.000152628059122195
58 0 0.000170994056027163
59 0 0.000180178446304025
60 0 0.000202725885138699
61 0 0.00021776061905987
62 0 0.00024115292740190
63 0 0.000268730165220221
64 0 0.000294643679960349
65 0 0.000328927745411711
66 0 0.000356531634559953
67 0 0.0003908390598516
68 0 0.000437718918821939
69 0 0.00047959638290207
70 0 0.000532389482234108
71 0 0.00059360082782578
72 0 0.000652335396287174
73 0 0.000730427249033605
74 0 0.000815312791019873
75 0 0.000912903069911875
76 0 0.00104093891598678
77 0 0.00115143061062351
78 0 0.00135167009583625
79 0 0.00155065683138589
80 0 0.00179511783907171
81 0 0.00209650621597524
82 0 0.00247936535139559
83 0 0.00296280657234849
84 0 0.00350685469912415
85 0 0.00426793916991186
86 0 0.0051377211941448
87 0 0.00621207701410387
88 0 0.00741867324176382
89 0 0.00899620972402304
90 0 0.0107200016136485
91 0 0.0128129719087986
92 0 0.0155499993412361
93 0 0.0187995099731753
94 0 0.0218387263688623
95 0 0.0257472021597249
96 0 0.0289613992058276
97 0 0.0343733772974817
98 0 0.0389332469962681
99 0 0.0430559619687390
100 0 0.0487217167825055

death 1 M widowed
1 0 0.000142611806542514
2 0 0.0000150012376423092
3 0 0.00000500013750526218
4 0 0.00000333339444602565
5 0 0.00000333339444602565
6 0 0.00000250003437562984
7 0 0.00000250003437562984
8 0 0.00000250003437562984
9 0 0.00000166668194467867
10 0 0.00000250003437562984
11 0 0.00000250003437562984
12 0 0.00000250003437562984
13 0 0.00000250003437562984
14 0 0.00000333339444602565
15 0 0.00000416676215586609
16 0 0.00000583352049443597
17 0 0.00000750030939278279
18 0 0.0000100005500421885
19 0 0.000012500859457365
20 0 0.0000166681946396352
21 0 0.0000200022003373768
22 0 0.0000216692490401238
23 0 0.0000216692490401238
24 0 0.0000216692490401238
25 0 0.0000208357208674181
26 0 0.0000208357208674181
27 0 0.0000208357208674181
28 0 0.0000191686874497776
29 0 0.0000191686874497776
30 0 0.0000191686874497776
31 0 0.0000191686874497776
32 0 0.0000183351822042876
33 0 0.0000191686874497776
34 0 0.0000200022003373768
35 0 0.0000208357208674181
36 0 0.0000225027848553827
37 0 0.0000241698794146705
38 0 0.0000250034381590325
39 0 0.0000275041602521009
40 0 0.0000291713465325749
41 0 0.0000316721832838152
42 0 0.0000341730888351321
43 0 0.0000383414176537977
44 0 0.0000433436645435048
45 0 0.0000458448912142861
46 0 0.0000508475510273554
47 0 0.000055850486162301
48 0 0.0000608536966506534
49 0 0.0000683590287403613
50 0 0.0000750309553007034
51 0 0.0000817033715945215
52 0 0.0000933812787555777
53 0 0.000101723559627565
54 0 0.000116741594805347
55 0 0.000125920504593591
56 0 0.000137604094123889
57 0 0.000152628059122195
58 0 0.000170994056027163
59 0 0.000180178446304025
60 0 0.000202725885138699
61 0 0.00021776061905987
62 0 0.00024115292740190
63 0 0.000268730165220221
64 0 0.000294643679960349
65 0 0.000328927745411711
66 0 0.000356531634559953
67 0 0.0003908390598516
68 0 0.000437718918821939
69 0 0.00047959638290207
70 0 0.000532389482234108
71 0 0.00059360082782578
72 0 0.000652335396287174
73 0 0.000730427249033605
74 0 0.000815312791019873
75 0 0.000912903069911875
76 0 0.00104093891598678
77 0 0.00115143061062351
78 0 0.00135167009583625
79 0 0.00155065683138589
80 0 0.00179511783907171
81 0 0.00209650621597524
82 0 0.00247936535139559
83 0 0.00296280657234849
84 0 0.00350685469912415
85 0 0.00426793916991186
86 0 0.0051377211941448
87 0 0.00621207701410387
88 0 0.00741867324176382
89 0 0.00899620972402304
90 0 0.0107200016136485
91 0 0.0128129719087986
92 0 0.0155499993412361
93 0 0.0187995099731753
94 0 0.0218387263688623
95 0 0.0257472021597249
96 0 0.0289613992058276
97 0 0.0343733772974817
98 0 0.0389332469962681
99 0 0.0430559619687390
100 0 0.0487217167825055

death 1 F married
1 0 0.000141777168646939
2 0 0.0000150012376423092
3 0 0.00000500013750526218
4 0 0.00000333339444602565
5 0 0.00000250003437562984
6 0 0.00000250003437562984
7 0 0.00000250003437562984
8 0 0.00000166668194467867
9 0 0.00000166668194467867
10 0 0.00000250003437562984
11 0 0.00000250003437562984
12 0 0.00000250003437562984
13 0 0.00000250003437562984
14 0 0.00000250003437562984
15 0 0.00000333339444602565
16 0 0.00000500013750526218
17 0 0.00000500013750526218
18 0 0.00000583352049443597
19 0 0.00000666691112360951
20 0 0.00000750030939278279
21 0 0.00000833371530217786
22 0 0.00000833371530217786
23 0 0.00000833371530217786
24 0 0.00000833371530217786
25 0 0.00000666691112360951
26 0 0.00000666691112360951
27 0 0.00000750030939278279
28 0 0.00000750030939278279
29 0 0.00000750030939278279
30 0 0.00000833371530217786
31 0 0.00000916712885190574
32 0 0.00000916712885190574
33 0 0.00000916712885190574
34 0 0.0000100005500421885
35 0 0.0000108339788730261
36 0 0.000012500859457365
37 0 0.0000141677706060328
38 0 0.0000150012376423092
39 0 0.0000158347123201397
40 0 0.0000166681946396352
41 0 0.0000175016846010179
42 0 0.0000191686874497776
43 0 0.0000233363283135279
44 0 0.0000250034381590325
45 0 0.0000283377495704507
46 0 0.0000333394460065861
47 0 0.0000383414176537977
48 0 0.0000441773991204375
49 0 0.0000541828105240505
50 0 0.000064189323299324
51 0 0.0000750309553007034
52 0 0.000086708005247571
53 0 0.0000942154723914124
54 0 0.000102557829824601
55 0 0.000114238416628387
56 0 0.000128424004500527
57 0 0.000145115766213677
58 0 0.000159306174086660
59 0 0.000176003608403419
60 0 0.000188528697419477
61 0 0.000214419352144724
62 0 0.000236975287897678
63 0 0.000250344410298808
64 0 0.000279596223468848
65 0 0.000301332238197172
66 0 0.000336455247325729
67 0 0.000361551424450379
68 0 0.000395860745241672
69 0 0.00043353223369802
70 0 0.000470381684733234
71 0 0.000528198432916849
72 0 0.00057934244693103
73 0 0.00063974622038987
74 0 0.000714467542335284
75 0 0.000801019572312933
76 0 0.000893544937494828
77 0 0.00100638514969764
78 0 0.00114467917043637
79 0 0.00128994587832731
80 0 0.00148625593970941
81 0 0.00170336777811297
82 0 0.00197549003752195
83 0 0.00223732667933318
84 0 0.00260105613913908
85 0 0.00300414310691943
86 0 0.00366723736051155
87 0 0.0044270517049273
88 0 0.00532753171481748
89 0 0.00642741589294393
90 0 0.00771219675131707
91 0 0.00911778835107824
92 0 0.0110508649304600
93 0 0.0128773377503770
94 0 0.0151676402045209
95 0 0.0174867028381978
96 0 0.0203813760481720
97 0 0.0234576640353770
98 0 0.0273097454190480
99 0 0.0312852866234034
100 0 0.0343427730632649

death 1 F single
1 0 0.000141777168646939
2 0 0.0000150012376423092
3 0 0.00000500013750526218
4 0 0.00000333339444602565
5 0 0.00000250003437562984
6 0 0.00000250003437562984
7 0 0.00000250003437562984
8 0 0.00000166668194467867
9 0 0.00000166668194467867
10 0 0.00000250003437562984
11 0 0.00000250003437562984
12 0 0.00000250003437562984
13 0 0.00000250003437562984
14 0 0.00000250003437562984
15 0 0.00000333339444602565
16 0 0.00000500013750526218
17 0 0.00000500013750526218
18 0 0.00000583352049443597
19 0 0.00000666691112360951
20 0 0.00000750030939278279
21 0 0.00000833371530217786
22 0 0.00000833371530217786
23 0 0.00000833371530217786
24 0 0.00000833371530217786
25 0 0.00000666691112360951
26 0 0.00000666691112360951
27 0 0.00000750030939278279
28 0 0.00000750030939278279
29 0 0.00000750030939278279
30 0 0.00000833371530217786
31 0 0.00000916712885190574
32 0 0.00000916712885190574
33 0 0.00000916712885190574
34 0 0.0000100005500421885
35 0 0.0000108339788730261
36 0 0.000012500859457365
37 0 0.0000141677706060328
38 0 0.0000150012376423092
39 0 0.0000158347123201397
40 0 0.0000166681946396352
41 0 0.0000175016846010179
42 0 0.0000191686874497776
43 0 0.0000233363283135279
44 0 0.0000250034381590325
45 0 0.0000283377495704507
46 0 0.0000333394460065861
47 0 0.0000383414176537977
48 0 0.0000441773991204375
49 0 0.0000541828105240505
50 0 0.000064189323299324
51 0 0.0000750309553007034
52 0 0.000086708005247571
53 0 0.0000942154723914124
54 0 0.000102557829824601
55 0 0.000114238416628387
56 0 0.000128424004500527
57 0 0.000145115766213677
58 0 0.000159306174086660
59 0 0.000176003608403419
60 0 0.000188528697419477
61 0 0.000214419352144724
62 0 0.000236975287897678
63 0 0.000250344410298808
64 0 0.000279596223468848
65 0 0.000301332238197172
66 0 0.000336455247325729
67 0 0.000361551424450379
68 0 0.000395860745241672
69 0 0.00043353223369802
70 0 0.000470381684733234
71 0 0.000528198432916849
72 0 0.00057934244693103
73 0 0.00063974622038987
74 0 0.000714467542335284
75 0 0.000801019572312933
76 0 0.000893544937494828
77 0 0.00100638514969764
78 0 0.00114467917043637
79 0 0.00128994587832731
80 0 0.00148625593970941
81 0 0.00170336777811297
82 0 0.00197549003752195
83 0 0.00223732667933318
84 0 0.00260105613913908
85 0 0.00300414310691943
86 0 0.00366723736051155
87 0 0.0044270517049273
88 0 0.00532753171481748
89 0 0.00642741589294393
90 0 0.00771219675131707
91 0 0.00911778835107824
92 0 0.0110508649304600
93 0 0.0128773377503770
94 0 0.0151676402045209
95 0 0.0174867028381978
96 0 0.0203813760481720
97 0 0.0234576640353770
98 0 0.0273097454190480
99 0 0.0312852866234034
100 0 0.0343427730632649

death 1 F divorced
1 0 0.000141777168646939
2 0 0.0000150012376423092
3 0 0.00000500013750526218
4 0 0.00000333339444602565
5 0 0.00000250003437562984
6 0 0.00000250003437562984
7 0 0.00000250003437562984
8 0 0.00000166668194467867
9 0 0.00000166668194467867
10 0 0.00000250003437562984
11 0 0.00000250003437562984
12 0 0.00000250003437562984
13 0 0.00000250003437562984
14 0 0.00000250003437562984
15 0 0.00000333339444602565
16 0 0.00000500013750526218
17 0 0.00000500013750526218
18 0 0.00000583352049443597
19 0 0.00000666691112360951
20 0 0.00000750030939278279
21 0 0.00000833371530217786
22 0 0.00000833371530217786
23 0 0.00000833371530217786
24 0 0.00000833371530217786
25 0 0.00000666691112360951
26 0 0.00000666691112360951
27 0 0.00000750030939278279
28 0 0.00000750030939278279
29 0 0.00000750030939278279
30 0 0.00000833371530217786
31 0 0.00000916712885190574
32 0 0.00000916712885190574
33 0 0.00000916712885190574
34 0 0.0000100005500421885
35 0 0.0000108339788730261
36 0 0.000012500859457365
37 0 0.0000141677706060328
38 0 0.0000150012376423092
39 0 0.0000158347123201397
40 0 0.0000166681946396352
41 0 0.0000175016846010179
42 0 0.0000191686874497776
43 0 0.0000233363283135279
44 0 0.0000250034381590325
45 0 0.0000283377495704507
46 0 0.0000333394460065861
47 0 0.0000383414176537977
48 0 0.0000441773991204375
49 0 0.0000541828105240505
50 0 0.000064189323299324
51 0 0.0000750309553007034
52 0 0.000086708005247571
53 0 0.0000942154723914124
54 0 0.000102557829824601
55 0 0.000114238416628387
56 0 0.000128424004500527
57 0 0.000145115766213677
58 0 0.000159306174086660
59 0 0.000176003608403419
60 0 0.000188528697419477
61 0 0.000214419352144724
62 0 0.000236975287897678
63 0 0.000250344410298808
64 0 0.000279596223468848
65 0 0.000301332238197172
66 0 0.000336455247325729
67 0 0.000361551424450379
68 0 0.000395860745241672
69 0 0.00043353223369802
70 0 0.000470381684733234
71 0 0.000528198432916849
72 0 0.00057934244693103
73 0 0.00063974622038987
74 0 0.000714467542335284
75 0 0.000801019572312933
76 0 0.000893544937494828
77 0 0.00100638514969764
78 0 0.00114467917043637
79 0 0.00128994587832731
80 0 0.00148625593970941
81 0 0.00170336777811297
82 0 0.00197549003752195
83 0 0.00223732667933318
84 0 0.00260105613913908
85 0 0.00300414310691943
86 0 0.00366723736051155
87 0 0.0044270517049273
88 0 0.00532753171481748
89 0 0.00642741589294393
90 0 0.00771219675131707
91 0 0.00911778835107824
92 0 0.0110508649304600
93 0 0.0128773377503770
94 0 0.0151676402045209
95 0 0.0174867028381978
96 0 0.0203813760481720
97 0 0.0234576640353770
98 0 0.0273097454190480
99 0 0.0312852866234034
100 0 0.0343427730632649

death 1 F widowed
1 0 0.000141777168646939
2 0 0.0000150012376423092
3 0 0.00000500013750526218
4 0 0.00000333339444602565
5 0 0.00000250003437562984
6 0 0.00000250003437562984
7 0 0.00000250003437562984
8 0 0.00000166668194467867
9 0 0.00000166668194467867
10 0 0.00000250003437562984
11 0 0.00000250003437562984
12 0 0.00000250003437562984
13 0 0.00000250003437562984
14 0 0.00000250003437562984
15 0 0.00000333339444602565
16 0 0.00000500013750526218
17 0 0.00000500013750526218
18 0 0.00000583352049443597
19 0 0.00000666691112360951
20 0 0.00000750030939278279
21 0 0.00000833371530217786
22 0 0.00000833371530217786
23 0 0.00000833371530217786
24 0 0.00000833371530217786
25 0 0.00000666691112360951
26 0 0.00000666691112360951
27 0 0.00000750030939278279
28 0 0.00000750030939278279
29 0 0.00000750030939278279
30 0 0.00000833371530217786
31 0 0.00000916712885190574
32 0 0.00000916712885190574
33 0 0.00000916712885190574
34 0 0.0000100005500421885
35 0 0.0000108339788730261
36 0 0.000012500859457365
37 0 0.0000141677706060328
38 0 0.0000150012376423092
39 0 0.0000158347123201397
40 0 0.0000166681946396352
41 0 0.0000175016846010179
42 0 0.0000191686874497776
43 0 0.0000233363283135279
44 0 0.0000250034381590325
45 0 0.0000283377495704507
46 0 0.0000333394460065861
47 0 0.0000383414176537977
48 0 0.0000441773991204375
49 0 0.0000541828105240505
50 0 0.000064189323299324
51 0 0.0000750309553007034
52 0 0.000086708005247571
53 0 0.0000942154723914124
54 0 0.000102557829824601
55 0 0.000114238416628387
56 0 0.000128424004500527
57 0 0.000145115766213677
58 0 0.000159306174086660
59 0 0.000176003608403419
60 0 0.000188528697419477
61 0 0.000214419352144724
62 0 0.000236975287897678
63 0 0.000250344410298808
64 0 0.000279596223468848
65 0 0.000301332238197172
66 0 0.000336455247325729
67 0 0.000361551424450379
68 0 0.000395860745241672
69 0 0.00043353223369802
70 0 0.000470381684733234
71 0 0.000528198432916849
72 0 0.00057934244693103
73 0 0.00063974622038987
74 0 0.000714467542335284
75 0 0.000801019572312933
76 0 0.000893544937494828
77 0 0.00100638514969764
78 0 0.00114467917043637
79 0 0.00128994587832731
80 0 0.00148625593970941
81 0 0.00170336777811297
82 0 0.00197549003752195
83 0 0.00223732667933318
84 0 0.00260105613913908
85 0 0.00300414310691943
86 0 0.00366723736051155
87 0 0.0044270517049273
88 0 0.00532753171481748
89 0 0.00642741589294393
90 0 0.00771219675131707
91 0 0.00911778835107824
92 0 0.0110508649304600
93 0 0.0128773377503770
94 0 0.0151676402045209
95 0 0.0174867028381978
96 0 0.0203813760481720
97 0 0.0234576640353770
98 0 0.0273097454190480
99 0 0.0312852866234034
100 0 0.0343427730632649
