*Period monthly mortality rates for SWE in 2104 
* Mon Dec 20 14:21:52 2010
death 1 M married
1 0 0.000114238416628387
2 0 0.0000116674153447516
3 0 0.00000333339444602565
4 0 0.00000250003437562984
5 0 0.00000250003437562984
6 0 0.00000166668194467867
7 0 0.00000166668194467867
8 0 0.00000166668194467867
9 0 0.00000166668194467867
10 0 0.00000166668194467867
11 0 0.00000166668194467867
12 0 0.00000250003437562984
13 0 0.00000166668194467867
14 0 0.00000250003437562984
15 0 0.00000333339444602565
16 0 0.00000416676215586609
17 0 0.00000583352049443597
18 0 0.00000750030939278279
19 0 0.0000100005500421885
20 0 0.0000133343112110884
21 0 0.0000158347123201397
22 0 0.0000166681946396352
23 0 0.0000175016846010179
24 0 0.0000166681946396352
25 0 0.0000166681946396352
26 0 0.0000166681946396352
27 0 0.0000166681946396352
28 0 0.0000158347123201397
29 0 0.0000150012376423092
30 0 0.0000150012376423092
31 0 0.0000158347123201397
32 0 0.0000141677706060328
33 0 0.0000150012376423092
34 0 0.0000158347123201397
35 0 0.0000166681946396352
36 0 0.0000175016846010179
37 0 0.0000191686874497776
38 0 0.0000200022003373768
39 0 0.0000216692490401238
40 0 0.0000233363283135279
41 0 0.0000250034381590325
42 0 0.0000275041602521009
43 0 0.0000308385633891461
44 0 0.0000341730888351321
45 0 0.0000366740631904117
46 0 0.0000408425066913409
47 0 0.0000450111413439203
48 0 0.0000491799671665794
49 0 0.0000550166445189015
50 0 0.0000600198091127435
51 0 0.000065857182524165
52 0 0.0000741969376999441
53 0 0.0000817033715945215
54 0 0.0000933812787555777
55 0 0.000100889297087292
56 0 0.000110066606177961
57 0 0.000122582611971733
58 0 0.000136769502209200
59 0 0.000145115766213677
60 0 0.000162645415570539
61 0 0.000174333726933429
62 0 0.000193539216339467
63 0 0.000215254657358166
64 0 0.000236139783039269
65 0 0.000262044005810314
66 0 0.000282103959876823
67 0 0.000309693628284036
68 0 0.000347329406522712
69 0 0.000379959693386556
70 0 0.000421810541447409
71 0 0.000470381684733234
72 0 0.000516464523162341
73 0 0.000578503788322804
74 0 0.000645620952050785
75 0 0.000722867038453145
76 0 0.000826244417195032
77 0 0.000916270122841567
78 0 0.00108140881878294
79 0 0.0012451586835861
80 0 0.00145491940306064
81 0 0.00171270845011817
82 0 0.00204279601691237
83 0 0.00246480767553459
84 0 0.00295419716664891
85 0 0.00364207751875201
86 0 0.00444192815829647
87 0 0.00544426425061972
88 0 0.00658858547962915
89 0 0.008094117282193
90 0 0.00976806578662892
91 0 0.0118206831036243
92 0 0.0145192981700345
93 0 0.0177623381470461
94 0 0.0208645127342447
95 0 0.0248271372423564
96 0 0.0281294316494185
97 0 0.033556849040928
98 0 0.0381448632486593
99 0 0.0422952581704746
100 0 0.0479900470068415

death 1 M single
1 0 0.000114238416628387
2 0 0.0000116674153447516
3 0 0.00000333339444602565
4 0 0.00000250003437562984
5 0 0.00000250003437562984
6 0 0.00000166668194467867
7 0 0.00000166668194467867
8 0 0.00000166668194467867
9 0 0.00000166668194467867
10 0 0.00000166668194467867
11 0 0.00000166668194467867
12 0 0.00000250003437562984
13 0 0.00000166668194467867
14 0 0.00000250003437562984
15 0 0.00000333339444602565
16 0 0.00000416676215586609
17 0 0.00000583352049443597
18 0 0.00000750030939278279
19 0 0.0000100005500421885
20 0 0.0000133343112110884
21 0 0.0000158347123201397
22 0 0.0000166681946396352
23 0 0.0000175016846010179
24 0 0.0000166681946396352
25 0 0.0000166681946396352
26 0 0.0000166681946396352
27 0 0.0000166681946396352
28 0 0.0000158347123201397
29 0 0.0000150012376423092
30 0 0.0000150012376423092
31 0 0.0000158347123201397
32 0 0.0000141677706060328
33 0 0.0000150012376423092
34 0 0.0000158347123201397
35 0 0.0000166681946396352
36 0 0.0000175016846010179
37 0 0.0000191686874497776
38 0 0.0000200022003373768
39 0 0.0000216692490401238
40 0 0.0000233363283135279
41 0 0.0000250034381590325
42 0 0.0000275041602521009
43 0 0.0000308385633891461
44 0 0.0000341730888351321
45 0 0.0000366740631904117
46 0 0.0000408425066913409
47 0 0.0000450111413439203
48 0 0.0000491799671665794
49 0 0.0000550166445189015
50 0 0.0000600198091127435
51 0 0.000065857182524165
52 0 0.0000741969376999441
53 0 0.0000817033715945215
54 0 0.0000933812787555777
55 0 0.000100889297087292
56 0 0.000110066606177961
57 0 0.000122582611971733
58 0 0.000136769502209200
59 0 0.000145115766213677
60 0 0.000162645415570539
61 0 0.000174333726933429
62 0 0.000193539216339467
63 0 0.000215254657358166
64 0 0.000236139783039269
65 0 0.000262044005810314
66 0 0.000282103959876823
67 0 0.000309693628284036
68 0 0.000347329406522712
69 0 0.000379959693386556
70 0 0.000421810541447409
71 0 0.000470381684733234
72 0 0.000516464523162341
73 0 0.000578503788322804
74 0 0.000645620952050785
75 0 0.000722867038453145
76 0 0.000826244417195032
77 0 0.000916270122841567
78 0 0.00108140881878294
79 0 0.0012451586835861
80 0 0.00145491940306064
81 0 0.00171270845011817
82 0 0.00204279601691237
83 0 0.00246480767553459
84 0 0.00295419716664891
85 0 0.00364207751875201
86 0 0.00444192815829647
87 0 0.00544426425061972
88 0 0.00658858547962915
89 0 0.008094117282193
90 0 0.00976806578662892
91 0 0.0118206831036243
92 0 0.0145192981700345
93 0 0.0177623381470461
94 0 0.0208645127342447
95 0 0.0248271372423564
96 0 0.0281294316494185
97 0 0.033556849040928
98 0 0.0381448632486593
99 0 0.0422952581704746
100 0 0.0479900470068415

death 1 M divorced
1 0 0.000114238416628387
2 0 0.0000116674153447516
3 0 0.00000333339444602565
4 0 0.00000250003437562984
5 0 0.00000250003437562984
6 0 0.00000166668194467867
7 0 0.00000166668194467867
8 0 0.00000166668194467867
9 0 0.00000166668194467867
10 0 0.00000166668194467867
11 0 0.00000166668194467867
12 0 0.00000250003437562984
13 0 0.00000166668194467867
14 0 0.00000250003437562984
15 0 0.00000333339444602565
16 0 0.00000416676215586609
17 0 0.00000583352049443597
18 0 0.00000750030939278279
19 0 0.0000100005500421885
20 0 0.0000133343112110884
21 0 0.0000158347123201397
22 0 0.0000166681946396352
23 0 0.0000175016846010179
24 0 0.0000166681946396352
25 0 0.0000166681946396352
26 0 0.0000166681946396352
27 0 0.0000166681946396352
28 0 0.0000158347123201397
29 0 0.0000150012376423092
30 0 0.0000150012376423092
31 0 0.0000158347123201397
32 0 0.0000141677706060328
33 0 0.0000150012376423092
34 0 0.0000158347123201397
35 0 0.0000166681946396352
36 0 0.0000175016846010179
37 0 0.0000191686874497776
38 0 0.0000200022003373768
39 0 0.0000216692490401238
40 0 0.0000233363283135279
41 0 0.0000250034381590325
42 0 0.0000275041602521009
43 0 0.0000308385633891461
44 0 0.0000341730888351321
45 0 0.0000366740631904117
46 0 0.0000408425066913409
47 0 0.0000450111413439203
48 0 0.0000491799671665794
49 0 0.0000550166445189015
50 0 0.0000600198091127435
51 0 0.000065857182524165
52 0 0.0000741969376999441
53 0 0.0000817033715945215
54 0 0.0000933812787555777
55 0 0.000100889297087292
56 0 0.000110066606177961
57 0 0.000122582611971733
58 0 0.000136769502209200
59 0 0.000145115766213677
60 0 0.000162645415570539
61 0 0.000174333726933429
62 0 0.000193539216339467
63 0 0.000215254657358166
64 0 0.000236139783039269
65 0 0.000262044005810314
66 0 0.000282103959876823
67 0 0.000309693628284036
68 0 0.000347329406522712
69 0 0.000379959693386556
70 0 0.000421810541447409
71 0 0.000470381684733234
72 0 0.000516464523162341
73 0 0.000578503788322804
74 0 0.000645620952050785
75 0 0.000722867038453145
76 0 0.000826244417195032
77 0 0.000916270122841567
78 0 0.00108140881878294
79 0 0.0012451586835861
80 0 0.00145491940306064
81 0 0.00171270845011817
82 0 0.00204279601691237
83 0 0.00246480767553459
84 0 0.00295419716664891
85 0 0.00364207751875201
86 0 0.00444192815829647
87 0 0.00544426425061972
88 0 0.00658858547962915
89 0 0.008094117282193
90 0 0.00976806578662892
91 0 0.0118206831036243
92 0 0.0145192981700345
93 0 0.0177623381470461
94 0 0.0208645127342447
95 0 0.0248271372423564
96 0 0.0281294316494185
97 0 0.033556849040928
98 0 0.0381448632486593
99 0 0.0422952581704746
100 0 0.0479900470068415

death 1 M widowed
1 0 0.000114238416628387
2 0 0.0000116674153447516
3 0 0.00000333339444602565
4 0 0.00000250003437562984
5 0 0.00000250003437562984
6 0 0.00000166668194467867
7 0 0.00000166668194467867
8 0 0.00000166668194467867
9 0 0.00000166668194467867
10 0 0.00000166668194467867
11 0 0.00000166668194467867
12 0 0.00000250003437562984
13 0 0.00000166668194467867
14 0 0.00000250003437562984
15 0 0.00000333339444602565
16 0 0.00000416676215586609
17 0 0.00000583352049443597
18 0 0.00000750030939278279
19 0 0.0000100005500421885
20 0 0.0000133343112110884
21 0 0.0000158347123201397
22 0 0.0000166681946396352
23 0 0.0000175016846010179
24 0 0.0000166681946396352
25 0 0.0000166681946396352
26 0 0.0000166681946396352
27 0 0.0000166681946396352
28 0 0.0000158347123201397
29 0 0.0000150012376423092
30 0 0.0000150012376423092
31 0 0.0000158347123201397
32 0 0.0000141677706060328
33 0 0.0000150012376423092
34 0 0.0000158347123201397
35 0 0.0000166681946396352
36 0 0.0000175016846010179
37 0 0.0000191686874497776
38 0 0.0000200022003373768
39 0 0.0000216692490401238
40 0 0.0000233363283135279
41 0 0.0000250034381590325
42 0 0.0000275041602521009
43 0 0.0000308385633891461
44 0 0.0000341730888351321
45 0 0.0000366740631904117
46 0 0.0000408425066913409
47 0 0.0000450111413439203
48 0 0.0000491799671665794
49 0 0.0000550166445189015
50 0 0.0000600198091127435
51 0 0.000065857182524165
52 0 0.0000741969376999441
53 0 0.0000817033715945215
54 0 0.0000933812787555777
55 0 0.000100889297087292
56 0 0.000110066606177961
57 0 0.000122582611971733
58 0 0.000136769502209200
59 0 0.000145115766213677
60 0 0.000162645415570539
61 0 0.000174333726933429
62 0 0.000193539216339467
63 0 0.000215254657358166
64 0 0.000236139783039269
65 0 0.000262044005810314
66 0 0.000282103959876823
67 0 0.000309693628284036
68 0 0.000347329406522712
69 0 0.000379959693386556
70 0 0.000421810541447409
71 0 0.000470381684733234
72 0 0.000516464523162341
73 0 0.000578503788322804
74 0 0.000645620952050785
75 0 0.000722867038453145
76 0 0.000826244417195032
77 0 0.000916270122841567
78 0 0.00108140881878294
79 0 0.0012451586835861
80 0 0.00145491940306064
81 0 0.00171270845011817
82 0 0.00204279601691237
83 0 0.00246480767553459
84 0 0.00295419716664891
85 0 0.00364207751875201
86 0 0.00444192815829647
87 0 0.00544426425061972
88 0 0.00658858547962915
89 0 0.008094117282193
90 0 0.00976806578662892
91 0 0.0118206831036243
92 0 0.0145192981700345
93 0 0.0177623381470461
94 0 0.0208645127342447
95 0 0.0248271372423564
96 0 0.0281294316494185
97 0 0.033556849040928
98 0 0.0381448632486593
99 0 0.0422952581704746
100 0 0.0479900470068415

death 1 F married
1 0 0.000113404039220888
2 0 0.000012500859457365
3 0 0.00000416676215586609
4 0 0.00000250003437562984
5 0 0.00000250003437562984
6 0 0.00000250003437562984
7 0 0.00000166668194467867
8 0 0.00000166668194467867
9 0 0.00000166668194467867
10 0 0.00000166668194467867
11 0 0.00000166668194467867
12 0 0.00000166668194467867
13 0 0.00000166668194467867
14 0 0.00000166668194467867
15 0 0.00000250003437562984
16 0 0.00000333339444602565
17 0 0.00000416676215586609
18 0 0.00000500013750526218
19 0 0.00000500013750526218
20 0 0.00000583352049443597
21 0 0.00000666691112360951
22 0 0.00000666691112360951
23 0 0.00000666691112360951
24 0 0.00000666691112360951
25 0 0.00000583352049443597
26 0 0.00000583352049443597
27 0 0.00000666691112360951
28 0 0.00000583352049443597
29 0 0.00000583352049443597
30 0 0.00000666691112360951
31 0 0.00000750030939278279
32 0 0.00000750030939278279
33 0 0.00000750030939278279
34 0 0.00000833371530217786
35 0 0.00000833371530217786
36 0 0.0000100005500421885
37 0 0.0000116674153447516
38 0 0.000012500859457365
39 0 0.000012500859457365
40 0 0.0000133343112110884
41 0 0.0000141677706060328
42 0 0.0000150012376423092
43 0 0.0000183351822042876
44 0 0.0000200022003373768
45 0 0.0000225027848553827
46 0 0.0000266705785775256
47 0 0.0000316721832838152
48 0 0.0000366740631904117
49 0 0.0000450111413439203
50 0 0.0000541828105240505
51 0 0.000064189323299324
52 0 0.0000741969376999441
53 0 0.000080869292772956
54 0 0.0000883762776967556
55 0 0.0000992207949763735
56 0 0.000110900952950965
57 0 0.000125920504593591
58 0 0.000137604094123889
59 0 0.000152628059122195
60 0 0.000163480245109926
61 0 0.00018602354153463
62 0 0.000205231501423930
63 0 0.000216925290815517
64 0 0.000241988478346333
65 0 0.000261208270468494
66 0 0.000291299585426952
67 0 0.000313038399728627
68 0 0.000342310402132506
69 0 0.000375775668454925
70 0 0.000407579090435539
71 0 0.000456980155295161
72 0 0.000501380294002152
73 0 0.000554186055514827
74 0 0.000618768136389614
75 0 0.000693472199118195
76 0 0.000774120789743704
77 0 0.000870825436580791
78 0 0.000990376885548039
79 0 0.00111683478445390
80 0 0.00128571972734293
81 0 0.0014735506345257
82 0 0.00170846257093704
83 0 0.00193547091584867
84 0 0.00224928514984846
85 0 0.00260277126072539
86 0 0.00321110905579702
87 0 0.00391922094173969
88 0 0.00476719541287562
89 0 0.00580691824963564
90 0 0.00702698676559721
91 0 0.00837888047198732
92 0 0.0102297101006671
93 0 0.0120098894813713
94 0 0.0142349221396556
95 0 0.0164985962106836
96 0 0.0193774099029003
97 0 0.0224495972671789
98 0 0.0263119082635536
99 0 0.0303130528400163
100 0 0.0333908179254839

death 1 F single
1 0 0.000113404039220888
2 0 0.000012500859457365
3 0 0.00000416676215586609
4 0 0.00000250003437562984
5 0 0.00000250003437562984
6 0 0.00000250003437562984
7 0 0.00000166668194467867
8 0 0.00000166668194467867
9 0 0.00000166668194467867
10 0 0.00000166668194467867
11 0 0.00000166668194467867
12 0 0.00000166668194467867
13 0 0.00000166668194467867
14 0 0.00000166668194467867
15 0 0.00000250003437562984
16 0 0.00000333339444602565
17 0 0.00000416676215586609
18 0 0.00000500013750526218
19 0 0.00000500013750526218
20 0 0.00000583352049443597
21 0 0.00000666691112360951
22 0 0.00000666691112360951
23 0 0.00000666691112360951
24 0 0.00000666691112360951
25 0 0.00000583352049443597
26 0 0.00000583352049443597
27 0 0.00000666691112360951
28 0 0.00000583352049443597
29 0 0.00000583352049443597
30 0 0.00000666691112360951
31 0 0.00000750030939278279
32 0 0.00000750030939278279
33 0 0.00000750030939278279
34 0 0.00000833371530217786
35 0 0.00000833371530217786
36 0 0.0000100005500421885
37 0 0.0000116674153447516
38 0 0.000012500859457365
39 0 0.000012500859457365
40 0 0.0000133343112110884
41 0 0.0000141677706060328
42 0 0.0000150012376423092
43 0 0.0000183351822042876
44 0 0.0000200022003373768
45 0 0.0000225027848553827
46 0 0.0000266705785775256
47 0 0.0000316721832838152
48 0 0.0000366740631904117
49 0 0.0000450111413439203
50 0 0.0000541828105240505
51 0 0.000064189323299324
52 0 0.0000741969376999441
53 0 0.000080869292772956
54 0 0.0000883762776967556
55 0 0.0000992207949763735
56 0 0.000110900952950965
57 0 0.000125920504593591
58 0 0.000137604094123889
59 0 0.000152628059122195
60 0 0.000163480245109926
61 0 0.00018602354153463
62 0 0.000205231501423930
63 0 0.000216925290815517
64 0 0.000241988478346333
65 0 0.000261208270468494
66 0 0.000291299585426952
67 0 0.000313038399728627
68 0 0.000342310402132506
69 0 0.000375775668454925
70 0 0.000407579090435539
71 0 0.000456980155295161
72 0 0.000501380294002152
73 0 0.000554186055514827
74 0 0.000618768136389614
75 0 0.000693472199118195
76 0 0.000774120789743704
77 0 0.000870825436580791
78 0 0.000990376885548039
79 0 0.00111683478445390
80 0 0.00128571972734293
81 0 0.0014735506345257
82 0 0.00170846257093704
83 0 0.00193547091584867
84 0 0.00224928514984846
85 0 0.00260277126072539
86 0 0.00321110905579702
87 0 0.00391922094173969
88 0 0.00476719541287562
89 0 0.00580691824963564
90 0 0.00702698676559721
91 0 0.00837888047198732
92 0 0.0102297101006671
93 0 0.0120098894813713
94 0 0.0142349221396556
95 0 0.0164985962106836
96 0 0.0193774099029003
97 0 0.0224495972671789
98 0 0.0263119082635536
99 0 0.0303130528400163
100 0 0.0333908179254839

death 1 F divorced
1 0 0.000113404039220888
2 0 0.000012500859457365
3 0 0.00000416676215586609
4 0 0.00000250003437562984
5 0 0.00000250003437562984
6 0 0.00000250003437562984
7 0 0.00000166668194467867
8 0 0.00000166668194467867
9 0 0.00000166668194467867
10 0 0.00000166668194467867
11 0 0.00000166668194467867
12 0 0.00000166668194467867
13 0 0.00000166668194467867
14 0 0.00000166668194467867
15 0 0.00000250003437562984
16 0 0.00000333339444602565
17 0 0.00000416676215586609
18 0 0.00000500013750526218
19 0 0.00000500013750526218
20 0 0.00000583352049443597
21 0 0.00000666691112360951
22 0 0.00000666691112360951
23 0 0.00000666691112360951
24 0 0.00000666691112360951
25 0 0.00000583352049443597
26 0 0.00000583352049443597
27 0 0.00000666691112360951
28 0 0.00000583352049443597
29 0 0.00000583352049443597
30 0 0.00000666691112360951
31 0 0.00000750030939278279
32 0 0.00000750030939278279
33 0 0.00000750030939278279
34 0 0.00000833371530217786
35 0 0.00000833371530217786
36 0 0.0000100005500421885
37 0 0.0000116674153447516
38 0 0.000012500859457365
39 0 0.000012500859457365
40 0 0.0000133343112110884
41 0 0.0000141677706060328
42 0 0.0000150012376423092
43 0 0.0000183351822042876
44 0 0.0000200022003373768
45 0 0.0000225027848553827
46 0 0.0000266705785775256
47 0 0.0000316721832838152
48 0 0.0000366740631904117
49 0 0.0000450111413439203
50 0 0.0000541828105240505
51 0 0.000064189323299324
52 0 0.0000741969376999441
53 0 0.000080869292772956
54 0 0.0000883762776967556
55 0 0.0000992207949763735
56 0 0.000110900952950965
57 0 0.000125920504593591
58 0 0.000137604094123889
59 0 0.000152628059122195
60 0 0.000163480245109926
61 0 0.00018602354153463
62 0 0.000205231501423930
63 0 0.000216925290815517
64 0 0.000241988478346333
65 0 0.000261208270468494
66 0 0.000291299585426952
67 0 0.000313038399728627
68 0 0.000342310402132506
69 0 0.000375775668454925
70 0 0.000407579090435539
71 0 0.000456980155295161
72 0 0.000501380294002152
73 0 0.000554186055514827
74 0 0.000618768136389614
75 0 0.000693472199118195
76 0 0.000774120789743704
77 0 0.000870825436580791
78 0 0.000990376885548039
79 0 0.00111683478445390
80 0 0.00128571972734293
81 0 0.0014735506345257
82 0 0.00170846257093704
83 0 0.00193547091584867
84 0 0.00224928514984846
85 0 0.00260277126072539
86 0 0.00321110905579702
87 0 0.00391922094173969
88 0 0.00476719541287562
89 0 0.00580691824963564
90 0 0.00702698676559721
91 0 0.00837888047198732
92 0 0.0102297101006671
93 0 0.0120098894813713
94 0 0.0142349221396556
95 0 0.0164985962106836
96 0 0.0193774099029003
97 0 0.0224495972671789
98 0 0.0263119082635536
99 0 0.0303130528400163
100 0 0.0333908179254839

death 1 F widowed
1 0 0.000113404039220888
2 0 0.000012500859457365
3 0 0.00000416676215586609
4 0 0.00000250003437562984
5 0 0.00000250003437562984
6 0 0.00000250003437562984
7 0 0.00000166668194467867
8 0 0.00000166668194467867
9 0 0.00000166668194467867
10 0 0.00000166668194467867
11 0 0.00000166668194467867
12 0 0.00000166668194467867
13 0 0.00000166668194467867
14 0 0.00000166668194467867
15 0 0.00000250003437562984
16 0 0.00000333339444602565
17 0 0.00000416676215586609
18 0 0.00000500013750526218
19 0 0.00000500013750526218
20 0 0.00000583352049443597
21 0 0.00000666691112360951
22 0 0.00000666691112360951
23 0 0.00000666691112360951
24 0 0.00000666691112360951
25 0 0.00000583352049443597
26 0 0.00000583352049443597
27 0 0.00000666691112360951
28 0 0.00000583352049443597
29 0 0.00000583352049443597
30 0 0.00000666691112360951
31 0 0.00000750030939278279
32 0 0.00000750030939278279
33 0 0.00000750030939278279
34 0 0.00000833371530217786
35 0 0.00000833371530217786
36 0 0.0000100005500421885
37 0 0.0000116674153447516
38 0 0.000012500859457365
39 0 0.000012500859457365
40 0 0.0000133343112110884
41 0 0.0000141677706060328
42 0 0.0000150012376423092
43 0 0.0000183351822042876
44 0 0.0000200022003373768
45 0 0.0000225027848553827
46 0 0.0000266705785775256
47 0 0.0000316721832838152
48 0 0.0000366740631904117
49 0 0.0000450111413439203
50 0 0.0000541828105240505
51 0 0.000064189323299324
52 0 0.0000741969376999441
53 0 0.000080869292772956
54 0 0.0000883762776967556
55 0 0.0000992207949763735
56 0 0.000110900952950965
57 0 0.000125920504593591
58 0 0.000137604094123889
59 0 0.000152628059122195
60 0 0.000163480245109926
61 0 0.00018602354153463
62 0 0.000205231501423930
63 0 0.000216925290815517
64 0 0.000241988478346333
65 0 0.000261208270468494
66 0 0.000291299585426952
67 0 0.000313038399728627
68 0 0.000342310402132506
69 0 0.000375775668454925
70 0 0.000407579090435539
71 0 0.000456980155295161
72 0 0.000501380294002152
73 0 0.000554186055514827
74 0 0.000618768136389614
75 0 0.000693472199118195
76 0 0.000774120789743704
77 0 0.000870825436580791
78 0 0.000990376885548039
79 0 0.00111683478445390
80 0 0.00128571972734293
81 0 0.0014735506345257
82 0 0.00170846257093704
83 0 0.00193547091584867
84 0 0.00224928514984846
85 0 0.00260277126072539
86 0 0.00321110905579702
87 0 0.00391922094173969
88 0 0.00476719541287562
89 0 0.00580691824963564
90 0 0.00702698676559721
91 0 0.00837888047198732
92 0 0.0102297101006671
93 0 0.0120098894813713
94 0 0.0142349221396556
95 0 0.0164985962106836
96 0 0.0193774099029003
97 0 0.0224495972671789
98 0 0.0263119082635536
99 0 0.0303130528400163
100 0 0.0333908179254839
