*Period monthly mortality rates for SWE in 1891 
* Mon Dec 20 14:20:23 2010
death 1 M married
1 0 0.0116045821450036
2 0 0.00304386115937982
3 0 0.00174625788082805
4 0 0.00138424018926198
5 0 0.00101312631571360
6 0 0.000763951762571824
7 0 0.000623634620360414
8 0 0.000522163661496933
9 0 0.000372595938338938
10 0 0.000344317970625951
11 0 0.000356782617469187
12 0 0.000321651752852814
13 0 0.000295479722820513
14 0 0.000273745107596257
15 0 0.000266139220075901
16 0 0.000288290005549641
17 0 0.00035669895642243
18 0 0.000375357276556687
19 0 0.000424740822760894
20 0 0.000480601679235804
21 0 0.000557120608970396
22 0 0.000575736269838756
23 0 0.000561480691984029
24 0 0.000530293933410975
25 0 0.000500626148273842
26 0 0.000513279866252603
27 0 0.000540185348186117
28 0 0.000521241717824306
29 0 0.000570033770288858
30 0 0.00048998498139341
31 0 0.000578839250837127
32 0 0.000529455727413919
33 0 0.000582781028162782
34 0 0.000596452772540723
35 0 0.000594187985595962
36 0 0.000537083686986684
37 0 0.000550580876731099
38 0 0.000712031833721372
39 0 0.000654937376839082
40 0 0.000637480353980813
41 0 0.000673824953235092
42 0 0.00075613667235197
43 0 0.000754624151900418
44 0 0.000679366053925379
45 0 0.000818508053369138
46 0 0.000800851430183491
47 0 0.000915259993856332
48 0 0.000828599093498306
49 0 0.00090962031348052
50 0 0.00100394160058226
51 0 0.00104515368948421
52 0 0.00107162693955165
53 0 0.00101363192333703
54 0 0.00107744534419107
55 0 0.00124085013739639
56 0 0.00133281016369469
57 0 0.00144746798104267
58 0 0.00167136203931406
59 0 0.00173045837596331
60 0 0.00183567033443333
61 0 0.00198741403980163
62 0 0.00194687882414246
63 0 0.00223117722263089
64 0 0.00240394764998297
65 0 0.00250848771596635
66 0 0.00288991076263334
67 0 0.00300543517744434
68 0 0.00345628470441839
69 0 0.00394393569061069
70 0 0.00421318873763787
71 0 0.00426697835057555
72 0 0.00479038573754109
73 0 0.00592916491846074
74 0 0.00636454822630983
75 0 0.00676952734764458
76 0 0.00767518193249217
77 0 0.00874968823689204
78 0 0.008913593093409
79 0 0.0102175802826314
80 0 0.0119930444151601
81 0 0.0126634755513892
82 0 0.0136482138675256
83 0 0.0162681373334145
84 0 0.0174848816114201
85 0 0.0201247362210066
86 0 0.0191968389674543
87 0 0.0241834908185733
88 0 0.0236190247603831
89 0 0.0280952208524790
90 0 0.0436658098795488
91 0 0.0324945956592292
92 0 0.0434404524891534
93 0 0.0321540480043119
94 0 0.058076518645014
95 0 0.055097851373586
96 0 0.0426261885614383
97 0 0.0539084530854461
98 0 0.092699384191771
99 0 0.0477784579802683
100 0 0.0363904195668817

death 1 M single
1 0 0.0116045821450036
2 0 0.00304386115937982
3 0 0.00174625788082805
4 0 0.00138424018926198
5 0 0.00101312631571360
6 0 0.000763951762571824
7 0 0.000623634620360414
8 0 0.000522163661496933
9 0 0.000372595938338938
10 0 0.000344317970625951
11 0 0.000356782617469187
12 0 0.000321651752852814
13 0 0.000295479722820513
14 0 0.000273745107596257
15 0 0.000266139220075901
16 0 0.000288290005549641
17 0 0.00035669895642243
18 0 0.000375357276556687
19 0 0.000424740822760894
20 0 0.000480601679235804
21 0 0.000557120608970396
22 0 0.000575736269838756
23 0 0.000561480691984029
24 0 0.000530293933410975
25 0 0.000500626148273842
26 0 0.000513279866252603
27 0 0.000540185348186117
28 0 0.000521241717824306
29 0 0.000570033770288858
30 0 0.00048998498139341
31 0 0.000578839250837127
32 0 0.000529455727413919
33 0 0.000582781028162782
34 0 0.000596452772540723
35 0 0.000594187985595962
36 0 0.000537083686986684
37 0 0.000550580876731099
38 0 0.000712031833721372
39 0 0.000654937376839082
40 0 0.000637480353980813
41 0 0.000673824953235092
42 0 0.00075613667235197
43 0 0.000754624151900418
44 0 0.000679366053925379
45 0 0.000818508053369138
46 0 0.000800851430183491
47 0 0.000915259993856332
48 0 0.000828599093498306
49 0 0.00090962031348052
50 0 0.00100394160058226
51 0 0.00104515368948421
52 0 0.00107162693955165
53 0 0.00101363192333703
54 0 0.00107744534419107
55 0 0.00124085013739639
56 0 0.00133281016369469
57 0 0.00144746798104267
58 0 0.00167136203931406
59 0 0.00173045837596331
60 0 0.00183567033443333
61 0 0.00198741403980163
62 0 0.00194687882414246
63 0 0.00223117722263089
64 0 0.00240394764998297
65 0 0.00250848771596635
66 0 0.00288991076263334
67 0 0.00300543517744434
68 0 0.00345628470441839
69 0 0.00394393569061069
70 0 0.00421318873763787
71 0 0.00426697835057555
72 0 0.00479038573754109
73 0 0.00592916491846074
74 0 0.00636454822630983
75 0 0.00676952734764458
76 0 0.00767518193249217
77 0 0.00874968823689204
78 0 0.008913593093409
79 0 0.0102175802826314
80 0 0.0119930444151601
81 0 0.0126634755513892
82 0 0.0136482138675256
83 0 0.0162681373334145
84 0 0.0174848816114201
85 0 0.0201247362210066
86 0 0.0191968389674543
87 0 0.0241834908185733
88 0 0.0236190247603831
89 0 0.0280952208524790
90 0 0.0436658098795488
91 0 0.0324945956592292
92 0 0.0434404524891534
93 0 0.0321540480043119
94 0 0.058076518645014
95 0 0.055097851373586
96 0 0.0426261885614383
97 0 0.0539084530854461
98 0 0.092699384191771
99 0 0.0477784579802683
100 0 0.0363904195668817

death 1 M divorced
1 0 0.0116045821450036
2 0 0.00304386115937982
3 0 0.00174625788082805
4 0 0.00138424018926198
5 0 0.00101312631571360
6 0 0.000763951762571824
7 0 0.000623634620360414
8 0 0.000522163661496933
9 0 0.000372595938338938
10 0 0.000344317970625951
11 0 0.000356782617469187
12 0 0.000321651752852814
13 0 0.000295479722820513
14 0 0.000273745107596257
15 0 0.000266139220075901
16 0 0.000288290005549641
17 0 0.00035669895642243
18 0 0.000375357276556687
19 0 0.000424740822760894
20 0 0.000480601679235804
21 0 0.000557120608970396
22 0 0.000575736269838756
23 0 0.000561480691984029
24 0 0.000530293933410975
25 0 0.000500626148273842
26 0 0.000513279866252603
27 0 0.000540185348186117
28 0 0.000521241717824306
29 0 0.000570033770288858
30 0 0.00048998498139341
31 0 0.000578839250837127
32 0 0.000529455727413919
33 0 0.000582781028162782
34 0 0.000596452772540723
35 0 0.000594187985595962
36 0 0.000537083686986684
37 0 0.000550580876731099
38 0 0.000712031833721372
39 0 0.000654937376839082
40 0 0.000637480353980813
41 0 0.000673824953235092
42 0 0.00075613667235197
43 0 0.000754624151900418
44 0 0.000679366053925379
45 0 0.000818508053369138
46 0 0.000800851430183491
47 0 0.000915259993856332
48 0 0.000828599093498306
49 0 0.00090962031348052
50 0 0.00100394160058226
51 0 0.00104515368948421
52 0 0.00107162693955165
53 0 0.00101363192333703
54 0 0.00107744534419107
55 0 0.00124085013739639
56 0 0.00133281016369469
57 0 0.00144746798104267
58 0 0.00167136203931406
59 0 0.00173045837596331
60 0 0.00183567033443333
61 0 0.00198741403980163
62 0 0.00194687882414246
63 0 0.00223117722263089
64 0 0.00240394764998297
65 0 0.00250848771596635
66 0 0.00288991076263334
67 0 0.00300543517744434
68 0 0.00345628470441839
69 0 0.00394393569061069
70 0 0.00421318873763787
71 0 0.00426697835057555
72 0 0.00479038573754109
73 0 0.00592916491846074
74 0 0.00636454822630983
75 0 0.00676952734764458
76 0 0.00767518193249217
77 0 0.00874968823689204
78 0 0.008913593093409
79 0 0.0102175802826314
80 0 0.0119930444151601
81 0 0.0126634755513892
82 0 0.0136482138675256
83 0 0.0162681373334145
84 0 0.0174848816114201
85 0 0.0201247362210066
86 0 0.0191968389674543
87 0 0.0241834908185733
88 0 0.0236190247603831
89 0 0.0280952208524790
90 0 0.0436658098795488
91 0 0.0324945956592292
92 0 0.0434404524891534
93 0 0.0321540480043119
94 0 0.058076518645014
95 0 0.055097851373586
96 0 0.0426261885614383
97 0 0.0539084530854461
98 0 0.092699384191771
99 0 0.0477784579802683
100 0 0.0363904195668817

death 1 M widowed
1 0 0.0116045821450036
2 0 0.00304386115937982
3 0 0.00174625788082805
4 0 0.00138424018926198
5 0 0.00101312631571360
6 0 0.000763951762571824
7 0 0.000623634620360414
8 0 0.000522163661496933
9 0 0.000372595938338938
10 0 0.000344317970625951
11 0 0.000356782617469187
12 0 0.000321651752852814
13 0 0.000295479722820513
14 0 0.000273745107596257
15 0 0.000266139220075901
16 0 0.000288290005549641
17 0 0.00035669895642243
18 0 0.000375357276556687
19 0 0.000424740822760894
20 0 0.000480601679235804
21 0 0.000557120608970396
22 0 0.000575736269838756
23 0 0.000561480691984029
24 0 0.000530293933410975
25 0 0.000500626148273842
26 0 0.000513279866252603
27 0 0.000540185348186117
28 0 0.000521241717824306
29 0 0.000570033770288858
30 0 0.00048998498139341
31 0 0.000578839250837127
32 0 0.000529455727413919
33 0 0.000582781028162782
34 0 0.000596452772540723
35 0 0.000594187985595962
36 0 0.000537083686986684
37 0 0.000550580876731099
38 0 0.000712031833721372
39 0 0.000654937376839082
40 0 0.000637480353980813
41 0 0.000673824953235092
42 0 0.00075613667235197
43 0 0.000754624151900418
44 0 0.000679366053925379
45 0 0.000818508053369138
46 0 0.000800851430183491
47 0 0.000915259993856332
48 0 0.000828599093498306
49 0 0.00090962031348052
50 0 0.00100394160058226
51 0 0.00104515368948421
52 0 0.00107162693955165
53 0 0.00101363192333703
54 0 0.00107744534419107
55 0 0.00124085013739639
56 0 0.00133281016369469
57 0 0.00144746798104267
58 0 0.00167136203931406
59 0 0.00173045837596331
60 0 0.00183567033443333
61 0 0.00198741403980163
62 0 0.00194687882414246
63 0 0.00223117722263089
64 0 0.00240394764998297
65 0 0.00250848771596635
66 0 0.00288991076263334
67 0 0.00300543517744434
68 0 0.00345628470441839
69 0 0.00394393569061069
70 0 0.00421318873763787
71 0 0.00426697835057555
72 0 0.00479038573754109
73 0 0.00592916491846074
74 0 0.00636454822630983
75 0 0.00676952734764458
76 0 0.00767518193249217
77 0 0.00874968823689204
78 0 0.008913593093409
79 0 0.0102175802826314
80 0 0.0119930444151601
81 0 0.0126634755513892
82 0 0.0136482138675256
83 0 0.0162681373334145
84 0 0.0174848816114201
85 0 0.0201247362210066
86 0 0.0191968389674543
87 0 0.0241834908185733
88 0 0.0236190247603831
89 0 0.0280952208524790
90 0 0.0436658098795488
91 0 0.0324945956592292
92 0 0.0434404524891534
93 0 0.0321540480043119
94 0 0.058076518645014
95 0 0.055097851373586
96 0 0.0426261885614383
97 0 0.0539084530854461
98 0 0.092699384191771
99 0 0.0477784579802683
100 0 0.0363904195668817

death 1 F married
1 0 0.00909382806548253
2 0 0.00273484726533624
3 0 0.00167900164104273
4 0 0.00127050721240107
5 0 0.00100807039429152
6 0 0.000792865037520518
7 0 0.000595110669758481
8 0 0.000500290974403739
9 0 0.000423066364725555
10 0 0.000379624964302883
11 0 0.000369416319478066
12 0 0.000317554036456613
13 0 0.000305261995724782
14 0 0.00029422566141446
15 0 0.000315547059099419
16 0 0.000360463779776832
17 0 0.000370002030382732
18 0 0.0003761940622794
19 0 0.000401970836691801
20 0 0.000461000406595469
21 0 0.000411178599823758
22 0 0.000448772694467636
23 0 0.000435960487575104
24 0 0.000480350354109649
25 0 0.000470884280538875
26 0 0.00051185518745589
27 0 0.00051872737353531
28 0 0.000515291215525071
29 0 0.000491157962297595
30 0 0.000544460784482448
31 0 0.000512777035891254
32 0 0.00053322771529607
33 0 0.000563996219670404
34 0 0.000591336111970819
35 0 0.000537670479633379
36 0 0.000596452772540723
37 0 0.000546053645520961
38 0 0.000558629844797487
39 0 0.00060140194790026
40 0 0.000757313094558953
41 0 0.000620110588690492
42 0 0.000738240127682643
43 0 0.00066929157676654
44 0 0.000592174889038621
45 0 0.000801608072217075
46 0 0.00071530745699988
47 0 0.000718247219481327
48 0 0.000759077756436022
49 0 0.000727739102075908
50 0 0.000683564082493815
51 0 0.000822796608447418
52 0 0.000878145544108588
53 0 0.000868806200386762
54 0 0.000968391185180995
55 0 0.000902718494620869
56 0 0.00104405782955685
57 0 0.00108258946167517
58 0 0.00117734392272273
59 0 0.00129222808165674
60 0 0.00134507290272912
61 0 0.00151760329793615
62 0 0.00170846257093704
63 0 0.00192619240642589
64 0 0.00176324966532160
65 0 0.00211671971549832
66 0 0.00236279826392727
67 0 0.00276912062326007
68 0 0.00296254827827869
69 0 0.00313059487655043
70 0 0.00375187776893615
71 0 0.00394846165703489
72 0 0.00410291522076056
73 0 0.00510659499324662
74 0 0.00546550454920924
75 0 0.00621439743526697
76 0 0.00666344803055696
77 0 0.00702761715137978
78 0 0.00802998719218728
79 0 0.00949313687804532
80 0 0.0098305655490859
81 0 0.0115185899923749
82 0 0.0115566512567287
83 0 0.0125304050453569
84 0 0.0146183085010463
85 0 0.016354714613949
86 0 0.0190780001836077
87 0 0.0210651391513444
88 0 0.0225229063351001
89 0 0.0261526017842173
90 0 0.0266087342114080
91 0 0.0318290856008686
92 0 0.0336073264900526
93 0 0.0436530099338178
94 0 0.0420664655099863
95 0 0.0373720126896985
96 0 0.0556347066699037
97 0 0.0734227227571451
98 0 0.114849139419371
99 0 0.0523363558401012
100 0 0.0633384234104234

death 1 F single
1 0 0.00909382806548253
2 0 0.00273484726533624
3 0 0.00167900164104273
4 0 0.00127050721240107
5 0 0.00100807039429152
6 0 0.000792865037520518
7 0 0.000595110669758481
8 0 0.000500290974403739
9 0 0.000423066364725555
10 0 0.000379624964302883
11 0 0.000369416319478066
12 0 0.000317554036456613
13 0 0.000305261995724782
14 0 0.00029422566141446
15 0 0.000315547059099419
16 0 0.000360463779776832
17 0 0.000370002030382732
18 0 0.0003761940622794
19 0 0.000401970836691801
20 0 0.000461000406595469
21 0 0.000411178599823758
22 0 0.000448772694467636
23 0 0.000435960487575104
24 0 0.000480350354109649
25 0 0.000470884280538875
26 0 0.00051185518745589
27 0 0.00051872737353531
28 0 0.000515291215525071
29 0 0.000491157962297595
30 0 0.000544460784482448
31 0 0.000512777035891254
32 0 0.00053322771529607
33 0 0.000563996219670404
34 0 0.000591336111970819
35 0 0.000537670479633379
36 0 0.000596452772540723
37 0 0.000546053645520961
38 0 0.000558629844797487
39 0 0.00060140194790026
40 0 0.000757313094558953
41 0 0.000620110588690492
42 0 0.000738240127682643
43 0 0.00066929157676654
44 0 0.000592174889038621
45 0 0.000801608072217075
46 0 0.00071530745699988
47 0 0.000718247219481327
48 0 0.000759077756436022
49 0 0.000727739102075908
50 0 0.000683564082493815
51 0 0.000822796608447418
52 0 0.000878145544108588
53 0 0.000868806200386762
54 0 0.000968391185180995
55 0 0.000902718494620869
56 0 0.00104405782955685
57 0 0.00108258946167517
58 0 0.00117734392272273
59 0 0.00129222808165674
60 0 0.00134507290272912
61 0 0.00151760329793615
62 0 0.00170846257093704
63 0 0.00192619240642589
64 0 0.00176324966532160
65 0 0.00211671971549832
66 0 0.00236279826392727
67 0 0.00276912062326007
68 0 0.00296254827827869
69 0 0.00313059487655043
70 0 0.00375187776893615
71 0 0.00394846165703489
72 0 0.00410291522076056
73 0 0.00510659499324662
74 0 0.00546550454920924
75 0 0.00621439743526697
76 0 0.00666344803055696
77 0 0.00702761715137978
78 0 0.00802998719218728
79 0 0.00949313687804532
80 0 0.0098305655490859
81 0 0.0115185899923749
82 0 0.0115566512567287
83 0 0.0125304050453569
84 0 0.0146183085010463
85 0 0.016354714613949
86 0 0.0190780001836077
87 0 0.0210651391513444
88 0 0.0225229063351001
89 0 0.0261526017842173
90 0 0.0266087342114080
91 0 0.0318290856008686
92 0 0.0336073264900526
93 0 0.0436530099338178
94 0 0.0420664655099863
95 0 0.0373720126896985
96 0 0.0556347066699037
97 0 0.0734227227571451
98 0 0.114849139419371
99 0 0.0523363558401012
100 0 0.0633384234104234

death 1 F divorced
1 0 0.00909382806548253
2 0 0.00273484726533624
3 0 0.00167900164104273
4 0 0.00127050721240107
5 0 0.00100807039429152
6 0 0.000792865037520518
7 0 0.000595110669758481
8 0 0.000500290974403739
9 0 0.000423066364725555
10 0 0.000379624964302883
11 0 0.000369416319478066
12 0 0.000317554036456613
13 0 0.000305261995724782
14 0 0.00029422566141446
15 0 0.000315547059099419
16 0 0.000360463779776832
17 0 0.000370002030382732
18 0 0.0003761940622794
19 0 0.000401970836691801
20 0 0.000461000406595469
21 0 0.000411178599823758
22 0 0.000448772694467636
23 0 0.000435960487575104
24 0 0.000480350354109649
25 0 0.000470884280538875
26 0 0.00051185518745589
27 0 0.00051872737353531
28 0 0.000515291215525071
29 0 0.000491157962297595
30 0 0.000544460784482448
31 0 0.000512777035891254
32 0 0.00053322771529607
33 0 0.000563996219670404
34 0 0.000591336111970819
35 0 0.000537670479633379
36 0 0.000596452772540723
37 0 0.000546053645520961
38 0 0.000558629844797487
39 0 0.00060140194790026
40 0 0.000757313094558953
41 0 0.000620110588690492
42 0 0.000738240127682643
43 0 0.00066929157676654
44 0 0.000592174889038621
45 0 0.000801608072217075
46 0 0.00071530745699988
47 0 0.000718247219481327
48 0 0.000759077756436022
49 0 0.000727739102075908
50 0 0.000683564082493815
51 0 0.000822796608447418
52 0 0.000878145544108588
53 0 0.000868806200386762
54 0 0.000968391185180995
55 0 0.000902718494620869
56 0 0.00104405782955685
57 0 0.00108258946167517
58 0 0.00117734392272273
59 0 0.00129222808165674
60 0 0.00134507290272912
61 0 0.00151760329793615
62 0 0.00170846257093704
63 0 0.00192619240642589
64 0 0.00176324966532160
65 0 0.00211671971549832
66 0 0.00236279826392727
67 0 0.00276912062326007
68 0 0.00296254827827869
69 0 0.00313059487655043
70 0 0.00375187776893615
71 0 0.00394846165703489
72 0 0.00410291522076056
73 0 0.00510659499324662
74 0 0.00546550454920924
75 0 0.00621439743526697
76 0 0.00666344803055696
77 0 0.00702761715137978
78 0 0.00802998719218728
79 0 0.00949313687804532
80 0 0.0098305655490859
81 0 0.0115185899923749
82 0 0.0115566512567287
83 0 0.0125304050453569
84 0 0.0146183085010463
85 0 0.016354714613949
86 0 0.0190780001836077
87 0 0.0210651391513444
88 0 0.0225229063351001
89 0 0.0261526017842173
90 0 0.0266087342114080
91 0 0.0318290856008686
92 0 0.0336073264900526
93 0 0.0436530099338178
94 0 0.0420664655099863
95 0 0.0373720126896985
96 0 0.0556347066699037
97 0 0.0734227227571451
98 0 0.114849139419371
99 0 0.0523363558401012
100 0 0.0633384234104234

death 1 F widowed
1 0 0.00909382806548253
2 0 0.00273484726533624
3 0 0.00167900164104273
4 0 0.00127050721240107
5 0 0.00100807039429152
6 0 0.000792865037520518
7 0 0.000595110669758481
8 0 0.000500290974403739
9 0 0.000423066364725555
10 0 0.000379624964302883
11 0 0.000369416319478066
12 0 0.000317554036456613
13 0 0.000305261995724782
14 0 0.00029422566141446
15 0 0.000315547059099419
16 0 0.000360463779776832
17 0 0.000370002030382732
18 0 0.0003761940622794
19 0 0.000401970836691801
20 0 0.000461000406595469
21 0 0.000411178599823758
22 0 0.000448772694467636
23 0 0.000435960487575104
24 0 0.000480350354109649
25 0 0.000470884280538875
26 0 0.00051185518745589
27 0 0.00051872737353531
28 0 0.000515291215525071
29 0 0.000491157962297595
30 0 0.000544460784482448
31 0 0.000512777035891254
32 0 0.00053322771529607
33 0 0.000563996219670404
34 0 0.000591336111970819
35 0 0.000537670479633379
36 0 0.000596452772540723
37 0 0.000546053645520961
38 0 0.000558629844797487
39 0 0.00060140194790026
40 0 0.000757313094558953
41 0 0.000620110588690492
42 0 0.000738240127682643
43 0 0.00066929157676654
44 0 0.000592174889038621
45 0 0.000801608072217075
46 0 0.00071530745699988
47 0 0.000718247219481327
48 0 0.000759077756436022
49 0 0.000727739102075908
50 0 0.000683564082493815
51 0 0.000822796608447418
52 0 0.000878145544108588
53 0 0.000868806200386762
54 0 0.000968391185180995
55 0 0.000902718494620869
56 0 0.00104405782955685
57 0 0.00108258946167517
58 0 0.00117734392272273
59 0 0.00129222808165674
60 0 0.00134507290272912
61 0 0.00151760329793615
62 0 0.00170846257093704
63 0 0.00192619240642589
64 0 0.00176324966532160
65 0 0.00211671971549832
66 0 0.00236279826392727
67 0 0.00276912062326007
68 0 0.00296254827827869
69 0 0.00313059487655043
70 0 0.00375187776893615
71 0 0.00394846165703489
72 0 0.00410291522076056
73 0 0.00510659499324662
74 0 0.00546550454920924
75 0 0.00621439743526697
76 0 0.00666344803055696
77 0 0.00702761715137978
78 0 0.00802998719218728
79 0 0.00949313687804532
80 0 0.0098305655490859
81 0 0.0115185899923749
82 0 0.0115566512567287
83 0 0.0125304050453569
84 0 0.0146183085010463
85 0 0.016354714613949
86 0 0.0190780001836077
87 0 0.0210651391513444
88 0 0.0225229063351001
89 0 0.0261526017842173
90 0 0.0266087342114080
91 0 0.0318290856008686
92 0 0.0336073264900526
93 0 0.0436530099338178
94 0 0.0420664655099863
95 0 0.0373720126896985
96 0 0.0556347066699037
97 0 0.0734227227571451
98 0 0.114849139419371
99 0 0.0523363558401012
100 0 0.0633384234104234
