*Period monthly mortality rates for SWE in 1922 
* Mon Dec 20 14:20:47 2010
death 1 M married
1 0 0.00601924422798616
2 0 0.00104970586458353
3 0 0.00044860520298573
4 0 0.000269398808215526
5 0 0.00026421695366563
6 0 0.000165233412101062
7 0 0.000177506527957449
8 0 0.000175419146399181
9 0 0.000145950434766062
10 0 0.000152294166253064
11 0 0.000147285920392259
12 0 0.000172079435612149
13 0 0.000164815988321743
14 0 0.000124835676046819
15 0 0.000137103338055500
16 0 0.000211412316937998
17 0 0.000251597866353981
18 0 0.000362973748665341
19 0 0.000339382777574171
20 0 0.000394437906206968
21 0 0.000408248755805252
22 0 0.000471638179459832
23 0 0.000405737536114392
24 0 0.000357619232172812
25 0 0.000422396590150753
26 0 0.000418545482144705
27 0 0.000460916649545839
28 0 0.000435541818484153
29 0 0.000397367304972862
30 0 0.000403058978265647
31 0 0.000391927068137399
32 0 0.000430183024477948
33 0 0.000440398498536498
34 0 0.000373767404911129
35 0 0.000388412011385175
36 0 0.000402221945129289
37 0 0.000345572723455589
38 0 0.000403561201848368
39 0 0.000459074013985816
40 0 0.000413271403387094
41 0 0.000468371329309325
42 0 0.000472559619968727
43 0 0.000491325532234299
44 0 0.00053674837860429
45 0 0.000575736269838756
46 0 0.000533730658845211
47 0 0.000613818014959189
48 0 0.000676175681948554
49 0 0.000645369170045207
50 0 0.000846008772977136
51 0 0.000770002616790277
52 0 0.00082220797125232
53 0 0.000924940858712198
54 0 0.000938411604833767
55 0 0.00102104782523171
56 0 0.00118316910530691
57 0 0.00133416321222168
58 0 0.00123713312457008
59 0 0.00143053520536596
60 0 0.00152209448173368
61 0 0.00156472942402297
62 0 0.00179945277534155
63 0 0.00176460914553267
64 0 0.00209531231046334
65 0 0.00214410467671933
66 0 0.00222494278240848
67 0 0.00261975271510373
68 0 0.00278132128603825
69 0 0.00310265169402146
70 0 0.00343300082597975
71 0 0.00412384290226586
72 0 0.0042251489238313
73 0 0.00476482401013667
74 0 0.00527734768825627
75 0 0.00591715519494085
76 0 0.00654539964208056
77 0 0.00699349259556947
78 0 0.00793360459261072
79 0 0.00856784944491151
80 0 0.0104283116798345
81 0 0.0111199168886821
82 0 0.0124507912300906
83 0 0.0143566731259395
84 0 0.0143250234391048
85 0 0.0181149098069443
86 0 0.0192377941224405
87 0 0.0220819320290264
88 0 0.0237257488677340
89 0 0.0322964702587701
90 0 0.0305237521728304
91 0 0.0285207177115702
92 0 0.0387871035097144
93 0 0.0344753050992309
94 0 0.0488958411562765
95 0 0.0605603507022849
96 0 0.0562626583624007
97 0 0.0403865195754161
98 0 0.0660538377674875
99 0 0.0812530524755006
100 0 0.112716259889682

death 1 M single
1 0 0.00601924422798616
2 0 0.00104970586458353
3 0 0.00044860520298573
4 0 0.000269398808215526
5 0 0.00026421695366563
6 0 0.000165233412101062
7 0 0.000177506527957449
8 0 0.000175419146399181
9 0 0.000145950434766062
10 0 0.000152294166253064
11 0 0.000147285920392259
12 0 0.000172079435612149
13 0 0.000164815988321743
14 0 0.000124835676046819
15 0 0.000137103338055500
16 0 0.000211412316937998
17 0 0.000251597866353981
18 0 0.000362973748665341
19 0 0.000339382777574171
20 0 0.000394437906206968
21 0 0.000408248755805252
22 0 0.000471638179459832
23 0 0.000405737536114392
24 0 0.000357619232172812
25 0 0.000422396590150753
26 0 0.000418545482144705
27 0 0.000460916649545839
28 0 0.000435541818484153
29 0 0.000397367304972862
30 0 0.000403058978265647
31 0 0.000391927068137399
32 0 0.000430183024477948
33 0 0.000440398498536498
34 0 0.000373767404911129
35 0 0.000388412011385175
36 0 0.000402221945129289
37 0 0.000345572723455589
38 0 0.000403561201848368
39 0 0.000459074013985816
40 0 0.000413271403387094
41 0 0.000468371329309325
42 0 0.000472559619968727
43 0 0.000491325532234299
44 0 0.00053674837860429
45 0 0.000575736269838756
46 0 0.000533730658845211
47 0 0.000613818014959189
48 0 0.000676175681948554
49 0 0.000645369170045207
50 0 0.000846008772977136
51 0 0.000770002616790277
52 0 0.00082220797125232
53 0 0.000924940858712198
54 0 0.000938411604833767
55 0 0.00102104782523171
56 0 0.00118316910530691
57 0 0.00133416321222168
58 0 0.00123713312457008
59 0 0.00143053520536596
60 0 0.00152209448173368
61 0 0.00156472942402297
62 0 0.00179945277534155
63 0 0.00176460914553267
64 0 0.00209531231046334
65 0 0.00214410467671933
66 0 0.00222494278240848
67 0 0.00261975271510373
68 0 0.00278132128603825
69 0 0.00310265169402146
70 0 0.00343300082597975
71 0 0.00412384290226586
72 0 0.0042251489238313
73 0 0.00476482401013667
74 0 0.00527734768825627
75 0 0.00591715519494085
76 0 0.00654539964208056
77 0 0.00699349259556947
78 0 0.00793360459261072
79 0 0.00856784944491151
80 0 0.0104283116798345
81 0 0.0111199168886821
82 0 0.0124507912300906
83 0 0.0143566731259395
84 0 0.0143250234391048
85 0 0.0181149098069443
86 0 0.0192377941224405
87 0 0.0220819320290264
88 0 0.0237257488677340
89 0 0.0322964702587701
90 0 0.0305237521728304
91 0 0.0285207177115702
92 0 0.0387871035097144
93 0 0.0344753050992309
94 0 0.0488958411562765
95 0 0.0605603507022849
96 0 0.0562626583624007
97 0 0.0403865195754161
98 0 0.0660538377674875
99 0 0.0812530524755006
100 0 0.112716259889682

death 1 M divorced
1 0 0.00601924422798616
2 0 0.00104970586458353
3 0 0.00044860520298573
4 0 0.000269398808215526
5 0 0.00026421695366563
6 0 0.000165233412101062
7 0 0.000177506527957449
8 0 0.000175419146399181
9 0 0.000145950434766062
10 0 0.000152294166253064
11 0 0.000147285920392259
12 0 0.000172079435612149
13 0 0.000164815988321743
14 0 0.000124835676046819
15 0 0.000137103338055500
16 0 0.000211412316937998
17 0 0.000251597866353981
18 0 0.000362973748665341
19 0 0.000339382777574171
20 0 0.000394437906206968
21 0 0.000408248755805252
22 0 0.000471638179459832
23 0 0.000405737536114392
24 0 0.000357619232172812
25 0 0.000422396590150753
26 0 0.000418545482144705
27 0 0.000460916649545839
28 0 0.000435541818484153
29 0 0.000397367304972862
30 0 0.000403058978265647
31 0 0.000391927068137399
32 0 0.000430183024477948
33 0 0.000440398498536498
34 0 0.000373767404911129
35 0 0.000388412011385175
36 0 0.000402221945129289
37 0 0.000345572723455589
38 0 0.000403561201848368
39 0 0.000459074013985816
40 0 0.000413271403387094
41 0 0.000468371329309325
42 0 0.000472559619968727
43 0 0.000491325532234299
44 0 0.00053674837860429
45 0 0.000575736269838756
46 0 0.000533730658845211
47 0 0.000613818014959189
48 0 0.000676175681948554
49 0 0.000645369170045207
50 0 0.000846008772977136
51 0 0.000770002616790277
52 0 0.00082220797125232
53 0 0.000924940858712198
54 0 0.000938411604833767
55 0 0.00102104782523171
56 0 0.00118316910530691
57 0 0.00133416321222168
58 0 0.00123713312457008
59 0 0.00143053520536596
60 0 0.00152209448173368
61 0 0.00156472942402297
62 0 0.00179945277534155
63 0 0.00176460914553267
64 0 0.00209531231046334
65 0 0.00214410467671933
66 0 0.00222494278240848
67 0 0.00261975271510373
68 0 0.00278132128603825
69 0 0.00310265169402146
70 0 0.00343300082597975
71 0 0.00412384290226586
72 0 0.0042251489238313
73 0 0.00476482401013667
74 0 0.00527734768825627
75 0 0.00591715519494085
76 0 0.00654539964208056
77 0 0.00699349259556947
78 0 0.00793360459261072
79 0 0.00856784944491151
80 0 0.0104283116798345
81 0 0.0111199168886821
82 0 0.0124507912300906
83 0 0.0143566731259395
84 0 0.0143250234391048
85 0 0.0181149098069443
86 0 0.0192377941224405
87 0 0.0220819320290264
88 0 0.0237257488677340
89 0 0.0322964702587701
90 0 0.0305237521728304
91 0 0.0285207177115702
92 0 0.0387871035097144
93 0 0.0344753050992309
94 0 0.0488958411562765
95 0 0.0605603507022849
96 0 0.0562626583624007
97 0 0.0403865195754161
98 0 0.0660538377674875
99 0 0.0812530524755006
100 0 0.112716259889682

death 1 M widowed
1 0 0.00601924422798616
2 0 0.00104970586458353
3 0 0.00044860520298573
4 0 0.000269398808215526
5 0 0.00026421695366563
6 0 0.000165233412101062
7 0 0.000177506527957449
8 0 0.000175419146399181
9 0 0.000145950434766062
10 0 0.000152294166253064
11 0 0.000147285920392259
12 0 0.000172079435612149
13 0 0.000164815988321743
14 0 0.000124835676046819
15 0 0.000137103338055500
16 0 0.000211412316937998
17 0 0.000251597866353981
18 0 0.000362973748665341
19 0 0.000339382777574171
20 0 0.000394437906206968
21 0 0.000408248755805252
22 0 0.000471638179459832
23 0 0.000405737536114392
24 0 0.000357619232172812
25 0 0.000422396590150753
26 0 0.000418545482144705
27 0 0.000460916649545839
28 0 0.000435541818484153
29 0 0.000397367304972862
30 0 0.000403058978265647
31 0 0.000391927068137399
32 0 0.000430183024477948
33 0 0.000440398498536498
34 0 0.000373767404911129
35 0 0.000388412011385175
36 0 0.000402221945129289
37 0 0.000345572723455589
38 0 0.000403561201848368
39 0 0.000459074013985816
40 0 0.000413271403387094
41 0 0.000468371329309325
42 0 0.000472559619968727
43 0 0.000491325532234299
44 0 0.00053674837860429
45 0 0.000575736269838756
46 0 0.000533730658845211
47 0 0.000613818014959189
48 0 0.000676175681948554
49 0 0.000645369170045207
50 0 0.000846008772977136
51 0 0.000770002616790277
52 0 0.00082220797125232
53 0 0.000924940858712198
54 0 0.000938411604833767
55 0 0.00102104782523171
56 0 0.00118316910530691
57 0 0.00133416321222168
58 0 0.00123713312457008
59 0 0.00143053520536596
60 0 0.00152209448173368
61 0 0.00156472942402297
62 0 0.00179945277534155
63 0 0.00176460914553267
64 0 0.00209531231046334
65 0 0.00214410467671933
66 0 0.00222494278240848
67 0 0.00261975271510373
68 0 0.00278132128603825
69 0 0.00310265169402146
70 0 0.00343300082597975
71 0 0.00412384290226586
72 0 0.0042251489238313
73 0 0.00476482401013667
74 0 0.00527734768825627
75 0 0.00591715519494085
76 0 0.00654539964208056
77 0 0.00699349259556947
78 0 0.00793360459261072
79 0 0.00856784944491151
80 0 0.0104283116798345
81 0 0.0111199168886821
82 0 0.0124507912300906
83 0 0.0143566731259395
84 0 0.0143250234391048
85 0 0.0181149098069443
86 0 0.0192377941224405
87 0 0.0220819320290264
88 0 0.0237257488677340
89 0 0.0322964702587701
90 0 0.0305237521728304
91 0 0.0285207177115702
92 0 0.0387871035097144
93 0 0.0344753050992309
94 0 0.0488958411562765
95 0 0.0605603507022849
96 0 0.0562626583624007
97 0 0.0403865195754161
98 0 0.0660538377674875
99 0 0.0812530524755006
100 0 0.112716259889682

death 1 F married
1 0 0.00463300155724722
2 0 0.000855009287675457
3 0 0.000436211689955557
4 0 0.000282605515461998
5 0 0.0002413200369763
6 0 0.000212247594516213
7 0 0.000177924010021591
8 0 0.000140274839747767
9 0 0.000166402208881644
10 0 0.000158220947017451
11 0 0.000131094480403271
12 0 0.000159222694621319
13 0 0.000147703263674415
14 0 0.000170827075702928
15 0 0.000232129466629205
16 0 0.000213249937742632
17 0 0.000280933674275397
18 0 0.000305596451020351
19 0 0.000288457201817138
20 0 0.000388328321214826
21 0 0.000318390290103276
22 0 0.000376863496405422
23 0 0.00035577868999126
24 0 0.000413606256430055
25 0 0.000381047571423987
26 0 0.000354272819568902
27 0 0.000381717041304741
28 0 0.000380545472249971
29 0 0.000341139340991670
30 0 0.000413941110706917
31 0 0.000342310402132506
32 0 0.000419884979461438
33 0 0.000385399213810533
34 0 0.000382721255373308
35 0 0.000474234990288203
36 0 0.000459074013985816
37 0 0.000455053847912112
38 0 0.000445004210795297
39 0 0.00044776775020694
40 0 0.00046334563533057
41 0 0.000505151116535041
42 0 0.000511519972161811
43 0 0.00050506731877864
44 0 0.000525935346663786
45 0 0.00053322771529607
46 0 0.000543706281105338
47 0 0.000622711646472873
48 0 0.00061893594184248
49 0 0.000670466874869935
50 0 0.000731771352342592
51 0 0.00073210738127727
52 0 0.000766220785671567
53 0 0.000848616306967753
54 0 0.000800262935181428
55 0 0.000970496864710069
56 0 0.00106117161299968
57 0 0.000978920071062594
58 0 0.00114611380947527
59 0 0.00123628837014877
60 0 0.00117675298304909
61 0 0.00143612267218007
62 0 0.00161832698095810
63 0 0.00156193168666585
64 0 0.0017776102036815
65 0 0.00193112947681118
66 0 0.00214811500670342
67 0 0.00232064164761192
68 0 0.00272376917638284
69 0 0.00318529875828844
70 0 0.00325523665640526
71 0 0.0035614396179684
72 0 0.00407327595034157
73 0 0.0043769273092118
74 0 0.00509037481726338
75 0 0.00546984172362386
76 0 0.00621662866566763
77 0 0.00700663667536283
78 0 0.00804401175283342
79 0 0.00905403121544412
80 0 0.00995997484321098
81 0 0.0101485647537376
82 0 0.0123972447333009
83 0 0.0136693476015302
84 0 0.0143176010568666
85 0 0.017045333541302
86 0 0.0207906673727584
87 0 0.0204339641623787
88 0 0.0233489921625302
89 0 0.0242160044013654
90 0 0.0252583671139304
91 0 0.0301550080596761
92 0 0.0368776357719947
93 0 0.0335122200746416
94 0 0.0364156059057171
95 0 0.0387273762173936
96 0 0.0596573976369291
97 0 0.0719481986027145
98 0 0.0576227633527777
99 0 0.0735151275209308
100 0 0.0424797739821116

death 1 F single
1 0 0.00463300155724722
2 0 0.000855009287675457
3 0 0.000436211689955557
4 0 0.000282605515461998
5 0 0.0002413200369763
6 0 0.000212247594516213
7 0 0.000177924010021591
8 0 0.000140274839747767
9 0 0.000166402208881644
10 0 0.000158220947017451
11 0 0.000131094480403271
12 0 0.000159222694621319
13 0 0.000147703263674415
14 0 0.000170827075702928
15 0 0.000232129466629205
16 0 0.000213249937742632
17 0 0.000280933674275397
18 0 0.000305596451020351
19 0 0.000288457201817138
20 0 0.000388328321214826
21 0 0.000318390290103276
22 0 0.000376863496405422
23 0 0.00035577868999126
24 0 0.000413606256430055
25 0 0.000381047571423987
26 0 0.000354272819568902
27 0 0.000381717041304741
28 0 0.000380545472249971
29 0 0.000341139340991670
30 0 0.000413941110706917
31 0 0.000342310402132506
32 0 0.000419884979461438
33 0 0.000385399213810533
34 0 0.000382721255373308
35 0 0.000474234990288203
36 0 0.000459074013985816
37 0 0.000455053847912112
38 0 0.000445004210795297
39 0 0.00044776775020694
40 0 0.00046334563533057
41 0 0.000505151116535041
42 0 0.000511519972161811
43 0 0.00050506731877864
44 0 0.000525935346663786
45 0 0.00053322771529607
46 0 0.000543706281105338
47 0 0.000622711646472873
48 0 0.00061893594184248
49 0 0.000670466874869935
50 0 0.000731771352342592
51 0 0.00073210738127727
52 0 0.000766220785671567
53 0 0.000848616306967753
54 0 0.000800262935181428
55 0 0.000970496864710069
56 0 0.00106117161299968
57 0 0.000978920071062594
58 0 0.00114611380947527
59 0 0.00123628837014877
60 0 0.00117675298304909
61 0 0.00143612267218007
62 0 0.00161832698095810
63 0 0.00156193168666585
64 0 0.0017776102036815
65 0 0.00193112947681118
66 0 0.00214811500670342
67 0 0.00232064164761192
68 0 0.00272376917638284
69 0 0.00318529875828844
70 0 0.00325523665640526
71 0 0.0035614396179684
72 0 0.00407327595034157
73 0 0.0043769273092118
74 0 0.00509037481726338
75 0 0.00546984172362386
76 0 0.00621662866566763
77 0 0.00700663667536283
78 0 0.00804401175283342
79 0 0.00905403121544412
80 0 0.00995997484321098
81 0 0.0101485647537376
82 0 0.0123972447333009
83 0 0.0136693476015302
84 0 0.0143176010568666
85 0 0.017045333541302
86 0 0.0207906673727584
87 0 0.0204339641623787
88 0 0.0233489921625302
89 0 0.0242160044013654
90 0 0.0252583671139304
91 0 0.0301550080596761
92 0 0.0368776357719947
93 0 0.0335122200746416
94 0 0.0364156059057171
95 0 0.0387273762173936
96 0 0.0596573976369291
97 0 0.0719481986027145
98 0 0.0576227633527777
99 0 0.0735151275209308
100 0 0.0424797739821116

death 1 F divorced
1 0 0.00463300155724722
2 0 0.000855009287675457
3 0 0.000436211689955557
4 0 0.000282605515461998
5 0 0.0002413200369763
6 0 0.000212247594516213
7 0 0.000177924010021591
8 0 0.000140274839747767
9 0 0.000166402208881644
10 0 0.000158220947017451
11 0 0.000131094480403271
12 0 0.000159222694621319
13 0 0.000147703263674415
14 0 0.000170827075702928
15 0 0.000232129466629205
16 0 0.000213249937742632
17 0 0.000280933674275397
18 0 0.000305596451020351
19 0 0.000288457201817138
20 0 0.000388328321214826
21 0 0.000318390290103276
22 0 0.000376863496405422
23 0 0.00035577868999126
24 0 0.000413606256430055
25 0 0.000381047571423987
26 0 0.000354272819568902
27 0 0.000381717041304741
28 0 0.000380545472249971
29 0 0.000341139340991670
30 0 0.000413941110706917
31 0 0.000342310402132506
32 0 0.000419884979461438
33 0 0.000385399213810533
34 0 0.000382721255373308
35 0 0.000474234990288203
36 0 0.000459074013985816
37 0 0.000455053847912112
38 0 0.000445004210795297
39 0 0.00044776775020694
40 0 0.00046334563533057
41 0 0.000505151116535041
42 0 0.000511519972161811
43 0 0.00050506731877864
44 0 0.000525935346663786
45 0 0.00053322771529607
46 0 0.000543706281105338
47 0 0.000622711646472873
48 0 0.00061893594184248
49 0 0.000670466874869935
50 0 0.000731771352342592
51 0 0.00073210738127727
52 0 0.000766220785671567
53 0 0.000848616306967753
54 0 0.000800262935181428
55 0 0.000970496864710069
56 0 0.00106117161299968
57 0 0.000978920071062594
58 0 0.00114611380947527
59 0 0.00123628837014877
60 0 0.00117675298304909
61 0 0.00143612267218007
62 0 0.00161832698095810
63 0 0.00156193168666585
64 0 0.0017776102036815
65 0 0.00193112947681118
66 0 0.00214811500670342
67 0 0.00232064164761192
68 0 0.00272376917638284
69 0 0.00318529875828844
70 0 0.00325523665640526
71 0 0.0035614396179684
72 0 0.00407327595034157
73 0 0.0043769273092118
74 0 0.00509037481726338
75 0 0.00546984172362386
76 0 0.00621662866566763
77 0 0.00700663667536283
78 0 0.00804401175283342
79 0 0.00905403121544412
80 0 0.00995997484321098
81 0 0.0101485647537376
82 0 0.0123972447333009
83 0 0.0136693476015302
84 0 0.0143176010568666
85 0 0.017045333541302
86 0 0.0207906673727584
87 0 0.0204339641623787
88 0 0.0233489921625302
89 0 0.0242160044013654
90 0 0.0252583671139304
91 0 0.0301550080596761
92 0 0.0368776357719947
93 0 0.0335122200746416
94 0 0.0364156059057171
95 0 0.0387273762173936
96 0 0.0596573976369291
97 0 0.0719481986027145
98 0 0.0576227633527777
99 0 0.0735151275209308
100 0 0.0424797739821116

death 1 F widowed
1 0 0.00463300155724722
2 0 0.000855009287675457
3 0 0.000436211689955557
4 0 0.000282605515461998
5 0 0.0002413200369763
6 0 0.000212247594516213
7 0 0.000177924010021591
8 0 0.000140274839747767
9 0 0.000166402208881644
10 0 0.000158220947017451
11 0 0.000131094480403271
12 0 0.000159222694621319
13 0 0.000147703263674415
14 0 0.000170827075702928
15 0 0.000232129466629205
16 0 0.000213249937742632
17 0 0.000280933674275397
18 0 0.000305596451020351
19 0 0.000288457201817138
20 0 0.000388328321214826
21 0 0.000318390290103276
22 0 0.000376863496405422
23 0 0.00035577868999126
24 0 0.000413606256430055
25 0 0.000381047571423987
26 0 0.000354272819568902
27 0 0.000381717041304741
28 0 0.000380545472249971
29 0 0.000341139340991670
30 0 0.000413941110706917
31 0 0.000342310402132506
32 0 0.000419884979461438
33 0 0.000385399213810533
34 0 0.000382721255373308
35 0 0.000474234990288203
36 0 0.000459074013985816
37 0 0.000455053847912112
38 0 0.000445004210795297
39 0 0.00044776775020694
40 0 0.00046334563533057
41 0 0.000505151116535041
42 0 0.000511519972161811
43 0 0.00050506731877864
44 0 0.000525935346663786
45 0 0.00053322771529607
46 0 0.000543706281105338
47 0 0.000622711646472873
48 0 0.00061893594184248
49 0 0.000670466874869935
50 0 0.000731771352342592
51 0 0.00073210738127727
52 0 0.000766220785671567
53 0 0.000848616306967753
54 0 0.000800262935181428
55 0 0.000970496864710069
56 0 0.00106117161299968
57 0 0.000978920071062594
58 0 0.00114611380947527
59 0 0.00123628837014877
60 0 0.00117675298304909
61 0 0.00143612267218007
62 0 0.00161832698095810
63 0 0.00156193168666585
64 0 0.0017776102036815
65 0 0.00193112947681118
66 0 0.00214811500670342
67 0 0.00232064164761192
68 0 0.00272376917638284
69 0 0.00318529875828844
70 0 0.00325523665640526
71 0 0.0035614396179684
72 0 0.00407327595034157
73 0 0.0043769273092118
74 0 0.00509037481726338
75 0 0.00546984172362386
76 0 0.00621662866566763
77 0 0.00700663667536283
78 0 0.00804401175283342
79 0 0.00905403121544412
80 0 0.00995997484321098
81 0 0.0101485647537376
82 0 0.0123972447333009
83 0 0.0136693476015302
84 0 0.0143176010568666
85 0 0.017045333541302
86 0 0.0207906673727584
87 0 0.0204339641623787
88 0 0.0233489921625302
89 0 0.0242160044013654
90 0 0.0252583671139304
91 0 0.0301550080596761
92 0 0.0368776357719947
93 0 0.0335122200746416
94 0 0.0364156059057171
95 0 0.0387273762173936
96 0 0.0596573976369291
97 0 0.0719481986027145
98 0 0.0576227633527777
99 0 0.0735151275209308
100 0 0.0424797739821116
