*Period monthly mortality rates for SWE in 1921 
* Mon Dec 20 14:20:46 2010
death 1 M married
1 0 0.00625697881900222
2 0 0.00109152911312016
3 0 0.000467701220718486
4 0 0.00037226123637768
5 0 0.000349169777586256
6 0 0.000222187986929745
7 0 0.000226448487935071
8 0 0.000217008823294451
9 0 0.00020815480772729
10 0 0.000193038152017766
11 0 0.000171411508179897
12 0 0.000198215949882341
13 0 0.000156885300719001
14 0 0.000179343463383219
15 0 0.000197046743936613
16 0 0.000209157105818814
17 0 0.000243993831953837
18 0 0.000344150671557575
19 0 0.000352181374265848
20 0 0.000382135462484667
21 0 0.000507832685546661
22 0 0.000525516262802506
23 0 0.000457398923173424
24 0 0.000483785191003339
25 0 0.000444669242032125
26 0 0.000400296798174438
27 0 0.00046711487975537
28 0 0.000401301217584193
29 0 0.000422815198681481
30 0 0.000402640460733794
31 0 0.0004792612865957
32 0 0.000412015715465341
33 0 0.000366989843087695
34 0 0.000466779829475072
35 0 0.000435541818484153
36 0 0.000445339180793147
37 0 0.000476413017885258
38 0 0.000392010761621986
39 0 0.000439644858755250
40 0 0.000475156457131032
41 0 0.000578000596873629
42 0 0.000522750357795587
43 0 0.000458403973955357
44 0 0.00054915561294655
45 0 0.000525013364720439
46 0 0.00052685733796265
47 0 0.000510765742271824
48 0 0.000655021312936377
49 0 0.000660897032462415
50 0 0.00069254851545375
51 0 0.00076664098135415
52 0 0.000752103340444066
53 0 0.000894218194586571
54 0 0.00100217217502307
55 0 0.00099366256225375
56 0 0.00109304725455261
57 0 0.00108031252127005
58 0 0.00130127293311755
59 0 0.00127904280970959
60 0 0.00128546616453939
61 0 0.00148379944203492
62 0 0.00184706570143223
63 0 0.00182368123197807
64 0 0.00201339675771606
65 0 0.00210656975824208
66 0 0.00249135578063731
67 0 0.00260405762320581
68 0 0.00268882624635813
69 0 0.00289464247744387
70 0 0.00342079865512257
71 0 0.00347351343282409
72 0 0.00412523825305022
73 0 0.00452642027695160
74 0 0.00506296580529941
75 0 0.005536164443247
76 0 0.00586708739937225
77 0 0.00711077660352044
78 0 0.00726974041924289
79 0 0.00838134869852758
80 0 0.00898507322172692
81 0 0.00983010105203375
82 0 0.0111995856313124
83 0 0.0116657169101783
84 0 0.0145493520541624
85 0 0.0167879594550504
86 0 0.0160173669298663
87 0 0.019343621833835
88 0 0.0216917002969772
89 0 0.0251685336112600
90 0 0.0279027471180204
91 0 0.0277492965297708
92 0 0.0307120514999412
93 0 0.0480574924324175
94 0 0.0371280760283093
95 0 0.0462292630852837
96 0 0.0352281048704778
97 0 0.0450150120848308
98 0 0.0883392547383424
99 0 0.100100583286866
100 0 0.0635928084188389

death 1 M single
1 0 0.00625697881900222
2 0 0.00109152911312016
3 0 0.000467701220718486
4 0 0.00037226123637768
5 0 0.000349169777586256
6 0 0.000222187986929745
7 0 0.000226448487935071
8 0 0.000217008823294451
9 0 0.00020815480772729
10 0 0.000193038152017766
11 0 0.000171411508179897
12 0 0.000198215949882341
13 0 0.000156885300719001
14 0 0.000179343463383219
15 0 0.000197046743936613
16 0 0.000209157105818814
17 0 0.000243993831953837
18 0 0.000344150671557575
19 0 0.000352181374265848
20 0 0.000382135462484667
21 0 0.000507832685546661
22 0 0.000525516262802506
23 0 0.000457398923173424
24 0 0.000483785191003339
25 0 0.000444669242032125
26 0 0.000400296798174438
27 0 0.00046711487975537
28 0 0.000401301217584193
29 0 0.000422815198681481
30 0 0.000402640460733794
31 0 0.0004792612865957
32 0 0.000412015715465341
33 0 0.000366989843087695
34 0 0.000466779829475072
35 0 0.000435541818484153
36 0 0.000445339180793147
37 0 0.000476413017885258
38 0 0.000392010761621986
39 0 0.000439644858755250
40 0 0.000475156457131032
41 0 0.000578000596873629
42 0 0.000522750357795587
43 0 0.000458403973955357
44 0 0.00054915561294655
45 0 0.000525013364720439
46 0 0.00052685733796265
47 0 0.000510765742271824
48 0 0.000655021312936377
49 0 0.000660897032462415
50 0 0.00069254851545375
51 0 0.00076664098135415
52 0 0.000752103340444066
53 0 0.000894218194586571
54 0 0.00100217217502307
55 0 0.00099366256225375
56 0 0.00109304725455261
57 0 0.00108031252127005
58 0 0.00130127293311755
59 0 0.00127904280970959
60 0 0.00128546616453939
61 0 0.00148379944203492
62 0 0.00184706570143223
63 0 0.00182368123197807
64 0 0.00201339675771606
65 0 0.00210656975824208
66 0 0.00249135578063731
67 0 0.00260405762320581
68 0 0.00268882624635813
69 0 0.00289464247744387
70 0 0.00342079865512257
71 0 0.00347351343282409
72 0 0.00412523825305022
73 0 0.00452642027695160
74 0 0.00506296580529941
75 0 0.005536164443247
76 0 0.00586708739937225
77 0 0.00711077660352044
78 0 0.00726974041924289
79 0 0.00838134869852758
80 0 0.00898507322172692
81 0 0.00983010105203375
82 0 0.0111995856313124
83 0 0.0116657169101783
84 0 0.0145493520541624
85 0 0.0167879594550504
86 0 0.0160173669298663
87 0 0.019343621833835
88 0 0.0216917002969772
89 0 0.0251685336112600
90 0 0.0279027471180204
91 0 0.0277492965297708
92 0 0.0307120514999412
93 0 0.0480574924324175
94 0 0.0371280760283093
95 0 0.0462292630852837
96 0 0.0352281048704778
97 0 0.0450150120848308
98 0 0.0883392547383424
99 0 0.100100583286866
100 0 0.0635928084188389

death 1 M divorced
1 0 0.00625697881900222
2 0 0.00109152911312016
3 0 0.000467701220718486
4 0 0.00037226123637768
5 0 0.000349169777586256
6 0 0.000222187986929745
7 0 0.000226448487935071
8 0 0.000217008823294451
9 0 0.00020815480772729
10 0 0.000193038152017766
11 0 0.000171411508179897
12 0 0.000198215949882341
13 0 0.000156885300719001
14 0 0.000179343463383219
15 0 0.000197046743936613
16 0 0.000209157105818814
17 0 0.000243993831953837
18 0 0.000344150671557575
19 0 0.000352181374265848
20 0 0.000382135462484667
21 0 0.000507832685546661
22 0 0.000525516262802506
23 0 0.000457398923173424
24 0 0.000483785191003339
25 0 0.000444669242032125
26 0 0.000400296798174438
27 0 0.00046711487975537
28 0 0.000401301217584193
29 0 0.000422815198681481
30 0 0.000402640460733794
31 0 0.0004792612865957
32 0 0.000412015715465341
33 0 0.000366989843087695
34 0 0.000466779829475072
35 0 0.000435541818484153
36 0 0.000445339180793147
37 0 0.000476413017885258
38 0 0.000392010761621986
39 0 0.000439644858755250
40 0 0.000475156457131032
41 0 0.000578000596873629
42 0 0.000522750357795587
43 0 0.000458403973955357
44 0 0.00054915561294655
45 0 0.000525013364720439
46 0 0.00052685733796265
47 0 0.000510765742271824
48 0 0.000655021312936377
49 0 0.000660897032462415
50 0 0.00069254851545375
51 0 0.00076664098135415
52 0 0.000752103340444066
53 0 0.000894218194586571
54 0 0.00100217217502307
55 0 0.00099366256225375
56 0 0.00109304725455261
57 0 0.00108031252127005
58 0 0.00130127293311755
59 0 0.00127904280970959
60 0 0.00128546616453939
61 0 0.00148379944203492
62 0 0.00184706570143223
63 0 0.00182368123197807
64 0 0.00201339675771606
65 0 0.00210656975824208
66 0 0.00249135578063731
67 0 0.00260405762320581
68 0 0.00268882624635813
69 0 0.00289464247744387
70 0 0.00342079865512257
71 0 0.00347351343282409
72 0 0.00412523825305022
73 0 0.00452642027695160
74 0 0.00506296580529941
75 0 0.005536164443247
76 0 0.00586708739937225
77 0 0.00711077660352044
78 0 0.00726974041924289
79 0 0.00838134869852758
80 0 0.00898507322172692
81 0 0.00983010105203375
82 0 0.0111995856313124
83 0 0.0116657169101783
84 0 0.0145493520541624
85 0 0.0167879594550504
86 0 0.0160173669298663
87 0 0.019343621833835
88 0 0.0216917002969772
89 0 0.0251685336112600
90 0 0.0279027471180204
91 0 0.0277492965297708
92 0 0.0307120514999412
93 0 0.0480574924324175
94 0 0.0371280760283093
95 0 0.0462292630852837
96 0 0.0352281048704778
97 0 0.0450150120848308
98 0 0.0883392547383424
99 0 0.100100583286866
100 0 0.0635928084188389

death 1 M widowed
1 0 0.00625697881900222
2 0 0.00109152911312016
3 0 0.000467701220718486
4 0 0.00037226123637768
5 0 0.000349169777586256
6 0 0.000222187986929745
7 0 0.000226448487935071
8 0 0.000217008823294451
9 0 0.00020815480772729
10 0 0.000193038152017766
11 0 0.000171411508179897
12 0 0.000198215949882341
13 0 0.000156885300719001
14 0 0.000179343463383219
15 0 0.000197046743936613
16 0 0.000209157105818814
17 0 0.000243993831953837
18 0 0.000344150671557575
19 0 0.000352181374265848
20 0 0.000382135462484667
21 0 0.000507832685546661
22 0 0.000525516262802506
23 0 0.000457398923173424
24 0 0.000483785191003339
25 0 0.000444669242032125
26 0 0.000400296798174438
27 0 0.00046711487975537
28 0 0.000401301217584193
29 0 0.000422815198681481
30 0 0.000402640460733794
31 0 0.0004792612865957
32 0 0.000412015715465341
33 0 0.000366989843087695
34 0 0.000466779829475072
35 0 0.000435541818484153
36 0 0.000445339180793147
37 0 0.000476413017885258
38 0 0.000392010761621986
39 0 0.000439644858755250
40 0 0.000475156457131032
41 0 0.000578000596873629
42 0 0.000522750357795587
43 0 0.000458403973955357
44 0 0.00054915561294655
45 0 0.000525013364720439
46 0 0.00052685733796265
47 0 0.000510765742271824
48 0 0.000655021312936377
49 0 0.000660897032462415
50 0 0.00069254851545375
51 0 0.00076664098135415
52 0 0.000752103340444066
53 0 0.000894218194586571
54 0 0.00100217217502307
55 0 0.00099366256225375
56 0 0.00109304725455261
57 0 0.00108031252127005
58 0 0.00130127293311755
59 0 0.00127904280970959
60 0 0.00128546616453939
61 0 0.00148379944203492
62 0 0.00184706570143223
63 0 0.00182368123197807
64 0 0.00201339675771606
65 0 0.00210656975824208
66 0 0.00249135578063731
67 0 0.00260405762320581
68 0 0.00268882624635813
69 0 0.00289464247744387
70 0 0.00342079865512257
71 0 0.00347351343282409
72 0 0.00412523825305022
73 0 0.00452642027695160
74 0 0.00506296580529941
75 0 0.005536164443247
76 0 0.00586708739937225
77 0 0.00711077660352044
78 0 0.00726974041924289
79 0 0.00838134869852758
80 0 0.00898507322172692
81 0 0.00983010105203375
82 0 0.0111995856313124
83 0 0.0116657169101783
84 0 0.0145493520541624
85 0 0.0167879594550504
86 0 0.0160173669298663
87 0 0.019343621833835
88 0 0.0216917002969772
89 0 0.0251685336112600
90 0 0.0279027471180204
91 0 0.0277492965297708
92 0 0.0307120514999412
93 0 0.0480574924324175
94 0 0.0371280760283093
95 0 0.0462292630852837
96 0 0.0352281048704778
97 0 0.0450150120848308
98 0 0.0883392547383424
99 0 0.100100583286866
100 0 0.0635928084188389

death 1 F married
1 0 0.00477808709781691
2 0 0.00093125502219149
3 0 0.000427168841719561
4 0 0.000330182285765979
5 0 0.000305094768538572
6 0 0.000219431298580264
7 0 0.000244996525350261
8 0 0.000222438599107533
9 0 0.000192954641566101
10 0 0.000190365855619157
11 0 0.000161643630244290
12 0 0.000192954641566101
13 0 0.000188695710266806
14 0 0.000207904234931444
15 0 0.000225362458909140
16 0 0.000240902263616505
17 0 0.000261542563682937
18 0 0.000283525041223753
19 0 0.000341055694344727
20 0 0.000305429223218745
21 0 0.000341306634516481
22 0 0.000405402712065461
23 0 0.00035577868999126
24 0 0.000363392083553404
25 0 0.000379541282224505
26 0 0.000401887134033552
27 0 0.000360547444289594
28 0 0.000375608311464437
29 0 0.000420805895320564
30 0 0.000362973748665341
31 0 0.00038506446469011
32 0 0.000420387296045877
33 0 0.000398371692003185
34 0 0.000404816772948458
35 0 0.000380796521490145
36 0 0.000429764382004927
37 0 0.000419466384428913
38 0 0.000384897090592307
39 0 0.00046058162211926
40 0 0.000479093738905978
41 0 0.000459241524765397
42 0 0.00051571025222763
43 0 0.000489733630312572
44 0 0.000479428834594398
45 0 0.000508167887237732
46 0 0.000541861965893231
47 0 0.000530796860720772
48 0 0.000532557128227862
49 0 0.000613650218958872
50 0 0.000577581272794836
51 0 0.000718415208782242
52 0 0.000658127003053344
53 0 0.000666941026172929
54 0 0.000811276830808838
55 0 0.000903055156544097
56 0 0.000949526474658513
57 0 0.000902802659984658
58 0 0.00110569942025873
59 0 0.00109878268457797
60 0 0.00108140881878294
61 0 0.00136596565906177
62 0 0.00138559400451421
63 0 0.00145085491522690
64 0 0.00159881787749938
65 0 0.00150768958451530
66 0 0.00203563705895926
67 0 0.00224834549866326
68 0 0.00243852414487356
69 0 0.00259556796806559
70 0 0.00299888887653532
71 0 0.00292983697935112
72 0 0.00367070823204263
73 0 0.00406630341425107
74 0 0.00440395429395202
75 0 0.00496406280003281
76 0 0.00601541492025026
77 0 0.00611565375308387
78 0 0.00696100072181582
79 0 0.0077224510909073
80 0 0.00915650689575187
81 0 0.0089146966025705
82 0 0.0114256821969977
83 0 0.0121393306898812
84 0 0.0130496232961074
85 0 0.0152527639228218
86 0 0.0164535770802887
87 0 0.0197109137458472
88 0 0.020901931488989
89 0 0.0222744356641180
90 0 0.0243483637900076
91 0 0.0290783413357063
92 0 0.0276234387275973
93 0 0.0347710994972211
94 0 0.0321422296729279
95 0 0.0403786510984796
96 0 0.0537745694934831
97 0 0.045225638448564
98 0 0.0874853212824371
99 0 0.0686243982471783
100 0 0.0803069628796462

death 1 F single
1 0 0.00477808709781691
2 0 0.00093125502219149
3 0 0.000427168841719561
4 0 0.000330182285765979
5 0 0.000305094768538572
6 0 0.000219431298580264
7 0 0.000244996525350261
8 0 0.000222438599107533
9 0 0.000192954641566101
10 0 0.000190365855619157
11 0 0.000161643630244290
12 0 0.000192954641566101
13 0 0.000188695710266806
14 0 0.000207904234931444
15 0 0.000225362458909140
16 0 0.000240902263616505
17 0 0.000261542563682937
18 0 0.000283525041223753
19 0 0.000341055694344727
20 0 0.000305429223218745
21 0 0.000341306634516481
22 0 0.000405402712065461
23 0 0.00035577868999126
24 0 0.000363392083553404
25 0 0.000379541282224505
26 0 0.000401887134033552
27 0 0.000360547444289594
28 0 0.000375608311464437
29 0 0.000420805895320564
30 0 0.000362973748665341
31 0 0.00038506446469011
32 0 0.000420387296045877
33 0 0.000398371692003185
34 0 0.000404816772948458
35 0 0.000380796521490145
36 0 0.000429764382004927
37 0 0.000419466384428913
38 0 0.000384897090592307
39 0 0.00046058162211926
40 0 0.000479093738905978
41 0 0.000459241524765397
42 0 0.00051571025222763
43 0 0.000489733630312572
44 0 0.000479428834594398
45 0 0.000508167887237732
46 0 0.000541861965893231
47 0 0.000530796860720772
48 0 0.000532557128227862
49 0 0.000613650218958872
50 0 0.000577581272794836
51 0 0.000718415208782242
52 0 0.000658127003053344
53 0 0.000666941026172929
54 0 0.000811276830808838
55 0 0.000903055156544097
56 0 0.000949526474658513
57 0 0.000902802659984658
58 0 0.00110569942025873
59 0 0.00109878268457797
60 0 0.00108140881878294
61 0 0.00136596565906177
62 0 0.00138559400451421
63 0 0.00145085491522690
64 0 0.00159881787749938
65 0 0.00150768958451530
66 0 0.00203563705895926
67 0 0.00224834549866326
68 0 0.00243852414487356
69 0 0.00259556796806559
70 0 0.00299888887653532
71 0 0.00292983697935112
72 0 0.00367070823204263
73 0 0.00406630341425107
74 0 0.00440395429395202
75 0 0.00496406280003281
76 0 0.00601541492025026
77 0 0.00611565375308387
78 0 0.00696100072181582
79 0 0.0077224510909073
80 0 0.00915650689575187
81 0 0.0089146966025705
82 0 0.0114256821969977
83 0 0.0121393306898812
84 0 0.0130496232961074
85 0 0.0152527639228218
86 0 0.0164535770802887
87 0 0.0197109137458472
88 0 0.020901931488989
89 0 0.0222744356641180
90 0 0.0243483637900076
91 0 0.0290783413357063
92 0 0.0276234387275973
93 0 0.0347710994972211
94 0 0.0321422296729279
95 0 0.0403786510984796
96 0 0.0537745694934831
97 0 0.045225638448564
98 0 0.0874853212824371
99 0 0.0686243982471783
100 0 0.0803069628796462

death 1 F divorced
1 0 0.00477808709781691
2 0 0.00093125502219149
3 0 0.000427168841719561
4 0 0.000330182285765979
5 0 0.000305094768538572
6 0 0.000219431298580264
7 0 0.000244996525350261
8 0 0.000222438599107533
9 0 0.000192954641566101
10 0 0.000190365855619157
11 0 0.000161643630244290
12 0 0.000192954641566101
13 0 0.000188695710266806
14 0 0.000207904234931444
15 0 0.000225362458909140
16 0 0.000240902263616505
17 0 0.000261542563682937
18 0 0.000283525041223753
19 0 0.000341055694344727
20 0 0.000305429223218745
21 0 0.000341306634516481
22 0 0.000405402712065461
23 0 0.00035577868999126
24 0 0.000363392083553404
25 0 0.000379541282224505
26 0 0.000401887134033552
27 0 0.000360547444289594
28 0 0.000375608311464437
29 0 0.000420805895320564
30 0 0.000362973748665341
31 0 0.00038506446469011
32 0 0.000420387296045877
33 0 0.000398371692003185
34 0 0.000404816772948458
35 0 0.000380796521490145
36 0 0.000429764382004927
37 0 0.000419466384428913
38 0 0.000384897090592307
39 0 0.00046058162211926
40 0 0.000479093738905978
41 0 0.000459241524765397
42 0 0.00051571025222763
43 0 0.000489733630312572
44 0 0.000479428834594398
45 0 0.000508167887237732
46 0 0.000541861965893231
47 0 0.000530796860720772
48 0 0.000532557128227862
49 0 0.000613650218958872
50 0 0.000577581272794836
51 0 0.000718415208782242
52 0 0.000658127003053344
53 0 0.000666941026172929
54 0 0.000811276830808838
55 0 0.000903055156544097
56 0 0.000949526474658513
57 0 0.000902802659984658
58 0 0.00110569942025873
59 0 0.00109878268457797
60 0 0.00108140881878294
61 0 0.00136596565906177
62 0 0.00138559400451421
63 0 0.00145085491522690
64 0 0.00159881787749938
65 0 0.00150768958451530
66 0 0.00203563705895926
67 0 0.00224834549866326
68 0 0.00243852414487356
69 0 0.00259556796806559
70 0 0.00299888887653532
71 0 0.00292983697935112
72 0 0.00367070823204263
73 0 0.00406630341425107
74 0 0.00440395429395202
75 0 0.00496406280003281
76 0 0.00601541492025026
77 0 0.00611565375308387
78 0 0.00696100072181582
79 0 0.0077224510909073
80 0 0.00915650689575187
81 0 0.0089146966025705
82 0 0.0114256821969977
83 0 0.0121393306898812
84 0 0.0130496232961074
85 0 0.0152527639228218
86 0 0.0164535770802887
87 0 0.0197109137458472
88 0 0.020901931488989
89 0 0.0222744356641180
90 0 0.0243483637900076
91 0 0.0290783413357063
92 0 0.0276234387275973
93 0 0.0347710994972211
94 0 0.0321422296729279
95 0 0.0403786510984796
96 0 0.0537745694934831
97 0 0.045225638448564
98 0 0.0874853212824371
99 0 0.0686243982471783
100 0 0.0803069628796462

death 1 F widowed
1 0 0.00477808709781691
2 0 0.00093125502219149
3 0 0.000427168841719561
4 0 0.000330182285765979
5 0 0.000305094768538572
6 0 0.000219431298580264
7 0 0.000244996525350261
8 0 0.000222438599107533
9 0 0.000192954641566101
10 0 0.000190365855619157
11 0 0.000161643630244290
12 0 0.000192954641566101
13 0 0.000188695710266806
14 0 0.000207904234931444
15 0 0.000225362458909140
16 0 0.000240902263616505
17 0 0.000261542563682937
18 0 0.000283525041223753
19 0 0.000341055694344727
20 0 0.000305429223218745
21 0 0.000341306634516481
22 0 0.000405402712065461
23 0 0.00035577868999126
24 0 0.000363392083553404
25 0 0.000379541282224505
26 0 0.000401887134033552
27 0 0.000360547444289594
28 0 0.000375608311464437
29 0 0.000420805895320564
30 0 0.000362973748665341
31 0 0.00038506446469011
32 0 0.000420387296045877
33 0 0.000398371692003185
34 0 0.000404816772948458
35 0 0.000380796521490145
36 0 0.000429764382004927
37 0 0.000419466384428913
38 0 0.000384897090592307
39 0 0.00046058162211926
40 0 0.000479093738905978
41 0 0.000459241524765397
42 0 0.00051571025222763
43 0 0.000489733630312572
44 0 0.000479428834594398
45 0 0.000508167887237732
46 0 0.000541861965893231
47 0 0.000530796860720772
48 0 0.000532557128227862
49 0 0.000613650218958872
50 0 0.000577581272794836
51 0 0.000718415208782242
52 0 0.000658127003053344
53 0 0.000666941026172929
54 0 0.000811276830808838
55 0 0.000903055156544097
56 0 0.000949526474658513
57 0 0.000902802659984658
58 0 0.00110569942025873
59 0 0.00109878268457797
60 0 0.00108140881878294
61 0 0.00136596565906177
62 0 0.00138559400451421
63 0 0.00145085491522690
64 0 0.00159881787749938
65 0 0.00150768958451530
66 0 0.00203563705895926
67 0 0.00224834549866326
68 0 0.00243852414487356
69 0 0.00259556796806559
70 0 0.00299888887653532
71 0 0.00292983697935112
72 0 0.00367070823204263
73 0 0.00406630341425107
74 0 0.00440395429395202
75 0 0.00496406280003281
76 0 0.00601541492025026
77 0 0.00611565375308387
78 0 0.00696100072181582
79 0 0.0077224510909073
80 0 0.00915650689575187
81 0 0.0089146966025705
82 0 0.0114256821969977
83 0 0.0121393306898812
84 0 0.0130496232961074
85 0 0.0152527639228218
86 0 0.0164535770802887
87 0 0.0197109137458472
88 0 0.020901931488989
89 0 0.0222744356641180
90 0 0.0243483637900076
91 0 0.0290783413357063
92 0 0.0276234387275973
93 0 0.0347710994972211
94 0 0.0321422296729279
95 0 0.0403786510984796
96 0 0.0537745694934831
97 0 0.045225638448564
98 0 0.0874853212824371
99 0 0.0686243982471783
100 0 0.0803069628796462
