*Period monthly mortality rates for SWE in 1777 
* Mon Dec 20 14:18:57 2010
death 1 M married
1 0 0.0218123818063914
2 0 0.00530764914774884
3 0 0.00363418397428239
4 0 0.00222306399403793
5 0 0.00163750088121117
6 0 0.00140979685857601
7 0 0.00103478569793736
8 0 0.000769078154643887
9 0 0.000596285008608755
10 0 0.000514955987554355
11 0 0.000486885033321283
12 0 0.000491241747227367
13 0 0.000500207181129420
14 0 0.000510598136479801
15 0 0.000522582729895138
16 0 0.000529036627315183
17 0 0.00052300180022613
18 0 0.00053683220558387
19 0 0.000570117627983535
20 0 0.000620446204865122
21 0 0.00067667941744376
22 0 0.000739080262173064
23 0 0.000787485126714449
24 0 0.000838018409161312
25 0 0.000877472406142665
26 0 0.000912313848482116
27 0 0.000907095196960972
28 0 0.000901035203722533
29 0 0.00090642184441192
30 0 0.000912313848482116
31 0 0.000923930633289882
32 0 0.000974202979259764
33 0 0.00101380045983701
34 0 0.00104018027753072
35 0 0.00104582807139697
36 0 0.00104262480191242
37 0 0.00101337911917343
38 0 0.00101211510891130
39 0 0.00103461712248842
40 0 0.00107634909452503
41 0 0.00112004067274540
42 0 0.00122699659019909
43 0 0.00132477685335108
44 0 0.00142223929812924
45 0 0.00149938662355298
46 0 0.00155531919569518
47 0 0.00151099403535304
48 0 0.00150328383718179
49 0 0.00152878930027156
50 0 0.00158066969423309
51 0 0.00164352537639989
52 0 0.00179511783907171
53 0 0.00192934188581939
54 0 0.00205123408551244
55 0 0.00214120369745519
56 0 0.00220683971356939
57 0 0.00217021766568792
58 0 0.00217141255744568
59 0 0.00220393672735819
60 0 0.00228106817688978
61 0 0.00239162654087088
62 0 0.00275150988614525
63 0 0.00316173925298879
64 0 0.00365101280020541
65 0 0.00425553664961031
66 0 0.00502393772264709
67 0 0.00553005257157224
68 0 0.00599920894934491
69 0 0.00635525146065352
70 0 0.00656824434861825
71 0 0.00660032627923779
72 0 0.00689146601420776
73 0 0.00724500234237846
74 0 0.00779335589251795
75 0 0.00864840745393691
76 0 0.00977252198518685
77 0 0.0103166260807949
78 0 0.0109067145420244
79 0 0.0113720815864591
80 0 0.0115757826560939
81 0 0.0138024688533294
82 0 0.0149809082157574
83 0 0.0159309165523300
84 0 0.0165946126765246
85 0 0.0168905186414385
86 0 0.0167382791579836
87 0 0.0165793873384104
88 0 0.0169217819092077
89 0 0.0183686822590700
90 0 0.0213291561987661
91 0 0.0286298504462579
92 0 0.0314621920885695
93 0 0.0347841378701463
94 0 0.0383665351776561
95 0 0.0421850038620345
96 0 0.046549366313003
97 0 0.0537187186352452
98 0 0.0620924441947116
99 0 0.071879262249873
100 0 0.0960395037546662

death 1 M single
1 0 0.0218123818063914
2 0 0.00530764914774884
3 0 0.00363418397428239
4 0 0.00222306399403793
5 0 0.00163750088121117
6 0 0.00140979685857601
7 0 0.00103478569793736
8 0 0.000769078154643887
9 0 0.000596285008608755
10 0 0.000514955987554355
11 0 0.000486885033321283
12 0 0.000491241747227367
13 0 0.000500207181129420
14 0 0.000510598136479801
15 0 0.000522582729895138
16 0 0.000529036627315183
17 0 0.00052300180022613
18 0 0.00053683220558387
19 0 0.000570117627983535
20 0 0.000620446204865122
21 0 0.00067667941744376
22 0 0.000739080262173064
23 0 0.000787485126714449
24 0 0.000838018409161312
25 0 0.000877472406142665
26 0 0.000912313848482116
27 0 0.000907095196960972
28 0 0.000901035203722533
29 0 0.00090642184441192
30 0 0.000912313848482116
31 0 0.000923930633289882
32 0 0.000974202979259764
33 0 0.00101380045983701
34 0 0.00104018027753072
35 0 0.00104582807139697
36 0 0.00104262480191242
37 0 0.00101337911917343
38 0 0.00101211510891130
39 0 0.00103461712248842
40 0 0.00107634909452503
41 0 0.00112004067274540
42 0 0.00122699659019909
43 0 0.00132477685335108
44 0 0.00142223929812924
45 0 0.00149938662355298
46 0 0.00155531919569518
47 0 0.00151099403535304
48 0 0.00150328383718179
49 0 0.00152878930027156
50 0 0.00158066969423309
51 0 0.00164352537639989
52 0 0.00179511783907171
53 0 0.00192934188581939
54 0 0.00205123408551244
55 0 0.00214120369745519
56 0 0.00220683971356939
57 0 0.00217021766568792
58 0 0.00217141255744568
59 0 0.00220393672735819
60 0 0.00228106817688978
61 0 0.00239162654087088
62 0 0.00275150988614525
63 0 0.00316173925298879
64 0 0.00365101280020541
65 0 0.00425553664961031
66 0 0.00502393772264709
67 0 0.00553005257157224
68 0 0.00599920894934491
69 0 0.00635525146065352
70 0 0.00656824434861825
71 0 0.00660032627923779
72 0 0.00689146601420776
73 0 0.00724500234237846
74 0 0.00779335589251795
75 0 0.00864840745393691
76 0 0.00977252198518685
77 0 0.0103166260807949
78 0 0.0109067145420244
79 0 0.0113720815864591
80 0 0.0115757826560939
81 0 0.0138024688533294
82 0 0.0149809082157574
83 0 0.0159309165523300
84 0 0.0165946126765246
85 0 0.0168905186414385
86 0 0.0167382791579836
87 0 0.0165793873384104
88 0 0.0169217819092077
89 0 0.0183686822590700
90 0 0.0213291561987661
91 0 0.0286298504462579
92 0 0.0314621920885695
93 0 0.0347841378701463
94 0 0.0383665351776561
95 0 0.0421850038620345
96 0 0.046549366313003
97 0 0.0537187186352452
98 0 0.0620924441947116
99 0 0.071879262249873
100 0 0.0960395037546662

death 1 M divorced
1 0 0.0218123818063914
2 0 0.00530764914774884
3 0 0.00363418397428239
4 0 0.00222306399403793
5 0 0.00163750088121117
6 0 0.00140979685857601
7 0 0.00103478569793736
8 0 0.000769078154643887
9 0 0.000596285008608755
10 0 0.000514955987554355
11 0 0.000486885033321283
12 0 0.000491241747227367
13 0 0.000500207181129420
14 0 0.000510598136479801
15 0 0.000522582729895138
16 0 0.000529036627315183
17 0 0.00052300180022613
18 0 0.00053683220558387
19 0 0.000570117627983535
20 0 0.000620446204865122
21 0 0.00067667941744376
22 0 0.000739080262173064
23 0 0.000787485126714449
24 0 0.000838018409161312
25 0 0.000877472406142665
26 0 0.000912313848482116
27 0 0.000907095196960972
28 0 0.000901035203722533
29 0 0.00090642184441192
30 0 0.000912313848482116
31 0 0.000923930633289882
32 0 0.000974202979259764
33 0 0.00101380045983701
34 0 0.00104018027753072
35 0 0.00104582807139697
36 0 0.00104262480191242
37 0 0.00101337911917343
38 0 0.00101211510891130
39 0 0.00103461712248842
40 0 0.00107634909452503
41 0 0.00112004067274540
42 0 0.00122699659019909
43 0 0.00132477685335108
44 0 0.00142223929812924
45 0 0.00149938662355298
46 0 0.00155531919569518
47 0 0.00151099403535304
48 0 0.00150328383718179
49 0 0.00152878930027156
50 0 0.00158066969423309
51 0 0.00164352537639989
52 0 0.00179511783907171
53 0 0.00192934188581939
54 0 0.00205123408551244
55 0 0.00214120369745519
56 0 0.00220683971356939
57 0 0.00217021766568792
58 0 0.00217141255744568
59 0 0.00220393672735819
60 0 0.00228106817688978
61 0 0.00239162654087088
62 0 0.00275150988614525
63 0 0.00316173925298879
64 0 0.00365101280020541
65 0 0.00425553664961031
66 0 0.00502393772264709
67 0 0.00553005257157224
68 0 0.00599920894934491
69 0 0.00635525146065352
70 0 0.00656824434861825
71 0 0.00660032627923779
72 0 0.00689146601420776
73 0 0.00724500234237846
74 0 0.00779335589251795
75 0 0.00864840745393691
76 0 0.00977252198518685
77 0 0.0103166260807949
78 0 0.0109067145420244
79 0 0.0113720815864591
80 0 0.0115757826560939
81 0 0.0138024688533294
82 0 0.0149809082157574
83 0 0.0159309165523300
84 0 0.0165946126765246
85 0 0.0168905186414385
86 0 0.0167382791579836
87 0 0.0165793873384104
88 0 0.0169217819092077
89 0 0.0183686822590700
90 0 0.0213291561987661
91 0 0.0286298504462579
92 0 0.0314621920885695
93 0 0.0347841378701463
94 0 0.0383665351776561
95 0 0.0421850038620345
96 0 0.046549366313003
97 0 0.0537187186352452
98 0 0.0620924441947116
99 0 0.071879262249873
100 0 0.0960395037546662

death 1 M widowed
1 0 0.0218123818063914
2 0 0.00530764914774884
3 0 0.00363418397428239
4 0 0.00222306399403793
5 0 0.00163750088121117
6 0 0.00140979685857601
7 0 0.00103478569793736
8 0 0.000769078154643887
9 0 0.000596285008608755
10 0 0.000514955987554355
11 0 0.000486885033321283
12 0 0.000491241747227367
13 0 0.000500207181129420
14 0 0.000510598136479801
15 0 0.000522582729895138
16 0 0.000529036627315183
17 0 0.00052300180022613
18 0 0.00053683220558387
19 0 0.000570117627983535
20 0 0.000620446204865122
21 0 0.00067667941744376
22 0 0.000739080262173064
23 0 0.000787485126714449
24 0 0.000838018409161312
25 0 0.000877472406142665
26 0 0.000912313848482116
27 0 0.000907095196960972
28 0 0.000901035203722533
29 0 0.00090642184441192
30 0 0.000912313848482116
31 0 0.000923930633289882
32 0 0.000974202979259764
33 0 0.00101380045983701
34 0 0.00104018027753072
35 0 0.00104582807139697
36 0 0.00104262480191242
37 0 0.00101337911917343
38 0 0.00101211510891130
39 0 0.00103461712248842
40 0 0.00107634909452503
41 0 0.00112004067274540
42 0 0.00122699659019909
43 0 0.00132477685335108
44 0 0.00142223929812924
45 0 0.00149938662355298
46 0 0.00155531919569518
47 0 0.00151099403535304
48 0 0.00150328383718179
49 0 0.00152878930027156
50 0 0.00158066969423309
51 0 0.00164352537639989
52 0 0.00179511783907171
53 0 0.00192934188581939
54 0 0.00205123408551244
55 0 0.00214120369745519
56 0 0.00220683971356939
57 0 0.00217021766568792
58 0 0.00217141255744568
59 0 0.00220393672735819
60 0 0.00228106817688978
61 0 0.00239162654087088
62 0 0.00275150988614525
63 0 0.00316173925298879
64 0 0.00365101280020541
65 0 0.00425553664961031
66 0 0.00502393772264709
67 0 0.00553005257157224
68 0 0.00599920894934491
69 0 0.00635525146065352
70 0 0.00656824434861825
71 0 0.00660032627923779
72 0 0.00689146601420776
73 0 0.00724500234237846
74 0 0.00779335589251795
75 0 0.00864840745393691
76 0 0.00977252198518685
77 0 0.0103166260807949
78 0 0.0109067145420244
79 0 0.0113720815864591
80 0 0.0115757826560939
81 0 0.0138024688533294
82 0 0.0149809082157574
83 0 0.0159309165523300
84 0 0.0165946126765246
85 0 0.0168905186414385
86 0 0.0167382791579836
87 0 0.0165793873384104
88 0 0.0169217819092077
89 0 0.0183686822590700
90 0 0.0213291561987661
91 0 0.0286298504462579
92 0 0.0314621920885695
93 0 0.0347841378701463
94 0 0.0383665351776561
95 0 0.0421850038620345
96 0 0.046549366313003
97 0 0.0537187186352452
98 0 0.0620924441947116
99 0 0.071879262249873
100 0 0.0960395037546662

death 1 F married
1 0 0.0190661559073371
2 0 0.00518385705204616
3 0 0.00355736627418124
4 0 0.00210349940666665
5 0 0.00150497833008079
6 0 0.00132849745608776
7 0 0.00100545827850063
8 0 0.000771011131679988
9 0 0.000611049420582099
10 0 0.000525097180874123
11 0 0.000480517904116518
12 0 0.000477250734708723
13 0 0.000482779859448113
14 0 0.000494760784040649
15 0 0.000514369341581777
16 0 0.000533143891641941
17 0 0.000525851529736832
18 0 0.000528198432916849
19 0 0.000541610471264886
20 0 0.00056374466376774
21 0 0.000587393963473959
22 0 0.000622795552802535
23 0 0.000649229904146287
24 0 0.00068280842303492
25 0 0.000714131578643751
26 0 0.000749078459030161
27 0 0.000757985342660472
28 0 0.000771515393323652
29 0 0.000798329335589654
30 0 0.000830028748177725
31 0 0.000870152352861808
32 0 0.00094666342358185
33 0 0.00100377308237709
34 0 0.00103638718030907
35 0 0.00103689291745179
36 0 0.00101430607121367
37 0 0.000967801603661278
38 0 0.000955505490002118
39 0 0.000978246185804887
40 0 0.00103023427064697
41 0 0.00109110741167084
42 0 0.00117025290045070
43 0 0.00122437816940602
44 0 0.00126509893238780
45 0 0.00127405657124435
46 0 0.00124845359216053
47 0 0.00117329184218895
48 0 0.00113826576718046
49 0 0.00113809699952727
50 0 0.00116721406041498
51 0 0.00121466533249159
52 0 0.00134837143935773
53 0 0.00148159712132512
54 0 0.00162188996573254
55 0 0.00175594280809166
56 0 0.00188236640481199
57 0 0.00188721600799768
58 0 0.00192729896780941
59 0 0.00200632531389899
60 0 0.00213079506488001
61 0 0.00228739193529026
62 0 0.00264257119162614
63 0 0.00302792015365705
64 0 0.00344156928981154
65 0 0.00389494787826916
66 0 0.0044211893038244
67 0 0.00480251031880863
68 0 0.00520503626338076
69 0 0.00556664139033669
70 0 0.00589394092072371
71 0 0.00618834074390717
72 0 0.006812281483626
73 0 0.00749929705978658
74 0 0.00836133058749922
75 0 0.00937585719413336
76 0 0.0104107318652202
77 0 0.0108394231559609
78 0 0.0113077463585932
79 0 0.0118400608114971
80 0 0.0124052746721779
81 0 0.0133162542707623
82 0 0.0140603465308233
83 0 0.0148425878035048
84 0 0.0157328634480022
85 0 0.0166854175345434
86 0 0.0175552281792551
87 0 0.0183578513277316
88 0 0.0193508536766517
89 0 0.0207694599737781
90 0 0.0228846639346408
91 0 0.0239105416303425
92 0 0.0255525629488879
93 0 0.0271707452826166
94 0 0.0288854410527044
95 0 0.0308336919161086
96 0 0.0329012202860918
97 0 0.0351775520002042
98 0 0.0380009241321109
99 0 0.0408036454288419
100 0 0.0440974800133190

death 1 F single
1 0 0.0190661559073371
2 0 0.00518385705204616
3 0 0.00355736627418124
4 0 0.00210349940666665
5 0 0.00150497833008079
6 0 0.00132849745608776
7 0 0.00100545827850063
8 0 0.000771011131679988
9 0 0.000611049420582099
10 0 0.000525097180874123
11 0 0.000480517904116518
12 0 0.000477250734708723
13 0 0.000482779859448113
14 0 0.000494760784040649
15 0 0.000514369341581777
16 0 0.000533143891641941
17 0 0.000525851529736832
18 0 0.000528198432916849
19 0 0.000541610471264886
20 0 0.00056374466376774
21 0 0.000587393963473959
22 0 0.000622795552802535
23 0 0.000649229904146287
24 0 0.00068280842303492
25 0 0.000714131578643751
26 0 0.000749078459030161
27 0 0.000757985342660472
28 0 0.000771515393323652
29 0 0.000798329335589654
30 0 0.000830028748177725
31 0 0.000870152352861808
32 0 0.00094666342358185
33 0 0.00100377308237709
34 0 0.00103638718030907
35 0 0.00103689291745179
36 0 0.00101430607121367
37 0 0.000967801603661278
38 0 0.000955505490002118
39 0 0.000978246185804887
40 0 0.00103023427064697
41 0 0.00109110741167084
42 0 0.00117025290045070
43 0 0.00122437816940602
44 0 0.00126509893238780
45 0 0.00127405657124435
46 0 0.00124845359216053
47 0 0.00117329184218895
48 0 0.00113826576718046
49 0 0.00113809699952727
50 0 0.00116721406041498
51 0 0.00121466533249159
52 0 0.00134837143935773
53 0 0.00148159712132512
54 0 0.00162188996573254
55 0 0.00175594280809166
56 0 0.00188236640481199
57 0 0.00188721600799768
58 0 0.00192729896780941
59 0 0.00200632531389899
60 0 0.00213079506488001
61 0 0.00228739193529026
62 0 0.00264257119162614
63 0 0.00302792015365705
64 0 0.00344156928981154
65 0 0.00389494787826916
66 0 0.0044211893038244
67 0 0.00480251031880863
68 0 0.00520503626338076
69 0 0.00556664139033669
70 0 0.00589394092072371
71 0 0.00618834074390717
72 0 0.006812281483626
73 0 0.00749929705978658
74 0 0.00836133058749922
75 0 0.00937585719413336
76 0 0.0104107318652202
77 0 0.0108394231559609
78 0 0.0113077463585932
79 0 0.0118400608114971
80 0 0.0124052746721779
81 0 0.0133162542707623
82 0 0.0140603465308233
83 0 0.0148425878035048
84 0 0.0157328634480022
85 0 0.0166854175345434
86 0 0.0175552281792551
87 0 0.0183578513277316
88 0 0.0193508536766517
89 0 0.0207694599737781
90 0 0.0228846639346408
91 0 0.0239105416303425
92 0 0.0255525629488879
93 0 0.0271707452826166
94 0 0.0288854410527044
95 0 0.0308336919161086
96 0 0.0329012202860918
97 0 0.0351775520002042
98 0 0.0380009241321109
99 0 0.0408036454288419
100 0 0.0440974800133190

death 1 F divorced
1 0 0.0190661559073371
2 0 0.00518385705204616
3 0 0.00355736627418124
4 0 0.00210349940666665
5 0 0.00150497833008079
6 0 0.00132849745608776
7 0 0.00100545827850063
8 0 0.000771011131679988
9 0 0.000611049420582099
10 0 0.000525097180874123
11 0 0.000480517904116518
12 0 0.000477250734708723
13 0 0.000482779859448113
14 0 0.000494760784040649
15 0 0.000514369341581777
16 0 0.000533143891641941
17 0 0.000525851529736832
18 0 0.000528198432916849
19 0 0.000541610471264886
20 0 0.00056374466376774
21 0 0.000587393963473959
22 0 0.000622795552802535
23 0 0.000649229904146287
24 0 0.00068280842303492
25 0 0.000714131578643751
26 0 0.000749078459030161
27 0 0.000757985342660472
28 0 0.000771515393323652
29 0 0.000798329335589654
30 0 0.000830028748177725
31 0 0.000870152352861808
32 0 0.00094666342358185
33 0 0.00100377308237709
34 0 0.00103638718030907
35 0 0.00103689291745179
36 0 0.00101430607121367
37 0 0.000967801603661278
38 0 0.000955505490002118
39 0 0.000978246185804887
40 0 0.00103023427064697
41 0 0.00109110741167084
42 0 0.00117025290045070
43 0 0.00122437816940602
44 0 0.00126509893238780
45 0 0.00127405657124435
46 0 0.00124845359216053
47 0 0.00117329184218895
48 0 0.00113826576718046
49 0 0.00113809699952727
50 0 0.00116721406041498
51 0 0.00121466533249159
52 0 0.00134837143935773
53 0 0.00148159712132512
54 0 0.00162188996573254
55 0 0.00175594280809166
56 0 0.00188236640481199
57 0 0.00188721600799768
58 0 0.00192729896780941
59 0 0.00200632531389899
60 0 0.00213079506488001
61 0 0.00228739193529026
62 0 0.00264257119162614
63 0 0.00302792015365705
64 0 0.00344156928981154
65 0 0.00389494787826916
66 0 0.0044211893038244
67 0 0.00480251031880863
68 0 0.00520503626338076
69 0 0.00556664139033669
70 0 0.00589394092072371
71 0 0.00618834074390717
72 0 0.006812281483626
73 0 0.00749929705978658
74 0 0.00836133058749922
75 0 0.00937585719413336
76 0 0.0104107318652202
77 0 0.0108394231559609
78 0 0.0113077463585932
79 0 0.0118400608114971
80 0 0.0124052746721779
81 0 0.0133162542707623
82 0 0.0140603465308233
83 0 0.0148425878035048
84 0 0.0157328634480022
85 0 0.0166854175345434
86 0 0.0175552281792551
87 0 0.0183578513277316
88 0 0.0193508536766517
89 0 0.0207694599737781
90 0 0.0228846639346408
91 0 0.0239105416303425
92 0 0.0255525629488879
93 0 0.0271707452826166
94 0 0.0288854410527044
95 0 0.0308336919161086
96 0 0.0329012202860918
97 0 0.0351775520002042
98 0 0.0380009241321109
99 0 0.0408036454288419
100 0 0.0440974800133190

death 1 F widowed
1 0 0.0190661559073371
2 0 0.00518385705204616
3 0 0.00355736627418124
4 0 0.00210349940666665
5 0 0.00150497833008079
6 0 0.00132849745608776
7 0 0.00100545827850063
8 0 0.000771011131679988
9 0 0.000611049420582099
10 0 0.000525097180874123
11 0 0.000480517904116518
12 0 0.000477250734708723
13 0 0.000482779859448113
14 0 0.000494760784040649
15 0 0.000514369341581777
16 0 0.000533143891641941
17 0 0.000525851529736832
18 0 0.000528198432916849
19 0 0.000541610471264886
20 0 0.00056374466376774
21 0 0.000587393963473959
22 0 0.000622795552802535
23 0 0.000649229904146287
24 0 0.00068280842303492
25 0 0.000714131578643751
26 0 0.000749078459030161
27 0 0.000757985342660472
28 0 0.000771515393323652
29 0 0.000798329335589654
30 0 0.000830028748177725
31 0 0.000870152352861808
32 0 0.00094666342358185
33 0 0.00100377308237709
34 0 0.00103638718030907
35 0 0.00103689291745179
36 0 0.00101430607121367
37 0 0.000967801603661278
38 0 0.000955505490002118
39 0 0.000978246185804887
40 0 0.00103023427064697
41 0 0.00109110741167084
42 0 0.00117025290045070
43 0 0.00122437816940602
44 0 0.00126509893238780
45 0 0.00127405657124435
46 0 0.00124845359216053
47 0 0.00117329184218895
48 0 0.00113826576718046
49 0 0.00113809699952727
50 0 0.00116721406041498
51 0 0.00121466533249159
52 0 0.00134837143935773
53 0 0.00148159712132512
54 0 0.00162188996573254
55 0 0.00175594280809166
56 0 0.00188236640481199
57 0 0.00188721600799768
58 0 0.00192729896780941
59 0 0.00200632531389899
60 0 0.00213079506488001
61 0 0.00228739193529026
62 0 0.00264257119162614
63 0 0.00302792015365705
64 0 0.00344156928981154
65 0 0.00389494787826916
66 0 0.0044211893038244
67 0 0.00480251031880863
68 0 0.00520503626338076
69 0 0.00556664139033669
70 0 0.00589394092072371
71 0 0.00618834074390717
72 0 0.006812281483626
73 0 0.00749929705978658
74 0 0.00836133058749922
75 0 0.00937585719413336
76 0 0.0104107318652202
77 0 0.0108394231559609
78 0 0.0113077463585932
79 0 0.0118400608114971
80 0 0.0124052746721779
81 0 0.0133162542707623
82 0 0.0140603465308233
83 0 0.0148425878035048
84 0 0.0157328634480022
85 0 0.0166854175345434
86 0 0.0175552281792551
87 0 0.0183578513277316
88 0 0.0193508536766517
89 0 0.0207694599737781
90 0 0.0228846639346408
91 0 0.0239105416303425
92 0 0.0255525629488879
93 0 0.0271707452826166
94 0 0.0288854410527044
95 0 0.0308336919161086
96 0 0.0329012202860918
97 0 0.0351775520002042
98 0 0.0380009241321109
99 0 0.0408036454288419
100 0 0.0440974800133190
