*Period monthly mortality rates for SWE in 1955 
* Mon Dec 20 14:21:12 2010
death 1 M married
1 0 0.00166957955810487
2 0 0.000136519126129109
3 0 0.000100472168688359
4 0 0.0000721119271748227
5 0 0.0000779500771647124
6 0 0.0000631886224529143
7 0 0.0000498469970400262
8 0 0.0000536825137983366
9 0 0.0000447610178739843
10 0 0.0000501805138121147
11 0 0.0000350067393084519
12 0 0.0000310886485548334
13 0 0.0000419263333114595
14 0 0.0000482628090823223
15 0 0.0000358403974268784
16 0 0.0000656903952246379
17 0 0.0000663575462589439
18 0 0.0000907119105637566
19 0 0.0000859572926341645
20 0 0.000101556706507022
21 0 0.0000902948288645788
22 0 0.000113153727492099
23 0 0.000097302055409476
24 0 0.0000984699790181898
25 0 0.000108064205168068
26 0 0.000107146452780205
27 0 0.000106812726936467
28 0 0.0000921300026553995
29 0 0.0000802020352259625
30 0 0.000102307547961589
31 0 0.000100722445497969
32 0 0.000107563611807859
33 0 0.0000927973477653499
34 0 0.000128507455684934
35 0 0.000152377639355383
36 0 0.000145115766213677
37 0 0.000136185292428426
38 0 0.000150791663519945
39 0 0.000177924010021591
40 0 0.000180595940640793
41 0 0.000172914351804776
42 0 0.000203728123364
43 0 0.000207486615140029
44 0 0.000224359982095246
45 0 0.000259453251264863
46 0 0.000280599309728569
47 0 0.000288122809589786
48 0 0.000320899097214111
49 0 0.000363057415488921
50 0 0.000460330352360039
51 0 0.000427587472235036
52 0 0.00049300124859808
53 0 0.000604338026793383
54 0 0.000604086359170308
55 0 0.000696327280732212
56 0 0.00083835483135819
57 0 0.000907852724545632
58 0 0.000920563296365806
59 0 0.00101742407023986
60 0 0.00124270870087373
61 0 0.00135471511589202
62 0 0.00139414042928876
63 0 0.00157905858230822
64 0 0.0016581215861603
65 0 0.00186764902068337
66 0 0.00201211874513774
67 0 0.00223092100431543
68 0 0.00251482735245501
69 0 0.00257233267424839
70 0 0.00305471988212336
71 0 0.00331191730747926
72 0 0.00370238608052464
73 0 0.00426951144173371
74 0 0.00487335738024008
75 0 0.00483950912061692
76 0 0.00572912214762133
77 0 0.00602832835122202
78 0 0.00704085626982554
79 0 0.00765640816117663
80 0 0.00902787804619876
81 0 0.0100586442193257
82 0 0.0110745043096169
83 0 0.0117944728560142
84 0 0.0129758011006492
85 0 0.0147101695991368
86 0 0.0150281453352016
87 0 0.0177404183365624
88 0 0.0203867066293766
89 0 0.0234877480158585
90 0 0.0263288940463358
91 0 0.0267735820044073
92 0 0.0312403772749026
93 0 0.0372087225659341
94 0 0.0441185586478522
95 0 0.0328247972079065
96 0 0.043003374152615
97 0 0.0474835264127247
98 0 0.0521545573148451
99 0 0.0436807909328064
100 0 0.0264683677171222

death 1 M single
1 0 0.00166957955810487
2 0 0.000136519126129109
3 0 0.000100472168688359
4 0 0.0000721119271748227
5 0 0.0000779500771647124
6 0 0.0000631886224529143
7 0 0.0000498469970400262
8 0 0.0000536825137983366
9 0 0.0000447610178739843
10 0 0.0000501805138121147
11 0 0.0000350067393084519
12 0 0.0000310886485548334
13 0 0.0000419263333114595
14 0 0.0000482628090823223
15 0 0.0000358403974268784
16 0 0.0000656903952246379
17 0 0.0000663575462589439
18 0 0.0000907119105637566
19 0 0.0000859572926341645
20 0 0.000101556706507022
21 0 0.0000902948288645788
22 0 0.000113153727492099
23 0 0.000097302055409476
24 0 0.0000984699790181898
25 0 0.000108064205168068
26 0 0.000107146452780205
27 0 0.000106812726936467
28 0 0.0000921300026553995
29 0 0.0000802020352259625
30 0 0.000102307547961589
31 0 0.000100722445497969
32 0 0.000107563611807859
33 0 0.0000927973477653499
34 0 0.000128507455684934
35 0 0.000152377639355383
36 0 0.000145115766213677
37 0 0.000136185292428426
38 0 0.000150791663519945
39 0 0.000177924010021591
40 0 0.000180595940640793
41 0 0.000172914351804776
42 0 0.000203728123364
43 0 0.000207486615140029
44 0 0.000224359982095246
45 0 0.000259453251264863
46 0 0.000280599309728569
47 0 0.000288122809589786
48 0 0.000320899097214111
49 0 0.000363057415488921
50 0 0.000460330352360039
51 0 0.000427587472235036
52 0 0.00049300124859808
53 0 0.000604338026793383
54 0 0.000604086359170308
55 0 0.000696327280732212
56 0 0.00083835483135819
57 0 0.000907852724545632
58 0 0.000920563296365806
59 0 0.00101742407023986
60 0 0.00124270870087373
61 0 0.00135471511589202
62 0 0.00139414042928876
63 0 0.00157905858230822
64 0 0.0016581215861603
65 0 0.00186764902068337
66 0 0.00201211874513774
67 0 0.00223092100431543
68 0 0.00251482735245501
69 0 0.00257233267424839
70 0 0.00305471988212336
71 0 0.00331191730747926
72 0 0.00370238608052464
73 0 0.00426951144173371
74 0 0.00487335738024008
75 0 0.00483950912061692
76 0 0.00572912214762133
77 0 0.00602832835122202
78 0 0.00704085626982554
79 0 0.00765640816117663
80 0 0.00902787804619876
81 0 0.0100586442193257
82 0 0.0110745043096169
83 0 0.0117944728560142
84 0 0.0129758011006492
85 0 0.0147101695991368
86 0 0.0150281453352016
87 0 0.0177404183365624
88 0 0.0203867066293766
89 0 0.0234877480158585
90 0 0.0263288940463358
91 0 0.0267735820044073
92 0 0.0312403772749026
93 0 0.0372087225659341
94 0 0.0441185586478522
95 0 0.0328247972079065
96 0 0.043003374152615
97 0 0.0474835264127247
98 0 0.0521545573148451
99 0 0.0436807909328064
100 0 0.0264683677171222

death 1 M divorced
1 0 0.00166957955810487
2 0 0.000136519126129109
3 0 0.000100472168688359
4 0 0.0000721119271748227
5 0 0.0000779500771647124
6 0 0.0000631886224529143
7 0 0.0000498469970400262
8 0 0.0000536825137983366
9 0 0.0000447610178739843
10 0 0.0000501805138121147
11 0 0.0000350067393084519
12 0 0.0000310886485548334
13 0 0.0000419263333114595
14 0 0.0000482628090823223
15 0 0.0000358403974268784
16 0 0.0000656903952246379
17 0 0.0000663575462589439
18 0 0.0000907119105637566
19 0 0.0000859572926341645
20 0 0.000101556706507022
21 0 0.0000902948288645788
22 0 0.000113153727492099
23 0 0.000097302055409476
24 0 0.0000984699790181898
25 0 0.000108064205168068
26 0 0.000107146452780205
27 0 0.000106812726936467
28 0 0.0000921300026553995
29 0 0.0000802020352259625
30 0 0.000102307547961589
31 0 0.000100722445497969
32 0 0.000107563611807859
33 0 0.0000927973477653499
34 0 0.000128507455684934
35 0 0.000152377639355383
36 0 0.000145115766213677
37 0 0.000136185292428426
38 0 0.000150791663519945
39 0 0.000177924010021591
40 0 0.000180595940640793
41 0 0.000172914351804776
42 0 0.000203728123364
43 0 0.000207486615140029
44 0 0.000224359982095246
45 0 0.000259453251264863
46 0 0.000280599309728569
47 0 0.000288122809589786
48 0 0.000320899097214111
49 0 0.000363057415488921
50 0 0.000460330352360039
51 0 0.000427587472235036
52 0 0.00049300124859808
53 0 0.000604338026793383
54 0 0.000604086359170308
55 0 0.000696327280732212
56 0 0.00083835483135819
57 0 0.000907852724545632
58 0 0.000920563296365806
59 0 0.00101742407023986
60 0 0.00124270870087373
61 0 0.00135471511589202
62 0 0.00139414042928876
63 0 0.00157905858230822
64 0 0.0016581215861603
65 0 0.00186764902068337
66 0 0.00201211874513774
67 0 0.00223092100431543
68 0 0.00251482735245501
69 0 0.00257233267424839
70 0 0.00305471988212336
71 0 0.00331191730747926
72 0 0.00370238608052464
73 0 0.00426951144173371
74 0 0.00487335738024008
75 0 0.00483950912061692
76 0 0.00572912214762133
77 0 0.00602832835122202
78 0 0.00704085626982554
79 0 0.00765640816117663
80 0 0.00902787804619876
81 0 0.0100586442193257
82 0 0.0110745043096169
83 0 0.0117944728560142
84 0 0.0129758011006492
85 0 0.0147101695991368
86 0 0.0150281453352016
87 0 0.0177404183365624
88 0 0.0203867066293766
89 0 0.0234877480158585
90 0 0.0263288940463358
91 0 0.0267735820044073
92 0 0.0312403772749026
93 0 0.0372087225659341
94 0 0.0441185586478522
95 0 0.0328247972079065
96 0 0.043003374152615
97 0 0.0474835264127247
98 0 0.0521545573148451
99 0 0.0436807909328064
100 0 0.0264683677171222

death 1 M widowed
1 0 0.00166957955810487
2 0 0.000136519126129109
3 0 0.000100472168688359
4 0 0.0000721119271748227
5 0 0.0000779500771647124
6 0 0.0000631886224529143
7 0 0.0000498469970400262
8 0 0.0000536825137983366
9 0 0.0000447610178739843
10 0 0.0000501805138121147
11 0 0.0000350067393084519
12 0 0.0000310886485548334
13 0 0.0000419263333114595
14 0 0.0000482628090823223
15 0 0.0000358403974268784
16 0 0.0000656903952246379
17 0 0.0000663575462589439
18 0 0.0000907119105637566
19 0 0.0000859572926341645
20 0 0.000101556706507022
21 0 0.0000902948288645788
22 0 0.000113153727492099
23 0 0.000097302055409476
24 0 0.0000984699790181898
25 0 0.000108064205168068
26 0 0.000107146452780205
27 0 0.000106812726936467
28 0 0.0000921300026553995
29 0 0.0000802020352259625
30 0 0.000102307547961589
31 0 0.000100722445497969
32 0 0.000107563611807859
33 0 0.0000927973477653499
34 0 0.000128507455684934
35 0 0.000152377639355383
36 0 0.000145115766213677
37 0 0.000136185292428426
38 0 0.000150791663519945
39 0 0.000177924010021591
40 0 0.000180595940640793
41 0 0.000172914351804776
42 0 0.000203728123364
43 0 0.000207486615140029
44 0 0.000224359982095246
45 0 0.000259453251264863
46 0 0.000280599309728569
47 0 0.000288122809589786
48 0 0.000320899097214111
49 0 0.000363057415488921
50 0 0.000460330352360039
51 0 0.000427587472235036
52 0 0.00049300124859808
53 0 0.000604338026793383
54 0 0.000604086359170308
55 0 0.000696327280732212
56 0 0.00083835483135819
57 0 0.000907852724545632
58 0 0.000920563296365806
59 0 0.00101742407023986
60 0 0.00124270870087373
61 0 0.00135471511589202
62 0 0.00139414042928876
63 0 0.00157905858230822
64 0 0.0016581215861603
65 0 0.00186764902068337
66 0 0.00201211874513774
67 0 0.00223092100431543
68 0 0.00251482735245501
69 0 0.00257233267424839
70 0 0.00305471988212336
71 0 0.00331191730747926
72 0 0.00370238608052464
73 0 0.00426951144173371
74 0 0.00487335738024008
75 0 0.00483950912061692
76 0 0.00572912214762133
77 0 0.00602832835122202
78 0 0.00704085626982554
79 0 0.00765640816117663
80 0 0.00902787804619876
81 0 0.0100586442193257
82 0 0.0110745043096169
83 0 0.0117944728560142
84 0 0.0129758011006492
85 0 0.0147101695991368
86 0 0.0150281453352016
87 0 0.0177404183365624
88 0 0.0203867066293766
89 0 0.0234877480158585
90 0 0.0263288940463358
91 0 0.0267735820044073
92 0 0.0312403772749026
93 0 0.0372087225659341
94 0 0.0441185586478522
95 0 0.0328247972079065
96 0 0.043003374152615
97 0 0.0474835264127247
98 0 0.0521545573148451
99 0 0.0436807909328064
100 0 0.0264683677171222

death 1 F married
1 0 0.00131978810260913
2 0 0.000103976106732406
3 0 0.0000747807492170738
4 0 0.0000621045423003785
5 0 0.0000420930770154149
6 0 0.0000430935456615655
7 0 0.0000395085839746123
8 0 0.0000383414176537977
9 0 0.0000362572293529650
10 0 0.0000343398183181298
11 0 0.0000237531029086968
12 0 0.0000257536475638531
13 0 0.0000261704332417123
14 0 0.0000178350827253482
15 0 0.0000194187405135882
16 0 0.0000392584756443437
17 0 0.0000269206522773846
18 0 0.0000355902991885371
19 0 0.0000346732782017245
20 0 0.000041592846821259
21 0 0.0000345065481069939
22 0 0.0000509309310233741
23 0 0.0000555169485870755
24 0 0.0000440106515933181
25 0 0.0000542661935792887
26 0 0.0000537658963947196
27 0 0.0000638557551264629
28 0 0.0000518481160275419
29 0 0.0000581852834553587
30 0 0.0000782002919720304
31 0 0.0000775330540162544
32 0 0.0000628550579520049
33 0 0.0000535991312784478
34 0 0.0000795347825768289
35 0 0.0000713613350927789
36 0 0.000106979589705181
37 0 0.000109649435663273
38 0 0.000125920504593591
39 0 0.000138355233399112
40 0 0.000100055042203562
41 0 0.000153128900725608
42 0 0.000154881868070444
43 0 0.000161560148632223
44 0 0.000199051106194892
45 0 0.000204229246621002
46 0 0.000221603227868794
47 0 0.000233883958285497
48 0 0.000264885563457828
49 0 0.000322404414724975
50 0 0.000312202195326683
51 0 0.000366571491637546
52 0 0.000386570845442691
53 0 0.000435793019707198
54 0 0.000481942091648757
55 0 0.000496855513517747
56 0 0.000571207785056149
57 0 0.000600059772007611
58 0 0.000602156930553321
59 0 0.000730511254907751
60 0 0.000838102514593708
61 0 0.00092115257131542
62 0 0.000928139980014397
63 0 0.00103908447761569
64 0 0.00118012983298654
65 0 0.00129188997383989
66 0 0.00148896663498344
67 0 0.00163733118291221
68 0 0.00189385272714593
69 0 0.00217482662062762
70 0 0.00236031792047153
71 0 0.00269414837854343
72 0 0.00308144132666344
73 0 0.00337416862013307
74 0 0.00396743836345204
75 0 0.00423405461432136
76 0 0.00467238774948975
77 0 0.00542957596277438
78 0 0.00618031108677253
79 0 0.00691062094448158
80 0 0.0076764517972222
81 0 0.00881993604089204
82 0 0.00978301349029653
83 0 0.0109040820889511
84 0 0.012235079046359
85 0 0.0133152885341338
86 0 0.0145595354612016
87 0 0.0141140183982827
88 0 0.0193201740356653
89 0 0.0186946332757626
90 0 0.0233988241401483
91 0 0.0237312837996868
92 0 0.0259762146130356
93 0 0.0333726583764785
94 0 0.0373502230621524
95 0 0.0372371814756455
96 0 0.0384098601022045
97 0 0.0488599761036013
98 0 0.0395504090571733
99 0 0.0323529294342394
100 0 0.0442711890275796

death 1 F single
1 0 0.00131978810260913
2 0 0.000103976106732406
3 0 0.0000747807492170738
4 0 0.0000621045423003785
5 0 0.0000420930770154149
6 0 0.0000430935456615655
7 0 0.0000395085839746123
8 0 0.0000383414176537977
9 0 0.0000362572293529650
10 0 0.0000343398183181298
11 0 0.0000237531029086968
12 0 0.0000257536475638531
13 0 0.0000261704332417123
14 0 0.0000178350827253482
15 0 0.0000194187405135882
16 0 0.0000392584756443437
17 0 0.0000269206522773846
18 0 0.0000355902991885371
19 0 0.0000346732782017245
20 0 0.000041592846821259
21 0 0.0000345065481069939
22 0 0.0000509309310233741
23 0 0.0000555169485870755
24 0 0.0000440106515933181
25 0 0.0000542661935792887
26 0 0.0000537658963947196
27 0 0.0000638557551264629
28 0 0.0000518481160275419
29 0 0.0000581852834553587
30 0 0.0000782002919720304
31 0 0.0000775330540162544
32 0 0.0000628550579520049
33 0 0.0000535991312784478
34 0 0.0000795347825768289
35 0 0.0000713613350927789
36 0 0.000106979589705181
37 0 0.000109649435663273
38 0 0.000125920504593591
39 0 0.000138355233399112
40 0 0.000100055042203562
41 0 0.000153128900725608
42 0 0.000154881868070444
43 0 0.000161560148632223
44 0 0.000199051106194892
45 0 0.000204229246621002
46 0 0.000221603227868794
47 0 0.000233883958285497
48 0 0.000264885563457828
49 0 0.000322404414724975
50 0 0.000312202195326683
51 0 0.000366571491637546
52 0 0.000386570845442691
53 0 0.000435793019707198
54 0 0.000481942091648757
55 0 0.000496855513517747
56 0 0.000571207785056149
57 0 0.000600059772007611
58 0 0.000602156930553321
59 0 0.000730511254907751
60 0 0.000838102514593708
61 0 0.00092115257131542
62 0 0.000928139980014397
63 0 0.00103908447761569
64 0 0.00118012983298654
65 0 0.00129188997383989
66 0 0.00148896663498344
67 0 0.00163733118291221
68 0 0.00189385272714593
69 0 0.00217482662062762
70 0 0.00236031792047153
71 0 0.00269414837854343
72 0 0.00308144132666344
73 0 0.00337416862013307
74 0 0.00396743836345204
75 0 0.00423405461432136
76 0 0.00467238774948975
77 0 0.00542957596277438
78 0 0.00618031108677253
79 0 0.00691062094448158
80 0 0.0076764517972222
81 0 0.00881993604089204
82 0 0.00978301349029653
83 0 0.0109040820889511
84 0 0.012235079046359
85 0 0.0133152885341338
86 0 0.0145595354612016
87 0 0.0141140183982827
88 0 0.0193201740356653
89 0 0.0186946332757626
90 0 0.0233988241401483
91 0 0.0237312837996868
92 0 0.0259762146130356
93 0 0.0333726583764785
94 0 0.0373502230621524
95 0 0.0372371814756455
96 0 0.0384098601022045
97 0 0.0488599761036013
98 0 0.0395504090571733
99 0 0.0323529294342394
100 0 0.0442711890275796

death 1 F divorced
1 0 0.00131978810260913
2 0 0.000103976106732406
3 0 0.0000747807492170738
4 0 0.0000621045423003785
5 0 0.0000420930770154149
6 0 0.0000430935456615655
7 0 0.0000395085839746123
8 0 0.0000383414176537977
9 0 0.0000362572293529650
10 0 0.0000343398183181298
11 0 0.0000237531029086968
12 0 0.0000257536475638531
13 0 0.0000261704332417123
14 0 0.0000178350827253482
15 0 0.0000194187405135882
16 0 0.0000392584756443437
17 0 0.0000269206522773846
18 0 0.0000355902991885371
19 0 0.0000346732782017245
20 0 0.000041592846821259
21 0 0.0000345065481069939
22 0 0.0000509309310233741
23 0 0.0000555169485870755
24 0 0.0000440106515933181
25 0 0.0000542661935792887
26 0 0.0000537658963947196
27 0 0.0000638557551264629
28 0 0.0000518481160275419
29 0 0.0000581852834553587
30 0 0.0000782002919720304
31 0 0.0000775330540162544
32 0 0.0000628550579520049
33 0 0.0000535991312784478
34 0 0.0000795347825768289
35 0 0.0000713613350927789
36 0 0.000106979589705181
37 0 0.000109649435663273
38 0 0.000125920504593591
39 0 0.000138355233399112
40 0 0.000100055042203562
41 0 0.000153128900725608
42 0 0.000154881868070444
43 0 0.000161560148632223
44 0 0.000199051106194892
45 0 0.000204229246621002
46 0 0.000221603227868794
47 0 0.000233883958285497
48 0 0.000264885563457828
49 0 0.000322404414724975
50 0 0.000312202195326683
51 0 0.000366571491637546
52 0 0.000386570845442691
53 0 0.000435793019707198
54 0 0.000481942091648757
55 0 0.000496855513517747
56 0 0.000571207785056149
57 0 0.000600059772007611
58 0 0.000602156930553321
59 0 0.000730511254907751
60 0 0.000838102514593708
61 0 0.00092115257131542
62 0 0.000928139980014397
63 0 0.00103908447761569
64 0 0.00118012983298654
65 0 0.00129188997383989
66 0 0.00148896663498344
67 0 0.00163733118291221
68 0 0.00189385272714593
69 0 0.00217482662062762
70 0 0.00236031792047153
71 0 0.00269414837854343
72 0 0.00308144132666344
73 0 0.00337416862013307
74 0 0.00396743836345204
75 0 0.00423405461432136
76 0 0.00467238774948975
77 0 0.00542957596277438
78 0 0.00618031108677253
79 0 0.00691062094448158
80 0 0.0076764517972222
81 0 0.00881993604089204
82 0 0.00978301349029653
83 0 0.0109040820889511
84 0 0.012235079046359
85 0 0.0133152885341338
86 0 0.0145595354612016
87 0 0.0141140183982827
88 0 0.0193201740356653
89 0 0.0186946332757626
90 0 0.0233988241401483
91 0 0.0237312837996868
92 0 0.0259762146130356
93 0 0.0333726583764785
94 0 0.0373502230621524
95 0 0.0372371814756455
96 0 0.0384098601022045
97 0 0.0488599761036013
98 0 0.0395504090571733
99 0 0.0323529294342394
100 0 0.0442711890275796

death 1 F widowed
1 0 0.00131978810260913
2 0 0.000103976106732406
3 0 0.0000747807492170738
4 0 0.0000621045423003785
5 0 0.0000420930770154149
6 0 0.0000430935456615655
7 0 0.0000395085839746123
8 0 0.0000383414176537977
9 0 0.0000362572293529650
10 0 0.0000343398183181298
11 0 0.0000237531029086968
12 0 0.0000257536475638531
13 0 0.0000261704332417123
14 0 0.0000178350827253482
15 0 0.0000194187405135882
16 0 0.0000392584756443437
17 0 0.0000269206522773846
18 0 0.0000355902991885371
19 0 0.0000346732782017245
20 0 0.000041592846821259
21 0 0.0000345065481069939
22 0 0.0000509309310233741
23 0 0.0000555169485870755
24 0 0.0000440106515933181
25 0 0.0000542661935792887
26 0 0.0000537658963947196
27 0 0.0000638557551264629
28 0 0.0000518481160275419
29 0 0.0000581852834553587
30 0 0.0000782002919720304
31 0 0.0000775330540162544
32 0 0.0000628550579520049
33 0 0.0000535991312784478
34 0 0.0000795347825768289
35 0 0.0000713613350927789
36 0 0.000106979589705181
37 0 0.000109649435663273
38 0 0.000125920504593591
39 0 0.000138355233399112
40 0 0.000100055042203562
41 0 0.000153128900725608
42 0 0.000154881868070444
43 0 0.000161560148632223
44 0 0.000199051106194892
45 0 0.000204229246621002
46 0 0.000221603227868794
47 0 0.000233883958285497
48 0 0.000264885563457828
49 0 0.000322404414724975
50 0 0.000312202195326683
51 0 0.000366571491637546
52 0 0.000386570845442691
53 0 0.000435793019707198
54 0 0.000481942091648757
55 0 0.000496855513517747
56 0 0.000571207785056149
57 0 0.000600059772007611
58 0 0.000602156930553321
59 0 0.000730511254907751
60 0 0.000838102514593708
61 0 0.00092115257131542
62 0 0.000928139980014397
63 0 0.00103908447761569
64 0 0.00118012983298654
65 0 0.00129188997383989
66 0 0.00148896663498344
67 0 0.00163733118291221
68 0 0.00189385272714593
69 0 0.00217482662062762
70 0 0.00236031792047153
71 0 0.00269414837854343
72 0 0.00308144132666344
73 0 0.00337416862013307
74 0 0.00396743836345204
75 0 0.00423405461432136
76 0 0.00467238774948975
77 0 0.00542957596277438
78 0 0.00618031108677253
79 0 0.00691062094448158
80 0 0.0076764517972222
81 0 0.00881993604089204
82 0 0.00978301349029653
83 0 0.0109040820889511
84 0 0.012235079046359
85 0 0.0133152885341338
86 0 0.0145595354612016
87 0 0.0141140183982827
88 0 0.0193201740356653
89 0 0.0186946332757626
90 0 0.0233988241401483
91 0 0.0237312837996868
92 0 0.0259762146130356
93 0 0.0333726583764785
94 0 0.0373502230621524
95 0 0.0372371814756455
96 0 0.0384098601022045
97 0 0.0488599761036013
98 0 0.0395504090571733
99 0 0.0323529294342394
100 0 0.0442711890275796
