*Period monthly mortality rates for SWE in 1826 
* Mon Dec 20 14:19:34 2010
death 1 M married
1 0 0.0196364635340139
2 0 0.00328832486312547
3 0 0.00228098272371446
4 0 0.00132342394470397
5 0 0.000792108468309904
6 0 0.000649817421544685
7 0 0.000592929795020569
8 0 0.000533730658845211
9 0 0.000466779829475072
10 0 0.000407662798336816
11 0 0.000367826551765704
12 0 0.000341641222489919
13 0 0.000326418716656729
14 0 0.000311867715720227
15 0 0.000304007799328598
16 0 0.000315965175727184
17 0 0.000359376148120538
18 0 0.000418545482144705
19 0 0.000460916649545839
20 0 0.000497190674715542
21 0 0.000554772958623606
22 0 0.00061893594184248
23 0 0.00067558799406775
24 0 0.000694227947283799
25 0 0.000704809081800262
26 0 0.000737988088850616
27 0 0.000768489865449196
28 0 0.00078319823839923
29 0 0.000788661954976955
30 0 0.000812285804050128
31 0 0.000857196463323717
32 0 0.00091399734842268
33 0 0.000941442798071734
34 0 0.000957105574954875
35 0 0.0009870070841983
36 0 0.00104287768750067
37 0 0.00109566189095989
38 0 0.00111177308599952
39 0 0.00111312284466702
40 0 0.00114332894263403
41 0 0.00119059886594208
42 0 0.00126138092674333
43 0 0.00133052694003022
44 0 0.00140988149526111
45 0 0.00149667561710176
46 0 0.00155972746948341
47 0 0.00159856343863540
48 0 0.00164513763308172
49 0 0.00172621166628817
50 0 0.00183609550899333
51 0 0.00196978410511051
52 0 0.00210998138187446
53 0 0.00217593621882861
54 0 0.00232252245829001
55 0 0.00244828326386148
56 0 0.00247003104333976
57 0 0.00255227451582773
58 0 0.00270685408626037
59 0 0.00293121405916408
60 0 0.00313309638402892
61 0 0.00333940636384267
62 0 0.00367817105625257
63 0 0.00398807351608887
64 0 0.00428471147744813
65 0 0.0045844283993165
66 0 0.00490853782259615
67 0 0.00521695174978376
68 0 0.00562470004615223
69 0 0.00607572309715076
70 0 0.0065829396843774
71 0 0.00712384762217355
72 0 0.00771628019820936
73 0 0.00848672270391349
74 0 0.00939573219459178
75 0 0.0104040000799195
76 0 0.0112209054573685
77 0 0.0119667838345057
78 0 0.0132791774483914
79 0 0.0146080204351449
80 0 0.0162337094652122
81 0 0.016404282127214
82 0 0.0184944581591143
83 0 0.0207971775878896
84 0 0.0232260992029261
85 0 0.0254694033777532
86 0 0.0270034671980867
87 0 0.0282086234313127
88 0 0.0290428390718925
89 0 0.0294297530450195
90 0 0.0308329862701198
91 0 0.0351855841278612
92 0 0.0394654978561434
93 0 0.0425016734451567
94 0 0.0438055062099361
95 0 0.0438211934722258
96 0 0.0431502670212397
97 0 0.0422944538669288
98 0 0.040059266093432
99 0 0.034962811033625
100 0 0.0253845525924117

death 1 M single
1 0 0.0196364635340139
2 0 0.00328832486312547
3 0 0.00228098272371446
4 0 0.00132342394470397
5 0 0.000792108468309904
6 0 0.000649817421544685
7 0 0.000592929795020569
8 0 0.000533730658845211
9 0 0.000466779829475072
10 0 0.000407662798336816
11 0 0.000367826551765704
12 0 0.000341641222489919
13 0 0.000326418716656729
14 0 0.000311867715720227
15 0 0.000304007799328598
16 0 0.000315965175727184
17 0 0.000359376148120538
18 0 0.000418545482144705
19 0 0.000460916649545839
20 0 0.000497190674715542
21 0 0.000554772958623606
22 0 0.00061893594184248
23 0 0.00067558799406775
24 0 0.000694227947283799
25 0 0.000704809081800262
26 0 0.000737988088850616
27 0 0.000768489865449196
28 0 0.00078319823839923
29 0 0.000788661954976955
30 0 0.000812285804050128
31 0 0.000857196463323717
32 0 0.00091399734842268
33 0 0.000941442798071734
34 0 0.000957105574954875
35 0 0.0009870070841983
36 0 0.00104287768750067
37 0 0.00109566189095989
38 0 0.00111177308599952
39 0 0.00111312284466702
40 0 0.00114332894263403
41 0 0.00119059886594208
42 0 0.00126138092674333
43 0 0.00133052694003022
44 0 0.00140988149526111
45 0 0.00149667561710176
46 0 0.00155972746948341
47 0 0.00159856343863540
48 0 0.00164513763308172
49 0 0.00172621166628817
50 0 0.00183609550899333
51 0 0.00196978410511051
52 0 0.00210998138187446
53 0 0.00217593621882861
54 0 0.00232252245829001
55 0 0.00244828326386148
56 0 0.00247003104333976
57 0 0.00255227451582773
58 0 0.00270685408626037
59 0 0.00293121405916408
60 0 0.00313309638402892
61 0 0.00333940636384267
62 0 0.00367817105625257
63 0 0.00398807351608887
64 0 0.00428471147744813
65 0 0.0045844283993165
66 0 0.00490853782259615
67 0 0.00521695174978376
68 0 0.00562470004615223
69 0 0.00607572309715076
70 0 0.0065829396843774
71 0 0.00712384762217355
72 0 0.00771628019820936
73 0 0.00848672270391349
74 0 0.00939573219459178
75 0 0.0104040000799195
76 0 0.0112209054573685
77 0 0.0119667838345057
78 0 0.0132791774483914
79 0 0.0146080204351449
80 0 0.0162337094652122
81 0 0.016404282127214
82 0 0.0184944581591143
83 0 0.0207971775878896
84 0 0.0232260992029261
85 0 0.0254694033777532
86 0 0.0270034671980867
87 0 0.0282086234313127
88 0 0.0290428390718925
89 0 0.0294297530450195
90 0 0.0308329862701198
91 0 0.0351855841278612
92 0 0.0394654978561434
93 0 0.0425016734451567
94 0 0.0438055062099361
95 0 0.0438211934722258
96 0 0.0431502670212397
97 0 0.0422944538669288
98 0 0.040059266093432
99 0 0.034962811033625
100 0 0.0253845525924117

death 1 M divorced
1 0 0.0196364635340139
2 0 0.00328832486312547
3 0 0.00228098272371446
4 0 0.00132342394470397
5 0 0.000792108468309904
6 0 0.000649817421544685
7 0 0.000592929795020569
8 0 0.000533730658845211
9 0 0.000466779829475072
10 0 0.000407662798336816
11 0 0.000367826551765704
12 0 0.000341641222489919
13 0 0.000326418716656729
14 0 0.000311867715720227
15 0 0.000304007799328598
16 0 0.000315965175727184
17 0 0.000359376148120538
18 0 0.000418545482144705
19 0 0.000460916649545839
20 0 0.000497190674715542
21 0 0.000554772958623606
22 0 0.00061893594184248
23 0 0.00067558799406775
24 0 0.000694227947283799
25 0 0.000704809081800262
26 0 0.000737988088850616
27 0 0.000768489865449196
28 0 0.00078319823839923
29 0 0.000788661954976955
30 0 0.000812285804050128
31 0 0.000857196463323717
32 0 0.00091399734842268
33 0 0.000941442798071734
34 0 0.000957105574954875
35 0 0.0009870070841983
36 0 0.00104287768750067
37 0 0.00109566189095989
38 0 0.00111177308599952
39 0 0.00111312284466702
40 0 0.00114332894263403
41 0 0.00119059886594208
42 0 0.00126138092674333
43 0 0.00133052694003022
44 0 0.00140988149526111
45 0 0.00149667561710176
46 0 0.00155972746948341
47 0 0.00159856343863540
48 0 0.00164513763308172
49 0 0.00172621166628817
50 0 0.00183609550899333
51 0 0.00196978410511051
52 0 0.00210998138187446
53 0 0.00217593621882861
54 0 0.00232252245829001
55 0 0.00244828326386148
56 0 0.00247003104333976
57 0 0.00255227451582773
58 0 0.00270685408626037
59 0 0.00293121405916408
60 0 0.00313309638402892
61 0 0.00333940636384267
62 0 0.00367817105625257
63 0 0.00398807351608887
64 0 0.00428471147744813
65 0 0.0045844283993165
66 0 0.00490853782259615
67 0 0.00521695174978376
68 0 0.00562470004615223
69 0 0.00607572309715076
70 0 0.0065829396843774
71 0 0.00712384762217355
72 0 0.00771628019820936
73 0 0.00848672270391349
74 0 0.00939573219459178
75 0 0.0104040000799195
76 0 0.0112209054573685
77 0 0.0119667838345057
78 0 0.0132791774483914
79 0 0.0146080204351449
80 0 0.0162337094652122
81 0 0.016404282127214
82 0 0.0184944581591143
83 0 0.0207971775878896
84 0 0.0232260992029261
85 0 0.0254694033777532
86 0 0.0270034671980867
87 0 0.0282086234313127
88 0 0.0290428390718925
89 0 0.0294297530450195
90 0 0.0308329862701198
91 0 0.0351855841278612
92 0 0.0394654978561434
93 0 0.0425016734451567
94 0 0.0438055062099361
95 0 0.0438211934722258
96 0 0.0431502670212397
97 0 0.0422944538669288
98 0 0.040059266093432
99 0 0.034962811033625
100 0 0.0253845525924117

death 1 M widowed
1 0 0.0196364635340139
2 0 0.00328832486312547
3 0 0.00228098272371446
4 0 0.00132342394470397
5 0 0.000792108468309904
6 0 0.000649817421544685
7 0 0.000592929795020569
8 0 0.000533730658845211
9 0 0.000466779829475072
10 0 0.000407662798336816
11 0 0.000367826551765704
12 0 0.000341641222489919
13 0 0.000326418716656729
14 0 0.000311867715720227
15 0 0.000304007799328598
16 0 0.000315965175727184
17 0 0.000359376148120538
18 0 0.000418545482144705
19 0 0.000460916649545839
20 0 0.000497190674715542
21 0 0.000554772958623606
22 0 0.00061893594184248
23 0 0.00067558799406775
24 0 0.000694227947283799
25 0 0.000704809081800262
26 0 0.000737988088850616
27 0 0.000768489865449196
28 0 0.00078319823839923
29 0 0.000788661954976955
30 0 0.000812285804050128
31 0 0.000857196463323717
32 0 0.00091399734842268
33 0 0.000941442798071734
34 0 0.000957105574954875
35 0 0.0009870070841983
36 0 0.00104287768750067
37 0 0.00109566189095989
38 0 0.00111177308599952
39 0 0.00111312284466702
40 0 0.00114332894263403
41 0 0.00119059886594208
42 0 0.00126138092674333
43 0 0.00133052694003022
44 0 0.00140988149526111
45 0 0.00149667561710176
46 0 0.00155972746948341
47 0 0.00159856343863540
48 0 0.00164513763308172
49 0 0.00172621166628817
50 0 0.00183609550899333
51 0 0.00196978410511051
52 0 0.00210998138187446
53 0 0.00217593621882861
54 0 0.00232252245829001
55 0 0.00244828326386148
56 0 0.00247003104333976
57 0 0.00255227451582773
58 0 0.00270685408626037
59 0 0.00293121405916408
60 0 0.00313309638402892
61 0 0.00333940636384267
62 0 0.00367817105625257
63 0 0.00398807351608887
64 0 0.00428471147744813
65 0 0.0045844283993165
66 0 0.00490853782259615
67 0 0.00521695174978376
68 0 0.00562470004615223
69 0 0.00607572309715076
70 0 0.0065829396843774
71 0 0.00712384762217355
72 0 0.00771628019820936
73 0 0.00848672270391349
74 0 0.00939573219459178
75 0 0.0104040000799195
76 0 0.0112209054573685
77 0 0.0119667838345057
78 0 0.0132791774483914
79 0 0.0146080204351449
80 0 0.0162337094652122
81 0 0.016404282127214
82 0 0.0184944581591143
83 0 0.0207971775878896
84 0 0.0232260992029261
85 0 0.0254694033777532
86 0 0.0270034671980867
87 0 0.0282086234313127
88 0 0.0290428390718925
89 0 0.0294297530450195
90 0 0.0308329862701198
91 0 0.0351855841278612
92 0 0.0394654978561434
93 0 0.0425016734451567
94 0 0.0438055062099361
95 0 0.0438211934722258
96 0 0.0431502670212397
97 0 0.0422944538669288
98 0 0.040059266093432
99 0 0.034962811033625
100 0 0.0253845525924117

death 1 F married
1 0 0.0164335758514402
2 0 0.00301396330489645
3 0 0.00208490894171331
4 0 0.00122817912756668
5 0 0.000742188827348222
6 0 0.000581522995542594
7 0 0.000499034083402128
8 0 0.000426499036906280
9 0 0.00035971080262831
10 0 0.000315463436004748
11 0 0.000299827269675035
12 0 0.000295897747134677
13 0 0.000301666679030976
14 0 0.000303255289798909
15 0 0.00030718513048289
16 0 0.000326418716656729
17 0 0.000367240854882156
18 0 0.000413020264414699
19 0 0.000428341012022937
20 0 0.000431187774282638
21 0 0.00044801898523017
22 0 0.000475156457131032
23 0 0.000505402510268094
24 0 0.000515626444732575
25 0 0.00053054539671793
26 0 0.000574478334758433
27 0 0.000608029232025187
28 0 0.000619858877373147
29 0 0.000618768136389614
30 0 0.000624557603624565
31 0 0.000645704879541076
32 0 0.000676595461333918
33 0 0.000694983701736596
34 0 0.000716735329751805
35 0 0.000755296380103077
36 0 0.000819433018711235
37 0 0.000872760580057252
38 0 0.000893965722592371
39 0 0.000903812650434044
40 0 0.000924435744596441
41 0 0.00094304263528977
42 0 0.000963927306030343
43 0 0.000983047727376452
44 0 0.00101557011197073
45 0 0.00104903145387392
46 0 0.00106142455024005
47 0 0.00106353238797385
48 0 0.00107921623699181
49 0 0.00112434349018720
50 0 0.00119245640109511
51 0 0.00128817087095368
52 0 0.00139981028370839
53 0 0.00146220206558256
54 0 0.00158245043015914
55 0 0.00168689657181009
56 0 0.00171347272946698
57 0 0.00178746845666045
58 0 0.00192083003088173
59 0 0.00212482343781251
60 0 0.00232807962679171
61 0 0.00253856208937808
62 0 0.00284148940827056
63 0 0.00311705343127489
64 0 0.00337953115047573
65 0 0.00364268474297402
66 0 0.00393758231173402
67 0 0.0042087368091287
68 0 0.00455743510047246
69 0 0.0049724252976151
70 0 0.00544700750856764
71 0 0.00593850691808473
72 0 0.00652238160655694
73 0 0.00728238293052752
74 0 0.00812975469789046
75 0 0.00906628161335887
76 0 0.00979629210376565
77 0 0.0104654463025756
78 0 0.0115450039342013
79 0 0.0125369150659096
80 0 0.0137843131379779
81 0 0.0137197784637773
82 0 0.0152609550607493
83 0 0.0170109070451113
84 0 0.0189771167320425
85 0 0.0210461828647539
86 0 0.0231051003699115
87 0 0.0253118248343381
88 0 0.0276717632708331
89 0 0.0300346496619402
90 0 0.0325608966731422
91 0 0.0357525298140950
92 0 0.0387366415701259
93 0 0.0409652205339753
94 0 0.0418558762944123
95 0 0.0406200115090343
96 0 0.0388625933444263
97 0 0.0376049430003723
98 0 0.0374645523496255
99 0 0.0371050838909178
100 0 0.0373837965508516

death 1 F single
1 0 0.0164335758514402
2 0 0.00301396330489645
3 0 0.00208490894171331
4 0 0.00122817912756668
5 0 0.000742188827348222
6 0 0.000581522995542594
7 0 0.000499034083402128
8 0 0.000426499036906280
9 0 0.00035971080262831
10 0 0.000315463436004748
11 0 0.000299827269675035
12 0 0.000295897747134677
13 0 0.000301666679030976
14 0 0.000303255289798909
15 0 0.00030718513048289
16 0 0.000326418716656729
17 0 0.000367240854882156
18 0 0.000413020264414699
19 0 0.000428341012022937
20 0 0.000431187774282638
21 0 0.00044801898523017
22 0 0.000475156457131032
23 0 0.000505402510268094
24 0 0.000515626444732575
25 0 0.00053054539671793
26 0 0.000574478334758433
27 0 0.000608029232025187
28 0 0.000619858877373147
29 0 0.000618768136389614
30 0 0.000624557603624565
31 0 0.000645704879541076
32 0 0.000676595461333918
33 0 0.000694983701736596
34 0 0.000716735329751805
35 0 0.000755296380103077
36 0 0.000819433018711235
37 0 0.000872760580057252
38 0 0.000893965722592371
39 0 0.000903812650434044
40 0 0.000924435744596441
41 0 0.00094304263528977
42 0 0.000963927306030343
43 0 0.000983047727376452
44 0 0.00101557011197073
45 0 0.00104903145387392
46 0 0.00106142455024005
47 0 0.00106353238797385
48 0 0.00107921623699181
49 0 0.00112434349018720
50 0 0.00119245640109511
51 0 0.00128817087095368
52 0 0.00139981028370839
53 0 0.00146220206558256
54 0 0.00158245043015914
55 0 0.00168689657181009
56 0 0.00171347272946698
57 0 0.00178746845666045
58 0 0.00192083003088173
59 0 0.00212482343781251
60 0 0.00232807962679171
61 0 0.00253856208937808
62 0 0.00284148940827056
63 0 0.00311705343127489
64 0 0.00337953115047573
65 0 0.00364268474297402
66 0 0.00393758231173402
67 0 0.0042087368091287
68 0 0.00455743510047246
69 0 0.0049724252976151
70 0 0.00544700750856764
71 0 0.00593850691808473
72 0 0.00652238160655694
73 0 0.00728238293052752
74 0 0.00812975469789046
75 0 0.00906628161335887
76 0 0.00979629210376565
77 0 0.0104654463025756
78 0 0.0115450039342013
79 0 0.0125369150659096
80 0 0.0137843131379779
81 0 0.0137197784637773
82 0 0.0152609550607493
83 0 0.0170109070451113
84 0 0.0189771167320425
85 0 0.0210461828647539
86 0 0.0231051003699115
87 0 0.0253118248343381
88 0 0.0276717632708331
89 0 0.0300346496619402
90 0 0.0325608966731422
91 0 0.0357525298140950
92 0 0.0387366415701259
93 0 0.0409652205339753
94 0 0.0418558762944123
95 0 0.0406200115090343
96 0 0.0388625933444263
97 0 0.0376049430003723
98 0 0.0374645523496255
99 0 0.0371050838909178
100 0 0.0373837965508516

death 1 F divorced
1 0 0.0164335758514402
2 0 0.00301396330489645
3 0 0.00208490894171331
4 0 0.00122817912756668
5 0 0.000742188827348222
6 0 0.000581522995542594
7 0 0.000499034083402128
8 0 0.000426499036906280
9 0 0.00035971080262831
10 0 0.000315463436004748
11 0 0.000299827269675035
12 0 0.000295897747134677
13 0 0.000301666679030976
14 0 0.000303255289798909
15 0 0.00030718513048289
16 0 0.000326418716656729
17 0 0.000367240854882156
18 0 0.000413020264414699
19 0 0.000428341012022937
20 0 0.000431187774282638
21 0 0.00044801898523017
22 0 0.000475156457131032
23 0 0.000505402510268094
24 0 0.000515626444732575
25 0 0.00053054539671793
26 0 0.000574478334758433
27 0 0.000608029232025187
28 0 0.000619858877373147
29 0 0.000618768136389614
30 0 0.000624557603624565
31 0 0.000645704879541076
32 0 0.000676595461333918
33 0 0.000694983701736596
34 0 0.000716735329751805
35 0 0.000755296380103077
36 0 0.000819433018711235
37 0 0.000872760580057252
38 0 0.000893965722592371
39 0 0.000903812650434044
40 0 0.000924435744596441
41 0 0.00094304263528977
42 0 0.000963927306030343
43 0 0.000983047727376452
44 0 0.00101557011197073
45 0 0.00104903145387392
46 0 0.00106142455024005
47 0 0.00106353238797385
48 0 0.00107921623699181
49 0 0.00112434349018720
50 0 0.00119245640109511
51 0 0.00128817087095368
52 0 0.00139981028370839
53 0 0.00146220206558256
54 0 0.00158245043015914
55 0 0.00168689657181009
56 0 0.00171347272946698
57 0 0.00178746845666045
58 0 0.00192083003088173
59 0 0.00212482343781251
60 0 0.00232807962679171
61 0 0.00253856208937808
62 0 0.00284148940827056
63 0 0.00311705343127489
64 0 0.00337953115047573
65 0 0.00364268474297402
66 0 0.00393758231173402
67 0 0.0042087368091287
68 0 0.00455743510047246
69 0 0.0049724252976151
70 0 0.00544700750856764
71 0 0.00593850691808473
72 0 0.00652238160655694
73 0 0.00728238293052752
74 0 0.00812975469789046
75 0 0.00906628161335887
76 0 0.00979629210376565
77 0 0.0104654463025756
78 0 0.0115450039342013
79 0 0.0125369150659096
80 0 0.0137843131379779
81 0 0.0137197784637773
82 0 0.0152609550607493
83 0 0.0170109070451113
84 0 0.0189771167320425
85 0 0.0210461828647539
86 0 0.0231051003699115
87 0 0.0253118248343381
88 0 0.0276717632708331
89 0 0.0300346496619402
90 0 0.0325608966731422
91 0 0.0357525298140950
92 0 0.0387366415701259
93 0 0.0409652205339753
94 0 0.0418558762944123
95 0 0.0406200115090343
96 0 0.0388625933444263
97 0 0.0376049430003723
98 0 0.0374645523496255
99 0 0.0371050838909178
100 0 0.0373837965508516

death 1 F widowed
1 0 0.0164335758514402
2 0 0.00301396330489645
3 0 0.00208490894171331
4 0 0.00122817912756668
5 0 0.000742188827348222
6 0 0.000581522995542594
7 0 0.000499034083402128
8 0 0.000426499036906280
9 0 0.00035971080262831
10 0 0.000315463436004748
11 0 0.000299827269675035
12 0 0.000295897747134677
13 0 0.000301666679030976
14 0 0.000303255289798909
15 0 0.00030718513048289
16 0 0.000326418716656729
17 0 0.000367240854882156
18 0 0.000413020264414699
19 0 0.000428341012022937
20 0 0.000431187774282638
21 0 0.00044801898523017
22 0 0.000475156457131032
23 0 0.000505402510268094
24 0 0.000515626444732575
25 0 0.00053054539671793
26 0 0.000574478334758433
27 0 0.000608029232025187
28 0 0.000619858877373147
29 0 0.000618768136389614
30 0 0.000624557603624565
31 0 0.000645704879541076
32 0 0.000676595461333918
33 0 0.000694983701736596
34 0 0.000716735329751805
35 0 0.000755296380103077
36 0 0.000819433018711235
37 0 0.000872760580057252
38 0 0.000893965722592371
39 0 0.000903812650434044
40 0 0.000924435744596441
41 0 0.00094304263528977
42 0 0.000963927306030343
43 0 0.000983047727376452
44 0 0.00101557011197073
45 0 0.00104903145387392
46 0 0.00106142455024005
47 0 0.00106353238797385
48 0 0.00107921623699181
49 0 0.00112434349018720
50 0 0.00119245640109511
51 0 0.00128817087095368
52 0 0.00139981028370839
53 0 0.00146220206558256
54 0 0.00158245043015914
55 0 0.00168689657181009
56 0 0.00171347272946698
57 0 0.00178746845666045
58 0 0.00192083003088173
59 0 0.00212482343781251
60 0 0.00232807962679171
61 0 0.00253856208937808
62 0 0.00284148940827056
63 0 0.00311705343127489
64 0 0.00337953115047573
65 0 0.00364268474297402
66 0 0.00393758231173402
67 0 0.0042087368091287
68 0 0.00455743510047246
69 0 0.0049724252976151
70 0 0.00544700750856764
71 0 0.00593850691808473
72 0 0.00652238160655694
73 0 0.00728238293052752
74 0 0.00812975469789046
75 0 0.00906628161335887
76 0 0.00979629210376565
77 0 0.0104654463025756
78 0 0.0115450039342013
79 0 0.0125369150659096
80 0 0.0137843131379779
81 0 0.0137197784637773
82 0 0.0152609550607493
83 0 0.0170109070451113
84 0 0.0189771167320425
85 0 0.0210461828647539
86 0 0.0231051003699115
87 0 0.0253118248343381
88 0 0.0276717632708331
89 0 0.0300346496619402
90 0 0.0325608966731422
91 0 0.0357525298140950
92 0 0.0387366415701259
93 0 0.0409652205339753
94 0 0.0418558762944123
95 0 0.0406200115090343
96 0 0.0388625933444263
97 0 0.0376049430003723
98 0 0.0374645523496255
99 0 0.0371050838909178
100 0 0.0373837965508516
