*Period monthly mortality rates for SWE in 1780 
* Mon Dec 20 14:18:59 2010
death 1 M married
1 0 0.0182697200800678
2 0 0.00463308925800621
3 0 0.00317960249229454
4 0 0.00178058456374774
5 0 0.00124980538411479
6 0 0.00114045977521504
7 0 0.000876630990700344
8 0 0.000684655601697948
9 0 0.000547898045820783
10 0 0.000458068955792812
11 0 0.000422731476821148
12 0 0.000428759647938537
13 0 0.000441570839509131
14 0 0.000442910676283992
15 0 0.000428843375353094
16 0 0.000419382665653778
17 0 0.000406407187913183
18 0 0.000414443394435859
19 0 0.000435960487575104
20 0 0.00047096804677671
21 0 0.000520403595330454
22 0 0.000587981081133226
23 0 0.000648390600167859
24 0 0.000695571515102134
25 0 0.000722195050183227
26 0 0.000739668360939527
27 0 0.000739500332332055
28 0 0.000742272844099556
29 0 0.000752103340444066
30 0 0.000762018935745123
31 0 0.000765296362011503
32 0 0.000798329335589654
33 0 0.000814892370130882
34 0 0.00081909666658797
35 0 0.000812874376949768
36 0 0.000793117228657603
37 0 0.000753699846244182
38 0 0.000737736050717808
39 0 0.000748994435984196
40 0 0.000792949101155016
41 0 0.000857364709785813
42 0 0.000967212025968944
43 0 0.00106462848293076
44 0 0.00114029100348412
45 0 0.00119270970428742
46 0 0.00124101909614049
47 0 0.00122699659019909
48 0 0.00121728347319838
49 0 0.00120959817783117
50 0 0.00121069603734414
51 0 0.00122175982412065
52 0 0.00131649060429684
53 0 0.00142122352485063
54 0 0.00153107751603365
55 0 0.00164674991840419
56 0 0.00178279415147908
57 0 0.00184476950489709
58 0 0.00190227695441270
59 0 0.00195505253593597
60 0 0.00201689008395345
61 0 0.00207425098965974
62 0 0.00232884910772935
63 0 0.00270728336423809
64 0 0.00322311032649325
65 0 0.00391286929662149
66 0 0.00480901257518807
67 0 0.00538075013418615
68 0 0.00590852697145194
69 0 0.0064198122133814
70 0 0.00690324626483996
71 0 0.00720799817195872
72 0 0.00763092924329778
73 0 0.00802661797983029
74 0 0.00842761759759814
75 0 0.00886762555449983
76 0 0.00943272061547618
77 0 0.010032756312348
78 0 0.0107099631608625
79 0 0.0111703498445717
80 0 0.0114319234991619
81 0 0.0119381533276829
82 0 0.0127412631838091
83 0 0.0139322873555173
84 0 0.0154892265247379
85 0 0.0172151433942292
86 0 0.0186752517721419
87 0 0.0199870673181878
88 0 0.0209918638768827
89 0 0.0212188340748882
90 0 0.0220538112841128
91 0 0.0275430697848341
92 0 0.0302980889393514
93 0 0.0336756871412803
94 0 0.0373461697764664
95 0 0.0419438158248606
96 0 0.048051332813651
97 0 0.0547009977178705
98 0 0.060566315265928
99 0 0.0675679470739095
100 0 0.0971545570260135

death 1 M single
1 0 0.0182697200800678
2 0 0.00463308925800621
3 0 0.00317960249229454
4 0 0.00178058456374774
5 0 0.00124980538411479
6 0 0.00114045977521504
7 0 0.000876630990700344
8 0 0.000684655601697948
9 0 0.000547898045820783
10 0 0.000458068955792812
11 0 0.000422731476821148
12 0 0.000428759647938537
13 0 0.000441570839509131
14 0 0.000442910676283992
15 0 0.000428843375353094
16 0 0.000419382665653778
17 0 0.000406407187913183
18 0 0.000414443394435859
19 0 0.000435960487575104
20 0 0.00047096804677671
21 0 0.000520403595330454
22 0 0.000587981081133226
23 0 0.000648390600167859
24 0 0.000695571515102134
25 0 0.000722195050183227
26 0 0.000739668360939527
27 0 0.000739500332332055
28 0 0.000742272844099556
29 0 0.000752103340444066
30 0 0.000762018935745123
31 0 0.000765296362011503
32 0 0.000798329335589654
33 0 0.000814892370130882
34 0 0.00081909666658797
35 0 0.000812874376949768
36 0 0.000793117228657603
37 0 0.000753699846244182
38 0 0.000737736050717808
39 0 0.000748994435984196
40 0 0.000792949101155016
41 0 0.000857364709785813
42 0 0.000967212025968944
43 0 0.00106462848293076
44 0 0.00114029100348412
45 0 0.00119270970428742
46 0 0.00124101909614049
47 0 0.00122699659019909
48 0 0.00121728347319838
49 0 0.00120959817783117
50 0 0.00121069603734414
51 0 0.00122175982412065
52 0 0.00131649060429684
53 0 0.00142122352485063
54 0 0.00153107751603365
55 0 0.00164674991840419
56 0 0.00178279415147908
57 0 0.00184476950489709
58 0 0.00190227695441270
59 0 0.00195505253593597
60 0 0.00201689008395345
61 0 0.00207425098965974
62 0 0.00232884910772935
63 0 0.00270728336423809
64 0 0.00322311032649325
65 0 0.00391286929662149
66 0 0.00480901257518807
67 0 0.00538075013418615
68 0 0.00590852697145194
69 0 0.0064198122133814
70 0 0.00690324626483996
71 0 0.00720799817195872
72 0 0.00763092924329778
73 0 0.00802661797983029
74 0 0.00842761759759814
75 0 0.00886762555449983
76 0 0.00943272061547618
77 0 0.010032756312348
78 0 0.0107099631608625
79 0 0.0111703498445717
80 0 0.0114319234991619
81 0 0.0119381533276829
82 0 0.0127412631838091
83 0 0.0139322873555173
84 0 0.0154892265247379
85 0 0.0172151433942292
86 0 0.0186752517721419
87 0 0.0199870673181878
88 0 0.0209918638768827
89 0 0.0212188340748882
90 0 0.0220538112841128
91 0 0.0275430697848341
92 0 0.0302980889393514
93 0 0.0336756871412803
94 0 0.0373461697764664
95 0 0.0419438158248606
96 0 0.048051332813651
97 0 0.0547009977178705
98 0 0.060566315265928
99 0 0.0675679470739095
100 0 0.0971545570260135

death 1 M divorced
1 0 0.0182697200800678
2 0 0.00463308925800621
3 0 0.00317960249229454
4 0 0.00178058456374774
5 0 0.00124980538411479
6 0 0.00114045977521504
7 0 0.000876630990700344
8 0 0.000684655601697948
9 0 0.000547898045820783
10 0 0.000458068955792812
11 0 0.000422731476821148
12 0 0.000428759647938537
13 0 0.000441570839509131
14 0 0.000442910676283992
15 0 0.000428843375353094
16 0 0.000419382665653778
17 0 0.000406407187913183
18 0 0.000414443394435859
19 0 0.000435960487575104
20 0 0.00047096804677671
21 0 0.000520403595330454
22 0 0.000587981081133226
23 0 0.000648390600167859
24 0 0.000695571515102134
25 0 0.000722195050183227
26 0 0.000739668360939527
27 0 0.000739500332332055
28 0 0.000742272844099556
29 0 0.000752103340444066
30 0 0.000762018935745123
31 0 0.000765296362011503
32 0 0.000798329335589654
33 0 0.000814892370130882
34 0 0.00081909666658797
35 0 0.000812874376949768
36 0 0.000793117228657603
37 0 0.000753699846244182
38 0 0.000737736050717808
39 0 0.000748994435984196
40 0 0.000792949101155016
41 0 0.000857364709785813
42 0 0.000967212025968944
43 0 0.00106462848293076
44 0 0.00114029100348412
45 0 0.00119270970428742
46 0 0.00124101909614049
47 0 0.00122699659019909
48 0 0.00121728347319838
49 0 0.00120959817783117
50 0 0.00121069603734414
51 0 0.00122175982412065
52 0 0.00131649060429684
53 0 0.00142122352485063
54 0 0.00153107751603365
55 0 0.00164674991840419
56 0 0.00178279415147908
57 0 0.00184476950489709
58 0 0.00190227695441270
59 0 0.00195505253593597
60 0 0.00201689008395345
61 0 0.00207425098965974
62 0 0.00232884910772935
63 0 0.00270728336423809
64 0 0.00322311032649325
65 0 0.00391286929662149
66 0 0.00480901257518807
67 0 0.00538075013418615
68 0 0.00590852697145194
69 0 0.0064198122133814
70 0 0.00690324626483996
71 0 0.00720799817195872
72 0 0.00763092924329778
73 0 0.00802661797983029
74 0 0.00842761759759814
75 0 0.00886762555449983
76 0 0.00943272061547618
77 0 0.010032756312348
78 0 0.0107099631608625
79 0 0.0111703498445717
80 0 0.0114319234991619
81 0 0.0119381533276829
82 0 0.0127412631838091
83 0 0.0139322873555173
84 0 0.0154892265247379
85 0 0.0172151433942292
86 0 0.0186752517721419
87 0 0.0199870673181878
88 0 0.0209918638768827
89 0 0.0212188340748882
90 0 0.0220538112841128
91 0 0.0275430697848341
92 0 0.0302980889393514
93 0 0.0336756871412803
94 0 0.0373461697764664
95 0 0.0419438158248606
96 0 0.048051332813651
97 0 0.0547009977178705
98 0 0.060566315265928
99 0 0.0675679470739095
100 0 0.0971545570260135

death 1 M widowed
1 0 0.0182697200800678
2 0 0.00463308925800621
3 0 0.00317960249229454
4 0 0.00178058456374774
5 0 0.00124980538411479
6 0 0.00114045977521504
7 0 0.000876630990700344
8 0 0.000684655601697948
9 0 0.000547898045820783
10 0 0.000458068955792812
11 0 0.000422731476821148
12 0 0.000428759647938537
13 0 0.000441570839509131
14 0 0.000442910676283992
15 0 0.000428843375353094
16 0 0.000419382665653778
17 0 0.000406407187913183
18 0 0.000414443394435859
19 0 0.000435960487575104
20 0 0.00047096804677671
21 0 0.000520403595330454
22 0 0.000587981081133226
23 0 0.000648390600167859
24 0 0.000695571515102134
25 0 0.000722195050183227
26 0 0.000739668360939527
27 0 0.000739500332332055
28 0 0.000742272844099556
29 0 0.000752103340444066
30 0 0.000762018935745123
31 0 0.000765296362011503
32 0 0.000798329335589654
33 0 0.000814892370130882
34 0 0.00081909666658797
35 0 0.000812874376949768
36 0 0.000793117228657603
37 0 0.000753699846244182
38 0 0.000737736050717808
39 0 0.000748994435984196
40 0 0.000792949101155016
41 0 0.000857364709785813
42 0 0.000967212025968944
43 0 0.00106462848293076
44 0 0.00114029100348412
45 0 0.00119270970428742
46 0 0.00124101909614049
47 0 0.00122699659019909
48 0 0.00121728347319838
49 0 0.00120959817783117
50 0 0.00121069603734414
51 0 0.00122175982412065
52 0 0.00131649060429684
53 0 0.00142122352485063
54 0 0.00153107751603365
55 0 0.00164674991840419
56 0 0.00178279415147908
57 0 0.00184476950489709
58 0 0.00190227695441270
59 0 0.00195505253593597
60 0 0.00201689008395345
61 0 0.00207425098965974
62 0 0.00232884910772935
63 0 0.00270728336423809
64 0 0.00322311032649325
65 0 0.00391286929662149
66 0 0.00480901257518807
67 0 0.00538075013418615
68 0 0.00590852697145194
69 0 0.0064198122133814
70 0 0.00690324626483996
71 0 0.00720799817195872
72 0 0.00763092924329778
73 0 0.00802661797983029
74 0 0.00842761759759814
75 0 0.00886762555449983
76 0 0.00943272061547618
77 0 0.010032756312348
78 0 0.0107099631608625
79 0 0.0111703498445717
80 0 0.0114319234991619
81 0 0.0119381533276829
82 0 0.0127412631838091
83 0 0.0139322873555173
84 0 0.0154892265247379
85 0 0.0172151433942292
86 0 0.0186752517721419
87 0 0.0199870673181878
88 0 0.0209918638768827
89 0 0.0212188340748882
90 0 0.0220538112841128
91 0 0.0275430697848341
92 0 0.0302980889393514
93 0 0.0336756871412803
94 0 0.0373461697764664
95 0 0.0419438158248606
96 0 0.048051332813651
97 0 0.0547009977178705
98 0 0.060566315265928
99 0 0.0675679470739095
100 0 0.0971545570260135

death 1 F married
1 0 0.0157393126343898
2 0 0.00409088399401658
3 0 0.00270942978461564
4 0 0.00176265489913330
5 0 0.00149404940681030
6 0 0.00132240927644889
7 0 0.000882184476669545
8 0 0.000577078086454796
9 0 0.000384980777602628
10 0 0.000299492835610149
11 0 0.000305345609433294
12 0 0.000345656374260206
13 0 0.000385817651945008
14 0 0.000411178599823758
15 0 0.0004156154006002
16 0 0.000416201409350836
17 0 0.000399961994171694
18 0 0.000399376090134851
19 0 0.000407327967194115
20 0 0.000423987312826668
21 0 0.000449610156508129
22 0 0.000497190674715542
23 0 0.000541442808565940
24 0 0.000577497408211225
25 0 0.000598465963887462
26 0 0.000612475655634048
27 0 0.000618684233779532
28 0 0.00063252921293
29 0 0.00065711974057181
30 0 0.000685663169526673
31 0 0.00071085599776366
32 0 0.000763951762571824
33 0 0.000797404585117123
34 0 0.000815649129132012
35 0 0.000816405894437988
36 0 0.000797572720866446
37 0 0.000753783873642444
38 0 0.000734459618624062
39 0 0.000741096616651671
40 0 0.000775045303210264
41 0 0.000830785633294306
42 0 0.000917701158135276
43 0 0.000984311333140475
44 0 0.00101691844150398
45 0 0.00101093538187225
46 0 0.000989450177712348
47 0 0.000945652956514498
48 0 0.000930497299396316
49 0 0.000937906415796053
50 0 0.000974455674395469
51 0 0.00103149853312456
52 0 0.00114737968627421
53 0 0.00124541213384688
54 0 0.00131767430785990
55 0 0.00136114382698160
56 0 0.00139194028264333
57 0 0.00136308944770258
58 0 0.00138466325435960
59 0 0.00145077024033213
60 0 0.00157320794265325
61 0 0.00174082118165331
62 0 0.00208695541179782
63 0 0.00251045809605421
64 0 0.00300948378436838
65 0 0.00360391730643639
66 0 0.00429502100022394
67 0 0.00471380998947268
68 0 0.00512484616893805
69 0 0.00553917624212963
70 0 0.00597303621125889
71 0 0.00636106182706109
72 0 0.00692411277119809
73 0 0.00745576391867808
74 0 0.00801423492949294
75 0 0.00860294152333119
76 0 0.00923307109276084
77 0 0.00965867960162825
78 0 0.0101687976065828
79 0 0.0105875279583370
80 0 0.0110296795339154
81 0 0.0119722065862499
82 0 0.0134223554525692
83 0 0.0150994418305925
84 0 0.0167772181422305
85 0 0.0180206051813812
86 0 0.0185243432111446
87 0 0.0187924253741136
88 0 0.0189501651721703
89 0 0.0188652490248949
90 0 0.0192624588194541
91 0 0.0259768825053659
92 0 0.0278890962715256
93 0 0.0299231848577642
94 0 0.032430620015661
95 0 0.0352670591047097
96 0 0.0378805396215327
97 0 0.0406268497108493
98 0 0.0441032282247813
99 0 0.0480274147301594
100 0 0.0530434283915789

death 1 F single
1 0 0.0157393126343898
2 0 0.00409088399401658
3 0 0.00270942978461564
4 0 0.00176265489913330
5 0 0.00149404940681030
6 0 0.00132240927644889
7 0 0.000882184476669545
8 0 0.000577078086454796
9 0 0.000384980777602628
10 0 0.000299492835610149
11 0 0.000305345609433294
12 0 0.000345656374260206
13 0 0.000385817651945008
14 0 0.000411178599823758
15 0 0.0004156154006002
16 0 0.000416201409350836
17 0 0.000399961994171694
18 0 0.000399376090134851
19 0 0.000407327967194115
20 0 0.000423987312826668
21 0 0.000449610156508129
22 0 0.000497190674715542
23 0 0.000541442808565940
24 0 0.000577497408211225
25 0 0.000598465963887462
26 0 0.000612475655634048
27 0 0.000618684233779532
28 0 0.00063252921293
29 0 0.00065711974057181
30 0 0.000685663169526673
31 0 0.00071085599776366
32 0 0.000763951762571824
33 0 0.000797404585117123
34 0 0.000815649129132012
35 0 0.000816405894437988
36 0 0.000797572720866446
37 0 0.000753783873642444
38 0 0.000734459618624062
39 0 0.000741096616651671
40 0 0.000775045303210264
41 0 0.000830785633294306
42 0 0.000917701158135276
43 0 0.000984311333140475
44 0 0.00101691844150398
45 0 0.00101093538187225
46 0 0.000989450177712348
47 0 0.000945652956514498
48 0 0.000930497299396316
49 0 0.000937906415796053
50 0 0.000974455674395469
51 0 0.00103149853312456
52 0 0.00114737968627421
53 0 0.00124541213384688
54 0 0.00131767430785990
55 0 0.00136114382698160
56 0 0.00139194028264333
57 0 0.00136308944770258
58 0 0.00138466325435960
59 0 0.00145077024033213
60 0 0.00157320794265325
61 0 0.00174082118165331
62 0 0.00208695541179782
63 0 0.00251045809605421
64 0 0.00300948378436838
65 0 0.00360391730643639
66 0 0.00429502100022394
67 0 0.00471380998947268
68 0 0.00512484616893805
69 0 0.00553917624212963
70 0 0.00597303621125889
71 0 0.00636106182706109
72 0 0.00692411277119809
73 0 0.00745576391867808
74 0 0.00801423492949294
75 0 0.00860294152333119
76 0 0.00923307109276084
77 0 0.00965867960162825
78 0 0.0101687976065828
79 0 0.0105875279583370
80 0 0.0110296795339154
81 0 0.0119722065862499
82 0 0.0134223554525692
83 0 0.0150994418305925
84 0 0.0167772181422305
85 0 0.0180206051813812
86 0 0.0185243432111446
87 0 0.0187924253741136
88 0 0.0189501651721703
89 0 0.0188652490248949
90 0 0.0192624588194541
91 0 0.0259768825053659
92 0 0.0278890962715256
93 0 0.0299231848577642
94 0 0.032430620015661
95 0 0.0352670591047097
96 0 0.0378805396215327
97 0 0.0406268497108493
98 0 0.0441032282247813
99 0 0.0480274147301594
100 0 0.0530434283915789

death 1 F divorced
1 0 0.0157393126343898
2 0 0.00409088399401658
3 0 0.00270942978461564
4 0 0.00176265489913330
5 0 0.00149404940681030
6 0 0.00132240927644889
7 0 0.000882184476669545
8 0 0.000577078086454796
9 0 0.000384980777602628
10 0 0.000299492835610149
11 0 0.000305345609433294
12 0 0.000345656374260206
13 0 0.000385817651945008
14 0 0.000411178599823758
15 0 0.0004156154006002
16 0 0.000416201409350836
17 0 0.000399961994171694
18 0 0.000399376090134851
19 0 0.000407327967194115
20 0 0.000423987312826668
21 0 0.000449610156508129
22 0 0.000497190674715542
23 0 0.000541442808565940
24 0 0.000577497408211225
25 0 0.000598465963887462
26 0 0.000612475655634048
27 0 0.000618684233779532
28 0 0.00063252921293
29 0 0.00065711974057181
30 0 0.000685663169526673
31 0 0.00071085599776366
32 0 0.000763951762571824
33 0 0.000797404585117123
34 0 0.000815649129132012
35 0 0.000816405894437988
36 0 0.000797572720866446
37 0 0.000753783873642444
38 0 0.000734459618624062
39 0 0.000741096616651671
40 0 0.000775045303210264
41 0 0.000830785633294306
42 0 0.000917701158135276
43 0 0.000984311333140475
44 0 0.00101691844150398
45 0 0.00101093538187225
46 0 0.000989450177712348
47 0 0.000945652956514498
48 0 0.000930497299396316
49 0 0.000937906415796053
50 0 0.000974455674395469
51 0 0.00103149853312456
52 0 0.00114737968627421
53 0 0.00124541213384688
54 0 0.00131767430785990
55 0 0.00136114382698160
56 0 0.00139194028264333
57 0 0.00136308944770258
58 0 0.00138466325435960
59 0 0.00145077024033213
60 0 0.00157320794265325
61 0 0.00174082118165331
62 0 0.00208695541179782
63 0 0.00251045809605421
64 0 0.00300948378436838
65 0 0.00360391730643639
66 0 0.00429502100022394
67 0 0.00471380998947268
68 0 0.00512484616893805
69 0 0.00553917624212963
70 0 0.00597303621125889
71 0 0.00636106182706109
72 0 0.00692411277119809
73 0 0.00745576391867808
74 0 0.00801423492949294
75 0 0.00860294152333119
76 0 0.00923307109276084
77 0 0.00965867960162825
78 0 0.0101687976065828
79 0 0.0105875279583370
80 0 0.0110296795339154
81 0 0.0119722065862499
82 0 0.0134223554525692
83 0 0.0150994418305925
84 0 0.0167772181422305
85 0 0.0180206051813812
86 0 0.0185243432111446
87 0 0.0187924253741136
88 0 0.0189501651721703
89 0 0.0188652490248949
90 0 0.0192624588194541
91 0 0.0259768825053659
92 0 0.0278890962715256
93 0 0.0299231848577642
94 0 0.032430620015661
95 0 0.0352670591047097
96 0 0.0378805396215327
97 0 0.0406268497108493
98 0 0.0441032282247813
99 0 0.0480274147301594
100 0 0.0530434283915789

death 1 F widowed
1 0 0.0157393126343898
2 0 0.00409088399401658
3 0 0.00270942978461564
4 0 0.00176265489913330
5 0 0.00149404940681030
6 0 0.00132240927644889
7 0 0.000882184476669545
8 0 0.000577078086454796
9 0 0.000384980777602628
10 0 0.000299492835610149
11 0 0.000305345609433294
12 0 0.000345656374260206
13 0 0.000385817651945008
14 0 0.000411178599823758
15 0 0.0004156154006002
16 0 0.000416201409350836
17 0 0.000399961994171694
18 0 0.000399376090134851
19 0 0.000407327967194115
20 0 0.000423987312826668
21 0 0.000449610156508129
22 0 0.000497190674715542
23 0 0.000541442808565940
24 0 0.000577497408211225
25 0 0.000598465963887462
26 0 0.000612475655634048
27 0 0.000618684233779532
28 0 0.00063252921293
29 0 0.00065711974057181
30 0 0.000685663169526673
31 0 0.00071085599776366
32 0 0.000763951762571824
33 0 0.000797404585117123
34 0 0.000815649129132012
35 0 0.000816405894437988
36 0 0.000797572720866446
37 0 0.000753783873642444
38 0 0.000734459618624062
39 0 0.000741096616651671
40 0 0.000775045303210264
41 0 0.000830785633294306
42 0 0.000917701158135276
43 0 0.000984311333140475
44 0 0.00101691844150398
45 0 0.00101093538187225
46 0 0.000989450177712348
47 0 0.000945652956514498
48 0 0.000930497299396316
49 0 0.000937906415796053
50 0 0.000974455674395469
51 0 0.00103149853312456
52 0 0.00114737968627421
53 0 0.00124541213384688
54 0 0.00131767430785990
55 0 0.00136114382698160
56 0 0.00139194028264333
57 0 0.00136308944770258
58 0 0.00138466325435960
59 0 0.00145077024033213
60 0 0.00157320794265325
61 0 0.00174082118165331
62 0 0.00208695541179782
63 0 0.00251045809605421
64 0 0.00300948378436838
65 0 0.00360391730643639
66 0 0.00429502100022394
67 0 0.00471380998947268
68 0 0.00512484616893805
69 0 0.00553917624212963
70 0 0.00597303621125889
71 0 0.00636106182706109
72 0 0.00692411277119809
73 0 0.00745576391867808
74 0 0.00801423492949294
75 0 0.00860294152333119
76 0 0.00923307109276084
77 0 0.00965867960162825
78 0 0.0101687976065828
79 0 0.0105875279583370
80 0 0.0110296795339154
81 0 0.0119722065862499
82 0 0.0134223554525692
83 0 0.0150994418305925
84 0 0.0167772181422305
85 0 0.0180206051813812
86 0 0.0185243432111446
87 0 0.0187924253741136
88 0 0.0189501651721703
89 0 0.0188652490248949
90 0 0.0192624588194541
91 0 0.0259768825053659
92 0 0.0278890962715256
93 0 0.0299231848577642
94 0 0.032430620015661
95 0 0.0352670591047097
96 0 0.0378805396215327
97 0 0.0406268497108493
98 0 0.0441032282247813
99 0 0.0480274147301594
100 0 0.0530434283915789
