*Period monthly mortality rates for SWE in 2014 
* Mon Dec 20 14:21:52 2010
death 1 M married
1 0 0.000331436843438837
2 0 0.0000341730888351321
3 0 0.0000108339788730261
4 0 0.00000833371530217786
5 0 0.00000666691112360951
6 0 0.00000583352049443597
7 0 0.00000583352049443597
8 0 0.00000500013750526218
9 0 0.00000500013750526218
10 0 0.00000500013750526218
11 0 0.00000583352049443597
12 0 0.00000583352049443597
13 0 0.00000583352049443597
14 0 0.00000833371530217786
15 0 0.00000916712885190574
16 0 0.0000133343112110884
17 0 0.0000175016846010179
18 0 0.0000225027848553827
19 0 0.0000291713465325749
20 0 0.0000391751063537615
21 0 0.0000466786487315352
22 0 0.0000491799671665794
23 0 0.0000508475510273554
24 0 0.0000491799671665794
25 0 0.0000483461867075707
26 0 0.0000483461867075707
27 0 0.0000475124138960004
28 0 0.0000450111413439203
29 0 0.0000441773991204375
30 0 0.0000441773991204375
31 0 0.0000450111413439203
32 0 0.0000425099376131222
33 0 0.0000441773991204375
34 0 0.0000466786487315352
35 0 0.0000475124138960004
36 0 0.0000516813544294559
37 0 0.000055850486162301
38 0 0.0000575181923953005
39 0 0.0000633554051622243
40 0 0.0000683590287403613
41 0 0.0000725289254539518
42 0 0.000079201158088904
43 0 0.0000883762776967556
44 0 0.0000992207949763735
45 0 0.000106729295667018
46 0 0.000118410418553538
47 0 0.000130093042745694
48 0 0.000141777168646939
49 0 0.000159306174086660
50 0 0.000173498797702898
51 0 0.000190198839702838
52 0 0.000216089970248357
53 0 0.000236139783039269
54 0 0.000270401781932272
55 0 0.000291299585426952
56 0 0.000318892045984898
57 0 0.000354021843591124
58 0 0.000396697719786565
59 0 0.000419298946955804
60 0 0.000471219345953733
61 0 0.000505570106476561
62 0 0.00056089374554491
63 0 0.000623802434801979
64 0 0.000685075420268633
65 0 0.000780844738681119
66 0 0.000864094823829986
67 0 0.000949105432075159
68 0 0.00106201473987388
69 0 0.00116409091412772
70 0 0.00129163639380359
71 0 0.00144137181793869
72 0 0.00158541840100812
73 0 0.00177642048695115
74 0 0.00198400702209556
75 0 0.00222280779863893
76 0 0.00251191449146315
77 0 0.00276070140506157
78 0 0.00317226691962547
79 0 0.0035900448504842
80 0 0.00400975855362762
81 0 0.00455051279187679
82 0 0.00521712828731036
83 0 0.00600259237354139
84 0 0.0067751848210319
85 0 0.00785295539404096
86 0 0.0089860855741436
87 0 0.0103230711024505
88 0 0.0117105755233664
89 0 0.0135158052033119
90 0 0.015343302823014
91 0 0.0174846792551816
92 0 0.0202612613009495
93 0 0.0234046631219758
94 0 0.0260341173246987
95 0 0.0296166560720825
96 0 0.0323927836728491
97 0 0.0377024349719057
98 0 0.0421211657594608
99 0 0.0461041009957853
100 0 0.0516342927280249

death 1 M single
1 0 0.000331436843438837
2 0 0.0000341730888351321
3 0 0.0000108339788730261
4 0 0.00000833371530217786
5 0 0.00000666691112360951
6 0 0.00000583352049443597
7 0 0.00000583352049443597
8 0 0.00000500013750526218
9 0 0.00000500013750526218
10 0 0.00000500013750526218
11 0 0.00000583352049443597
12 0 0.00000583352049443597
13 0 0.00000583352049443597
14 0 0.00000833371530217786
15 0 0.00000916712885190574
16 0 0.0000133343112110884
17 0 0.0000175016846010179
18 0 0.0000225027848553827
19 0 0.0000291713465325749
20 0 0.0000391751063537615
21 0 0.0000466786487315352
22 0 0.0000491799671665794
23 0 0.0000508475510273554
24 0 0.0000491799671665794
25 0 0.0000483461867075707
26 0 0.0000483461867075707
27 0 0.0000475124138960004
28 0 0.0000450111413439203
29 0 0.0000441773991204375
30 0 0.0000441773991204375
31 0 0.0000450111413439203
32 0 0.0000425099376131222
33 0 0.0000441773991204375
34 0 0.0000466786487315352
35 0 0.0000475124138960004
36 0 0.0000516813544294559
37 0 0.000055850486162301
38 0 0.0000575181923953005
39 0 0.0000633554051622243
40 0 0.0000683590287403613
41 0 0.0000725289254539518
42 0 0.000079201158088904
43 0 0.0000883762776967556
44 0 0.0000992207949763735
45 0 0.000106729295667018
46 0 0.000118410418553538
47 0 0.000130093042745694
48 0 0.000141777168646939
49 0 0.000159306174086660
50 0 0.000173498797702898
51 0 0.000190198839702838
52 0 0.000216089970248357
53 0 0.000236139783039269
54 0 0.000270401781932272
55 0 0.000291299585426952
56 0 0.000318892045984898
57 0 0.000354021843591124
58 0 0.000396697719786565
59 0 0.000419298946955804
60 0 0.000471219345953733
61 0 0.000505570106476561
62 0 0.00056089374554491
63 0 0.000623802434801979
64 0 0.000685075420268633
65 0 0.000780844738681119
66 0 0.000864094823829986
67 0 0.000949105432075159
68 0 0.00106201473987388
69 0 0.00116409091412772
70 0 0.00129163639380359
71 0 0.00144137181793869
72 0 0.00158541840100812
73 0 0.00177642048695115
74 0 0.00198400702209556
75 0 0.00222280779863893
76 0 0.00251191449146315
77 0 0.00276070140506157
78 0 0.00317226691962547
79 0 0.0035900448504842
80 0 0.00400975855362762
81 0 0.00455051279187679
82 0 0.00521712828731036
83 0 0.00600259237354139
84 0 0.0067751848210319
85 0 0.00785295539404096
86 0 0.0089860855741436
87 0 0.0103230711024505
88 0 0.0117105755233664
89 0 0.0135158052033119
90 0 0.015343302823014
91 0 0.0174846792551816
92 0 0.0202612613009495
93 0 0.0234046631219758
94 0 0.0260341173246987
95 0 0.0296166560720825
96 0 0.0323927836728491
97 0 0.0377024349719057
98 0 0.0421211657594608
99 0 0.0461041009957853
100 0 0.0516342927280249

death 1 M divorced
1 0 0.000331436843438837
2 0 0.0000341730888351321
3 0 0.0000108339788730261
4 0 0.00000833371530217786
5 0 0.00000666691112360951
6 0 0.00000583352049443597
7 0 0.00000583352049443597
8 0 0.00000500013750526218
9 0 0.00000500013750526218
10 0 0.00000500013750526218
11 0 0.00000583352049443597
12 0 0.00000583352049443597
13 0 0.00000583352049443597
14 0 0.00000833371530217786
15 0 0.00000916712885190574
16 0 0.0000133343112110884
17 0 0.0000175016846010179
18 0 0.0000225027848553827
19 0 0.0000291713465325749
20 0 0.0000391751063537615
21 0 0.0000466786487315352
22 0 0.0000491799671665794
23 0 0.0000508475510273554
24 0 0.0000491799671665794
25 0 0.0000483461867075707
26 0 0.0000483461867075707
27 0 0.0000475124138960004
28 0 0.0000450111413439203
29 0 0.0000441773991204375
30 0 0.0000441773991204375
31 0 0.0000450111413439203
32 0 0.0000425099376131222
33 0 0.0000441773991204375
34 0 0.0000466786487315352
35 0 0.0000475124138960004
36 0 0.0000516813544294559
37 0 0.000055850486162301
38 0 0.0000575181923953005
39 0 0.0000633554051622243
40 0 0.0000683590287403613
41 0 0.0000725289254539518
42 0 0.000079201158088904
43 0 0.0000883762776967556
44 0 0.0000992207949763735
45 0 0.000106729295667018
46 0 0.000118410418553538
47 0 0.000130093042745694
48 0 0.000141777168646939
49 0 0.000159306174086660
50 0 0.000173498797702898
51 0 0.000190198839702838
52 0 0.000216089970248357
53 0 0.000236139783039269
54 0 0.000270401781932272
55 0 0.000291299585426952
56 0 0.000318892045984898
57 0 0.000354021843591124
58 0 0.000396697719786565
59 0 0.000419298946955804
60 0 0.000471219345953733
61 0 0.000505570106476561
62 0 0.00056089374554491
63 0 0.000623802434801979
64 0 0.000685075420268633
65 0 0.000780844738681119
66 0 0.000864094823829986
67 0 0.000949105432075159
68 0 0.00106201473987388
69 0 0.00116409091412772
70 0 0.00129163639380359
71 0 0.00144137181793869
72 0 0.00158541840100812
73 0 0.00177642048695115
74 0 0.00198400702209556
75 0 0.00222280779863893
76 0 0.00251191449146315
77 0 0.00276070140506157
78 0 0.00317226691962547
79 0 0.0035900448504842
80 0 0.00400975855362762
81 0 0.00455051279187679
82 0 0.00521712828731036
83 0 0.00600259237354139
84 0 0.0067751848210319
85 0 0.00785295539404096
86 0 0.0089860855741436
87 0 0.0103230711024505
88 0 0.0117105755233664
89 0 0.0135158052033119
90 0 0.015343302823014
91 0 0.0174846792551816
92 0 0.0202612613009495
93 0 0.0234046631219758
94 0 0.0260341173246987
95 0 0.0296166560720825
96 0 0.0323927836728491
97 0 0.0377024349719057
98 0 0.0421211657594608
99 0 0.0461041009957853
100 0 0.0516342927280249

death 1 M widowed
1 0 0.000331436843438837
2 0 0.0000341730888351321
3 0 0.0000108339788730261
4 0 0.00000833371530217786
5 0 0.00000666691112360951
6 0 0.00000583352049443597
7 0 0.00000583352049443597
8 0 0.00000500013750526218
9 0 0.00000500013750526218
10 0 0.00000500013750526218
11 0 0.00000583352049443597
12 0 0.00000583352049443597
13 0 0.00000583352049443597
14 0 0.00000833371530217786
15 0 0.00000916712885190574
16 0 0.0000133343112110884
17 0 0.0000175016846010179
18 0 0.0000225027848553827
19 0 0.0000291713465325749
20 0 0.0000391751063537615
21 0 0.0000466786487315352
22 0 0.0000491799671665794
23 0 0.0000508475510273554
24 0 0.0000491799671665794
25 0 0.0000483461867075707
26 0 0.0000483461867075707
27 0 0.0000475124138960004
28 0 0.0000450111413439203
29 0 0.0000441773991204375
30 0 0.0000441773991204375
31 0 0.0000450111413439203
32 0 0.0000425099376131222
33 0 0.0000441773991204375
34 0 0.0000466786487315352
35 0 0.0000475124138960004
36 0 0.0000516813544294559
37 0 0.000055850486162301
38 0 0.0000575181923953005
39 0 0.0000633554051622243
40 0 0.0000683590287403613
41 0 0.0000725289254539518
42 0 0.000079201158088904
43 0 0.0000883762776967556
44 0 0.0000992207949763735
45 0 0.000106729295667018
46 0 0.000118410418553538
47 0 0.000130093042745694
48 0 0.000141777168646939
49 0 0.000159306174086660
50 0 0.000173498797702898
51 0 0.000190198839702838
52 0 0.000216089970248357
53 0 0.000236139783039269
54 0 0.000270401781932272
55 0 0.000291299585426952
56 0 0.000318892045984898
57 0 0.000354021843591124
58 0 0.000396697719786565
59 0 0.000419298946955804
60 0 0.000471219345953733
61 0 0.000505570106476561
62 0 0.00056089374554491
63 0 0.000623802434801979
64 0 0.000685075420268633
65 0 0.000780844738681119
66 0 0.000864094823829986
67 0 0.000949105432075159
68 0 0.00106201473987388
69 0 0.00116409091412772
70 0 0.00129163639380359
71 0 0.00144137181793869
72 0 0.00158541840100812
73 0 0.00177642048695115
74 0 0.00198400702209556
75 0 0.00222280779863893
76 0 0.00251191449146315
77 0 0.00276070140506157
78 0 0.00317226691962547
79 0 0.0035900448504842
80 0 0.00400975855362762
81 0 0.00455051279187679
82 0 0.00521712828731036
83 0 0.00600259237354139
84 0 0.0067751848210319
85 0 0.00785295539404096
86 0 0.0089860855741436
87 0 0.0103230711024505
88 0 0.0117105755233664
89 0 0.0135158052033119
90 0 0.015343302823014
91 0 0.0174846792551816
92 0 0.0202612613009495
93 0 0.0234046631219758
94 0 0.0260341173246987
95 0 0.0296166560720825
96 0 0.0323927836728491
97 0 0.0377024349719057
98 0 0.0421211657594608
99 0 0.0461041009957853
100 0 0.0516342927280249

death 1 F married
1 0 0.000328091394796726
2 0 0.0000358403974268784
3 0 0.0000108339788730261
4 0 0.00000750030939278279
5 0 0.00000583352049443597
6 0 0.00000583352049443597
7 0 0.00000583352049443597
8 0 0.00000416676215586609
9 0 0.00000416676215586609
10 0 0.00000500013750526218
11 0 0.00000500013750526218
12 0 0.00000500013750526218
13 0 0.00000500013750526218
14 0 0.00000500013750526218
15 0 0.00000750030939278279
16 0 0.0000108339788730261
17 0 0.0000116674153447516
18 0 0.0000133343112110884
19 0 0.0000141677706060328
20 0 0.0000166681946396352
21 0 0.0000191686874497776
22 0 0.0000200022003373768
23 0 0.0000183351822042876
24 0 0.0000191686874497776
25 0 0.0000158347123201397
26 0 0.0000158347123201397
27 0 0.0000183351822042876
28 0 0.0000175016846010179
29 0 0.0000175016846010179
30 0 0.0000183351822042876
31 0 0.0000208357208674181
32 0 0.0000216692490401238
33 0 0.0000225027848553827
34 0 0.0000233363283135279
35 0 0.0000250034381590325
36 0 0.0000291713465325749
37 0 0.0000333394460065861
38 0 0.0000350067393084519
39 0 0.0000375077365993848
40 0 0.0000391751063537615
41 0 0.0000408425066913409
42 0 0.0000441773991204375
43 0 0.0000533489841776369
44 0 0.0000575181923953005
45 0 0.0000650232490866376
46 0 0.0000750309553007034
47 0 0.0000833715521976197
48 0 0.0000925470927749528
49 0 0.000108397935606575
50 0 0.000122582611971733
51 0 0.000138438693701781
52 0 0.0001542975418658
53 0 0.000165149927191854
54 0 0.000179343463383219
55 0 0.000199385170868593
56 0 0.000222772749752909
57 0 0.000251180045748089
58 0 0.000274580958229742
59 0 0.000303840574450209
60 0 0.000325582389131607
61 0 0.000369918357165155
62 0 0.000408416172918757
63 0 0.000432694919820231
64 0 0.000482947413934953
65 0 0.000519816914184679
66 0 0.000581019787371906
67 0 0.000624641511659085
68 0 0.00068339615762647
69 0 0.000749750646195313
70 0 0.000812790294873467
71 0 0.000912061326182378
72 0 0.00100132960354005
73 0 0.00110671166967191
74 0 0.00123502125325325
75 0 0.00138550939046944
76 0 0.00154726617139345
77 0 0.00174243516772754
78 0 0.00198315528765924
79 0 0.00223732667933318
80 0 0.00257876251025679
81 0 0.00295764083079819
82 0 0.00343412593157666
83 0 0.00389486088974256
84 0 0.00453386636944397
85 0 0.00520035876080882
86 0 0.00609345797359551
87 0 0.0070621149707406
88 0 0.0081561044519809
89 0 0.0094872137371368
90 0 0.0110216774608908
91 0 0.0126124849905292
92 0 0.0148694093929082
93 0 0.016838470967948
94 0 0.0193639758036388
95 0 0.0218844229473556
96 0 0.0247667234943385
97 0 0.0277867820773635
98 0 0.0315244004993711
99 0 0.0353299170103689
100 0 0.0382740608913876

death 1 F single
1 0 0.000328091394796726
2 0 0.0000358403974268784
3 0 0.0000108339788730261
4 0 0.00000750030939278279
5 0 0.00000583352049443597
6 0 0.00000583352049443597
7 0 0.00000583352049443597
8 0 0.00000416676215586609
9 0 0.00000416676215586609
10 0 0.00000500013750526218
11 0 0.00000500013750526218
12 0 0.00000500013750526218
13 0 0.00000500013750526218
14 0 0.00000500013750526218
15 0 0.00000750030939278279
16 0 0.0000108339788730261
17 0 0.0000116674153447516
18 0 0.0000133343112110884
19 0 0.0000141677706060328
20 0 0.0000166681946396352
21 0 0.0000191686874497776
22 0 0.0000200022003373768
23 0 0.0000183351822042876
24 0 0.0000191686874497776
25 0 0.0000158347123201397
26 0 0.0000158347123201397
27 0 0.0000183351822042876
28 0 0.0000175016846010179
29 0 0.0000175016846010179
30 0 0.0000183351822042876
31 0 0.0000208357208674181
32 0 0.0000216692490401238
33 0 0.0000225027848553827
34 0 0.0000233363283135279
35 0 0.0000250034381590325
36 0 0.0000291713465325749
37 0 0.0000333394460065861
38 0 0.0000350067393084519
39 0 0.0000375077365993848
40 0 0.0000391751063537615
41 0 0.0000408425066913409
42 0 0.0000441773991204375
43 0 0.0000533489841776369
44 0 0.0000575181923953005
45 0 0.0000650232490866376
46 0 0.0000750309553007034
47 0 0.0000833715521976197
48 0 0.0000925470927749528
49 0 0.000108397935606575
50 0 0.000122582611971733
51 0 0.000138438693701781
52 0 0.0001542975418658
53 0 0.000165149927191854
54 0 0.000179343463383219
55 0 0.000199385170868593
56 0 0.000222772749752909
57 0 0.000251180045748089
58 0 0.000274580958229742
59 0 0.000303840574450209
60 0 0.000325582389131607
61 0 0.000369918357165155
62 0 0.000408416172918757
63 0 0.000432694919820231
64 0 0.000482947413934953
65 0 0.000519816914184679
66 0 0.000581019787371906
67 0 0.000624641511659085
68 0 0.00068339615762647
69 0 0.000749750646195313
70 0 0.000812790294873467
71 0 0.000912061326182378
72 0 0.00100132960354005
73 0 0.00110671166967191
74 0 0.00123502125325325
75 0 0.00138550939046944
76 0 0.00154726617139345
77 0 0.00174243516772754
78 0 0.00198315528765924
79 0 0.00223732667933318
80 0 0.00257876251025679
81 0 0.00295764083079819
82 0 0.00343412593157666
83 0 0.00389486088974256
84 0 0.00453386636944397
85 0 0.00520035876080882
86 0 0.00609345797359551
87 0 0.0070621149707406
88 0 0.0081561044519809
89 0 0.0094872137371368
90 0 0.0110216774608908
91 0 0.0126124849905292
92 0 0.0148694093929082
93 0 0.016838470967948
94 0 0.0193639758036388
95 0 0.0218844229473556
96 0 0.0247667234943385
97 0 0.0277867820773635
98 0 0.0315244004993711
99 0 0.0353299170103689
100 0 0.0382740608913876

death 1 F divorced
1 0 0.000328091394796726
2 0 0.0000358403974268784
3 0 0.0000108339788730261
4 0 0.00000750030939278279
5 0 0.00000583352049443597
6 0 0.00000583352049443597
7 0 0.00000583352049443597
8 0 0.00000416676215586609
9 0 0.00000416676215586609
10 0 0.00000500013750526218
11 0 0.00000500013750526218
12 0 0.00000500013750526218
13 0 0.00000500013750526218
14 0 0.00000500013750526218
15 0 0.00000750030939278279
16 0 0.0000108339788730261
17 0 0.0000116674153447516
18 0 0.0000133343112110884
19 0 0.0000141677706060328
20 0 0.0000166681946396352
21 0 0.0000191686874497776
22 0 0.0000200022003373768
23 0 0.0000183351822042876
24 0 0.0000191686874497776
25 0 0.0000158347123201397
26 0 0.0000158347123201397
27 0 0.0000183351822042876
28 0 0.0000175016846010179
29 0 0.0000175016846010179
30 0 0.0000183351822042876
31 0 0.0000208357208674181
32 0 0.0000216692490401238
33 0 0.0000225027848553827
34 0 0.0000233363283135279
35 0 0.0000250034381590325
36 0 0.0000291713465325749
37 0 0.0000333394460065861
38 0 0.0000350067393084519
39 0 0.0000375077365993848
40 0 0.0000391751063537615
41 0 0.0000408425066913409
42 0 0.0000441773991204375
43 0 0.0000533489841776369
44 0 0.0000575181923953005
45 0 0.0000650232490866376
46 0 0.0000750309553007034
47 0 0.0000833715521976197
48 0 0.0000925470927749528
49 0 0.000108397935606575
50 0 0.000122582611971733
51 0 0.000138438693701781
52 0 0.0001542975418658
53 0 0.000165149927191854
54 0 0.000179343463383219
55 0 0.000199385170868593
56 0 0.000222772749752909
57 0 0.000251180045748089
58 0 0.000274580958229742
59 0 0.000303840574450209
60 0 0.000325582389131607
61 0 0.000369918357165155
62 0 0.000408416172918757
63 0 0.000432694919820231
64 0 0.000482947413934953
65 0 0.000519816914184679
66 0 0.000581019787371906
67 0 0.000624641511659085
68 0 0.00068339615762647
69 0 0.000749750646195313
70 0 0.000812790294873467
71 0 0.000912061326182378
72 0 0.00100132960354005
73 0 0.00110671166967191
74 0 0.00123502125325325
75 0 0.00138550939046944
76 0 0.00154726617139345
77 0 0.00174243516772754
78 0 0.00198315528765924
79 0 0.00223732667933318
80 0 0.00257876251025679
81 0 0.00295764083079819
82 0 0.00343412593157666
83 0 0.00389486088974256
84 0 0.00453386636944397
85 0 0.00520035876080882
86 0 0.00609345797359551
87 0 0.0070621149707406
88 0 0.0081561044519809
89 0 0.0094872137371368
90 0 0.0110216774608908
91 0 0.0126124849905292
92 0 0.0148694093929082
93 0 0.016838470967948
94 0 0.0193639758036388
95 0 0.0218844229473556
96 0 0.0247667234943385
97 0 0.0277867820773635
98 0 0.0315244004993711
99 0 0.0353299170103689
100 0 0.0382740608913876

death 1 F widowed
1 0 0.000328091394796726
2 0 0.0000358403974268784
3 0 0.0000108339788730261
4 0 0.00000750030939278279
5 0 0.00000583352049443597
6 0 0.00000583352049443597
7 0 0.00000583352049443597
8 0 0.00000416676215586609
9 0 0.00000416676215586609
10 0 0.00000500013750526218
11 0 0.00000500013750526218
12 0 0.00000500013750526218
13 0 0.00000500013750526218
14 0 0.00000500013750526218
15 0 0.00000750030939278279
16 0 0.0000108339788730261
17 0 0.0000116674153447516
18 0 0.0000133343112110884
19 0 0.0000141677706060328
20 0 0.0000166681946396352
21 0 0.0000191686874497776
22 0 0.0000200022003373768
23 0 0.0000183351822042876
24 0 0.0000191686874497776
25 0 0.0000158347123201397
26 0 0.0000158347123201397
27 0 0.0000183351822042876
28 0 0.0000175016846010179
29 0 0.0000175016846010179
30 0 0.0000183351822042876
31 0 0.0000208357208674181
32 0 0.0000216692490401238
33 0 0.0000225027848553827
34 0 0.0000233363283135279
35 0 0.0000250034381590325
36 0 0.0000291713465325749
37 0 0.0000333394460065861
38 0 0.0000350067393084519
39 0 0.0000375077365993848
40 0 0.0000391751063537615
41 0 0.0000408425066913409
42 0 0.0000441773991204375
43 0 0.0000533489841776369
44 0 0.0000575181923953005
45 0 0.0000650232490866376
46 0 0.0000750309553007034
47 0 0.0000833715521976197
48 0 0.0000925470927749528
49 0 0.000108397935606575
50 0 0.000122582611971733
51 0 0.000138438693701781
52 0 0.0001542975418658
53 0 0.000165149927191854
54 0 0.000179343463383219
55 0 0.000199385170868593
56 0 0.000222772749752909
57 0 0.000251180045748089
58 0 0.000274580958229742
59 0 0.000303840574450209
60 0 0.000325582389131607
61 0 0.000369918357165155
62 0 0.000408416172918757
63 0 0.000432694919820231
64 0 0.000482947413934953
65 0 0.000519816914184679
66 0 0.000581019787371906
67 0 0.000624641511659085
68 0 0.00068339615762647
69 0 0.000749750646195313
70 0 0.000812790294873467
71 0 0.000912061326182378
72 0 0.00100132960354005
73 0 0.00110671166967191
74 0 0.00123502125325325
75 0 0.00138550939046944
76 0 0.00154726617139345
77 0 0.00174243516772754
78 0 0.00198315528765924
79 0 0.00223732667933318
80 0 0.00257876251025679
81 0 0.00295764083079819
82 0 0.00343412593157666
83 0 0.00389486088974256
84 0 0.00453386636944397
85 0 0.00520035876080882
86 0 0.00609345797359551
87 0 0.0070621149707406
88 0 0.0081561044519809
89 0 0.0094872137371368
90 0 0.0110216774608908
91 0 0.0126124849905292
92 0 0.0148694093929082
93 0 0.016838470967948
94 0 0.0193639758036388
95 0 0.0218844229473556
96 0 0.0247667234943385
97 0 0.0277867820773635
98 0 0.0315244004993711
99 0 0.0353299170103689
100 0 0.0382740608913876
