*Period monthly mortality rates for SWE in 1769 
* Mon Dec 20 14:18:51 2010
death 1 M married
1 0 0.0255587670575297
2 0 0.00672508810090766
3 0 0.00412541267341038
4 0 0.00305739167207120
5 0 0.00286832007193361
6 0 0.00252013928103845
7 0 0.00182614694635652
8 0 0.00127253540046401
9 0 0.000894638982803286
10 0 0.000706236789549508
11 0 0.000657791247651973
12 0 0.000657539431915266
13 0 0.000645704879541076
14 0 0.000619271553677914
15 0 0.000592342645381438
16 0 0.000581019787371906
17 0 0.00057649103924684
18 0 0.000581942337813834
19 0 0.000594775147160664
20 0 0.000613985811269369
21 0 0.000642515689414314
22 0 0.000679282095332634
23 0 0.000718415208782242
24 0 0.000763363506575354
25 0 0.000807241049914142
26 0 0.000849625695060752
27 0 0.000840793929549832
28 0 0.000831037929734602
29 0 0.000826412606335314
30 0 0.000827505843337906
31 0 0.000833813236830627
32 0 0.000881090581366761
33 0 0.000915091640117716
34 0 0.000933612422425623
35 0 0.000944726704911858
36 0 0.000964011528134523
37 0 0.000937485427077722
38 0 0.000925614348569526
39 0 0.000933780810498108
40 0 0.000960053173663544
41 0 0.000991809088984663
42 0 0.00110367495528241
43 0 0.00121500315285683
44 0 0.00131454598194636
45 0 0.00139676375074882
46 0 0.00147338124246932
47 0 0.00142723368207509
48 0 0.00139820237857269
49 0 0.00140615755576246
50 0 0.00144433517942488
51 0 0.00149421883743950
52 0 0.00167569106800458
53 0 0.00185208351830413
54 0 0.00199738030107044
55 0 0.00208542055490657
56 0 0.00213412228477161
57 0 0.00201032955777214
58 0 0.001968506706716
59 0 0.00202950125887347
60 0 0.00214939493657262
61 0 0.00229781855376077
62 0 0.00267191767365071
63 0 0.00313335516460556
64 0 0.00365665202373255
65 0 0.00418936037652684
66 0 0.00471890131900343
67 0 0.00501187149824633
68 0 0.00529828376418784
69 0 0.0056394200726968
70 0 0.00591724414998862
71 0 0.0061416003105339
72 0 0.00646481742189686
73 0 0.00693967584882405
74 0 0.00747956426027374
75 0 0.00803317440081752
76 0 0.00863841398243437
77 0 0.00905283389749756
78 0 0.00955044487346546
79 0 0.0100943221344622
80 0 0.0106953296669469
81 0 0.0124553824161919
82 0 0.0139459019792546
83 0 0.0156783120077828
84 0 0.0178558622174504
85 0 0.0204276895948188
86 0 0.0222697380939473
87 0 0.0232892522827201
88 0 0.0242124033171262
89 0 0.0254217132086773
90 0 0.0276165211777682
91 0 0.0261201504800935
92 0 0.0270489751839391
93 0 0.0278412212203193
94 0 0.0285063983194245
95 0 0.0289144355440378
96 0 0.0289921463093159
97 0 0.0290679658208338
98 0 0.0297830347923914
99 0 0.0313726891199112
100 0 0.033007118828117

death 1 M single
1 0 0.0255587670575297
2 0 0.00672508810090766
3 0 0.00412541267341038
4 0 0.00305739167207120
5 0 0.00286832007193361
6 0 0.00252013928103845
7 0 0.00182614694635652
8 0 0.00127253540046401
9 0 0.000894638982803286
10 0 0.000706236789549508
11 0 0.000657791247651973
12 0 0.000657539431915266
13 0 0.000645704879541076
14 0 0.000619271553677914
15 0 0.000592342645381438
16 0 0.000581019787371906
17 0 0.00057649103924684
18 0 0.000581942337813834
19 0 0.000594775147160664
20 0 0.000613985811269369
21 0 0.000642515689414314
22 0 0.000679282095332634
23 0 0.000718415208782242
24 0 0.000763363506575354
25 0 0.000807241049914142
26 0 0.000849625695060752
27 0 0.000840793929549832
28 0 0.000831037929734602
29 0 0.000826412606335314
30 0 0.000827505843337906
31 0 0.000833813236830627
32 0 0.000881090581366761
33 0 0.000915091640117716
34 0 0.000933612422425623
35 0 0.000944726704911858
36 0 0.000964011528134523
37 0 0.000937485427077722
38 0 0.000925614348569526
39 0 0.000933780810498108
40 0 0.000960053173663544
41 0 0.000991809088984663
42 0 0.00110367495528241
43 0 0.00121500315285683
44 0 0.00131454598194636
45 0 0.00139676375074882
46 0 0.00147338124246932
47 0 0.00142723368207509
48 0 0.00139820237857269
49 0 0.00140615755576246
50 0 0.00144433517942488
51 0 0.00149421883743950
52 0 0.00167569106800458
53 0 0.00185208351830413
54 0 0.00199738030107044
55 0 0.00208542055490657
56 0 0.00213412228477161
57 0 0.00201032955777214
58 0 0.001968506706716
59 0 0.00202950125887347
60 0 0.00214939493657262
61 0 0.00229781855376077
62 0 0.00267191767365071
63 0 0.00313335516460556
64 0 0.00365665202373255
65 0 0.00418936037652684
66 0 0.00471890131900343
67 0 0.00501187149824633
68 0 0.00529828376418784
69 0 0.0056394200726968
70 0 0.00591724414998862
71 0 0.0061416003105339
72 0 0.00646481742189686
73 0 0.00693967584882405
74 0 0.00747956426027374
75 0 0.00803317440081752
76 0 0.00863841398243437
77 0 0.00905283389749756
78 0 0.00955044487346546
79 0 0.0100943221344622
80 0 0.0106953296669469
81 0 0.0124553824161919
82 0 0.0139459019792546
83 0 0.0156783120077828
84 0 0.0178558622174504
85 0 0.0204276895948188
86 0 0.0222697380939473
87 0 0.0232892522827201
88 0 0.0242124033171262
89 0 0.0254217132086773
90 0 0.0276165211777682
91 0 0.0261201504800935
92 0 0.0270489751839391
93 0 0.0278412212203193
94 0 0.0285063983194245
95 0 0.0289144355440378
96 0 0.0289921463093159
97 0 0.0290679658208338
98 0 0.0297830347923914
99 0 0.0313726891199112
100 0 0.033007118828117

death 1 M divorced
1 0 0.0255587670575297
2 0 0.00672508810090766
3 0 0.00412541267341038
4 0 0.00305739167207120
5 0 0.00286832007193361
6 0 0.00252013928103845
7 0 0.00182614694635652
8 0 0.00127253540046401
9 0 0.000894638982803286
10 0 0.000706236789549508
11 0 0.000657791247651973
12 0 0.000657539431915266
13 0 0.000645704879541076
14 0 0.000619271553677914
15 0 0.000592342645381438
16 0 0.000581019787371906
17 0 0.00057649103924684
18 0 0.000581942337813834
19 0 0.000594775147160664
20 0 0.000613985811269369
21 0 0.000642515689414314
22 0 0.000679282095332634
23 0 0.000718415208782242
24 0 0.000763363506575354
25 0 0.000807241049914142
26 0 0.000849625695060752
27 0 0.000840793929549832
28 0 0.000831037929734602
29 0 0.000826412606335314
30 0 0.000827505843337906
31 0 0.000833813236830627
32 0 0.000881090581366761
33 0 0.000915091640117716
34 0 0.000933612422425623
35 0 0.000944726704911858
36 0 0.000964011528134523
37 0 0.000937485427077722
38 0 0.000925614348569526
39 0 0.000933780810498108
40 0 0.000960053173663544
41 0 0.000991809088984663
42 0 0.00110367495528241
43 0 0.00121500315285683
44 0 0.00131454598194636
45 0 0.00139676375074882
46 0 0.00147338124246932
47 0 0.00142723368207509
48 0 0.00139820237857269
49 0 0.00140615755576246
50 0 0.00144433517942488
51 0 0.00149421883743950
52 0 0.00167569106800458
53 0 0.00185208351830413
54 0 0.00199738030107044
55 0 0.00208542055490657
56 0 0.00213412228477161
57 0 0.00201032955777214
58 0 0.001968506706716
59 0 0.00202950125887347
60 0 0.00214939493657262
61 0 0.00229781855376077
62 0 0.00267191767365071
63 0 0.00313335516460556
64 0 0.00365665202373255
65 0 0.00418936037652684
66 0 0.00471890131900343
67 0 0.00501187149824633
68 0 0.00529828376418784
69 0 0.0056394200726968
70 0 0.00591724414998862
71 0 0.0061416003105339
72 0 0.00646481742189686
73 0 0.00693967584882405
74 0 0.00747956426027374
75 0 0.00803317440081752
76 0 0.00863841398243437
77 0 0.00905283389749756
78 0 0.00955044487346546
79 0 0.0100943221344622
80 0 0.0106953296669469
81 0 0.0124553824161919
82 0 0.0139459019792546
83 0 0.0156783120077828
84 0 0.0178558622174504
85 0 0.0204276895948188
86 0 0.0222697380939473
87 0 0.0232892522827201
88 0 0.0242124033171262
89 0 0.0254217132086773
90 0 0.0276165211777682
91 0 0.0261201504800935
92 0 0.0270489751839391
93 0 0.0278412212203193
94 0 0.0285063983194245
95 0 0.0289144355440378
96 0 0.0289921463093159
97 0 0.0290679658208338
98 0 0.0297830347923914
99 0 0.0313726891199112
100 0 0.033007118828117

death 1 M widowed
1 0 0.0255587670575297
2 0 0.00672508810090766
3 0 0.00412541267341038
4 0 0.00305739167207120
5 0 0.00286832007193361
6 0 0.00252013928103845
7 0 0.00182614694635652
8 0 0.00127253540046401
9 0 0.000894638982803286
10 0 0.000706236789549508
11 0 0.000657791247651973
12 0 0.000657539431915266
13 0 0.000645704879541076
14 0 0.000619271553677914
15 0 0.000592342645381438
16 0 0.000581019787371906
17 0 0.00057649103924684
18 0 0.000581942337813834
19 0 0.000594775147160664
20 0 0.000613985811269369
21 0 0.000642515689414314
22 0 0.000679282095332634
23 0 0.000718415208782242
24 0 0.000763363506575354
25 0 0.000807241049914142
26 0 0.000849625695060752
27 0 0.000840793929549832
28 0 0.000831037929734602
29 0 0.000826412606335314
30 0 0.000827505843337906
31 0 0.000833813236830627
32 0 0.000881090581366761
33 0 0.000915091640117716
34 0 0.000933612422425623
35 0 0.000944726704911858
36 0 0.000964011528134523
37 0 0.000937485427077722
38 0 0.000925614348569526
39 0 0.000933780810498108
40 0 0.000960053173663544
41 0 0.000991809088984663
42 0 0.00110367495528241
43 0 0.00121500315285683
44 0 0.00131454598194636
45 0 0.00139676375074882
46 0 0.00147338124246932
47 0 0.00142723368207509
48 0 0.00139820237857269
49 0 0.00140615755576246
50 0 0.00144433517942488
51 0 0.00149421883743950
52 0 0.00167569106800458
53 0 0.00185208351830413
54 0 0.00199738030107044
55 0 0.00208542055490657
56 0 0.00213412228477161
57 0 0.00201032955777214
58 0 0.001968506706716
59 0 0.00202950125887347
60 0 0.00214939493657262
61 0 0.00229781855376077
62 0 0.00267191767365071
63 0 0.00313335516460556
64 0 0.00365665202373255
65 0 0.00418936037652684
66 0 0.00471890131900343
67 0 0.00501187149824633
68 0 0.00529828376418784
69 0 0.0056394200726968
70 0 0.00591724414998862
71 0 0.0061416003105339
72 0 0.00646481742189686
73 0 0.00693967584882405
74 0 0.00747956426027374
75 0 0.00803317440081752
76 0 0.00863841398243437
77 0 0.00905283389749756
78 0 0.00955044487346546
79 0 0.0100943221344622
80 0 0.0106953296669469
81 0 0.0124553824161919
82 0 0.0139459019792546
83 0 0.0156783120077828
84 0 0.0178558622174504
85 0 0.0204276895948188
86 0 0.0222697380939473
87 0 0.0232892522827201
88 0 0.0242124033171262
89 0 0.0254217132086773
90 0 0.0276165211777682
91 0 0.0261201504800935
92 0 0.0270489751839391
93 0 0.0278412212203193
94 0 0.0285063983194245
95 0 0.0289144355440378
96 0 0.0289921463093159
97 0 0.0290679658208338
98 0 0.0297830347923914
99 0 0.0313726891199112
100 0 0.033007118828117

death 1 F married
1 0 0.0236426578590472
2 0 0.00670471620295643
3 0 0.00411259367216865
4 0 0.0029829557779284
5 0 0.00278149313808573
6 0 0.00244965304881883
7 0 0.00173479022456713
8 0 0.00116425973009970
9 0 0.000775633634860884
10 0 0.000579677912541876
11 0 0.000527192609845462
12 0 0.000540436838869951
13 0 0.000552676893500359
14 0 0.000558629844797487
15 0 0.0005641639239925
16 0 0.00058395520765786
17 0 0.000576155585402471
18 0 0.000573555860101882
19 0 0.000571962516845881
20 0 0.000571207785056149
21 0 0.000573723582070085
22 0 0.000601318061326128
23 0 0.000627913985449258
24 0 0.000657455493491388
25 0 0.000687594372434042
26 0 0.000718331214092927
27 0 0.000720347108071118
28 0 0.000735803781597655
29 0 0.000762018935745123
30 0 0.00080202843162569
31 0 0.00085475692464354
32 0 0.000936643455495378
33 0 0.000983468927344355
34 0 0.000986838597412887
35 0 0.000950031728335188
36 0 0.000893039997950873
37 0 0.000814471951187667
38 0 0.000782862020420438
39 0 0.000801860287628853
40 0 0.000868974468355099
41 0 0.000968222732927626
42 0 0.00110367495528241
43 0 0.00120495353445926
44 0 0.00126349341127274
45 0 0.00127414108147939
46 0 0.00125453681445253
47 0 0.00116780493801272
48 0 0.00111750969889912
49 0 0.00110797699730625
50 0 0.00112915276273473
51 0 0.00117295417697327
52 0 0.00130499257275640
53 0 0.00143612267218007
54 0 0.00156269469739279
55 0 0.00167085275539636
56 0 0.00176290979845095
57 0 0.00173207217774674
58 0 0.00174710739449624
59 0 0.00182487156848543
60 0 0.00194194089673450
61 0 0.00208721122380440
62 0 0.00238178796828714
63 0 0.00270642481031524
64 0 0.00302593849483423
65 0 0.00332289464107349
66 0 0.00361016060481545
67 0 0.00386146347089755
68 0 0.00419817526634414
69 0 0.00470090738560303
70 0 0.00529987404397125
71 0 0.0059165325120577
72 0 0.00653644251077534
73 0 0.00713935500940599
74 0 0.00768733708537028
75 0 0.00809311489871467
76 0 0.00828440735003444
77 0 0.00840658333576016
78 0 0.008724907963241
79 0 0.00934064761446629
80 0 0.0103381112820128
81 0 0.0112788530066089
82 0 0.0129671427632507
83 0 0.0147950557098918
84 0 0.0166458168791110
85 0 0.0181084906740256
86 0 0.0184401380343420
87 0 0.0180493137519447
88 0 0.017415500296187
89 0 0.0170865218322789
90 0 0.0176282650203333
91 0 0.0222512705088331
92 0 0.0232881723654685
93 0 0.0243277105855534
94 0 0.0253678575092062
95 0 0.0263720436494105
96 0 0.0273399229642386
97 0 0.0283278873092881
98 0 0.0290224432559105
99 0 0.0296670125984866
100 0 0.0302013525164347

death 1 F single
1 0 0.0236426578590472
2 0 0.00670471620295643
3 0 0.00411259367216865
4 0 0.0029829557779284
5 0 0.00278149313808573
6 0 0.00244965304881883
7 0 0.00173479022456713
8 0 0.00116425973009970
9 0 0.000775633634860884
10 0 0.000579677912541876
11 0 0.000527192609845462
12 0 0.000540436838869951
13 0 0.000552676893500359
14 0 0.000558629844797487
15 0 0.0005641639239925
16 0 0.00058395520765786
17 0 0.000576155585402471
18 0 0.000573555860101882
19 0 0.000571962516845881
20 0 0.000571207785056149
21 0 0.000573723582070085
22 0 0.000601318061326128
23 0 0.000627913985449258
24 0 0.000657455493491388
25 0 0.000687594372434042
26 0 0.000718331214092927
27 0 0.000720347108071118
28 0 0.000735803781597655
29 0 0.000762018935745123
30 0 0.00080202843162569
31 0 0.00085475692464354
32 0 0.000936643455495378
33 0 0.000983468927344355
34 0 0.000986838597412887
35 0 0.000950031728335188
36 0 0.000893039997950873
37 0 0.000814471951187667
38 0 0.000782862020420438
39 0 0.000801860287628853
40 0 0.000868974468355099
41 0 0.000968222732927626
42 0 0.00110367495528241
43 0 0.00120495353445926
44 0 0.00126349341127274
45 0 0.00127414108147939
46 0 0.00125453681445253
47 0 0.00116780493801272
48 0 0.00111750969889912
49 0 0.00110797699730625
50 0 0.00112915276273473
51 0 0.00117295417697327
52 0 0.00130499257275640
53 0 0.00143612267218007
54 0 0.00156269469739279
55 0 0.00167085275539636
56 0 0.00176290979845095
57 0 0.00173207217774674
58 0 0.00174710739449624
59 0 0.00182487156848543
60 0 0.00194194089673450
61 0 0.00208721122380440
62 0 0.00238178796828714
63 0 0.00270642481031524
64 0 0.00302593849483423
65 0 0.00332289464107349
66 0 0.00361016060481545
67 0 0.00386146347089755
68 0 0.00419817526634414
69 0 0.00470090738560303
70 0 0.00529987404397125
71 0 0.0059165325120577
72 0 0.00653644251077534
73 0 0.00713935500940599
74 0 0.00768733708537028
75 0 0.00809311489871467
76 0 0.00828440735003444
77 0 0.00840658333576016
78 0 0.008724907963241
79 0 0.00934064761446629
80 0 0.0103381112820128
81 0 0.0112788530066089
82 0 0.0129671427632507
83 0 0.0147950557098918
84 0 0.0166458168791110
85 0 0.0181084906740256
86 0 0.0184401380343420
87 0 0.0180493137519447
88 0 0.017415500296187
89 0 0.0170865218322789
90 0 0.0176282650203333
91 0 0.0222512705088331
92 0 0.0232881723654685
93 0 0.0243277105855534
94 0 0.0253678575092062
95 0 0.0263720436494105
96 0 0.0273399229642386
97 0 0.0283278873092881
98 0 0.0290224432559105
99 0 0.0296670125984866
100 0 0.0302013525164347

death 1 F divorced
1 0 0.0236426578590472
2 0 0.00670471620295643
3 0 0.00411259367216865
4 0 0.0029829557779284
5 0 0.00278149313808573
6 0 0.00244965304881883
7 0 0.00173479022456713
8 0 0.00116425973009970
9 0 0.000775633634860884
10 0 0.000579677912541876
11 0 0.000527192609845462
12 0 0.000540436838869951
13 0 0.000552676893500359
14 0 0.000558629844797487
15 0 0.0005641639239925
16 0 0.00058395520765786
17 0 0.000576155585402471
18 0 0.000573555860101882
19 0 0.000571962516845881
20 0 0.000571207785056149
21 0 0.000573723582070085
22 0 0.000601318061326128
23 0 0.000627913985449258
24 0 0.000657455493491388
25 0 0.000687594372434042
26 0 0.000718331214092927
27 0 0.000720347108071118
28 0 0.000735803781597655
29 0 0.000762018935745123
30 0 0.00080202843162569
31 0 0.00085475692464354
32 0 0.000936643455495378
33 0 0.000983468927344355
34 0 0.000986838597412887
35 0 0.000950031728335188
36 0 0.000893039997950873
37 0 0.000814471951187667
38 0 0.000782862020420438
39 0 0.000801860287628853
40 0 0.000868974468355099
41 0 0.000968222732927626
42 0 0.00110367495528241
43 0 0.00120495353445926
44 0 0.00126349341127274
45 0 0.00127414108147939
46 0 0.00125453681445253
47 0 0.00116780493801272
48 0 0.00111750969889912
49 0 0.00110797699730625
50 0 0.00112915276273473
51 0 0.00117295417697327
52 0 0.00130499257275640
53 0 0.00143612267218007
54 0 0.00156269469739279
55 0 0.00167085275539636
56 0 0.00176290979845095
57 0 0.00173207217774674
58 0 0.00174710739449624
59 0 0.00182487156848543
60 0 0.00194194089673450
61 0 0.00208721122380440
62 0 0.00238178796828714
63 0 0.00270642481031524
64 0 0.00302593849483423
65 0 0.00332289464107349
66 0 0.00361016060481545
67 0 0.00386146347089755
68 0 0.00419817526634414
69 0 0.00470090738560303
70 0 0.00529987404397125
71 0 0.0059165325120577
72 0 0.00653644251077534
73 0 0.00713935500940599
74 0 0.00768733708537028
75 0 0.00809311489871467
76 0 0.00828440735003444
77 0 0.00840658333576016
78 0 0.008724907963241
79 0 0.00934064761446629
80 0 0.0103381112820128
81 0 0.0112788530066089
82 0 0.0129671427632507
83 0 0.0147950557098918
84 0 0.0166458168791110
85 0 0.0181084906740256
86 0 0.0184401380343420
87 0 0.0180493137519447
88 0 0.017415500296187
89 0 0.0170865218322789
90 0 0.0176282650203333
91 0 0.0222512705088331
92 0 0.0232881723654685
93 0 0.0243277105855534
94 0 0.0253678575092062
95 0 0.0263720436494105
96 0 0.0273399229642386
97 0 0.0283278873092881
98 0 0.0290224432559105
99 0 0.0296670125984866
100 0 0.0302013525164347

death 1 F widowed
1 0 0.0236426578590472
2 0 0.00670471620295643
3 0 0.00411259367216865
4 0 0.0029829557779284
5 0 0.00278149313808573
6 0 0.00244965304881883
7 0 0.00173479022456713
8 0 0.00116425973009970
9 0 0.000775633634860884
10 0 0.000579677912541876
11 0 0.000527192609845462
12 0 0.000540436838869951
13 0 0.000552676893500359
14 0 0.000558629844797487
15 0 0.0005641639239925
16 0 0.00058395520765786
17 0 0.000576155585402471
18 0 0.000573555860101882
19 0 0.000571962516845881
20 0 0.000571207785056149
21 0 0.000573723582070085
22 0 0.000601318061326128
23 0 0.000627913985449258
24 0 0.000657455493491388
25 0 0.000687594372434042
26 0 0.000718331214092927
27 0 0.000720347108071118
28 0 0.000735803781597655
29 0 0.000762018935745123
30 0 0.00080202843162569
31 0 0.00085475692464354
32 0 0.000936643455495378
33 0 0.000983468927344355
34 0 0.000986838597412887
35 0 0.000950031728335188
36 0 0.000893039997950873
37 0 0.000814471951187667
38 0 0.000782862020420438
39 0 0.000801860287628853
40 0 0.000868974468355099
41 0 0.000968222732927626
42 0 0.00110367495528241
43 0 0.00120495353445926
44 0 0.00126349341127274
45 0 0.00127414108147939
46 0 0.00125453681445253
47 0 0.00116780493801272
48 0 0.00111750969889912
49 0 0.00110797699730625
50 0 0.00112915276273473
51 0 0.00117295417697327
52 0 0.00130499257275640
53 0 0.00143612267218007
54 0 0.00156269469739279
55 0 0.00167085275539636
56 0 0.00176290979845095
57 0 0.00173207217774674
58 0 0.00174710739449624
59 0 0.00182487156848543
60 0 0.00194194089673450
61 0 0.00208721122380440
62 0 0.00238178796828714
63 0 0.00270642481031524
64 0 0.00302593849483423
65 0 0.00332289464107349
66 0 0.00361016060481545
67 0 0.00386146347089755
68 0 0.00419817526634414
69 0 0.00470090738560303
70 0 0.00529987404397125
71 0 0.0059165325120577
72 0 0.00653644251077534
73 0 0.00713935500940599
74 0 0.00768733708537028
75 0 0.00809311489871467
76 0 0.00828440735003444
77 0 0.00840658333576016
78 0 0.008724907963241
79 0 0.00934064761446629
80 0 0.0103381112820128
81 0 0.0112788530066089
82 0 0.0129671427632507
83 0 0.0147950557098918
84 0 0.0166458168791110
85 0 0.0181084906740256
86 0 0.0184401380343420
87 0 0.0180493137519447
88 0 0.017415500296187
89 0 0.0170865218322789
90 0 0.0176282650203333
91 0 0.0222512705088331
92 0 0.0232881723654685
93 0 0.0243277105855534
94 0 0.0253678575092062
95 0 0.0263720436494105
96 0 0.0273399229642386
97 0 0.0283278873092881
98 0 0.0290224432559105
99 0 0.0296670125984866
100 0 0.0302013525164347
