*Period monthly mortality rates for SWE in 2051 
* Mon Dec 20 14:21:52 2010
death 1 M married
1 0 0.000195209450695066
2 0 0.0000200022003373768
3 0 0.00000666691112360951
4 0 0.00000500013750526218
5 0 0.00000416676215586609
6 0 0.00000333339444602565
7 0 0.00000333339444602565
8 0 0.00000333339444602565
9 0 0.00000250003437562984
10 0 0.00000333339444602565
11 0 0.00000333339444602565
12 0 0.00000333339444602565
13 0 0.00000333339444602565
14 0 0.00000500013750526218
15 0 0.00000500013750526218
16 0 0.00000750030939278279
17 0 0.0000108339788730261
18 0 0.0000133343112110884
19 0 0.0000175016846010179
20 0 0.0000233363283135279
21 0 0.0000275041602521009
22 0 0.0000291713465325749
23 0 0.0000300049511388067
24 0 0.0000291713465325749
25 0 0.0000283377495704507
26 0 0.0000283377495704507
27 0 0.0000283377495704507
28 0 0.0000266705785775256
29 0 0.0000258370045466139
30 0 0.0000258370045466139
31 0 0.0000266705785775256
32 0 0.0000250034381590325
33 0 0.0000258370045466139
34 0 0.0000275041602521009
35 0 0.0000283377495704507
36 0 0.0000308385633891461
37 0 0.0000325058108229248
38 0 0.0000333394460065861
39 0 0.0000375077365993848
40 0 0.0000400088026996093
41 0 0.0000425099376131222
42 0 0.0000466786487315352
43 0 0.0000525151654794387
44 0 0.0000583520569852336
45 0 0.0000625214946752273
46 0 0.0000700269644720031
47 0 0.0000766990134587475
48 0 0.0000833715521976197
49 0 0.0000942154723914124
50 0 0.000101723559627565
51 0 0.000111735307382288
52 0 0.000126754996901401
53 0 0.000139273300942766
54 0 0.000159306174086660
55 0 0.000171828962249876
56 0 0.000187693637785924
57 0 0.000208572430588916
58 0 0.000233633314546733
59 0 0.000247001945330005
60 0 0.000277088556254523
61 0 0.000297987897547314
62 0 0.000329764103723651
63 0 0.000366571491637546
64 0 0.000402556757458705
65 0 0.000453630081744261
66 0 0.000494676995866028
67 0 0.000543287115269853
68 0 0.000607861446715763
69 0 0.000665765773681937
70 0 0.000738828221010124
71 0 0.000823721617461026
72 0 0.000906169338493079
73 0 0.00101481168540518
74 0 0.00113286535785173
75 0 0.00126881709029036
76 0 0.00144137181793869
77 0 0.00159050657683868
78 0 0.00185123302133849
79 0 0.00211356372477844
80 0 0.00241344631419316
81 0 0.00278991428750563
82 0 0.00326206064997703
83 0 0.00384442161831988
84 0 0.00447081296185436
85 0 0.00534344091674399
86 0 0.00631298112262046
87 0 0.00749015426292232
88 0 0.00877649531596625
89 0 0.010450197738613
90 0 0.0122319303158426
91 0 0.0143657598235942
92 0 0.0171403268237224
93 0 0.0203782405612092
94 0 0.02329875612093
95 0 0.0271099520268538
96 0 0.0301822047498223
97 0 0.0355654156913994
98 0 0.0400809577234115
99 0 0.0441568965422594
100 0 0.0497761471006453

death 1 M single
1 0 0.000195209450695066
2 0 0.0000200022003373768
3 0 0.00000666691112360951
4 0 0.00000500013750526218
5 0 0.00000416676215586609
6 0 0.00000333339444602565
7 0 0.00000333339444602565
8 0 0.00000333339444602565
9 0 0.00000250003437562984
10 0 0.00000333339444602565
11 0 0.00000333339444602565
12 0 0.00000333339444602565
13 0 0.00000333339444602565
14 0 0.00000500013750526218
15 0 0.00000500013750526218
16 0 0.00000750030939278279
17 0 0.0000108339788730261
18 0 0.0000133343112110884
19 0 0.0000175016846010179
20 0 0.0000233363283135279
21 0 0.0000275041602521009
22 0 0.0000291713465325749
23 0 0.0000300049511388067
24 0 0.0000291713465325749
25 0 0.0000283377495704507
26 0 0.0000283377495704507
27 0 0.0000283377495704507
28 0 0.0000266705785775256
29 0 0.0000258370045466139
30 0 0.0000258370045466139
31 0 0.0000266705785775256
32 0 0.0000250034381590325
33 0 0.0000258370045466139
34 0 0.0000275041602521009
35 0 0.0000283377495704507
36 0 0.0000308385633891461
37 0 0.0000325058108229248
38 0 0.0000333394460065861
39 0 0.0000375077365993848
40 0 0.0000400088026996093
41 0 0.0000425099376131222
42 0 0.0000466786487315352
43 0 0.0000525151654794387
44 0 0.0000583520569852336
45 0 0.0000625214946752273
46 0 0.0000700269644720031
47 0 0.0000766990134587475
48 0 0.0000833715521976197
49 0 0.0000942154723914124
50 0 0.000101723559627565
51 0 0.000111735307382288
52 0 0.000126754996901401
53 0 0.000139273300942766
54 0 0.000159306174086660
55 0 0.000171828962249876
56 0 0.000187693637785924
57 0 0.000208572430588916
58 0 0.000233633314546733
59 0 0.000247001945330005
60 0 0.000277088556254523
61 0 0.000297987897547314
62 0 0.000329764103723651
63 0 0.000366571491637546
64 0 0.000402556757458705
65 0 0.000453630081744261
66 0 0.000494676995866028
67 0 0.000543287115269853
68 0 0.000607861446715763
69 0 0.000665765773681937
70 0 0.000738828221010124
71 0 0.000823721617461026
72 0 0.000906169338493079
73 0 0.00101481168540518
74 0 0.00113286535785173
75 0 0.00126881709029036
76 0 0.00144137181793869
77 0 0.00159050657683868
78 0 0.00185123302133849
79 0 0.00211356372477844
80 0 0.00241344631419316
81 0 0.00278991428750563
82 0 0.00326206064997703
83 0 0.00384442161831988
84 0 0.00447081296185436
85 0 0.00534344091674399
86 0 0.00631298112262046
87 0 0.00749015426292232
88 0 0.00877649531596625
89 0 0.010450197738613
90 0 0.0122319303158426
91 0 0.0143657598235942
92 0 0.0171403268237224
93 0 0.0203782405612092
94 0 0.02329875612093
95 0 0.0271099520268538
96 0 0.0301822047498223
97 0 0.0355654156913994
98 0 0.0400809577234115
99 0 0.0441568965422594
100 0 0.0497761471006453

death 1 M divorced
1 0 0.000195209450695066
2 0 0.0000200022003373768
3 0 0.00000666691112360951
4 0 0.00000500013750526218
5 0 0.00000416676215586609
6 0 0.00000333339444602565
7 0 0.00000333339444602565
8 0 0.00000333339444602565
9 0 0.00000250003437562984
10 0 0.00000333339444602565
11 0 0.00000333339444602565
12 0 0.00000333339444602565
13 0 0.00000333339444602565
14 0 0.00000500013750526218
15 0 0.00000500013750526218
16 0 0.00000750030939278279
17 0 0.0000108339788730261
18 0 0.0000133343112110884
19 0 0.0000175016846010179
20 0 0.0000233363283135279
21 0 0.0000275041602521009
22 0 0.0000291713465325749
23 0 0.0000300049511388067
24 0 0.0000291713465325749
25 0 0.0000283377495704507
26 0 0.0000283377495704507
27 0 0.0000283377495704507
28 0 0.0000266705785775256
29 0 0.0000258370045466139
30 0 0.0000258370045466139
31 0 0.0000266705785775256
32 0 0.0000250034381590325
33 0 0.0000258370045466139
34 0 0.0000275041602521009
35 0 0.0000283377495704507
36 0 0.0000308385633891461
37 0 0.0000325058108229248
38 0 0.0000333394460065861
39 0 0.0000375077365993848
40 0 0.0000400088026996093
41 0 0.0000425099376131222
42 0 0.0000466786487315352
43 0 0.0000525151654794387
44 0 0.0000583520569852336
45 0 0.0000625214946752273
46 0 0.0000700269644720031
47 0 0.0000766990134587475
48 0 0.0000833715521976197
49 0 0.0000942154723914124
50 0 0.000101723559627565
51 0 0.000111735307382288
52 0 0.000126754996901401
53 0 0.000139273300942766
54 0 0.000159306174086660
55 0 0.000171828962249876
56 0 0.000187693637785924
57 0 0.000208572430588916
58 0 0.000233633314546733
59 0 0.000247001945330005
60 0 0.000277088556254523
61 0 0.000297987897547314
62 0 0.000329764103723651
63 0 0.000366571491637546
64 0 0.000402556757458705
65 0 0.000453630081744261
66 0 0.000494676995866028
67 0 0.000543287115269853
68 0 0.000607861446715763
69 0 0.000665765773681937
70 0 0.000738828221010124
71 0 0.000823721617461026
72 0 0.000906169338493079
73 0 0.00101481168540518
74 0 0.00113286535785173
75 0 0.00126881709029036
76 0 0.00144137181793869
77 0 0.00159050657683868
78 0 0.00185123302133849
79 0 0.00211356372477844
80 0 0.00241344631419316
81 0 0.00278991428750563
82 0 0.00326206064997703
83 0 0.00384442161831988
84 0 0.00447081296185436
85 0 0.00534344091674399
86 0 0.00631298112262046
87 0 0.00749015426292232
88 0 0.00877649531596625
89 0 0.010450197738613
90 0 0.0122319303158426
91 0 0.0143657598235942
92 0 0.0171403268237224
93 0 0.0203782405612092
94 0 0.02329875612093
95 0 0.0271099520268538
96 0 0.0301822047498223
97 0 0.0355654156913994
98 0 0.0400809577234115
99 0 0.0441568965422594
100 0 0.0497761471006453

death 1 M widowed
1 0 0.000195209450695066
2 0 0.0000200022003373768
3 0 0.00000666691112360951
4 0 0.00000500013750526218
5 0 0.00000416676215586609
6 0 0.00000333339444602565
7 0 0.00000333339444602565
8 0 0.00000333339444602565
9 0 0.00000250003437562984
10 0 0.00000333339444602565
11 0 0.00000333339444602565
12 0 0.00000333339444602565
13 0 0.00000333339444602565
14 0 0.00000500013750526218
15 0 0.00000500013750526218
16 0 0.00000750030939278279
17 0 0.0000108339788730261
18 0 0.0000133343112110884
19 0 0.0000175016846010179
20 0 0.0000233363283135279
21 0 0.0000275041602521009
22 0 0.0000291713465325749
23 0 0.0000300049511388067
24 0 0.0000291713465325749
25 0 0.0000283377495704507
26 0 0.0000283377495704507
27 0 0.0000283377495704507
28 0 0.0000266705785775256
29 0 0.0000258370045466139
30 0 0.0000258370045466139
31 0 0.0000266705785775256
32 0 0.0000250034381590325
33 0 0.0000258370045466139
34 0 0.0000275041602521009
35 0 0.0000283377495704507
36 0 0.0000308385633891461
37 0 0.0000325058108229248
38 0 0.0000333394460065861
39 0 0.0000375077365993848
40 0 0.0000400088026996093
41 0 0.0000425099376131222
42 0 0.0000466786487315352
43 0 0.0000525151654794387
44 0 0.0000583520569852336
45 0 0.0000625214946752273
46 0 0.0000700269644720031
47 0 0.0000766990134587475
48 0 0.0000833715521976197
49 0 0.0000942154723914124
50 0 0.000101723559627565
51 0 0.000111735307382288
52 0 0.000126754996901401
53 0 0.000139273300942766
54 0 0.000159306174086660
55 0 0.000171828962249876
56 0 0.000187693637785924
57 0 0.000208572430588916
58 0 0.000233633314546733
59 0 0.000247001945330005
60 0 0.000277088556254523
61 0 0.000297987897547314
62 0 0.000329764103723651
63 0 0.000366571491637546
64 0 0.000402556757458705
65 0 0.000453630081744261
66 0 0.000494676995866028
67 0 0.000543287115269853
68 0 0.000607861446715763
69 0 0.000665765773681937
70 0 0.000738828221010124
71 0 0.000823721617461026
72 0 0.000906169338493079
73 0 0.00101481168540518
74 0 0.00113286535785173
75 0 0.00126881709029036
76 0 0.00144137181793869
77 0 0.00159050657683868
78 0 0.00185123302133849
79 0 0.00211356372477844
80 0 0.00241344631419316
81 0 0.00278991428750563
82 0 0.00326206064997703
83 0 0.00384442161831988
84 0 0.00447081296185436
85 0 0.00534344091674399
86 0 0.00631298112262046
87 0 0.00749015426292232
88 0 0.00877649531596625
89 0 0.010450197738613
90 0 0.0122319303158426
91 0 0.0143657598235942
92 0 0.0171403268237224
93 0 0.0203782405612092
94 0 0.02329875612093
95 0 0.0271099520268538
96 0 0.0301822047498223
97 0 0.0355654156913994
98 0 0.0400809577234115
99 0 0.0441568965422594
100 0 0.0497761471006453

death 1 F married
1 0 0.000193539216339467
2 0 0.0000208357208674181
3 0 0.00000666691112360951
4 0 0.00000500013750526218
5 0 0.00000333339444602565
6 0 0.00000333339444602565
7 0 0.00000333339444602565
8 0 0.00000250003437562984
9 0 0.00000250003437562984
10 0 0.00000333339444602565
11 0 0.00000250003437562984
12 0 0.00000333339444602565
13 0 0.00000250003437562984
14 0 0.00000333339444602565
15 0 0.00000416676215586609
16 0 0.00000666691112360951
17 0 0.00000666691112360951
18 0 0.00000750030939278279
19 0 0.00000833371530217786
20 0 0.0000100005500421885
21 0 0.0000116674153447516
22 0 0.0000116674153447516
23 0 0.0000108339788730261
24 0 0.0000108339788730261
25 0 0.00000916712885190574
26 0 0.00000916712885190574
27 0 0.0000108339788730261
28 0 0.0000100005500421885
29 0 0.0000100005500421885
30 0 0.0000108339788730261
31 0 0.000012500859457365
32 0 0.0000133343112110884
33 0 0.0000133343112110884
34 0 0.0000141677706060328
35 0 0.0000141677706060328
36 0 0.0000175016846010179
37 0 0.0000200022003373768
38 0 0.0000208357208674181
39 0 0.0000216692490401238
40 0 0.0000225027848553827
41 0 0.0000241698794146705
42 0 0.0000258370045466139
43 0 0.0000316721832838152
44 0 0.0000341730888351321
45 0 0.0000383414176537977
46 0 0.0000450111413439203
47 0 0.0000508475510273554
48 0 0.0000583520569852336
49 0 0.0000700269644720031
50 0 0.0000817033715945215
51 0 0.0000942154723914124
52 0 0.000107563611807859
53 0 0.000115907194420450
54 0 0.000125920504593591
55 0 0.000140107915847287
56 0 0.000157636599346866
57 0 0.000177673520552979
58 0 0.000195209450695066
59 0 0.000215254657358166
60 0 0.000231126915174573
61 0 0.000262879748837208
62 0 0.000289627584302288
63 0 0.00030718513048289
64 0 0.000342310402132506
65 0 0.000369081629227441
66 0 0.00041176457996317
67 0 0.000442743195606776
68 0 0.000484622975796212
69 0 0.000531551256905183
70 0 0.000575987858944749
71 0 0.00064646023044257
72 0 0.000709428217418151
73 0 0.000784206899801965
74 0 0.000875032322833924
75 0 0.000981110232683657
76 0 0.00109490279521529
77 0 0.00123333179156593
78 0 0.00140243376901728
79 0 0.00158202644224592
80 0 0.00182232086651768
81 0 0.00208883138326388
82 0 0.00242371625963012
83 0 0.00274609849308782
84 0 0.00319384382870336
85 0 0.00367938599281126
86 0 0.00442355171829190
87 0 0.00526039036986625
88 0 0.0062343912250239
89 0 0.00742048218940117
90 0 0.00879761609706453
91 0 0.0102763784922389
92 0 0.0123283506124323
93 0 0.0142144350300433
94 0 0.0165947128518088
95 0 0.0189927564856069
96 0 0.0218982428163486
97 0 0.0249667955744358
98 0 0.0287923089154321
99 0 0.0327177962170588
100 0 0.0357418339193625

death 1 F single
1 0 0.000193539216339467
2 0 0.0000208357208674181
3 0 0.00000666691112360951
4 0 0.00000500013750526218
5 0 0.00000333339444602565
6 0 0.00000333339444602565
7 0 0.00000333339444602565
8 0 0.00000250003437562984
9 0 0.00000250003437562984
10 0 0.00000333339444602565
11 0 0.00000250003437562984
12 0 0.00000333339444602565
13 0 0.00000250003437562984
14 0 0.00000333339444602565
15 0 0.00000416676215586609
16 0 0.00000666691112360951
17 0 0.00000666691112360951
18 0 0.00000750030939278279
19 0 0.00000833371530217786
20 0 0.0000100005500421885
21 0 0.0000116674153447516
22 0 0.0000116674153447516
23 0 0.0000108339788730261
24 0 0.0000108339788730261
25 0 0.00000916712885190574
26 0 0.00000916712885190574
27 0 0.0000108339788730261
28 0 0.0000100005500421885
29 0 0.0000100005500421885
30 0 0.0000108339788730261
31 0 0.000012500859457365
32 0 0.0000133343112110884
33 0 0.0000133343112110884
34 0 0.0000141677706060328
35 0 0.0000141677706060328
36 0 0.0000175016846010179
37 0 0.0000200022003373768
38 0 0.0000208357208674181
39 0 0.0000216692490401238
40 0 0.0000225027848553827
41 0 0.0000241698794146705
42 0 0.0000258370045466139
43 0 0.0000316721832838152
44 0 0.0000341730888351321
45 0 0.0000383414176537977
46 0 0.0000450111413439203
47 0 0.0000508475510273554
48 0 0.0000583520569852336
49 0 0.0000700269644720031
50 0 0.0000817033715945215
51 0 0.0000942154723914124
52 0 0.000107563611807859
53 0 0.000115907194420450
54 0 0.000125920504593591
55 0 0.000140107915847287
56 0 0.000157636599346866
57 0 0.000177673520552979
58 0 0.000195209450695066
59 0 0.000215254657358166
60 0 0.000231126915174573
61 0 0.000262879748837208
62 0 0.000289627584302288
63 0 0.00030718513048289
64 0 0.000342310402132506
65 0 0.000369081629227441
66 0 0.00041176457996317
67 0 0.000442743195606776
68 0 0.000484622975796212
69 0 0.000531551256905183
70 0 0.000575987858944749
71 0 0.00064646023044257
72 0 0.000709428217418151
73 0 0.000784206899801965
74 0 0.000875032322833924
75 0 0.000981110232683657
76 0 0.00109490279521529
77 0 0.00123333179156593
78 0 0.00140243376901728
79 0 0.00158202644224592
80 0 0.00182232086651768
81 0 0.00208883138326388
82 0 0.00242371625963012
83 0 0.00274609849308782
84 0 0.00319384382870336
85 0 0.00367938599281126
86 0 0.00442355171829190
87 0 0.00526039036986625
88 0 0.0062343912250239
89 0 0.00742048218940117
90 0 0.00879761609706453
91 0 0.0102763784922389
92 0 0.0123283506124323
93 0 0.0142144350300433
94 0 0.0165947128518088
95 0 0.0189927564856069
96 0 0.0218982428163486
97 0 0.0249667955744358
98 0 0.0287923089154321
99 0 0.0327177962170588
100 0 0.0357418339193625

death 1 F divorced
1 0 0.000193539216339467
2 0 0.0000208357208674181
3 0 0.00000666691112360951
4 0 0.00000500013750526218
5 0 0.00000333339444602565
6 0 0.00000333339444602565
7 0 0.00000333339444602565
8 0 0.00000250003437562984
9 0 0.00000250003437562984
10 0 0.00000333339444602565
11 0 0.00000250003437562984
12 0 0.00000333339444602565
13 0 0.00000250003437562984
14 0 0.00000333339444602565
15 0 0.00000416676215586609
16 0 0.00000666691112360951
17 0 0.00000666691112360951
18 0 0.00000750030939278279
19 0 0.00000833371530217786
20 0 0.0000100005500421885
21 0 0.0000116674153447516
22 0 0.0000116674153447516
23 0 0.0000108339788730261
24 0 0.0000108339788730261
25 0 0.00000916712885190574
26 0 0.00000916712885190574
27 0 0.0000108339788730261
28 0 0.0000100005500421885
29 0 0.0000100005500421885
30 0 0.0000108339788730261
31 0 0.000012500859457365
32 0 0.0000133343112110884
33 0 0.0000133343112110884
34 0 0.0000141677706060328
35 0 0.0000141677706060328
36 0 0.0000175016846010179
37 0 0.0000200022003373768
38 0 0.0000208357208674181
39 0 0.0000216692490401238
40 0 0.0000225027848553827
41 0 0.0000241698794146705
42 0 0.0000258370045466139
43 0 0.0000316721832838152
44 0 0.0000341730888351321
45 0 0.0000383414176537977
46 0 0.0000450111413439203
47 0 0.0000508475510273554
48 0 0.0000583520569852336
49 0 0.0000700269644720031
50 0 0.0000817033715945215
51 0 0.0000942154723914124
52 0 0.000107563611807859
53 0 0.000115907194420450
54 0 0.000125920504593591
55 0 0.000140107915847287
56 0 0.000157636599346866
57 0 0.000177673520552979
58 0 0.000195209450695066
59 0 0.000215254657358166
60 0 0.000231126915174573
61 0 0.000262879748837208
62 0 0.000289627584302288
63 0 0.00030718513048289
64 0 0.000342310402132506
65 0 0.000369081629227441
66 0 0.00041176457996317
67 0 0.000442743195606776
68 0 0.000484622975796212
69 0 0.000531551256905183
70 0 0.000575987858944749
71 0 0.00064646023044257
72 0 0.000709428217418151
73 0 0.000784206899801965
74 0 0.000875032322833924
75 0 0.000981110232683657
76 0 0.00109490279521529
77 0 0.00123333179156593
78 0 0.00140243376901728
79 0 0.00158202644224592
80 0 0.00182232086651768
81 0 0.00208883138326388
82 0 0.00242371625963012
83 0 0.00274609849308782
84 0 0.00319384382870336
85 0 0.00367938599281126
86 0 0.00442355171829190
87 0 0.00526039036986625
88 0 0.0062343912250239
89 0 0.00742048218940117
90 0 0.00879761609706453
91 0 0.0102763784922389
92 0 0.0123283506124323
93 0 0.0142144350300433
94 0 0.0165947128518088
95 0 0.0189927564856069
96 0 0.0218982428163486
97 0 0.0249667955744358
98 0 0.0287923089154321
99 0 0.0327177962170588
100 0 0.0357418339193625

death 1 F widowed
1 0 0.000193539216339467
2 0 0.0000208357208674181
3 0 0.00000666691112360951
4 0 0.00000500013750526218
5 0 0.00000333339444602565
6 0 0.00000333339444602565
7 0 0.00000333339444602565
8 0 0.00000250003437562984
9 0 0.00000250003437562984
10 0 0.00000333339444602565
11 0 0.00000250003437562984
12 0 0.00000333339444602565
13 0 0.00000250003437562984
14 0 0.00000333339444602565
15 0 0.00000416676215586609
16 0 0.00000666691112360951
17 0 0.00000666691112360951
18 0 0.00000750030939278279
19 0 0.00000833371530217786
20 0 0.0000100005500421885
21 0 0.0000116674153447516
22 0 0.0000116674153447516
23 0 0.0000108339788730261
24 0 0.0000108339788730261
25 0 0.00000916712885190574
26 0 0.00000916712885190574
27 0 0.0000108339788730261
28 0 0.0000100005500421885
29 0 0.0000100005500421885
30 0 0.0000108339788730261
31 0 0.000012500859457365
32 0 0.0000133343112110884
33 0 0.0000133343112110884
34 0 0.0000141677706060328
35 0 0.0000141677706060328
36 0 0.0000175016846010179
37 0 0.0000200022003373768
38 0 0.0000208357208674181
39 0 0.0000216692490401238
40 0 0.0000225027848553827
41 0 0.0000241698794146705
42 0 0.0000258370045466139
43 0 0.0000316721832838152
44 0 0.0000341730888351321
45 0 0.0000383414176537977
46 0 0.0000450111413439203
47 0 0.0000508475510273554
48 0 0.0000583520569852336
49 0 0.0000700269644720031
50 0 0.0000817033715945215
51 0 0.0000942154723914124
52 0 0.000107563611807859
53 0 0.000115907194420450
54 0 0.000125920504593591
55 0 0.000140107915847287
56 0 0.000157636599346866
57 0 0.000177673520552979
58 0 0.000195209450695066
59 0 0.000215254657358166
60 0 0.000231126915174573
61 0 0.000262879748837208
62 0 0.000289627584302288
63 0 0.00030718513048289
64 0 0.000342310402132506
65 0 0.000369081629227441
66 0 0.00041176457996317
67 0 0.000442743195606776
68 0 0.000484622975796212
69 0 0.000531551256905183
70 0 0.000575987858944749
71 0 0.00064646023044257
72 0 0.000709428217418151
73 0 0.000784206899801965
74 0 0.000875032322833924
75 0 0.000981110232683657
76 0 0.00109490279521529
77 0 0.00123333179156593
78 0 0.00140243376901728
79 0 0.00158202644224592
80 0 0.00182232086651768
81 0 0.00208883138326388
82 0 0.00242371625963012
83 0 0.00274609849308782
84 0 0.00319384382870336
85 0 0.00367938599281126
86 0 0.00442355171829190
87 0 0.00526039036986625
88 0 0.0062343912250239
89 0 0.00742048218940117
90 0 0.00879761609706453
91 0 0.0102763784922389
92 0 0.0123283506124323
93 0 0.0142144350300433
94 0 0.0165947128518088
95 0 0.0189927564856069
96 0 0.0218982428163486
97 0 0.0249667955744358
98 0 0.0287923089154321
99 0 0.0327177962170588
100 0 0.0357418339193625
