*Period monthly mortality rates for SWE in 2002 
* Mon Dec 20 14:21:47 2010
death 1 M married
1 0 0.000297486257064272
2 0 0.0000280876719723766
3 0 0.0000321723588899703
4 0 0.00000900044553076018
5 0 0.0000124175147022676
6 0 0.00000691692980214764
7 0 0.00000158334712174746
8 0 0.00000750030939278279
9 0 0.00000283337748707702
10 0 0.00000533348978415393
11 0 0.0000128342392419212
12 0 0.00000758364963993063
13 0 0.0000130009295926659
14 0 0.00000541682804489074
15 0 0.0000155013215320521
16 0 0.0000235030379223122
17 0 0.0000269206522773846
18 0 0.0000185852329754876
19 0 0.0000399254327210219
20 0 0.0000611872538076597
21 0 0.0000609370858251079
22 0 0.0000521816401416464
23 0 0.0000877089650430651
24 0 0.0000718617291255441
25 0 0.0000601865860083706
26 0 0.000064522892696206
27 0 0.0000561006401467168
28 0 0.0000532656019636146
29 0 0.0000451778907062383
30 0 0.0000393418450113092
31 0 0.0000653568215436273
32 0 0.0000660239701297805
33 0 0.0000630218400494709
34 0 0.0000561840249612144
35 0 0.0000569344917334957
36 0 0.0000571012629687617
37 0 0.000072195326677682
38 0 0.000075698174890837
39 0 0.0000758649805536749
40 0 0.000101640133028935
41 0 0.000112736542809300
42 0 0.000107063021204334
43 0 0.000135434171084525
44 0 0.000131845565887079
45 0 0.000154214067000447
46 0 0.000167904969683885
47 0 0.000157219210453641
48 0 0.000213249937742632
49 0 0.000181180435934070
50 0 0.000228787671452402
51 0 0.000256695432414245
52 0 0.000316383294278633
53 0 0.000322153526741586
54 0 0.000343648776200522
55 0 0.000384980777602628
56 0 0.000459827814925928
57 0 0.000436797831544045
58 0 0.000523169428899739
59 0 0.000633368370388854
60 0 0.000669207627483792
61 0 0.00075420401179993
62 0 0.00075109503544779
63 0 0.000822964791203806
64 0 0.000996611347688137
65 0 0.00105257216597565
66 0 0.00113725316596658
67 0 0.00138720168634854
68 0 0.00144738330930716
69 0 0.00166126177531434
70 0 0.00192942700840137
71 0 0.00202157646455026
72 0 0.00220094845624086
73 0 0.00262618591478525
74 0 0.00288044807392918
75 0 0.00312481579571766
76 0 0.0036069521894001
77 0 0.0037791531685869
78 0 0.00460406494801979
79 0 0.00501786037194107
80 0 0.00556433754118635
81 0 0.0064436988655997
82 0 0.00693472775868353
83 0 0.00859341125243807
84 0 0.00866858113949454
85 0 0.0102206592354324
86 0 0.0117991255663489
87 0 0.0131032715135069
88 0 0.0158858840395751
89 0 0.0167320585206996
90 0 0.0198518965606317
91 0 0.0214317887937148
92 0 0.0236223850466240
93 0 0.0275401239341250
94 0 0.0349544295215792
95 0 0.0328587280762365
96 0 0.0387692067832365
97 0 0.0469042924994055
98 0 0.0532471939429597
99 0 0.0480977556223471
100 0 0.0640441342914421

death 1 M single
1 0 0.000297486257064272
2 0 0.0000280876719723766
3 0 0.0000321723588899703
4 0 0.00000900044553076018
5 0 0.0000124175147022676
6 0 0.00000691692980214764
7 0 0.00000158334712174746
8 0 0.00000750030939278279
9 0 0.00000283337748707702
10 0 0.00000533348978415393
11 0 0.0000128342392419212
12 0 0.00000758364963993063
13 0 0.0000130009295926659
14 0 0.00000541682804489074
15 0 0.0000155013215320521
16 0 0.0000235030379223122
17 0 0.0000269206522773846
18 0 0.0000185852329754876
19 0 0.0000399254327210219
20 0 0.0000611872538076597
21 0 0.0000609370858251079
22 0 0.0000521816401416464
23 0 0.0000877089650430651
24 0 0.0000718617291255441
25 0 0.0000601865860083706
26 0 0.000064522892696206
27 0 0.0000561006401467168
28 0 0.0000532656019636146
29 0 0.0000451778907062383
30 0 0.0000393418450113092
31 0 0.0000653568215436273
32 0 0.0000660239701297805
33 0 0.0000630218400494709
34 0 0.0000561840249612144
35 0 0.0000569344917334957
36 0 0.0000571012629687617
37 0 0.000072195326677682
38 0 0.000075698174890837
39 0 0.0000758649805536749
40 0 0.000101640133028935
41 0 0.000112736542809300
42 0 0.000107063021204334
43 0 0.000135434171084525
44 0 0.000131845565887079
45 0 0.000154214067000447
46 0 0.000167904969683885
47 0 0.000157219210453641
48 0 0.000213249937742632
49 0 0.000181180435934070
50 0 0.000228787671452402
51 0 0.000256695432414245
52 0 0.000316383294278633
53 0 0.000322153526741586
54 0 0.000343648776200522
55 0 0.000384980777602628
56 0 0.000459827814925928
57 0 0.000436797831544045
58 0 0.000523169428899739
59 0 0.000633368370388854
60 0 0.000669207627483792
61 0 0.00075420401179993
62 0 0.00075109503544779
63 0 0.000822964791203806
64 0 0.000996611347688137
65 0 0.00105257216597565
66 0 0.00113725316596658
67 0 0.00138720168634854
68 0 0.00144738330930716
69 0 0.00166126177531434
70 0 0.00192942700840137
71 0 0.00202157646455026
72 0 0.00220094845624086
73 0 0.00262618591478525
74 0 0.00288044807392918
75 0 0.00312481579571766
76 0 0.0036069521894001
77 0 0.0037791531685869
78 0 0.00460406494801979
79 0 0.00501786037194107
80 0 0.00556433754118635
81 0 0.0064436988655997
82 0 0.00693472775868353
83 0 0.00859341125243807
84 0 0.00866858113949454
85 0 0.0102206592354324
86 0 0.0117991255663489
87 0 0.0131032715135069
88 0 0.0158858840395751
89 0 0.0167320585206996
90 0 0.0198518965606317
91 0 0.0214317887937148
92 0 0.0236223850466240
93 0 0.0275401239341250
94 0 0.0349544295215792
95 0 0.0328587280762365
96 0 0.0387692067832365
97 0 0.0469042924994055
98 0 0.0532471939429597
99 0 0.0480977556223471
100 0 0.0640441342914421

death 1 M divorced
1 0 0.000297486257064272
2 0 0.0000280876719723766
3 0 0.0000321723588899703
4 0 0.00000900044553076018
5 0 0.0000124175147022676
6 0 0.00000691692980214764
7 0 0.00000158334712174746
8 0 0.00000750030939278279
9 0 0.00000283337748707702
10 0 0.00000533348978415393
11 0 0.0000128342392419212
12 0 0.00000758364963993063
13 0 0.0000130009295926659
14 0 0.00000541682804489074
15 0 0.0000155013215320521
16 0 0.0000235030379223122
17 0 0.0000269206522773846
18 0 0.0000185852329754876
19 0 0.0000399254327210219
20 0 0.0000611872538076597
21 0 0.0000609370858251079
22 0 0.0000521816401416464
23 0 0.0000877089650430651
24 0 0.0000718617291255441
25 0 0.0000601865860083706
26 0 0.000064522892696206
27 0 0.0000561006401467168
28 0 0.0000532656019636146
29 0 0.0000451778907062383
30 0 0.0000393418450113092
31 0 0.0000653568215436273
32 0 0.0000660239701297805
33 0 0.0000630218400494709
34 0 0.0000561840249612144
35 0 0.0000569344917334957
36 0 0.0000571012629687617
37 0 0.000072195326677682
38 0 0.000075698174890837
39 0 0.0000758649805536749
40 0 0.000101640133028935
41 0 0.000112736542809300
42 0 0.000107063021204334
43 0 0.000135434171084525
44 0 0.000131845565887079
45 0 0.000154214067000447
46 0 0.000167904969683885
47 0 0.000157219210453641
48 0 0.000213249937742632
49 0 0.000181180435934070
50 0 0.000228787671452402
51 0 0.000256695432414245
52 0 0.000316383294278633
53 0 0.000322153526741586
54 0 0.000343648776200522
55 0 0.000384980777602628
56 0 0.000459827814925928
57 0 0.000436797831544045
58 0 0.000523169428899739
59 0 0.000633368370388854
60 0 0.000669207627483792
61 0 0.00075420401179993
62 0 0.00075109503544779
63 0 0.000822964791203806
64 0 0.000996611347688137
65 0 0.00105257216597565
66 0 0.00113725316596658
67 0 0.00138720168634854
68 0 0.00144738330930716
69 0 0.00166126177531434
70 0 0.00192942700840137
71 0 0.00202157646455026
72 0 0.00220094845624086
73 0 0.00262618591478525
74 0 0.00288044807392918
75 0 0.00312481579571766
76 0 0.0036069521894001
77 0 0.0037791531685869
78 0 0.00460406494801979
79 0 0.00501786037194107
80 0 0.00556433754118635
81 0 0.0064436988655997
82 0 0.00693472775868353
83 0 0.00859341125243807
84 0 0.00866858113949454
85 0 0.0102206592354324
86 0 0.0117991255663489
87 0 0.0131032715135069
88 0 0.0158858840395751
89 0 0.0167320585206996
90 0 0.0198518965606317
91 0 0.0214317887937148
92 0 0.0236223850466240
93 0 0.0275401239341250
94 0 0.0349544295215792
95 0 0.0328587280762365
96 0 0.0387692067832365
97 0 0.0469042924994055
98 0 0.0532471939429597
99 0 0.0480977556223471
100 0 0.0640441342914421

death 1 M widowed
1 0 0.000297486257064272
2 0 0.0000280876719723766
3 0 0.0000321723588899703
4 0 0.00000900044553076018
5 0 0.0000124175147022676
6 0 0.00000691692980214764
7 0 0.00000158334712174746
8 0 0.00000750030939278279
9 0 0.00000283337748707702
10 0 0.00000533348978415393
11 0 0.0000128342392419212
12 0 0.00000758364963993063
13 0 0.0000130009295926659
14 0 0.00000541682804489074
15 0 0.0000155013215320521
16 0 0.0000235030379223122
17 0 0.0000269206522773846
18 0 0.0000185852329754876
19 0 0.0000399254327210219
20 0 0.0000611872538076597
21 0 0.0000609370858251079
22 0 0.0000521816401416464
23 0 0.0000877089650430651
24 0 0.0000718617291255441
25 0 0.0000601865860083706
26 0 0.000064522892696206
27 0 0.0000561006401467168
28 0 0.0000532656019636146
29 0 0.0000451778907062383
30 0 0.0000393418450113092
31 0 0.0000653568215436273
32 0 0.0000660239701297805
33 0 0.0000630218400494709
34 0 0.0000561840249612144
35 0 0.0000569344917334957
36 0 0.0000571012629687617
37 0 0.000072195326677682
38 0 0.000075698174890837
39 0 0.0000758649805536749
40 0 0.000101640133028935
41 0 0.000112736542809300
42 0 0.000107063021204334
43 0 0.000135434171084525
44 0 0.000131845565887079
45 0 0.000154214067000447
46 0 0.000167904969683885
47 0 0.000157219210453641
48 0 0.000213249937742632
49 0 0.000181180435934070
50 0 0.000228787671452402
51 0 0.000256695432414245
52 0 0.000316383294278633
53 0 0.000322153526741586
54 0 0.000343648776200522
55 0 0.000384980777602628
56 0 0.000459827814925928
57 0 0.000436797831544045
58 0 0.000523169428899739
59 0 0.000633368370388854
60 0 0.000669207627483792
61 0 0.00075420401179993
62 0 0.00075109503544779
63 0 0.000822964791203806
64 0 0.000996611347688137
65 0 0.00105257216597565
66 0 0.00113725316596658
67 0 0.00138720168634854
68 0 0.00144738330930716
69 0 0.00166126177531434
70 0 0.00192942700840137
71 0 0.00202157646455026
72 0 0.00220094845624086
73 0 0.00262618591478525
74 0 0.00288044807392918
75 0 0.00312481579571766
76 0 0.0036069521894001
77 0 0.0037791531685869
78 0 0.00460406494801979
79 0 0.00501786037194107
80 0 0.00556433754118635
81 0 0.0064436988655997
82 0 0.00693472775868353
83 0 0.00859341125243807
84 0 0.00866858113949454
85 0 0.0102206592354324
86 0 0.0117991255663489
87 0 0.0131032715135069
88 0 0.0158858840395751
89 0 0.0167320585206996
90 0 0.0198518965606317
91 0 0.0214317887937148
92 0 0.0236223850466240
93 0 0.0275401239341250
94 0 0.0349544295215792
95 0 0.0328587280762365
96 0 0.0387692067832365
97 0 0.0469042924994055
98 0 0.0532471939429597
99 0 0.0480977556223471
100 0 0.0640441342914421

death 1 F married
1 0 0.000257948976063349
2 0 0.0000149178905948233
3 0 0.0000131676202490549
4 0 0.0000094171544067212
5 0 0.00000558350479551439
6 0 0.00000900044553076018
7 0 0.0000101672351970894
8 0 0.00000316672182076871
9 0 0.00000150001237508857
10 0 0.00000841705631338119
11 0 0.0000068335901662886
12 0 0.00000800035202164207
13 0 0.00000408342504110148
14 0 0.00000575018185178244
15 0 0.0000119174477761774
16 0 0.00000925047062716455
17 0 0.0000159180602082865
18 0 0.0000180851321208708
19 0 0.0000169182408257251
20 0 0.0000459282666218641
21 0 0.0000318389081800374
22 0 0.0000212524839984241
23 0 0.0000145845031690461
24 0 0.0000263371480478947
25 0 0.0000115007274391621
26 0 0.0000207523684705446
27 0 0.0000229195556291639
28 0 0.0000290046265286614
29 0 0.0000127508941811794
30 0 0.0000295047874577792
31 0 0.000034589913116112
32 0 0.0000264205055656719
33 0 0.0000269206522773846
34 0 0.0000347566433637203
35 0 0.000029087986492371
36 0 0.000034589913116112
37 0 0.0000444275209845468
38 0 0.0000492633456331548
39 0 0.0000470121538796997
40 0 0.0000444275209845468
41 0 0.0000703605552908604
42 0 0.0000496802391127815
43 0 0.0000804522562320997
44 0 0.0000861241171234983
45 0 0.0000765322062655782
46 0 0.000101640133028935
47 0 0.0001135709140897
48 0 0.000133848490852517
49 0 0.000164231598251185
50 0 0.000162645415570539
51 0 0.000189447271877530
52 0 0.000186524567187818
53 0 0.000183267949807830
54 0 0.000219681903157132
55 0 0.000252517078448089
56 0 0.000295312513633239
57 0 0.0003102789544005
58 0 0.000365316448842412
59 0 0.000391424908848359
60 0 0.000445339180793147
61 0 0.000449861396625395
62 0 0.000539179392412104
63 0 0.000475826620704223
64 0 0.000557455992543199
65 0 0.000607861446715763
66 0 0.00070917625851008
67 0 0.000748826390125523
68 0 0.000906590182081168
69 0 0.000955589704296878
70 0 0.00111455698523411
71 0 0.00127490167713495
72 0 0.00138068652027701
73 0 0.00141927665783514
74 0 0.00168401017338982
75 0 0.00172544727965052
76 0 0.00207348366543125
77 0 0.00217320492459472
78 0 0.00254927474534783
79 0 0.00315569934066151
80 0 0.00347117567453359
81 0 0.00402665732360474
82 0 0.0043757904284909
83 0 0.00547400206601523
84 0 0.00575993063178304
85 0 0.00698179057337134
86 0 0.00779671640202528
87 0 0.00955377893277665
88 0 0.0106786353829970
89 0 0.0124757586376614
90 0 0.0136808860078419
91 0 0.0168875034704027
92 0 0.0183415052413253
93 0 0.0200263052277861
94 0 0.0231144767384509
95 0 0.0281191670193731
96 0 0.0309005186748285
97 0 0.0348658563158492
98 0 0.0363492097868608
99 0 0.0408863080968467
100 0 0.0409777633678392

death 1 F single
1 0 0.000257948976063349
2 0 0.0000149178905948233
3 0 0.0000131676202490549
4 0 0.0000094171544067212
5 0 0.00000558350479551439
6 0 0.00000900044553076018
7 0 0.0000101672351970894
8 0 0.00000316672182076871
9 0 0.00000150001237508857
10 0 0.00000841705631338119
11 0 0.0000068335901662886
12 0 0.00000800035202164207
13 0 0.00000408342504110148
14 0 0.00000575018185178244
15 0 0.0000119174477761774
16 0 0.00000925047062716455
17 0 0.0000159180602082865
18 0 0.0000180851321208708
19 0 0.0000169182408257251
20 0 0.0000459282666218641
21 0 0.0000318389081800374
22 0 0.0000212524839984241
23 0 0.0000145845031690461
24 0 0.0000263371480478947
25 0 0.0000115007274391621
26 0 0.0000207523684705446
27 0 0.0000229195556291639
28 0 0.0000290046265286614
29 0 0.0000127508941811794
30 0 0.0000295047874577792
31 0 0.000034589913116112
32 0 0.0000264205055656719
33 0 0.0000269206522773846
34 0 0.0000347566433637203
35 0 0.000029087986492371
36 0 0.000034589913116112
37 0 0.0000444275209845468
38 0 0.0000492633456331548
39 0 0.0000470121538796997
40 0 0.0000444275209845468
41 0 0.0000703605552908604
42 0 0.0000496802391127815
43 0 0.0000804522562320997
44 0 0.0000861241171234983
45 0 0.0000765322062655782
46 0 0.000101640133028935
47 0 0.0001135709140897
48 0 0.000133848490852517
49 0 0.000164231598251185
50 0 0.000162645415570539
51 0 0.000189447271877530
52 0 0.000186524567187818
53 0 0.000183267949807830
54 0 0.000219681903157132
55 0 0.000252517078448089
56 0 0.000295312513633239
57 0 0.0003102789544005
58 0 0.000365316448842412
59 0 0.000391424908848359
60 0 0.000445339180793147
61 0 0.000449861396625395
62 0 0.000539179392412104
63 0 0.000475826620704223
64 0 0.000557455992543199
65 0 0.000607861446715763
66 0 0.00070917625851008
67 0 0.000748826390125523
68 0 0.000906590182081168
69 0 0.000955589704296878
70 0 0.00111455698523411
71 0 0.00127490167713495
72 0 0.00138068652027701
73 0 0.00141927665783514
74 0 0.00168401017338982
75 0 0.00172544727965052
76 0 0.00207348366543125
77 0 0.00217320492459472
78 0 0.00254927474534783
79 0 0.00315569934066151
80 0 0.00347117567453359
81 0 0.00402665732360474
82 0 0.0043757904284909
83 0 0.00547400206601523
84 0 0.00575993063178304
85 0 0.00698179057337134
86 0 0.00779671640202528
87 0 0.00955377893277665
88 0 0.0106786353829970
89 0 0.0124757586376614
90 0 0.0136808860078419
91 0 0.0168875034704027
92 0 0.0183415052413253
93 0 0.0200263052277861
94 0 0.0231144767384509
95 0 0.0281191670193731
96 0 0.0309005186748285
97 0 0.0348658563158492
98 0 0.0363492097868608
99 0 0.0408863080968467
100 0 0.0409777633678392

death 1 F divorced
1 0 0.000257948976063349
2 0 0.0000149178905948233
3 0 0.0000131676202490549
4 0 0.0000094171544067212
5 0 0.00000558350479551439
6 0 0.00000900044553076018
7 0 0.0000101672351970894
8 0 0.00000316672182076871
9 0 0.00000150001237508857
10 0 0.00000841705631338119
11 0 0.0000068335901662886
12 0 0.00000800035202164207
13 0 0.00000408342504110148
14 0 0.00000575018185178244
15 0 0.0000119174477761774
16 0 0.00000925047062716455
17 0 0.0000159180602082865
18 0 0.0000180851321208708
19 0 0.0000169182408257251
20 0 0.0000459282666218641
21 0 0.0000318389081800374
22 0 0.0000212524839984241
23 0 0.0000145845031690461
24 0 0.0000263371480478947
25 0 0.0000115007274391621
26 0 0.0000207523684705446
27 0 0.0000229195556291639
28 0 0.0000290046265286614
29 0 0.0000127508941811794
30 0 0.0000295047874577792
31 0 0.000034589913116112
32 0 0.0000264205055656719
33 0 0.0000269206522773846
34 0 0.0000347566433637203
35 0 0.000029087986492371
36 0 0.000034589913116112
37 0 0.0000444275209845468
38 0 0.0000492633456331548
39 0 0.0000470121538796997
40 0 0.0000444275209845468
41 0 0.0000703605552908604
42 0 0.0000496802391127815
43 0 0.0000804522562320997
44 0 0.0000861241171234983
45 0 0.0000765322062655782
46 0 0.000101640133028935
47 0 0.0001135709140897
48 0 0.000133848490852517
49 0 0.000164231598251185
50 0 0.000162645415570539
51 0 0.000189447271877530
52 0 0.000186524567187818
53 0 0.000183267949807830
54 0 0.000219681903157132
55 0 0.000252517078448089
56 0 0.000295312513633239
57 0 0.0003102789544005
58 0 0.000365316448842412
59 0 0.000391424908848359
60 0 0.000445339180793147
61 0 0.000449861396625395
62 0 0.000539179392412104
63 0 0.000475826620704223
64 0 0.000557455992543199
65 0 0.000607861446715763
66 0 0.00070917625851008
67 0 0.000748826390125523
68 0 0.000906590182081168
69 0 0.000955589704296878
70 0 0.00111455698523411
71 0 0.00127490167713495
72 0 0.00138068652027701
73 0 0.00141927665783514
74 0 0.00168401017338982
75 0 0.00172544727965052
76 0 0.00207348366543125
77 0 0.00217320492459472
78 0 0.00254927474534783
79 0 0.00315569934066151
80 0 0.00347117567453359
81 0 0.00402665732360474
82 0 0.0043757904284909
83 0 0.00547400206601523
84 0 0.00575993063178304
85 0 0.00698179057337134
86 0 0.00779671640202528
87 0 0.00955377893277665
88 0 0.0106786353829970
89 0 0.0124757586376614
90 0 0.0136808860078419
91 0 0.0168875034704027
92 0 0.0183415052413253
93 0 0.0200263052277861
94 0 0.0231144767384509
95 0 0.0281191670193731
96 0 0.0309005186748285
97 0 0.0348658563158492
98 0 0.0363492097868608
99 0 0.0408863080968467
100 0 0.0409777633678392

death 1 F widowed
1 0 0.000257948976063349
2 0 0.0000149178905948233
3 0 0.0000131676202490549
4 0 0.0000094171544067212
5 0 0.00000558350479551439
6 0 0.00000900044553076018
7 0 0.0000101672351970894
8 0 0.00000316672182076871
9 0 0.00000150001237508857
10 0 0.00000841705631338119
11 0 0.0000068335901662886
12 0 0.00000800035202164207
13 0 0.00000408342504110148
14 0 0.00000575018185178244
15 0 0.0000119174477761774
16 0 0.00000925047062716455
17 0 0.0000159180602082865
18 0 0.0000180851321208708
19 0 0.0000169182408257251
20 0 0.0000459282666218641
21 0 0.0000318389081800374
22 0 0.0000212524839984241
23 0 0.0000145845031690461
24 0 0.0000263371480478947
25 0 0.0000115007274391621
26 0 0.0000207523684705446
27 0 0.0000229195556291639
28 0 0.0000290046265286614
29 0 0.0000127508941811794
30 0 0.0000295047874577792
31 0 0.000034589913116112
32 0 0.0000264205055656719
33 0 0.0000269206522773846
34 0 0.0000347566433637203
35 0 0.000029087986492371
36 0 0.000034589913116112
37 0 0.0000444275209845468
38 0 0.0000492633456331548
39 0 0.0000470121538796997
40 0 0.0000444275209845468
41 0 0.0000703605552908604
42 0 0.0000496802391127815
43 0 0.0000804522562320997
44 0 0.0000861241171234983
45 0 0.0000765322062655782
46 0 0.000101640133028935
47 0 0.0001135709140897
48 0 0.000133848490852517
49 0 0.000164231598251185
50 0 0.000162645415570539
51 0 0.000189447271877530
52 0 0.000186524567187818
53 0 0.000183267949807830
54 0 0.000219681903157132
55 0 0.000252517078448089
56 0 0.000295312513633239
57 0 0.0003102789544005
58 0 0.000365316448842412
59 0 0.000391424908848359
60 0 0.000445339180793147
61 0 0.000449861396625395
62 0 0.000539179392412104
63 0 0.000475826620704223
64 0 0.000557455992543199
65 0 0.000607861446715763
66 0 0.00070917625851008
67 0 0.000748826390125523
68 0 0.000906590182081168
69 0 0.000955589704296878
70 0 0.00111455698523411
71 0 0.00127490167713495
72 0 0.00138068652027701
73 0 0.00141927665783514
74 0 0.00168401017338982
75 0 0.00172544727965052
76 0 0.00207348366543125
77 0 0.00217320492459472
78 0 0.00254927474534783
79 0 0.00315569934066151
80 0 0.00347117567453359
81 0 0.00402665732360474
82 0 0.0043757904284909
83 0 0.00547400206601523
84 0 0.00575993063178304
85 0 0.00698179057337134
86 0 0.00779671640202528
87 0 0.00955377893277665
88 0 0.0106786353829970
89 0 0.0124757586376614
90 0 0.0136808860078419
91 0 0.0168875034704027
92 0 0.0183415052413253
93 0 0.0200263052277861
94 0 0.0231144767384509
95 0 0.0281191670193731
96 0 0.0309005186748285
97 0 0.0348658563158492
98 0 0.0363492097868608
99 0 0.0408863080968467
100 0 0.0409777633678392
