*Period monthly mortality rates for SWE in 2010 
* Mon Dec 20 14:21:52 2010
death 1 M married
1 0 0.000359041494845114
2 0 0.0000366740631904117
3 0 0.0000116674153447516
4 0 0.00000833371530217786
5 0 0.00000750030939278279
6 0 0.00000666691112360951
7 0 0.00000583352049443597
8 0 0.00000583352049443597
9 0 0.00000500013750526218
10 0 0.00000583352049443597
11 0 0.00000666691112360951
12 0 0.00000666691112360951
13 0 0.00000583352049443597
14 0 0.00000916712885190574
15 0 0.0000100005500421885
16 0 0.0000141677706060328
17 0 0.0000191686874497776
18 0 0.0000241698794146705
19 0 0.0000316721832838152
20 0 0.0000425099376131222
21 0 0.0000500137552731372
22 0 0.0000533489841776369
23 0 0.0000550166445189015
24 0 0.0000533489841776369
25 0 0.0000525151654794387
26 0 0.0000525151654794387
27 0 0.0000516813544294559
28 0 0.0000483461867075707
29 0 0.0000483461867075707
30 0 0.0000475124138960004
31 0 0.0000491799671665794
32 0 0.0000458448912142861
33 0 0.0000475124138960004
34 0 0.0000508475510273554
35 0 0.0000516813544294559
36 0 0.000055850486162301
37 0 0.0000600198091127435
38 0 0.000061687591838111
39 0 0.0000683590287403613
40 0 0.0000741969376999441
41 0 0.0000783671022263066
42 0 0.0000858738805041837
43 0 0.0000958838826297104
44 0 0.000107563611807859
45 0 0.000115072801694871
46 0 0.000128424004500527
47 0 0.000140942538415234
48 0 0.000153462796661064
49 0 0.000172663876141788
50 0 0.000187693637785924
51 0 0.000206066722202247
52 0 0.000233633314546733
53 0 0.000256194019795597
54 0 0.000293807644791144
55 0 0.000316383294278633
56 0 0.000345656374260206
57 0 0.000383307052038151
58 0 0.000430183024477948
59 0 0.000454467588553054
60 0 0.000511436168531554
61 0 0.000548317232928808
62 0 0.000607861446715763
63 0 0.00067583985983688
64 0 0.000743028998358541
65 0 0.00084895276841912
66 0 0.000940684990277996
67 0 0.00103335281659567
68 0 0.00115733853259525
69 0 0.00126797204103291
70 0 0.00140751169790543
71 0 0.0015701555847093
72 0 0.00172714592536638
73 0 0.00193547091584867
74 0 0.00216134181962568
75 0 0.00242200452129115
76 0 0.00273579197121898
77 0 0.00300414310691943
78 0 0.00344451218152175
79 0 0.00389399100907295
80 0 0.00433347364414782
81 0 0.00490519509238663
82 0 0.00560723420860065
83 0 0.00642831048556414
84 0 0.00722352002540261
85 0 0.00833227110459289
86 0 0.00948813920222136
87 0 0.0108467513382161
88 0 0.012243380774273
89 0 0.0140633653290705
90 0 0.0158882692994959
91 0 0.0180225391567330
92 0 0.0207899323783802
93 0 0.0239089103816602
94 0 0.0264830324882639
95 0 0.0300212477991839
96 0 0.0327466375974045
97 0 0.0380413870575665
98 0 0.0424428395191974
99 0 0.0464113718393441
100 0 0.0519244389222034

death 1 M single
1 0 0.000359041494845114
2 0 0.0000366740631904117
3 0 0.0000116674153447516
4 0 0.00000833371530217786
5 0 0.00000750030939278279
6 0 0.00000666691112360951
7 0 0.00000583352049443597
8 0 0.00000583352049443597
9 0 0.00000500013750526218
10 0 0.00000583352049443597
11 0 0.00000666691112360951
12 0 0.00000666691112360951
13 0 0.00000583352049443597
14 0 0.00000916712885190574
15 0 0.0000100005500421885
16 0 0.0000141677706060328
17 0 0.0000191686874497776
18 0 0.0000241698794146705
19 0 0.0000316721832838152
20 0 0.0000425099376131222
21 0 0.0000500137552731372
22 0 0.0000533489841776369
23 0 0.0000550166445189015
24 0 0.0000533489841776369
25 0 0.0000525151654794387
26 0 0.0000525151654794387
27 0 0.0000516813544294559
28 0 0.0000483461867075707
29 0 0.0000483461867075707
30 0 0.0000475124138960004
31 0 0.0000491799671665794
32 0 0.0000458448912142861
33 0 0.0000475124138960004
34 0 0.0000508475510273554
35 0 0.0000516813544294559
36 0 0.000055850486162301
37 0 0.0000600198091127435
38 0 0.000061687591838111
39 0 0.0000683590287403613
40 0 0.0000741969376999441
41 0 0.0000783671022263066
42 0 0.0000858738805041837
43 0 0.0000958838826297104
44 0 0.000107563611807859
45 0 0.000115072801694871
46 0 0.000128424004500527
47 0 0.000140942538415234
48 0 0.000153462796661064
49 0 0.000172663876141788
50 0 0.000187693637785924
51 0 0.000206066722202247
52 0 0.000233633314546733
53 0 0.000256194019795597
54 0 0.000293807644791144
55 0 0.000316383294278633
56 0 0.000345656374260206
57 0 0.000383307052038151
58 0 0.000430183024477948
59 0 0.000454467588553054
60 0 0.000511436168531554
61 0 0.000548317232928808
62 0 0.000607861446715763
63 0 0.00067583985983688
64 0 0.000743028998358541
65 0 0.00084895276841912
66 0 0.000940684990277996
67 0 0.00103335281659567
68 0 0.00115733853259525
69 0 0.00126797204103291
70 0 0.00140751169790543
71 0 0.0015701555847093
72 0 0.00172714592536638
73 0 0.00193547091584867
74 0 0.00216134181962568
75 0 0.00242200452129115
76 0 0.00273579197121898
77 0 0.00300414310691943
78 0 0.00344451218152175
79 0 0.00389399100907295
80 0 0.00433347364414782
81 0 0.00490519509238663
82 0 0.00560723420860065
83 0 0.00642831048556414
84 0 0.00722352002540261
85 0 0.00833227110459289
86 0 0.00948813920222136
87 0 0.0108467513382161
88 0 0.012243380774273
89 0 0.0140633653290705
90 0 0.0158882692994959
91 0 0.0180225391567330
92 0 0.0207899323783802
93 0 0.0239089103816602
94 0 0.0264830324882639
95 0 0.0300212477991839
96 0 0.0327466375974045
97 0 0.0380413870575665
98 0 0.0424428395191974
99 0 0.0464113718393441
100 0 0.0519244389222034

death 1 M divorced
1 0 0.000359041494845114
2 0 0.0000366740631904117
3 0 0.0000116674153447516
4 0 0.00000833371530217786
5 0 0.00000750030939278279
6 0 0.00000666691112360951
7 0 0.00000583352049443597
8 0 0.00000583352049443597
9 0 0.00000500013750526218
10 0 0.00000583352049443597
11 0 0.00000666691112360951
12 0 0.00000666691112360951
13 0 0.00000583352049443597
14 0 0.00000916712885190574
15 0 0.0000100005500421885
16 0 0.0000141677706060328
17 0 0.0000191686874497776
18 0 0.0000241698794146705
19 0 0.0000316721832838152
20 0 0.0000425099376131222
21 0 0.0000500137552731372
22 0 0.0000533489841776369
23 0 0.0000550166445189015
24 0 0.0000533489841776369
25 0 0.0000525151654794387
26 0 0.0000525151654794387
27 0 0.0000516813544294559
28 0 0.0000483461867075707
29 0 0.0000483461867075707
30 0 0.0000475124138960004
31 0 0.0000491799671665794
32 0 0.0000458448912142861
33 0 0.0000475124138960004
34 0 0.0000508475510273554
35 0 0.0000516813544294559
36 0 0.000055850486162301
37 0 0.0000600198091127435
38 0 0.000061687591838111
39 0 0.0000683590287403613
40 0 0.0000741969376999441
41 0 0.0000783671022263066
42 0 0.0000858738805041837
43 0 0.0000958838826297104
44 0 0.000107563611807859
45 0 0.000115072801694871
46 0 0.000128424004500527
47 0 0.000140942538415234
48 0 0.000153462796661064
49 0 0.000172663876141788
50 0 0.000187693637785924
51 0 0.000206066722202247
52 0 0.000233633314546733
53 0 0.000256194019795597
54 0 0.000293807644791144
55 0 0.000316383294278633
56 0 0.000345656374260206
57 0 0.000383307052038151
58 0 0.000430183024477948
59 0 0.000454467588553054
60 0 0.000511436168531554
61 0 0.000548317232928808
62 0 0.000607861446715763
63 0 0.00067583985983688
64 0 0.000743028998358541
65 0 0.00084895276841912
66 0 0.000940684990277996
67 0 0.00103335281659567
68 0 0.00115733853259525
69 0 0.00126797204103291
70 0 0.00140751169790543
71 0 0.0015701555847093
72 0 0.00172714592536638
73 0 0.00193547091584867
74 0 0.00216134181962568
75 0 0.00242200452129115
76 0 0.00273579197121898
77 0 0.00300414310691943
78 0 0.00344451218152175
79 0 0.00389399100907295
80 0 0.00433347364414782
81 0 0.00490519509238663
82 0 0.00560723420860065
83 0 0.00642831048556414
84 0 0.00722352002540261
85 0 0.00833227110459289
86 0 0.00948813920222136
87 0 0.0108467513382161
88 0 0.012243380774273
89 0 0.0140633653290705
90 0 0.0158882692994959
91 0 0.0180225391567330
92 0 0.0207899323783802
93 0 0.0239089103816602
94 0 0.0264830324882639
95 0 0.0300212477991839
96 0 0.0327466375974045
97 0 0.0380413870575665
98 0 0.0424428395191974
99 0 0.0464113718393441
100 0 0.0519244389222034

death 1 M widowed
1 0 0.000359041494845114
2 0 0.0000366740631904117
3 0 0.0000116674153447516
4 0 0.00000833371530217786
5 0 0.00000750030939278279
6 0 0.00000666691112360951
7 0 0.00000583352049443597
8 0 0.00000583352049443597
9 0 0.00000500013750526218
10 0 0.00000583352049443597
11 0 0.00000666691112360951
12 0 0.00000666691112360951
13 0 0.00000583352049443597
14 0 0.00000916712885190574
15 0 0.0000100005500421885
16 0 0.0000141677706060328
17 0 0.0000191686874497776
18 0 0.0000241698794146705
19 0 0.0000316721832838152
20 0 0.0000425099376131222
21 0 0.0000500137552731372
22 0 0.0000533489841776369
23 0 0.0000550166445189015
24 0 0.0000533489841776369
25 0 0.0000525151654794387
26 0 0.0000525151654794387
27 0 0.0000516813544294559
28 0 0.0000483461867075707
29 0 0.0000483461867075707
30 0 0.0000475124138960004
31 0 0.0000491799671665794
32 0 0.0000458448912142861
33 0 0.0000475124138960004
34 0 0.0000508475510273554
35 0 0.0000516813544294559
36 0 0.000055850486162301
37 0 0.0000600198091127435
38 0 0.000061687591838111
39 0 0.0000683590287403613
40 0 0.0000741969376999441
41 0 0.0000783671022263066
42 0 0.0000858738805041837
43 0 0.0000958838826297104
44 0 0.000107563611807859
45 0 0.000115072801694871
46 0 0.000128424004500527
47 0 0.000140942538415234
48 0 0.000153462796661064
49 0 0.000172663876141788
50 0 0.000187693637785924
51 0 0.000206066722202247
52 0 0.000233633314546733
53 0 0.000256194019795597
54 0 0.000293807644791144
55 0 0.000316383294278633
56 0 0.000345656374260206
57 0 0.000383307052038151
58 0 0.000430183024477948
59 0 0.000454467588553054
60 0 0.000511436168531554
61 0 0.000548317232928808
62 0 0.000607861446715763
63 0 0.00067583985983688
64 0 0.000743028998358541
65 0 0.00084895276841912
66 0 0.000940684990277996
67 0 0.00103335281659567
68 0 0.00115733853259525
69 0 0.00126797204103291
70 0 0.00140751169790543
71 0 0.0015701555847093
72 0 0.00172714592536638
73 0 0.00193547091584867
74 0 0.00216134181962568
75 0 0.00242200452129115
76 0 0.00273579197121898
77 0 0.00300414310691943
78 0 0.00344451218152175
79 0 0.00389399100907295
80 0 0.00433347364414782
81 0 0.00490519509238663
82 0 0.00560723420860065
83 0 0.00642831048556414
84 0 0.00722352002540261
85 0 0.00833227110459289
86 0 0.00948813920222136
87 0 0.0108467513382161
88 0 0.012243380774273
89 0 0.0140633653290705
90 0 0.0158882692994959
91 0 0.0180225391567330
92 0 0.0207899323783802
93 0 0.0239089103816602
94 0 0.0264830324882639
95 0 0.0300212477991839
96 0 0.0327466375974045
97 0 0.0380413870575665
98 0 0.0424428395191974
99 0 0.0464113718393441
100 0 0.0519244389222034

death 1 F married
1 0 0.000355695029868763
2 0 0.0000383414176537977
3 0 0.000012500859457365
4 0 0.00000833371530217786
5 0 0.00000666691112360951
6 0 0.00000666691112360951
7 0 0.00000666691112360951
8 0 0.00000416676215586609
9 0 0.00000500013750526218
10 0 0.00000583352049443597
11 0 0.00000500013750526218
12 0 0.00000583352049443597
13 0 0.00000500013750526218
14 0 0.00000583352049443597
15 0 0.00000833371530217786
16 0 0.0000116674153447516
17 0 0.000012500859457365
18 0 0.0000141677706060328
19 0 0.0000158347123201397
20 0 0.0000183351822042876
21 0 0.0000208357208674181
22 0 0.0000216692490401238
23 0 0.0000200022003373768
24 0 0.0000208357208674181
25 0 0.0000175016846010179
26 0 0.0000175016846010179
27 0 0.0000200022003373768
28 0 0.0000191686874497776
29 0 0.0000191686874497776
30 0 0.0000200022003373768
31 0 0.0000225027848553827
32 0 0.0000241698794146705
33 0 0.0000241698794146705
34 0 0.0000258370045466139
35 0 0.0000266705785775256
36 0 0.0000316721832838152
37 0 0.0000358403974268784
38 0 0.0000375077365993848
39 0 0.0000408425066913409
40 0 0.0000425099376131222
41 0 0.0000441773991204375
42 0 0.0000483461867075707
43 0 0.0000575181923953005
44 0 0.0000625214946752273
45 0 0.000070860943814588
46 0 0.0000817033715945215
47 0 0.0000900445807636707
48 0 0.0000992207949763735
49 0 0.000115907194420450
50 0 0.000130927573360862
51 0 0.000146785110982983
52 0 0.000163480245109926
53 0 0.000174333726933429
54 0 0.000189363764725003
55 0 0.000210242941224514
56 0 0.000234468796364018
57 0 0.000264551257946888
58 0 0.000289627584302288
59 0 0.000319728311943712
60 0 0.000343146883615142
61 0 0.000390002139264989
62 0 0.000430183024477948
63 0 0.000456142625328448
64 0 0.000508922095563746
65 0 0.000548317232928808
66 0 0.000612056172412223
67 0 0.000658210942097504
68 0 0.000720347108071118
69 0 0.000790090981221403
70 0 0.000856523480591731
71 0 0.000961737558734743
72 0 0.00105611301613129
73 0 0.00116662318666216
74 0 0.00130178014773130
75 0 0.00146084710738592
76 0 0.00163122225545576
77 0 0.00183677579243313
78 0 0.00209053684553340
79 0 0.00235869290464175
80 0 0.00271947570744568
81 0 0.00311964081221516
82 0 0.00362299540303612
83 0 0.00410823388131099
84 0 0.00478388481967795
85 0 0.00548409390465143
86 0 0.00640058223346907
87 0 0.00738883084015796
88 0 0.00849962850838804
89 0 0.00985165624027273
90 0 0.0114103644745455
91 0 0.0130167952380893
92 0 0.0153047854471507
93 0 0.0172825521061432
94 0 0.0198291456554118
95 0 0.0223683323645782
96 0 0.0252412542049244
97 0 0.0282481317465126
98 0 0.0319676466648580
99 0 0.0357505397813727
100 0 0.0386795208713195

death 1 F single
1 0 0.000355695029868763
2 0 0.0000383414176537977
3 0 0.000012500859457365
4 0 0.00000833371530217786
5 0 0.00000666691112360951
6 0 0.00000666691112360951
7 0 0.00000666691112360951
8 0 0.00000416676215586609
9 0 0.00000500013750526218
10 0 0.00000583352049443597
11 0 0.00000500013750526218
12 0 0.00000583352049443597
13 0 0.00000500013750526218
14 0 0.00000583352049443597
15 0 0.00000833371530217786
16 0 0.0000116674153447516
17 0 0.000012500859457365
18 0 0.0000141677706060328
19 0 0.0000158347123201397
20 0 0.0000183351822042876
21 0 0.0000208357208674181
22 0 0.0000216692490401238
23 0 0.0000200022003373768
24 0 0.0000208357208674181
25 0 0.0000175016846010179
26 0 0.0000175016846010179
27 0 0.0000200022003373768
28 0 0.0000191686874497776
29 0 0.0000191686874497776
30 0 0.0000200022003373768
31 0 0.0000225027848553827
32 0 0.0000241698794146705
33 0 0.0000241698794146705
34 0 0.0000258370045466139
35 0 0.0000266705785775256
36 0 0.0000316721832838152
37 0 0.0000358403974268784
38 0 0.0000375077365993848
39 0 0.0000408425066913409
40 0 0.0000425099376131222
41 0 0.0000441773991204375
42 0 0.0000483461867075707
43 0 0.0000575181923953005
44 0 0.0000625214946752273
45 0 0.000070860943814588
46 0 0.0000817033715945215
47 0 0.0000900445807636707
48 0 0.0000992207949763735
49 0 0.000115907194420450
50 0 0.000130927573360862
51 0 0.000146785110982983
52 0 0.000163480245109926
53 0 0.000174333726933429
54 0 0.000189363764725003
55 0 0.000210242941224514
56 0 0.000234468796364018
57 0 0.000264551257946888
58 0 0.000289627584302288
59 0 0.000319728311943712
60 0 0.000343146883615142
61 0 0.000390002139264989
62 0 0.000430183024477948
63 0 0.000456142625328448
64 0 0.000508922095563746
65 0 0.000548317232928808
66 0 0.000612056172412223
67 0 0.000658210942097504
68 0 0.000720347108071118
69 0 0.000790090981221403
70 0 0.000856523480591731
71 0 0.000961737558734743
72 0 0.00105611301613129
73 0 0.00116662318666216
74 0 0.00130178014773130
75 0 0.00146084710738592
76 0 0.00163122225545576
77 0 0.00183677579243313
78 0 0.00209053684553340
79 0 0.00235869290464175
80 0 0.00271947570744568
81 0 0.00311964081221516
82 0 0.00362299540303612
83 0 0.00410823388131099
84 0 0.00478388481967795
85 0 0.00548409390465143
86 0 0.00640058223346907
87 0 0.00738883084015796
88 0 0.00849962850838804
89 0 0.00985165624027273
90 0 0.0114103644745455
91 0 0.0130167952380893
92 0 0.0153047854471507
93 0 0.0172825521061432
94 0 0.0198291456554118
95 0 0.0223683323645782
96 0 0.0252412542049244
97 0 0.0282481317465126
98 0 0.0319676466648580
99 0 0.0357505397813727
100 0 0.0386795208713195

death 1 F divorced
1 0 0.000355695029868763
2 0 0.0000383414176537977
3 0 0.000012500859457365
4 0 0.00000833371530217786
5 0 0.00000666691112360951
6 0 0.00000666691112360951
7 0 0.00000666691112360951
8 0 0.00000416676215586609
9 0 0.00000500013750526218
10 0 0.00000583352049443597
11 0 0.00000500013750526218
12 0 0.00000583352049443597
13 0 0.00000500013750526218
14 0 0.00000583352049443597
15 0 0.00000833371530217786
16 0 0.0000116674153447516
17 0 0.000012500859457365
18 0 0.0000141677706060328
19 0 0.0000158347123201397
20 0 0.0000183351822042876
21 0 0.0000208357208674181
22 0 0.0000216692490401238
23 0 0.0000200022003373768
24 0 0.0000208357208674181
25 0 0.0000175016846010179
26 0 0.0000175016846010179
27 0 0.0000200022003373768
28 0 0.0000191686874497776
29 0 0.0000191686874497776
30 0 0.0000200022003373768
31 0 0.0000225027848553827
32 0 0.0000241698794146705
33 0 0.0000241698794146705
34 0 0.0000258370045466139
35 0 0.0000266705785775256
36 0 0.0000316721832838152
37 0 0.0000358403974268784
38 0 0.0000375077365993848
39 0 0.0000408425066913409
40 0 0.0000425099376131222
41 0 0.0000441773991204375
42 0 0.0000483461867075707
43 0 0.0000575181923953005
44 0 0.0000625214946752273
45 0 0.000070860943814588
46 0 0.0000817033715945215
47 0 0.0000900445807636707
48 0 0.0000992207949763735
49 0 0.000115907194420450
50 0 0.000130927573360862
51 0 0.000146785110982983
52 0 0.000163480245109926
53 0 0.000174333726933429
54 0 0.000189363764725003
55 0 0.000210242941224514
56 0 0.000234468796364018
57 0 0.000264551257946888
58 0 0.000289627584302288
59 0 0.000319728311943712
60 0 0.000343146883615142
61 0 0.000390002139264989
62 0 0.000430183024477948
63 0 0.000456142625328448
64 0 0.000508922095563746
65 0 0.000548317232928808
66 0 0.000612056172412223
67 0 0.000658210942097504
68 0 0.000720347108071118
69 0 0.000790090981221403
70 0 0.000856523480591731
71 0 0.000961737558734743
72 0 0.00105611301613129
73 0 0.00116662318666216
74 0 0.00130178014773130
75 0 0.00146084710738592
76 0 0.00163122225545576
77 0 0.00183677579243313
78 0 0.00209053684553340
79 0 0.00235869290464175
80 0 0.00271947570744568
81 0 0.00311964081221516
82 0 0.00362299540303612
83 0 0.00410823388131099
84 0 0.00478388481967795
85 0 0.00548409390465143
86 0 0.00640058223346907
87 0 0.00738883084015796
88 0 0.00849962850838804
89 0 0.00985165624027273
90 0 0.0114103644745455
91 0 0.0130167952380893
92 0 0.0153047854471507
93 0 0.0172825521061432
94 0 0.0198291456554118
95 0 0.0223683323645782
96 0 0.0252412542049244
97 0 0.0282481317465126
98 0 0.0319676466648580
99 0 0.0357505397813727
100 0 0.0386795208713195

death 1 F widowed
1 0 0.000355695029868763
2 0 0.0000383414176537977
3 0 0.000012500859457365
4 0 0.00000833371530217786
5 0 0.00000666691112360951
6 0 0.00000666691112360951
7 0 0.00000666691112360951
8 0 0.00000416676215586609
9 0 0.00000500013750526218
10 0 0.00000583352049443597
11 0 0.00000500013750526218
12 0 0.00000583352049443597
13 0 0.00000500013750526218
14 0 0.00000583352049443597
15 0 0.00000833371530217786
16 0 0.0000116674153447516
17 0 0.000012500859457365
18 0 0.0000141677706060328
19 0 0.0000158347123201397
20 0 0.0000183351822042876
21 0 0.0000208357208674181
22 0 0.0000216692490401238
23 0 0.0000200022003373768
24 0 0.0000208357208674181
25 0 0.0000175016846010179
26 0 0.0000175016846010179
27 0 0.0000200022003373768
28 0 0.0000191686874497776
29 0 0.0000191686874497776
30 0 0.0000200022003373768
31 0 0.0000225027848553827
32 0 0.0000241698794146705
33 0 0.0000241698794146705
34 0 0.0000258370045466139
35 0 0.0000266705785775256
36 0 0.0000316721832838152
37 0 0.0000358403974268784
38 0 0.0000375077365993848
39 0 0.0000408425066913409
40 0 0.0000425099376131222
41 0 0.0000441773991204375
42 0 0.0000483461867075707
43 0 0.0000575181923953005
44 0 0.0000625214946752273
45 0 0.000070860943814588
46 0 0.0000817033715945215
47 0 0.0000900445807636707
48 0 0.0000992207949763735
49 0 0.000115907194420450
50 0 0.000130927573360862
51 0 0.000146785110982983
52 0 0.000163480245109926
53 0 0.000174333726933429
54 0 0.000189363764725003
55 0 0.000210242941224514
56 0 0.000234468796364018
57 0 0.000264551257946888
58 0 0.000289627584302288
59 0 0.000319728311943712
60 0 0.000343146883615142
61 0 0.000390002139264989
62 0 0.000430183024477948
63 0 0.000456142625328448
64 0 0.000508922095563746
65 0 0.000548317232928808
66 0 0.000612056172412223
67 0 0.000658210942097504
68 0 0.000720347108071118
69 0 0.000790090981221403
70 0 0.000856523480591731
71 0 0.000961737558734743
72 0 0.00105611301613129
73 0 0.00116662318666216
74 0 0.00130178014773130
75 0 0.00146084710738592
76 0 0.00163122225545576
77 0 0.00183677579243313
78 0 0.00209053684553340
79 0 0.00235869290464175
80 0 0.00271947570744568
81 0 0.00311964081221516
82 0 0.00362299540303612
83 0 0.00410823388131099
84 0 0.00478388481967795
85 0 0.00548409390465143
86 0 0.00640058223346907
87 0 0.00738883084015796
88 0 0.00849962850838804
89 0 0.00985165624027273
90 0 0.0114103644745455
91 0 0.0130167952380893
92 0 0.0153047854471507
93 0 0.0172825521061432
94 0 0.0198291456554118
95 0 0.0223683323645782
96 0 0.0252412542049244
97 0 0.0282481317465126
98 0 0.0319676466648580
99 0 0.0357505397813727
100 0 0.0386795208713195
