*Period monthly mortality rates for SWE in 2036 
* Mon Dec 20 14:21:52 2010
death 1 M married
1 0 0.000228620584918904
2 0 0.0000233363283135279
3 0 0.00000750030939278279
4 0 0.00000583352049443597
5 0 0.00000500013750526218
6 0 0.00000416676215586609
7 0 0.00000416676215586609
8 0 0.00000333339444602565
9 0 0.00000333339444602565
10 0 0.00000333339444602565
11 0 0.00000416676215586609
12 0 0.00000416676215586609
13 0 0.00000416676215586609
14 0 0.00000583352049443597
15 0 0.00000666691112360951
16 0 0.00000916712885190574
17 0 0.000012500859457365
18 0 0.0000158347123201397
19 0 0.0000200022003373768
20 0 0.0000275041602521009
21 0 0.0000316721832838152
22 0 0.0000341730888351321
23 0 0.0000350067393084519
24 0 0.0000341730888351321
25 0 0.0000333394460065861
26 0 0.0000333394460065861
27 0 0.0000333394460065861
28 0 0.0000308385633891461
29 0 0.0000308385633891461
30 0 0.0000300049511388067
31 0 0.0000308385633891461
32 0 0.0000291713465325749
33 0 0.0000300049511388067
34 0 0.0000325058108229248
35 0 0.0000325058108229248
36 0 0.0000358403974268784
37 0 0.0000383414176537977
38 0 0.0000391751063537615
39 0 0.0000433436645435048
40 0 0.0000475124138960004
41 0 0.0000500137552731372
42 0 0.0000550166445189015
43 0 0.0000608536966506534
44 0 0.0000683590287403613
45 0 0.0000733629277510639
46 0 0.0000817033715945215
47 0 0.0000892104254029968
48 0 0.000097552323490957
49 0 0.000110066606177961
50 0 0.000119244841917165
51 0 0.000130927573360862
52 0 0.000148454486411209
53 0 0.000162645415570539
54 0 0.00018602354153463
55 0 0.000201055512655035
56 0 0.000219431298580264
57 0 0.000243659603279878
58 0 0.000272909264649956
59 0 0.000288791595274951
60 0 0.000324746069302662
61 0 0.000348165934204059
62 0 0.000385817651945008
63 0 0.000429345741460474
64 0 0.000471219345953733
65 0 0.000532389482234108
66 0 0.000583535856096162
67 0 0.000640585444512398
68 0 0.000716987309626105
69 0 0.000785888027029724
70 0 0.000871666798243909
71 0 0.000971844525229915
72 0 0.00106960323401462
73 0 0.00119786035579883
74 0 0.00133729221417622
75 0 0.00149726864284450
76 0 0.00169912233589764
77 0 0.00187249783732679
78 0 0.00217072976022825
79 0 0.00247251438929175
80 0 0.00280452425956179
81 0 0.00322406013521226
82 0 0.00374796954695367
83 0 0.00438506079549739
84 0 0.00505485926483451
85 0 0.00598656674842424
86 0 0.00700627653808794
87 0 0.00823364838866536
88 0 0.00955572385772185
89 0 0.0112743215587158
90 0 0.0130774547224822
91 0 0.0152228676954036
92 0 0.0180072720704398
93 0 0.0212278025358749
94 0 0.0240754524150371
95 0 0.0278276935424795
96 0 0.0308195800700087
97 0 0.0361844392458323
98 0 0.0406736794982363
99 0 0.0447243544484189
100 0 0.0503185202765614

death 1 M single
1 0 0.000228620584918904
2 0 0.0000233363283135279
3 0 0.00000750030939278279
4 0 0.00000583352049443597
5 0 0.00000500013750526218
6 0 0.00000416676215586609
7 0 0.00000416676215586609
8 0 0.00000333339444602565
9 0 0.00000333339444602565
10 0 0.00000333339444602565
11 0 0.00000416676215586609
12 0 0.00000416676215586609
13 0 0.00000416676215586609
14 0 0.00000583352049443597
15 0 0.00000666691112360951
16 0 0.00000916712885190574
17 0 0.000012500859457365
18 0 0.0000158347123201397
19 0 0.0000200022003373768
20 0 0.0000275041602521009
21 0 0.0000316721832838152
22 0 0.0000341730888351321
23 0 0.0000350067393084519
24 0 0.0000341730888351321
25 0 0.0000333394460065861
26 0 0.0000333394460065861
27 0 0.0000333394460065861
28 0 0.0000308385633891461
29 0 0.0000308385633891461
30 0 0.0000300049511388067
31 0 0.0000308385633891461
32 0 0.0000291713465325749
33 0 0.0000300049511388067
34 0 0.0000325058108229248
35 0 0.0000325058108229248
36 0 0.0000358403974268784
37 0 0.0000383414176537977
38 0 0.0000391751063537615
39 0 0.0000433436645435048
40 0 0.0000475124138960004
41 0 0.0000500137552731372
42 0 0.0000550166445189015
43 0 0.0000608536966506534
44 0 0.0000683590287403613
45 0 0.0000733629277510639
46 0 0.0000817033715945215
47 0 0.0000892104254029968
48 0 0.000097552323490957
49 0 0.000110066606177961
50 0 0.000119244841917165
51 0 0.000130927573360862
52 0 0.000148454486411209
53 0 0.000162645415570539
54 0 0.00018602354153463
55 0 0.000201055512655035
56 0 0.000219431298580264
57 0 0.000243659603279878
58 0 0.000272909264649956
59 0 0.000288791595274951
60 0 0.000324746069302662
61 0 0.000348165934204059
62 0 0.000385817651945008
63 0 0.000429345741460474
64 0 0.000471219345953733
65 0 0.000532389482234108
66 0 0.000583535856096162
67 0 0.000640585444512398
68 0 0.000716987309626105
69 0 0.000785888027029724
70 0 0.000871666798243909
71 0 0.000971844525229915
72 0 0.00106960323401462
73 0 0.00119786035579883
74 0 0.00133729221417622
75 0 0.00149726864284450
76 0 0.00169912233589764
77 0 0.00187249783732679
78 0 0.00217072976022825
79 0 0.00247251438929175
80 0 0.00280452425956179
81 0 0.00322406013521226
82 0 0.00374796954695367
83 0 0.00438506079549739
84 0 0.00505485926483451
85 0 0.00598656674842424
86 0 0.00700627653808794
87 0 0.00823364838866536
88 0 0.00955572385772185
89 0 0.0112743215587158
90 0 0.0130774547224822
91 0 0.0152228676954036
92 0 0.0180072720704398
93 0 0.0212278025358749
94 0 0.0240754524150371
95 0 0.0278276935424795
96 0 0.0308195800700087
97 0 0.0361844392458323
98 0 0.0406736794982363
99 0 0.0447243544484189
100 0 0.0503185202765614

death 1 M divorced
1 0 0.000228620584918904
2 0 0.0000233363283135279
3 0 0.00000750030939278279
4 0 0.00000583352049443597
5 0 0.00000500013750526218
6 0 0.00000416676215586609
7 0 0.00000416676215586609
8 0 0.00000333339444602565
9 0 0.00000333339444602565
10 0 0.00000333339444602565
11 0 0.00000416676215586609
12 0 0.00000416676215586609
13 0 0.00000416676215586609
14 0 0.00000583352049443597
15 0 0.00000666691112360951
16 0 0.00000916712885190574
17 0 0.000012500859457365
18 0 0.0000158347123201397
19 0 0.0000200022003373768
20 0 0.0000275041602521009
21 0 0.0000316721832838152
22 0 0.0000341730888351321
23 0 0.0000350067393084519
24 0 0.0000341730888351321
25 0 0.0000333394460065861
26 0 0.0000333394460065861
27 0 0.0000333394460065861
28 0 0.0000308385633891461
29 0 0.0000308385633891461
30 0 0.0000300049511388067
31 0 0.0000308385633891461
32 0 0.0000291713465325749
33 0 0.0000300049511388067
34 0 0.0000325058108229248
35 0 0.0000325058108229248
36 0 0.0000358403974268784
37 0 0.0000383414176537977
38 0 0.0000391751063537615
39 0 0.0000433436645435048
40 0 0.0000475124138960004
41 0 0.0000500137552731372
42 0 0.0000550166445189015
43 0 0.0000608536966506534
44 0 0.0000683590287403613
45 0 0.0000733629277510639
46 0 0.0000817033715945215
47 0 0.0000892104254029968
48 0 0.000097552323490957
49 0 0.000110066606177961
50 0 0.000119244841917165
51 0 0.000130927573360862
52 0 0.000148454486411209
53 0 0.000162645415570539
54 0 0.00018602354153463
55 0 0.000201055512655035
56 0 0.000219431298580264
57 0 0.000243659603279878
58 0 0.000272909264649956
59 0 0.000288791595274951
60 0 0.000324746069302662
61 0 0.000348165934204059
62 0 0.000385817651945008
63 0 0.000429345741460474
64 0 0.000471219345953733
65 0 0.000532389482234108
66 0 0.000583535856096162
67 0 0.000640585444512398
68 0 0.000716987309626105
69 0 0.000785888027029724
70 0 0.000871666798243909
71 0 0.000971844525229915
72 0 0.00106960323401462
73 0 0.00119786035579883
74 0 0.00133729221417622
75 0 0.00149726864284450
76 0 0.00169912233589764
77 0 0.00187249783732679
78 0 0.00217072976022825
79 0 0.00247251438929175
80 0 0.00280452425956179
81 0 0.00322406013521226
82 0 0.00374796954695367
83 0 0.00438506079549739
84 0 0.00505485926483451
85 0 0.00598656674842424
86 0 0.00700627653808794
87 0 0.00823364838866536
88 0 0.00955572385772185
89 0 0.0112743215587158
90 0 0.0130774547224822
91 0 0.0152228676954036
92 0 0.0180072720704398
93 0 0.0212278025358749
94 0 0.0240754524150371
95 0 0.0278276935424795
96 0 0.0308195800700087
97 0 0.0361844392458323
98 0 0.0406736794982363
99 0 0.0447243544484189
100 0 0.0503185202765614

death 1 M widowed
1 0 0.000228620584918904
2 0 0.0000233363283135279
3 0 0.00000750030939278279
4 0 0.00000583352049443597
5 0 0.00000500013750526218
6 0 0.00000416676215586609
7 0 0.00000416676215586609
8 0 0.00000333339444602565
9 0 0.00000333339444602565
10 0 0.00000333339444602565
11 0 0.00000416676215586609
12 0 0.00000416676215586609
13 0 0.00000416676215586609
14 0 0.00000583352049443597
15 0 0.00000666691112360951
16 0 0.00000916712885190574
17 0 0.000012500859457365
18 0 0.0000158347123201397
19 0 0.0000200022003373768
20 0 0.0000275041602521009
21 0 0.0000316721832838152
22 0 0.0000341730888351321
23 0 0.0000350067393084519
24 0 0.0000341730888351321
25 0 0.0000333394460065861
26 0 0.0000333394460065861
27 0 0.0000333394460065861
28 0 0.0000308385633891461
29 0 0.0000308385633891461
30 0 0.0000300049511388067
31 0 0.0000308385633891461
32 0 0.0000291713465325749
33 0 0.0000300049511388067
34 0 0.0000325058108229248
35 0 0.0000325058108229248
36 0 0.0000358403974268784
37 0 0.0000383414176537977
38 0 0.0000391751063537615
39 0 0.0000433436645435048
40 0 0.0000475124138960004
41 0 0.0000500137552731372
42 0 0.0000550166445189015
43 0 0.0000608536966506534
44 0 0.0000683590287403613
45 0 0.0000733629277510639
46 0 0.0000817033715945215
47 0 0.0000892104254029968
48 0 0.000097552323490957
49 0 0.000110066606177961
50 0 0.000119244841917165
51 0 0.000130927573360862
52 0 0.000148454486411209
53 0 0.000162645415570539
54 0 0.00018602354153463
55 0 0.000201055512655035
56 0 0.000219431298580264
57 0 0.000243659603279878
58 0 0.000272909264649956
59 0 0.000288791595274951
60 0 0.000324746069302662
61 0 0.000348165934204059
62 0 0.000385817651945008
63 0 0.000429345741460474
64 0 0.000471219345953733
65 0 0.000532389482234108
66 0 0.000583535856096162
67 0 0.000640585444512398
68 0 0.000716987309626105
69 0 0.000785888027029724
70 0 0.000871666798243909
71 0 0.000971844525229915
72 0 0.00106960323401462
73 0 0.00119786035579883
74 0 0.00133729221417622
75 0 0.00149726864284450
76 0 0.00169912233589764
77 0 0.00187249783732679
78 0 0.00217072976022825
79 0 0.00247251438929175
80 0 0.00280452425956179
81 0 0.00322406013521226
82 0 0.00374796954695367
83 0 0.00438506079549739
84 0 0.00505485926483451
85 0 0.00598656674842424
86 0 0.00700627653808794
87 0 0.00823364838866536
88 0 0.00955572385772185
89 0 0.0112743215587158
90 0 0.0130774547224822
91 0 0.0152228676954036
92 0 0.0180072720704398
93 0 0.0212278025358749
94 0 0.0240754524150371
95 0 0.0278276935424795
96 0 0.0308195800700087
97 0 0.0361844392458323
98 0 0.0406736794982363
99 0 0.0447243544484189
100 0 0.0503185202765614

death 1 F married
1 0 0.000226114323775728
2 0 0.0000241698794146705
3 0 0.00000750030939278279
4 0 0.00000500013750526218
5 0 0.00000416676215586609
6 0 0.00000416676215586609
7 0 0.00000416676215586609
8 0 0.00000250003437562984
9 0 0.00000333339444602565
10 0 0.00000333339444602565
11 0 0.00000333339444602565
12 0 0.00000333339444602565
13 0 0.00000333339444602565
14 0 0.00000333339444602565
15 0 0.00000500013750526218
16 0 0.00000750030939278279
17 0 0.00000833371530217786
18 0 0.00000916712885190574
19 0 0.0000100005500421885
20 0 0.0000116674153447516
21 0 0.0000133343112110884
22 0 0.0000141677706060328
23 0 0.000012500859457365
24 0 0.0000133343112110884
25 0 0.0000108339788730261
26 0 0.0000108339788730261
27 0 0.000012500859457365
28 0 0.0000116674153447516
29 0 0.000012500859457365
30 0 0.000012500859457365
31 0 0.0000141677706060328
32 0 0.0000150012376423092
33 0 0.0000150012376423092
34 0 0.0000158347123201397
35 0 0.0000166681946396352
36 0 0.0000200022003373768
37 0 0.0000233363283135279
38 0 0.0000241698794146705
39 0 0.0000258370045466139
40 0 0.0000266705785775256
41 0 0.0000283377495704507
42 0 0.0000308385633891461
43 0 0.0000366740631904117
44 0 0.0000391751063537615
45 0 0.0000450111413439203
46 0 0.0000525151654794387
47 0 0.0000591859292243813
48 0 0.0000666911236122392
49 0 0.000079201158088904
50 0 0.0000917129144495377
51 0 0.000105894987183719
52 0 0.000119244841917165
53 0 0.000128424004500527
54 0 0.000140107915847287
55 0 0.000155967055273654
56 0 0.000174333726933429
57 0 0.000196879715743670
58 0 0.000216089970248357
59 0 0.000238646320656399
60 0 0.000255358338245082
61 0 0.000290463581019584
62 0 0.000320564585597816
63 0 0.000339801003879758
64 0 0.000379122872988913
65 0 0.000408416172918757
66 0 0.000456142625328448
67 0 0.000490487685641083
68 0 0.000536580724877167
69 0 0.000588568202586459
70 0 0.000638067795401209
71 0 0.000716147379430043
72 0 0.000785888027029724
73 0 0.000868301398352145
74 0 0.00096931767815911
75 0 0.00108731218674707
76 0 0.00121306070292038
77 0 0.00136605025489300
78 0 0.00155404761804179
79 0 0.00175262942718590
80 0 0.00201978709066286
81 0 0.00231593979154499
82 0 0.0026877103550359
83 0 0.00304549850252811
84 0 0.00354324099022141
85 0 0.00407597795243464
86 0 0.0048629817624648
87 0 0.00573942006900674
88 0 0.0067500432076849
89 0 0.00797937120859837
90 0 0.00940396080423034
91 0 0.0109181854156775
92 0 0.0130302715798678
93 0 0.0149441198907235
94 0 0.017368400267457
95 0 0.0198042198257705
96 0 0.0227088580155214
97 0 0.0257682998932274
98 0 0.0295737480804004
99 0 0.0334683408609306
100 0 0.0364723957126514

death 1 F single
1 0 0.000226114323775728
2 0 0.0000241698794146705
3 0 0.00000750030939278279
4 0 0.00000500013750526218
5 0 0.00000416676215586609
6 0 0.00000416676215586609
7 0 0.00000416676215586609
8 0 0.00000250003437562984
9 0 0.00000333339444602565
10 0 0.00000333339444602565
11 0 0.00000333339444602565
12 0 0.00000333339444602565
13 0 0.00000333339444602565
14 0 0.00000333339444602565
15 0 0.00000500013750526218
16 0 0.00000750030939278279
17 0 0.00000833371530217786
18 0 0.00000916712885190574
19 0 0.0000100005500421885
20 0 0.0000116674153447516
21 0 0.0000133343112110884
22 0 0.0000141677706060328
23 0 0.000012500859457365
24 0 0.0000133343112110884
25 0 0.0000108339788730261
26 0 0.0000108339788730261
27 0 0.000012500859457365
28 0 0.0000116674153447516
29 0 0.000012500859457365
30 0 0.000012500859457365
31 0 0.0000141677706060328
32 0 0.0000150012376423092
33 0 0.0000150012376423092
34 0 0.0000158347123201397
35 0 0.0000166681946396352
36 0 0.0000200022003373768
37 0 0.0000233363283135279
38 0 0.0000241698794146705
39 0 0.0000258370045466139
40 0 0.0000266705785775256
41 0 0.0000283377495704507
42 0 0.0000308385633891461
43 0 0.0000366740631904117
44 0 0.0000391751063537615
45 0 0.0000450111413439203
46 0 0.0000525151654794387
47 0 0.0000591859292243813
48 0 0.0000666911236122392
49 0 0.000079201158088904
50 0 0.0000917129144495377
51 0 0.000105894987183719
52 0 0.000119244841917165
53 0 0.000128424004500527
54 0 0.000140107915847287
55 0 0.000155967055273654
56 0 0.000174333726933429
57 0 0.000196879715743670
58 0 0.000216089970248357
59 0 0.000238646320656399
60 0 0.000255358338245082
61 0 0.000290463581019584
62 0 0.000320564585597816
63 0 0.000339801003879758
64 0 0.000379122872988913
65 0 0.000408416172918757
66 0 0.000456142625328448
67 0 0.000490487685641083
68 0 0.000536580724877167
69 0 0.000588568202586459
70 0 0.000638067795401209
71 0 0.000716147379430043
72 0 0.000785888027029724
73 0 0.000868301398352145
74 0 0.00096931767815911
75 0 0.00108731218674707
76 0 0.00121306070292038
77 0 0.00136605025489300
78 0 0.00155404761804179
79 0 0.00175262942718590
80 0 0.00201978709066286
81 0 0.00231593979154499
82 0 0.0026877103550359
83 0 0.00304549850252811
84 0 0.00354324099022141
85 0 0.00407597795243464
86 0 0.0048629817624648
87 0 0.00573942006900674
88 0 0.0067500432076849
89 0 0.00797937120859837
90 0 0.00940396080423034
91 0 0.0109181854156775
92 0 0.0130302715798678
93 0 0.0149441198907235
94 0 0.017368400267457
95 0 0.0198042198257705
96 0 0.0227088580155214
97 0 0.0257682998932274
98 0 0.0295737480804004
99 0 0.0334683408609306
100 0 0.0364723957126514

death 1 F divorced
1 0 0.000226114323775728
2 0 0.0000241698794146705
3 0 0.00000750030939278279
4 0 0.00000500013750526218
5 0 0.00000416676215586609
6 0 0.00000416676215586609
7 0 0.00000416676215586609
8 0 0.00000250003437562984
9 0 0.00000333339444602565
10 0 0.00000333339444602565
11 0 0.00000333339444602565
12 0 0.00000333339444602565
13 0 0.00000333339444602565
14 0 0.00000333339444602565
15 0 0.00000500013750526218
16 0 0.00000750030939278279
17 0 0.00000833371530217786
18 0 0.00000916712885190574
19 0 0.0000100005500421885
20 0 0.0000116674153447516
21 0 0.0000133343112110884
22 0 0.0000141677706060328
23 0 0.000012500859457365
24 0 0.0000133343112110884
25 0 0.0000108339788730261
26 0 0.0000108339788730261
27 0 0.000012500859457365
28 0 0.0000116674153447516
29 0 0.000012500859457365
30 0 0.000012500859457365
31 0 0.0000141677706060328
32 0 0.0000150012376423092
33 0 0.0000150012376423092
34 0 0.0000158347123201397
35 0 0.0000166681946396352
36 0 0.0000200022003373768
37 0 0.0000233363283135279
38 0 0.0000241698794146705
39 0 0.0000258370045466139
40 0 0.0000266705785775256
41 0 0.0000283377495704507
42 0 0.0000308385633891461
43 0 0.0000366740631904117
44 0 0.0000391751063537615
45 0 0.0000450111413439203
46 0 0.0000525151654794387
47 0 0.0000591859292243813
48 0 0.0000666911236122392
49 0 0.000079201158088904
50 0 0.0000917129144495377
51 0 0.000105894987183719
52 0 0.000119244841917165
53 0 0.000128424004500527
54 0 0.000140107915847287
55 0 0.000155967055273654
56 0 0.000174333726933429
57 0 0.000196879715743670
58 0 0.000216089970248357
59 0 0.000238646320656399
60 0 0.000255358338245082
61 0 0.000290463581019584
62 0 0.000320564585597816
63 0 0.000339801003879758
64 0 0.000379122872988913
65 0 0.000408416172918757
66 0 0.000456142625328448
67 0 0.000490487685641083
68 0 0.000536580724877167
69 0 0.000588568202586459
70 0 0.000638067795401209
71 0 0.000716147379430043
72 0 0.000785888027029724
73 0 0.000868301398352145
74 0 0.00096931767815911
75 0 0.00108731218674707
76 0 0.00121306070292038
77 0 0.00136605025489300
78 0 0.00155404761804179
79 0 0.00175262942718590
80 0 0.00201978709066286
81 0 0.00231593979154499
82 0 0.0026877103550359
83 0 0.00304549850252811
84 0 0.00354324099022141
85 0 0.00407597795243464
86 0 0.0048629817624648
87 0 0.00573942006900674
88 0 0.0067500432076849
89 0 0.00797937120859837
90 0 0.00940396080423034
91 0 0.0109181854156775
92 0 0.0130302715798678
93 0 0.0149441198907235
94 0 0.017368400267457
95 0 0.0198042198257705
96 0 0.0227088580155214
97 0 0.0257682998932274
98 0 0.0295737480804004
99 0 0.0334683408609306
100 0 0.0364723957126514

death 1 F widowed
1 0 0.000226114323775728
2 0 0.0000241698794146705
3 0 0.00000750030939278279
4 0 0.00000500013750526218
5 0 0.00000416676215586609
6 0 0.00000416676215586609
7 0 0.00000416676215586609
8 0 0.00000250003437562984
9 0 0.00000333339444602565
10 0 0.00000333339444602565
11 0 0.00000333339444602565
12 0 0.00000333339444602565
13 0 0.00000333339444602565
14 0 0.00000333339444602565
15 0 0.00000500013750526218
16 0 0.00000750030939278279
17 0 0.00000833371530217786
18 0 0.00000916712885190574
19 0 0.0000100005500421885
20 0 0.0000116674153447516
21 0 0.0000133343112110884
22 0 0.0000141677706060328
23 0 0.000012500859457365
24 0 0.0000133343112110884
25 0 0.0000108339788730261
26 0 0.0000108339788730261
27 0 0.000012500859457365
28 0 0.0000116674153447516
29 0 0.000012500859457365
30 0 0.000012500859457365
31 0 0.0000141677706060328
32 0 0.0000150012376423092
33 0 0.0000150012376423092
34 0 0.0000158347123201397
35 0 0.0000166681946396352
36 0 0.0000200022003373768
37 0 0.0000233363283135279
38 0 0.0000241698794146705
39 0 0.0000258370045466139
40 0 0.0000266705785775256
41 0 0.0000283377495704507
42 0 0.0000308385633891461
43 0 0.0000366740631904117
44 0 0.0000391751063537615
45 0 0.0000450111413439203
46 0 0.0000525151654794387
47 0 0.0000591859292243813
48 0 0.0000666911236122392
49 0 0.000079201158088904
50 0 0.0000917129144495377
51 0 0.000105894987183719
52 0 0.000119244841917165
53 0 0.000128424004500527
54 0 0.000140107915847287
55 0 0.000155967055273654
56 0 0.000174333726933429
57 0 0.000196879715743670
58 0 0.000216089970248357
59 0 0.000238646320656399
60 0 0.000255358338245082
61 0 0.000290463581019584
62 0 0.000320564585597816
63 0 0.000339801003879758
64 0 0.000379122872988913
65 0 0.000408416172918757
66 0 0.000456142625328448
67 0 0.000490487685641083
68 0 0.000536580724877167
69 0 0.000588568202586459
70 0 0.000638067795401209
71 0 0.000716147379430043
72 0 0.000785888027029724
73 0 0.000868301398352145
74 0 0.00096931767815911
75 0 0.00108731218674707
76 0 0.00121306070292038
77 0 0.00136605025489300
78 0 0.00155404761804179
79 0 0.00175262942718590
80 0 0.00201978709066286
81 0 0.00231593979154499
82 0 0.0026877103550359
83 0 0.00304549850252811
84 0 0.00354324099022141
85 0 0.00407597795243464
86 0 0.0048629817624648
87 0 0.00573942006900674
88 0 0.0067500432076849
89 0 0.00797937120859837
90 0 0.00940396080423034
91 0 0.0109181854156775
92 0 0.0130302715798678
93 0 0.0149441198907235
94 0 0.017368400267457
95 0 0.0198042198257705
96 0 0.0227088580155214
97 0 0.0257682998932274
98 0 0.0295737480804004
99 0 0.0334683408609306
100 0 0.0364723957126514
