*Period monthly mortality rates for SWE in 1862 
* Mon Dec 20 14:20:01 2010
death 1 M married
1 0 0.0152652976547234
2 0 0.00573063125238593
3 0 0.00347775618529245
4 0 0.00246823280079178
5 0 0.00181407408747658
6 0 0.00135437677528660
7 0 0.00109878268457797
8 0 0.000839532318859582
9 0 0.00079429412988874
10 0 0.000643438864516899
11 0 0.00055955216792225
12 0 0.000509173499730231
13 0 0.000413522543053713
14 0 0.000348918815701094
15 0 0.000377281895238335
16 0 0.000349588048934812
17 0 0.000391675988146045
18 0 0.000340135586309964
19 0 0.00040347749772518
20 0 0.00042800610467908
21 0 0.000544712287000482
22 0 0.000557372146533952
23 0 0.000595781718671473
24 0 0.000581522995542594
25 0 0.000571543220633131
26 0 0.000641172906010734
27 0 0.000591671621868795
28 0 0.000628920924176324
29 0 0.00058437456115501
30 0 0.000657791247651973
31 0 0.000669459475564738
32 0 0.000602073043282081
33 0 0.000687762305061845
34 0 0.000665513935840467
35 0 0.000703885282860028
36 0 0.000753111656632388
37 0 0.000637816034327332
38 0 0.000803289521523642
39 0 0.000663499258240052
40 0 0.000839364105424845
41 0 0.000852149214369047
42 0 0.000915596702269816
43 0 0.000977993480122286
44 0 0.00106218336618813
45 0 0.000970665321181396
46 0 0.00120351796548268
47 0 0.00108545680117700
48 0 0.00129696172330418
49 0 0.00150565613609732
50 0 0.00153073851746599
51 0 0.00142317043361939
52 0 0.0016714469202449
53 0 0.00174753215431256
54 0 0.00183898674883498
55 0 0.00192849066439194
56 0 0.00217465591441679
57 0 0.00198468841540167
58 0 0.00224125571716893
59 0 0.00260980359843588
60 0 0.00263725208606835
61 0 0.00279489860158977
62 0 0.00356152628684747
63 0 0.00334303761749766
64 0 0.00322716866971973
65 0 0.00377871878257041
66 0 0.00375604672494778
67 0 0.00441244015769615
68 0 0.00451669747850003
69 0 0.00497480214854418
70 0 0.00556265399624312
71 0 0.00629770432373855
72 0 0.006824949936727
73 0 0.00720077961468968
74 0 0.00777038062776925
75 0 0.00850173388584341
76 0 0.00947379556215944
77 0 0.0105894953535581
78 0 0.0116407840684616
79 0 0.0130801516516562
80 0 0.0131374805703162
81 0 0.0144860254996810
82 0 0.0185019284837813
83 0 0.0184308322539151
84 0 0.0175967535926509
85 0 0.0228156747519329
86 0 0.0233614205150224
87 0 0.0297636290643812
88 0 0.0287909299182909
89 0 0.0285344665126407
90 0 0.0498444158628966
91 0 0.0386145978573695
92 0 0.0440324969313232
93 0 0.0347402333371145
94 0 0.0474067155864923
95 0 0.109354395271605
96 0 0.025404347528428
97 0 0.0571416255801068
98 0 0.0207770184672266
99 0 0.0479654303507204
100 0 0

death 1 M single
1 0 0.0152652976547234
2 0 0.00573063125238593
3 0 0.00347775618529245
4 0 0.00246823280079178
5 0 0.00181407408747658
6 0 0.00135437677528660
7 0 0.00109878268457797
8 0 0.000839532318859582
9 0 0.00079429412988874
10 0 0.000643438864516899
11 0 0.00055955216792225
12 0 0.000509173499730231
13 0 0.000413522543053713
14 0 0.000348918815701094
15 0 0.000377281895238335
16 0 0.000349588048934812
17 0 0.000391675988146045
18 0 0.000340135586309964
19 0 0.00040347749772518
20 0 0.00042800610467908
21 0 0.000544712287000482
22 0 0.000557372146533952
23 0 0.000595781718671473
24 0 0.000581522995542594
25 0 0.000571543220633131
26 0 0.000641172906010734
27 0 0.000591671621868795
28 0 0.000628920924176324
29 0 0.00058437456115501
30 0 0.000657791247651973
31 0 0.000669459475564738
32 0 0.000602073043282081
33 0 0.000687762305061845
34 0 0.000665513935840467
35 0 0.000703885282860028
36 0 0.000753111656632388
37 0 0.000637816034327332
38 0 0.000803289521523642
39 0 0.000663499258240052
40 0 0.000839364105424845
41 0 0.000852149214369047
42 0 0.000915596702269816
43 0 0.000977993480122286
44 0 0.00106218336618813
45 0 0.000970665321181396
46 0 0.00120351796548268
47 0 0.00108545680117700
48 0 0.00129696172330418
49 0 0.00150565613609732
50 0 0.00153073851746599
51 0 0.00142317043361939
52 0 0.0016714469202449
53 0 0.00174753215431256
54 0 0.00183898674883498
55 0 0.00192849066439194
56 0 0.00217465591441679
57 0 0.00198468841540167
58 0 0.00224125571716893
59 0 0.00260980359843588
60 0 0.00263725208606835
61 0 0.00279489860158977
62 0 0.00356152628684747
63 0 0.00334303761749766
64 0 0.00322716866971973
65 0 0.00377871878257041
66 0 0.00375604672494778
67 0 0.00441244015769615
68 0 0.00451669747850003
69 0 0.00497480214854418
70 0 0.00556265399624312
71 0 0.00629770432373855
72 0 0.006824949936727
73 0 0.00720077961468968
74 0 0.00777038062776925
75 0 0.00850173388584341
76 0 0.00947379556215944
77 0 0.0105894953535581
78 0 0.0116407840684616
79 0 0.0130801516516562
80 0 0.0131374805703162
81 0 0.0144860254996810
82 0 0.0185019284837813
83 0 0.0184308322539151
84 0 0.0175967535926509
85 0 0.0228156747519329
86 0 0.0233614205150224
87 0 0.0297636290643812
88 0 0.0287909299182909
89 0 0.0285344665126407
90 0 0.0498444158628966
91 0 0.0386145978573695
92 0 0.0440324969313232
93 0 0.0347402333371145
94 0 0.0474067155864923
95 0 0.109354395271605
96 0 0.025404347528428
97 0 0.0571416255801068
98 0 0.0207770184672266
99 0 0.0479654303507204
100 0 0

death 1 M divorced
1 0 0.0152652976547234
2 0 0.00573063125238593
3 0 0.00347775618529245
4 0 0.00246823280079178
5 0 0.00181407408747658
6 0 0.00135437677528660
7 0 0.00109878268457797
8 0 0.000839532318859582
9 0 0.00079429412988874
10 0 0.000643438864516899
11 0 0.00055955216792225
12 0 0.000509173499730231
13 0 0.000413522543053713
14 0 0.000348918815701094
15 0 0.000377281895238335
16 0 0.000349588048934812
17 0 0.000391675988146045
18 0 0.000340135586309964
19 0 0.00040347749772518
20 0 0.00042800610467908
21 0 0.000544712287000482
22 0 0.000557372146533952
23 0 0.000595781718671473
24 0 0.000581522995542594
25 0 0.000571543220633131
26 0 0.000641172906010734
27 0 0.000591671621868795
28 0 0.000628920924176324
29 0 0.00058437456115501
30 0 0.000657791247651973
31 0 0.000669459475564738
32 0 0.000602073043282081
33 0 0.000687762305061845
34 0 0.000665513935840467
35 0 0.000703885282860028
36 0 0.000753111656632388
37 0 0.000637816034327332
38 0 0.000803289521523642
39 0 0.000663499258240052
40 0 0.000839364105424845
41 0 0.000852149214369047
42 0 0.000915596702269816
43 0 0.000977993480122286
44 0 0.00106218336618813
45 0 0.000970665321181396
46 0 0.00120351796548268
47 0 0.00108545680117700
48 0 0.00129696172330418
49 0 0.00150565613609732
50 0 0.00153073851746599
51 0 0.00142317043361939
52 0 0.0016714469202449
53 0 0.00174753215431256
54 0 0.00183898674883498
55 0 0.00192849066439194
56 0 0.00217465591441679
57 0 0.00198468841540167
58 0 0.00224125571716893
59 0 0.00260980359843588
60 0 0.00263725208606835
61 0 0.00279489860158977
62 0 0.00356152628684747
63 0 0.00334303761749766
64 0 0.00322716866971973
65 0 0.00377871878257041
66 0 0.00375604672494778
67 0 0.00441244015769615
68 0 0.00451669747850003
69 0 0.00497480214854418
70 0 0.00556265399624312
71 0 0.00629770432373855
72 0 0.006824949936727
73 0 0.00720077961468968
74 0 0.00777038062776925
75 0 0.00850173388584341
76 0 0.00947379556215944
77 0 0.0105894953535581
78 0 0.0116407840684616
79 0 0.0130801516516562
80 0 0.0131374805703162
81 0 0.0144860254996810
82 0 0.0185019284837813
83 0 0.0184308322539151
84 0 0.0175967535926509
85 0 0.0228156747519329
86 0 0.0233614205150224
87 0 0.0297636290643812
88 0 0.0287909299182909
89 0 0.0285344665126407
90 0 0.0498444158628966
91 0 0.0386145978573695
92 0 0.0440324969313232
93 0 0.0347402333371145
94 0 0.0474067155864923
95 0 0.109354395271605
96 0 0.025404347528428
97 0 0.0571416255801068
98 0 0.0207770184672266
99 0 0.0479654303507204
100 0 0

death 1 M widowed
1 0 0.0152652976547234
2 0 0.00573063125238593
3 0 0.00347775618529245
4 0 0.00246823280079178
5 0 0.00181407408747658
6 0 0.00135437677528660
7 0 0.00109878268457797
8 0 0.000839532318859582
9 0 0.00079429412988874
10 0 0.000643438864516899
11 0 0.00055955216792225
12 0 0.000509173499730231
13 0 0.000413522543053713
14 0 0.000348918815701094
15 0 0.000377281895238335
16 0 0.000349588048934812
17 0 0.000391675988146045
18 0 0.000340135586309964
19 0 0.00040347749772518
20 0 0.00042800610467908
21 0 0.000544712287000482
22 0 0.000557372146533952
23 0 0.000595781718671473
24 0 0.000581522995542594
25 0 0.000571543220633131
26 0 0.000641172906010734
27 0 0.000591671621868795
28 0 0.000628920924176324
29 0 0.00058437456115501
30 0 0.000657791247651973
31 0 0.000669459475564738
32 0 0.000602073043282081
33 0 0.000687762305061845
34 0 0.000665513935840467
35 0 0.000703885282860028
36 0 0.000753111656632388
37 0 0.000637816034327332
38 0 0.000803289521523642
39 0 0.000663499258240052
40 0 0.000839364105424845
41 0 0.000852149214369047
42 0 0.000915596702269816
43 0 0.000977993480122286
44 0 0.00106218336618813
45 0 0.000970665321181396
46 0 0.00120351796548268
47 0 0.00108545680117700
48 0 0.00129696172330418
49 0 0.00150565613609732
50 0 0.00153073851746599
51 0 0.00142317043361939
52 0 0.0016714469202449
53 0 0.00174753215431256
54 0 0.00183898674883498
55 0 0.00192849066439194
56 0 0.00217465591441679
57 0 0.00198468841540167
58 0 0.00224125571716893
59 0 0.00260980359843588
60 0 0.00263725208606835
61 0 0.00279489860158977
62 0 0.00356152628684747
63 0 0.00334303761749766
64 0 0.00322716866971973
65 0 0.00377871878257041
66 0 0.00375604672494778
67 0 0.00441244015769615
68 0 0.00451669747850003
69 0 0.00497480214854418
70 0 0.00556265399624312
71 0 0.00629770432373855
72 0 0.006824949936727
73 0 0.00720077961468968
74 0 0.00777038062776925
75 0 0.00850173388584341
76 0 0.00947379556215944
77 0 0.0105894953535581
78 0 0.0116407840684616
79 0 0.0130801516516562
80 0 0.0131374805703162
81 0 0.0144860254996810
82 0 0.0185019284837813
83 0 0.0184308322539151
84 0 0.0175967535926509
85 0 0.0228156747519329
86 0 0.0233614205150224
87 0 0.0297636290643812
88 0 0.0287909299182909
89 0 0.0285344665126407
90 0 0.0498444158628966
91 0 0.0386145978573695
92 0 0.0440324969313232
93 0 0.0347402333371145
94 0 0.0474067155864923
95 0 0.109354395271605
96 0 0.025404347528428
97 0 0.0571416255801068
98 0 0.0207770184672266
99 0 0.0479654303507204
100 0 0

death 1 F married
1 0 0.0126875431891296
2 0 0.00549702018547715
3 0 0.00333517008517337
4 0 0.00243124829217523
5 0 0.00199942479768045
6 0 0.00140531122718024
7 0 0.00114670454978538
8 0 0.000868048998386994
9 0 0.00073866019395663
10 0 0.000501045117350163
11 0 0.000525097180874123
12 0 0.000452038840073277
13 0 0.000353854526657593
14 0 0.00034766401667119
15 0 0.000408667299167331
16 0 0.000390420598594732
17 0 0.000371926535649214
18 0 0.000378035017992162
19 0 0.000361384093653272
20 0 0.000332022309613156
21 0 0.000439896071321222
22 0 0.000455388854958438
23 0 0.000476245475447445
24 0 0.000480266579222066
25 0 0.000471219345953733
26 0 0.000443078157269960
27 0 0.000454467588553054
28 0 0.000510681939337232
29 0 0.000566511817004733
30 0 0.000506072896956478
31 0 0.000533563010686189
32 0 0.000591503866764875
33 0 0.00056466703881608
34 0 0.000613146832817435
35 0 0.000605176923904938
36 0 0.000670298974210004
37 0 0.000615579891672713
38 0 0.000671138480612954
39 0 0.00080816590053201
40 0 0.000781096896448674
41 0 0.000803709888713589
42 0 0.000768826030236869
43 0 0.000947168661331377
44 0 0.000886055288912946
45 0 0.000823301157650724
46 0 0.000955252847586463
47 0 0.000961905998960066
48 0 0.000948010730492999
49 0 0.000932686293607765
50 0 0.000940853391463548
51 0 0.00110544635966847
52 0 0.00122437816940602
53 0 0.00111911264081088
54 0 0.00140091044573654
55 0 0.00149506599532923
56 0 0.00147092509317381
57 0 0.00170387724452492
58 0 0.00154218041887710
59 0 0.00180650811439864
60 0 0.00194389900820779
61 0 0.00218583784987580
62 0 0.00255536009757085
63 0 0.00272857810299387
64 0 0.00286290170185255
65 0 0.00308109648365207
66 0 0.00320912338727808
67 0 0.00381469300241488
68 0 0.00409803279106269
69 0 0.00464878906335653
70 0 0.00498985698826981
71 0 0.00509857269481984
72 0 0.00564899824464138
73 0 0.00583215419744043
74 0 0.00679647087272617
75 0 0.00812556132964148
76 0 0.00830175959181578
77 0 0.00884474246453637
78 0 0.0101698233562274
79 0 0.0114924677085128
80 0 0.0125756019844432
81 0 0.0133006106173780
82 0 0.0151636966870654
83 0 0.0149426447383233
84 0 0.0157357407198843
85 0 0.018455888489314
86 0 0.0202357969029677
87 0 0.0231167401481476
88 0 0.0258978835311114
89 0 0.0265456369641783
90 0 0.0277403250748857
91 0 0.0282199260292650
92 0 0.0362942518344394
93 0 0.05210755363635
94 0 0.0338414061132988
95 0 0.057716142805367
96 0 0.0540660407575351
97 0 0.0359955287091522
98 0 0.126003021381791
99 0 1
100 0 0.0413235992682142

death 1 F single
1 0 0.0126875431891296
2 0 0.00549702018547715
3 0 0.00333517008517337
4 0 0.00243124829217523
5 0 0.00199942479768045
6 0 0.00140531122718024
7 0 0.00114670454978538
8 0 0.000868048998386994
9 0 0.00073866019395663
10 0 0.000501045117350163
11 0 0.000525097180874123
12 0 0.000452038840073277
13 0 0.000353854526657593
14 0 0.00034766401667119
15 0 0.000408667299167331
16 0 0.000390420598594732
17 0 0.000371926535649214
18 0 0.000378035017992162
19 0 0.000361384093653272
20 0 0.000332022309613156
21 0 0.000439896071321222
22 0 0.000455388854958438
23 0 0.000476245475447445
24 0 0.000480266579222066
25 0 0.000471219345953733
26 0 0.000443078157269960
27 0 0.000454467588553054
28 0 0.000510681939337232
29 0 0.000566511817004733
30 0 0.000506072896956478
31 0 0.000533563010686189
32 0 0.000591503866764875
33 0 0.00056466703881608
34 0 0.000613146832817435
35 0 0.000605176923904938
36 0 0.000670298974210004
37 0 0.000615579891672713
38 0 0.000671138480612954
39 0 0.00080816590053201
40 0 0.000781096896448674
41 0 0.000803709888713589
42 0 0.000768826030236869
43 0 0.000947168661331377
44 0 0.000886055288912946
45 0 0.000823301157650724
46 0 0.000955252847586463
47 0 0.000961905998960066
48 0 0.000948010730492999
49 0 0.000932686293607765
50 0 0.000940853391463548
51 0 0.00110544635966847
52 0 0.00122437816940602
53 0 0.00111911264081088
54 0 0.00140091044573654
55 0 0.00149506599532923
56 0 0.00147092509317381
57 0 0.00170387724452492
58 0 0.00154218041887710
59 0 0.00180650811439864
60 0 0.00194389900820779
61 0 0.00218583784987580
62 0 0.00255536009757085
63 0 0.00272857810299387
64 0 0.00286290170185255
65 0 0.00308109648365207
66 0 0.00320912338727808
67 0 0.00381469300241488
68 0 0.00409803279106269
69 0 0.00464878906335653
70 0 0.00498985698826981
71 0 0.00509857269481984
72 0 0.00564899824464138
73 0 0.00583215419744043
74 0 0.00679647087272617
75 0 0.00812556132964148
76 0 0.00830175959181578
77 0 0.00884474246453637
78 0 0.0101698233562274
79 0 0.0114924677085128
80 0 0.0125756019844432
81 0 0.0133006106173780
82 0 0.0151636966870654
83 0 0.0149426447383233
84 0 0.0157357407198843
85 0 0.018455888489314
86 0 0.0202357969029677
87 0 0.0231167401481476
88 0 0.0258978835311114
89 0 0.0265456369641783
90 0 0.0277403250748857
91 0 0.0282199260292650
92 0 0.0362942518344394
93 0 0.05210755363635
94 0 0.0338414061132988
95 0 0.057716142805367
96 0 0.0540660407575351
97 0 0.0359955287091522
98 0 0.126003021381791
99 0 1
100 0 0.0413235992682142

death 1 F divorced
1 0 0.0126875431891296
2 0 0.00549702018547715
3 0 0.00333517008517337
4 0 0.00243124829217523
5 0 0.00199942479768045
6 0 0.00140531122718024
7 0 0.00114670454978538
8 0 0.000868048998386994
9 0 0.00073866019395663
10 0 0.000501045117350163
11 0 0.000525097180874123
12 0 0.000452038840073277
13 0 0.000353854526657593
14 0 0.00034766401667119
15 0 0.000408667299167331
16 0 0.000390420598594732
17 0 0.000371926535649214
18 0 0.000378035017992162
19 0 0.000361384093653272
20 0 0.000332022309613156
21 0 0.000439896071321222
22 0 0.000455388854958438
23 0 0.000476245475447445
24 0 0.000480266579222066
25 0 0.000471219345953733
26 0 0.000443078157269960
27 0 0.000454467588553054
28 0 0.000510681939337232
29 0 0.000566511817004733
30 0 0.000506072896956478
31 0 0.000533563010686189
32 0 0.000591503866764875
33 0 0.00056466703881608
34 0 0.000613146832817435
35 0 0.000605176923904938
36 0 0.000670298974210004
37 0 0.000615579891672713
38 0 0.000671138480612954
39 0 0.00080816590053201
40 0 0.000781096896448674
41 0 0.000803709888713589
42 0 0.000768826030236869
43 0 0.000947168661331377
44 0 0.000886055288912946
45 0 0.000823301157650724
46 0 0.000955252847586463
47 0 0.000961905998960066
48 0 0.000948010730492999
49 0 0.000932686293607765
50 0 0.000940853391463548
51 0 0.00110544635966847
52 0 0.00122437816940602
53 0 0.00111911264081088
54 0 0.00140091044573654
55 0 0.00149506599532923
56 0 0.00147092509317381
57 0 0.00170387724452492
58 0 0.00154218041887710
59 0 0.00180650811439864
60 0 0.00194389900820779
61 0 0.00218583784987580
62 0 0.00255536009757085
63 0 0.00272857810299387
64 0 0.00286290170185255
65 0 0.00308109648365207
66 0 0.00320912338727808
67 0 0.00381469300241488
68 0 0.00409803279106269
69 0 0.00464878906335653
70 0 0.00498985698826981
71 0 0.00509857269481984
72 0 0.00564899824464138
73 0 0.00583215419744043
74 0 0.00679647087272617
75 0 0.00812556132964148
76 0 0.00830175959181578
77 0 0.00884474246453637
78 0 0.0101698233562274
79 0 0.0114924677085128
80 0 0.0125756019844432
81 0 0.0133006106173780
82 0 0.0151636966870654
83 0 0.0149426447383233
84 0 0.0157357407198843
85 0 0.018455888489314
86 0 0.0202357969029677
87 0 0.0231167401481476
88 0 0.0258978835311114
89 0 0.0265456369641783
90 0 0.0277403250748857
91 0 0.0282199260292650
92 0 0.0362942518344394
93 0 0.05210755363635
94 0 0.0338414061132988
95 0 0.057716142805367
96 0 0.0540660407575351
97 0 0.0359955287091522
98 0 0.126003021381791
99 0 1
100 0 0.0413235992682142

death 1 F widowed
1 0 0.0126875431891296
2 0 0.00549702018547715
3 0 0.00333517008517337
4 0 0.00243124829217523
5 0 0.00199942479768045
6 0 0.00140531122718024
7 0 0.00114670454978538
8 0 0.000868048998386994
9 0 0.00073866019395663
10 0 0.000501045117350163
11 0 0.000525097180874123
12 0 0.000452038840073277
13 0 0.000353854526657593
14 0 0.00034766401667119
15 0 0.000408667299167331
16 0 0.000390420598594732
17 0 0.000371926535649214
18 0 0.000378035017992162
19 0 0.000361384093653272
20 0 0.000332022309613156
21 0 0.000439896071321222
22 0 0.000455388854958438
23 0 0.000476245475447445
24 0 0.000480266579222066
25 0 0.000471219345953733
26 0 0.000443078157269960
27 0 0.000454467588553054
28 0 0.000510681939337232
29 0 0.000566511817004733
30 0 0.000506072896956478
31 0 0.000533563010686189
32 0 0.000591503866764875
33 0 0.00056466703881608
34 0 0.000613146832817435
35 0 0.000605176923904938
36 0 0.000670298974210004
37 0 0.000615579891672713
38 0 0.000671138480612954
39 0 0.00080816590053201
40 0 0.000781096896448674
41 0 0.000803709888713589
42 0 0.000768826030236869
43 0 0.000947168661331377
44 0 0.000886055288912946
45 0 0.000823301157650724
46 0 0.000955252847586463
47 0 0.000961905998960066
48 0 0.000948010730492999
49 0 0.000932686293607765
50 0 0.000940853391463548
51 0 0.00110544635966847
52 0 0.00122437816940602
53 0 0.00111911264081088
54 0 0.00140091044573654
55 0 0.00149506599532923
56 0 0.00147092509317381
57 0 0.00170387724452492
58 0 0.00154218041887710
59 0 0.00180650811439864
60 0 0.00194389900820779
61 0 0.00218583784987580
62 0 0.00255536009757085
63 0 0.00272857810299387
64 0 0.00286290170185255
65 0 0.00308109648365207
66 0 0.00320912338727808
67 0 0.00381469300241488
68 0 0.00409803279106269
69 0 0.00464878906335653
70 0 0.00498985698826981
71 0 0.00509857269481984
72 0 0.00564899824464138
73 0 0.00583215419744043
74 0 0.00679647087272617
75 0 0.00812556132964148
76 0 0.00830175959181578
77 0 0.00884474246453637
78 0 0.0101698233562274
79 0 0.0114924677085128
80 0 0.0125756019844432
81 0 0.0133006106173780
82 0 0.0151636966870654
83 0 0.0149426447383233
84 0 0.0157357407198843
85 0 0.018455888489314
86 0 0.0202357969029677
87 0 0.0231167401481476
88 0 0.0258978835311114
89 0 0.0265456369641783
90 0 0.0277403250748857
91 0 0.0282199260292650
92 0 0.0362942518344394
93 0 0.05210755363635
94 0 0.0338414061132988
95 0 0.057716142805367
96 0 0.0540660407575351
97 0 0.0359955287091522
98 0 0.126003021381791
99 0 1
100 0 0.0413235992682142
