*Period monthly mortality rates for SWE in 1896 
* Mon Dec 20 14:20:27 2010
death 1 M married
1 0 0.0105884648078373
2 0 0.00251482735245501
3 0 0.00122319568154028
4 0 0.00088900058265251
5 0 0.00068499145639922
6 0 0.000551503118152441
7 0 0.000487722846695515
8 0 0.000461000406595469
9 0 0.000379624964302883
10 0 0.000374269466636323
11 0 0.000349002469585802
12 0 0.000274163031952046
13 0 0.000292720810568636
14 0 0.000244996525350261
15 0 0.000311198760200360
16 0 0.000248756724111621
17 0 0.000333025974686985
18 0 0.000434788218981241
19 0 0.00046116792092632
20 0 0.000480853005057069
21 0 0.000497190674715542
22 0 0.000510765742271824
23 0 0.000508167887237732
24 0 0.000506575690218725
25 0 0.000560809896363201
26 0 0.000482360974582985
27 0 0.000531886546108806
28 0 0.000498866499248907
29 0 0.000445422923485594
30 0 0.000520738843400315
31 0 0.000515794059800068
32 0 0.000539766198593417
33 0 0.000547646534484358
34 0 0.000436211689955557
35 0 0.000548065720431978
36 0 0.00058848432786085
37 0 0.000642263916014407
38 0 0.000557036763270569
39 0 0.000630850921264803
40 0 0.00061230786211286
41 0 0.000585632633260058
42 0 0.00062858527669396
43 0 0.000672985422006889
44 0 0.000751263085503218
45 0 0.000773112240329388
46 0 0.000718667193316147
47 0 0.000785215572405074
48 0 0.000797993061601221
49 0 0.00088672849049043
50 0 0.000901961009856067
51 0 0.00111017027363947
52 0 0.0010682541220437
53 0 0.000958537253808123
54 0 0.00105940107204283
55 0 0.00124946743423937
56 0 0.00127718350233230
57 0 0.00153150126602342
58 0 0.00133881447033712
59 0 0.00159703682043000
60 0 0.00160602727506620
61 0 0.00181254383978369
62 0 0.00170676427488281
63 0 0.00202191730167312
64 0 0.00204577908279457
65 0 0.00223894952215653
66 0 0.00282274705375085
67 0 0.00289472851090844
68 0 0.00309402899465361
69 0 0.00344797452945689
70 0 0.00398624489494748
71 0 0.00426217440686394
72 0 0.00403868001813512
73 0 0.0051835923432888
74 0 0.0051232589639677
75 0 0.00587837913318956
76 0 0.00643546754551139
77 0 0.0070604032798357
78 0 0.00824067625252534
79 0 0.00951794426326902
80 0 0.0107472142703520
81 0 0.0112105279192539
82 0 0.0134877407006423
83 0 0.0149651680450672
84 0 0.0150205660356837
85 0 0.0182679848806078
86 0 0.021265796630929
87 0 0.0225226922059719
88 0 0.0227106819471176
89 0 0.0313425201329951
90 0 0.0284368963419087
91 0 0.0406589438201772
92 0 0.0383219508728521
93 0 0.0416857207241583
94 0 0.0638238526604523
95 0 0.125100428520577
96 0 0.0932383517989566
97 0 0.00608169374726453
98 0 0.0276498664838852
99 0 0
100 0 1

death 1 M single
1 0 0.0105884648078373
2 0 0.00251482735245501
3 0 0.00122319568154028
4 0 0.00088900058265251
5 0 0.00068499145639922
6 0 0.000551503118152441
7 0 0.000487722846695515
8 0 0.000461000406595469
9 0 0.000379624964302883
10 0 0.000374269466636323
11 0 0.000349002469585802
12 0 0.000274163031952046
13 0 0.000292720810568636
14 0 0.000244996525350261
15 0 0.000311198760200360
16 0 0.000248756724111621
17 0 0.000333025974686985
18 0 0.000434788218981241
19 0 0.00046116792092632
20 0 0.000480853005057069
21 0 0.000497190674715542
22 0 0.000510765742271824
23 0 0.000508167887237732
24 0 0.000506575690218725
25 0 0.000560809896363201
26 0 0.000482360974582985
27 0 0.000531886546108806
28 0 0.000498866499248907
29 0 0.000445422923485594
30 0 0.000520738843400315
31 0 0.000515794059800068
32 0 0.000539766198593417
33 0 0.000547646534484358
34 0 0.000436211689955557
35 0 0.000548065720431978
36 0 0.00058848432786085
37 0 0.000642263916014407
38 0 0.000557036763270569
39 0 0.000630850921264803
40 0 0.00061230786211286
41 0 0.000585632633260058
42 0 0.00062858527669396
43 0 0.000672985422006889
44 0 0.000751263085503218
45 0 0.000773112240329388
46 0 0.000718667193316147
47 0 0.000785215572405074
48 0 0.000797993061601221
49 0 0.00088672849049043
50 0 0.000901961009856067
51 0 0.00111017027363947
52 0 0.0010682541220437
53 0 0.000958537253808123
54 0 0.00105940107204283
55 0 0.00124946743423937
56 0 0.00127718350233230
57 0 0.00153150126602342
58 0 0.00133881447033712
59 0 0.00159703682043000
60 0 0.00160602727506620
61 0 0.00181254383978369
62 0 0.00170676427488281
63 0 0.00202191730167312
64 0 0.00204577908279457
65 0 0.00223894952215653
66 0 0.00282274705375085
67 0 0.00289472851090844
68 0 0.00309402899465361
69 0 0.00344797452945689
70 0 0.00398624489494748
71 0 0.00426217440686394
72 0 0.00403868001813512
73 0 0.0051835923432888
74 0 0.0051232589639677
75 0 0.00587837913318956
76 0 0.00643546754551139
77 0 0.0070604032798357
78 0 0.00824067625252534
79 0 0.00951794426326902
80 0 0.0107472142703520
81 0 0.0112105279192539
82 0 0.0134877407006423
83 0 0.0149651680450672
84 0 0.0150205660356837
85 0 0.0182679848806078
86 0 0.021265796630929
87 0 0.0225226922059719
88 0 0.0227106819471176
89 0 0.0313425201329951
90 0 0.0284368963419087
91 0 0.0406589438201772
92 0 0.0383219508728521
93 0 0.0416857207241583
94 0 0.0638238526604523
95 0 0.125100428520577
96 0 0.0932383517989566
97 0 0.00608169374726453
98 0 0.0276498664838852
99 0 0
100 0 1

death 1 M divorced
1 0 0.0105884648078373
2 0 0.00251482735245501
3 0 0.00122319568154028
4 0 0.00088900058265251
5 0 0.00068499145639922
6 0 0.000551503118152441
7 0 0.000487722846695515
8 0 0.000461000406595469
9 0 0.000379624964302883
10 0 0.000374269466636323
11 0 0.000349002469585802
12 0 0.000274163031952046
13 0 0.000292720810568636
14 0 0.000244996525350261
15 0 0.000311198760200360
16 0 0.000248756724111621
17 0 0.000333025974686985
18 0 0.000434788218981241
19 0 0.00046116792092632
20 0 0.000480853005057069
21 0 0.000497190674715542
22 0 0.000510765742271824
23 0 0.000508167887237732
24 0 0.000506575690218725
25 0 0.000560809896363201
26 0 0.000482360974582985
27 0 0.000531886546108806
28 0 0.000498866499248907
29 0 0.000445422923485594
30 0 0.000520738843400315
31 0 0.000515794059800068
32 0 0.000539766198593417
33 0 0.000547646534484358
34 0 0.000436211689955557
35 0 0.000548065720431978
36 0 0.00058848432786085
37 0 0.000642263916014407
38 0 0.000557036763270569
39 0 0.000630850921264803
40 0 0.00061230786211286
41 0 0.000585632633260058
42 0 0.00062858527669396
43 0 0.000672985422006889
44 0 0.000751263085503218
45 0 0.000773112240329388
46 0 0.000718667193316147
47 0 0.000785215572405074
48 0 0.000797993061601221
49 0 0.00088672849049043
50 0 0.000901961009856067
51 0 0.00111017027363947
52 0 0.0010682541220437
53 0 0.000958537253808123
54 0 0.00105940107204283
55 0 0.00124946743423937
56 0 0.00127718350233230
57 0 0.00153150126602342
58 0 0.00133881447033712
59 0 0.00159703682043000
60 0 0.00160602727506620
61 0 0.00181254383978369
62 0 0.00170676427488281
63 0 0.00202191730167312
64 0 0.00204577908279457
65 0 0.00223894952215653
66 0 0.00282274705375085
67 0 0.00289472851090844
68 0 0.00309402899465361
69 0 0.00344797452945689
70 0 0.00398624489494748
71 0 0.00426217440686394
72 0 0.00403868001813512
73 0 0.0051835923432888
74 0 0.0051232589639677
75 0 0.00587837913318956
76 0 0.00643546754551139
77 0 0.0070604032798357
78 0 0.00824067625252534
79 0 0.00951794426326902
80 0 0.0107472142703520
81 0 0.0112105279192539
82 0 0.0134877407006423
83 0 0.0149651680450672
84 0 0.0150205660356837
85 0 0.0182679848806078
86 0 0.021265796630929
87 0 0.0225226922059719
88 0 0.0227106819471176
89 0 0.0313425201329951
90 0 0.0284368963419087
91 0 0.0406589438201772
92 0 0.0383219508728521
93 0 0.0416857207241583
94 0 0.0638238526604523
95 0 0.125100428520577
96 0 0.0932383517989566
97 0 0.00608169374726453
98 0 0.0276498664838852
99 0 0
100 0 1

death 1 M widowed
1 0 0.0105884648078373
2 0 0.00251482735245501
3 0 0.00122319568154028
4 0 0.00088900058265251
5 0 0.00068499145639922
6 0 0.000551503118152441
7 0 0.000487722846695515
8 0 0.000461000406595469
9 0 0.000379624964302883
10 0 0.000374269466636323
11 0 0.000349002469585802
12 0 0.000274163031952046
13 0 0.000292720810568636
14 0 0.000244996525350261
15 0 0.000311198760200360
16 0 0.000248756724111621
17 0 0.000333025974686985
18 0 0.000434788218981241
19 0 0.00046116792092632
20 0 0.000480853005057069
21 0 0.000497190674715542
22 0 0.000510765742271824
23 0 0.000508167887237732
24 0 0.000506575690218725
25 0 0.000560809896363201
26 0 0.000482360974582985
27 0 0.000531886546108806
28 0 0.000498866499248907
29 0 0.000445422923485594
30 0 0.000520738843400315
31 0 0.000515794059800068
32 0 0.000539766198593417
33 0 0.000547646534484358
34 0 0.000436211689955557
35 0 0.000548065720431978
36 0 0.00058848432786085
37 0 0.000642263916014407
38 0 0.000557036763270569
39 0 0.000630850921264803
40 0 0.00061230786211286
41 0 0.000585632633260058
42 0 0.00062858527669396
43 0 0.000672985422006889
44 0 0.000751263085503218
45 0 0.000773112240329388
46 0 0.000718667193316147
47 0 0.000785215572405074
48 0 0.000797993061601221
49 0 0.00088672849049043
50 0 0.000901961009856067
51 0 0.00111017027363947
52 0 0.0010682541220437
53 0 0.000958537253808123
54 0 0.00105940107204283
55 0 0.00124946743423937
56 0 0.00127718350233230
57 0 0.00153150126602342
58 0 0.00133881447033712
59 0 0.00159703682043000
60 0 0.00160602727506620
61 0 0.00181254383978369
62 0 0.00170676427488281
63 0 0.00202191730167312
64 0 0.00204577908279457
65 0 0.00223894952215653
66 0 0.00282274705375085
67 0 0.00289472851090844
68 0 0.00309402899465361
69 0 0.00344797452945689
70 0 0.00398624489494748
71 0 0.00426217440686394
72 0 0.00403868001813512
73 0 0.0051835923432888
74 0 0.0051232589639677
75 0 0.00587837913318956
76 0 0.00643546754551139
77 0 0.0070604032798357
78 0 0.00824067625252534
79 0 0.00951794426326902
80 0 0.0107472142703520
81 0 0.0112105279192539
82 0 0.0134877407006423
83 0 0.0149651680450672
84 0 0.0150205660356837
85 0 0.0182679848806078
86 0 0.021265796630929
87 0 0.0225226922059719
88 0 0.0227106819471176
89 0 0.0313425201329951
90 0 0.0284368963419087
91 0 0.0406589438201772
92 0 0.0383219508728521
93 0 0.0416857207241583
94 0 0.0638238526604523
95 0 0.125100428520577
96 0 0.0932383517989566
97 0 0.00608169374726453
98 0 0.0276498664838852
99 0 0
100 0 1

death 1 F married
1 0 0.00874454806445446
2 0 0.00238674989757659
3 0 0.00121829696728837
4 0 0.000882268623007776
5 0 0.000729419184602675
6 0 0.000602576368071484
7 0 0.000467701220718486
8 0 0.000401217515542784
9 0 0.000359543475220381
10 0 0.000345070820244819
11 0 0.000331520481232861
12 0 0.000276001921948987
13 0 0.000307937672553105
14 0 0.000298907578957786
15 0 0.000299492835610149
16 0 0.000330684106756962
17 0 0.00040649089473499
18 0 0.000354105502173296
19 0 0.000372930641532876
20 0 0.000462508046691013
21 0 0.000441905796850772
22 0 0.000423819867023223
23 0 0.000438891225224336
24 0 0.000447684005353555
25 0 0.000488309320654023
26 0 0.000443748084300588
27 0 0.000470465450507773
28 0 0.000426666487646665
29 0 0.000479847705942782
30 0 0.000461754223516464
31 0 0.000488141756279648
32 0 0.000486717471573361
33 0 0.00052685733796265
34 0 0.000510095320958803
35 0 0.000580432714695212
36 0 0.000556869072103172
37 0 0.000614069709540699
38 0 0.00058252942024517
39 0 0.000555443709675751
40 0 0.000615495992006831
41 0 0.000587897206949628
42 0 0.000584626174182423
43 0 0.000624557603624565
44 0 0.000647719162567784
45 0 0.00064503346178979
46 0 0.000740844569894317
47 0 0.000656112489257787
48 0 0.000579594046023035
49 0 0.000645788807108971
50 0 0.000812538049111522
51 0 0.000818508053369138
52 0 0.00084012106833442
53 0 0.00097521376402132
54 0 0.000975550694775063
55 0 0.000861486845459725
56 0 0.000975382229241872
57 0 0.000905832665026529
58 0 0.00118198715398299
59 0 0.00131860437148634
60 0 0.00126442292003692
61 0 0.00145161699283369
62 0 0.00151260393959685
63 0 0.00180820827811734
64 0 0.00187870810374480
65 0 0.00200351392912124
66 0 0.00229713480435134
67 0 0.00231286234500894
68 0 0.00266857066512927
69 0 0.00282403654116659
70 0 0.00335747761364869
71 0 0.00368676274320734
72 0 0.00385824614091135
73 0 0.00442836423481074
74 0 0.00460283753888036
75 0 0.00560031973329833
76 0 0.00611378160932696
77 0 0.00626689057376273
78 0 0.00721575876499703
79 0 0.008453139661591
80 0 0.00936227076463958
81 0 0.0107018018802088
82 0 0.0112315672669240
83 0 0.0119465227644582
84 0 0.0145028560120363
85 0 0.0159851247996337
86 0 0.0166732848369054
87 0 0.0184596731037906
88 0 0.0210041774855407
89 0 0.0238557480913149
90 0 0.0265825036039946
91 0 0.0274641322611142
92 0 0.0310609685283372
93 0 0.0375969400113875
94 0 0.0342122739971991
95 0 0.0313550597115408
96 0 0.0532184460899061
97 0 0.0505701929517354
98 0 0.0582209979649656
99 0 0.188437172771099
100 0 0.0343828055511991

death 1 F single
1 0 0.00874454806445446
2 0 0.00238674989757659
3 0 0.00121829696728837
4 0 0.000882268623007776
5 0 0.000729419184602675
6 0 0.000602576368071484
7 0 0.000467701220718486
8 0 0.000401217515542784
9 0 0.000359543475220381
10 0 0.000345070820244819
11 0 0.000331520481232861
12 0 0.000276001921948987
13 0 0.000307937672553105
14 0 0.000298907578957786
15 0 0.000299492835610149
16 0 0.000330684106756962
17 0 0.00040649089473499
18 0 0.000354105502173296
19 0 0.000372930641532876
20 0 0.000462508046691013
21 0 0.000441905796850772
22 0 0.000423819867023223
23 0 0.000438891225224336
24 0 0.000447684005353555
25 0 0.000488309320654023
26 0 0.000443748084300588
27 0 0.000470465450507773
28 0 0.000426666487646665
29 0 0.000479847705942782
30 0 0.000461754223516464
31 0 0.000488141756279648
32 0 0.000486717471573361
33 0 0.00052685733796265
34 0 0.000510095320958803
35 0 0.000580432714695212
36 0 0.000556869072103172
37 0 0.000614069709540699
38 0 0.00058252942024517
39 0 0.000555443709675751
40 0 0.000615495992006831
41 0 0.000587897206949628
42 0 0.000584626174182423
43 0 0.000624557603624565
44 0 0.000647719162567784
45 0 0.00064503346178979
46 0 0.000740844569894317
47 0 0.000656112489257787
48 0 0.000579594046023035
49 0 0.000645788807108971
50 0 0.000812538049111522
51 0 0.000818508053369138
52 0 0.00084012106833442
53 0 0.00097521376402132
54 0 0.000975550694775063
55 0 0.000861486845459725
56 0 0.000975382229241872
57 0 0.000905832665026529
58 0 0.00118198715398299
59 0 0.00131860437148634
60 0 0.00126442292003692
61 0 0.00145161699283369
62 0 0.00151260393959685
63 0 0.00180820827811734
64 0 0.00187870810374480
65 0 0.00200351392912124
66 0 0.00229713480435134
67 0 0.00231286234500894
68 0 0.00266857066512927
69 0 0.00282403654116659
70 0 0.00335747761364869
71 0 0.00368676274320734
72 0 0.00385824614091135
73 0 0.00442836423481074
74 0 0.00460283753888036
75 0 0.00560031973329833
76 0 0.00611378160932696
77 0 0.00626689057376273
78 0 0.00721575876499703
79 0 0.008453139661591
80 0 0.00936227076463958
81 0 0.0107018018802088
82 0 0.0112315672669240
83 0 0.0119465227644582
84 0 0.0145028560120363
85 0 0.0159851247996337
86 0 0.0166732848369054
87 0 0.0184596731037906
88 0 0.0210041774855407
89 0 0.0238557480913149
90 0 0.0265825036039946
91 0 0.0274641322611142
92 0 0.0310609685283372
93 0 0.0375969400113875
94 0 0.0342122739971991
95 0 0.0313550597115408
96 0 0.0532184460899061
97 0 0.0505701929517354
98 0 0.0582209979649656
99 0 0.188437172771099
100 0 0.0343828055511991

death 1 F divorced
1 0 0.00874454806445446
2 0 0.00238674989757659
3 0 0.00121829696728837
4 0 0.000882268623007776
5 0 0.000729419184602675
6 0 0.000602576368071484
7 0 0.000467701220718486
8 0 0.000401217515542784
9 0 0.000359543475220381
10 0 0.000345070820244819
11 0 0.000331520481232861
12 0 0.000276001921948987
13 0 0.000307937672553105
14 0 0.000298907578957786
15 0 0.000299492835610149
16 0 0.000330684106756962
17 0 0.00040649089473499
18 0 0.000354105502173296
19 0 0.000372930641532876
20 0 0.000462508046691013
21 0 0.000441905796850772
22 0 0.000423819867023223
23 0 0.000438891225224336
24 0 0.000447684005353555
25 0 0.000488309320654023
26 0 0.000443748084300588
27 0 0.000470465450507773
28 0 0.000426666487646665
29 0 0.000479847705942782
30 0 0.000461754223516464
31 0 0.000488141756279648
32 0 0.000486717471573361
33 0 0.00052685733796265
34 0 0.000510095320958803
35 0 0.000580432714695212
36 0 0.000556869072103172
37 0 0.000614069709540699
38 0 0.00058252942024517
39 0 0.000555443709675751
40 0 0.000615495992006831
41 0 0.000587897206949628
42 0 0.000584626174182423
43 0 0.000624557603624565
44 0 0.000647719162567784
45 0 0.00064503346178979
46 0 0.000740844569894317
47 0 0.000656112489257787
48 0 0.000579594046023035
49 0 0.000645788807108971
50 0 0.000812538049111522
51 0 0.000818508053369138
52 0 0.00084012106833442
53 0 0.00097521376402132
54 0 0.000975550694775063
55 0 0.000861486845459725
56 0 0.000975382229241872
57 0 0.000905832665026529
58 0 0.00118198715398299
59 0 0.00131860437148634
60 0 0.00126442292003692
61 0 0.00145161699283369
62 0 0.00151260393959685
63 0 0.00180820827811734
64 0 0.00187870810374480
65 0 0.00200351392912124
66 0 0.00229713480435134
67 0 0.00231286234500894
68 0 0.00266857066512927
69 0 0.00282403654116659
70 0 0.00335747761364869
71 0 0.00368676274320734
72 0 0.00385824614091135
73 0 0.00442836423481074
74 0 0.00460283753888036
75 0 0.00560031973329833
76 0 0.00611378160932696
77 0 0.00626689057376273
78 0 0.00721575876499703
79 0 0.008453139661591
80 0 0.00936227076463958
81 0 0.0107018018802088
82 0 0.0112315672669240
83 0 0.0119465227644582
84 0 0.0145028560120363
85 0 0.0159851247996337
86 0 0.0166732848369054
87 0 0.0184596731037906
88 0 0.0210041774855407
89 0 0.0238557480913149
90 0 0.0265825036039946
91 0 0.0274641322611142
92 0 0.0310609685283372
93 0 0.0375969400113875
94 0 0.0342122739971991
95 0 0.0313550597115408
96 0 0.0532184460899061
97 0 0.0505701929517354
98 0 0.0582209979649656
99 0 0.188437172771099
100 0 0.0343828055511991

death 1 F widowed
1 0 0.00874454806445446
2 0 0.00238674989757659
3 0 0.00121829696728837
4 0 0.000882268623007776
5 0 0.000729419184602675
6 0 0.000602576368071484
7 0 0.000467701220718486
8 0 0.000401217515542784
9 0 0.000359543475220381
10 0 0.000345070820244819
11 0 0.000331520481232861
12 0 0.000276001921948987
13 0 0.000307937672553105
14 0 0.000298907578957786
15 0 0.000299492835610149
16 0 0.000330684106756962
17 0 0.00040649089473499
18 0 0.000354105502173296
19 0 0.000372930641532876
20 0 0.000462508046691013
21 0 0.000441905796850772
22 0 0.000423819867023223
23 0 0.000438891225224336
24 0 0.000447684005353555
25 0 0.000488309320654023
26 0 0.000443748084300588
27 0 0.000470465450507773
28 0 0.000426666487646665
29 0 0.000479847705942782
30 0 0.000461754223516464
31 0 0.000488141756279648
32 0 0.000486717471573361
33 0 0.00052685733796265
34 0 0.000510095320958803
35 0 0.000580432714695212
36 0 0.000556869072103172
37 0 0.000614069709540699
38 0 0.00058252942024517
39 0 0.000555443709675751
40 0 0.000615495992006831
41 0 0.000587897206949628
42 0 0.000584626174182423
43 0 0.000624557603624565
44 0 0.000647719162567784
45 0 0.00064503346178979
46 0 0.000740844569894317
47 0 0.000656112489257787
48 0 0.000579594046023035
49 0 0.000645788807108971
50 0 0.000812538049111522
51 0 0.000818508053369138
52 0 0.00084012106833442
53 0 0.00097521376402132
54 0 0.000975550694775063
55 0 0.000861486845459725
56 0 0.000975382229241872
57 0 0.000905832665026529
58 0 0.00118198715398299
59 0 0.00131860437148634
60 0 0.00126442292003692
61 0 0.00145161699283369
62 0 0.00151260393959685
63 0 0.00180820827811734
64 0 0.00187870810374480
65 0 0.00200351392912124
66 0 0.00229713480435134
67 0 0.00231286234500894
68 0 0.00266857066512927
69 0 0.00282403654116659
70 0 0.00335747761364869
71 0 0.00368676274320734
72 0 0.00385824614091135
73 0 0.00442836423481074
74 0 0.00460283753888036
75 0 0.00560031973329833
76 0 0.00611378160932696
77 0 0.00626689057376273
78 0 0.00721575876499703
79 0 0.008453139661591
80 0 0.00936227076463958
81 0 0.0107018018802088
82 0 0.0112315672669240
83 0 0.0119465227644582
84 0 0.0145028560120363
85 0 0.0159851247996337
86 0 0.0166732848369054
87 0 0.0184596731037906
88 0 0.0210041774855407
89 0 0.0238557480913149
90 0 0.0265825036039946
91 0 0.0274641322611142
92 0 0.0310609685283372
93 0 0.0375969400113875
94 0 0.0342122739971991
95 0 0.0313550597115408
96 0 0.0532184460899061
97 0 0.0505701929517354
98 0 0.0582209979649656
99 0 0.188437172771099
100 0 0.0343828055511991
