*Period monthly mortality rates for SWE in 1984 
* Mon Dec 20 14:21:34 2010
death 1 M married
1 0 0.000613314627888051
2 0 0.000033172718358343
3 0 0.0000138343859310552
4 0 0.0000152512792432891
5 0 0.0000134176568067357
6 0 0.0000120007920728638
7 0 0.0000170849386651462
8 0 0.0000198354971484571
9 0 0.0000127508941811794
10 0 0.0000165848460638163
11 0 0.0000146678499107766
12 0 0.0000233363283135279
13 0 0.0000143344634019327
14 0 0.0000145845031690461
15 0 0.0000194187405135882
16 0 0.000038007944314522
17 0 0.0000358403974268784
18 0 0.0000357570312710109
19 0 0.0000801186283768685
20 0 0.000066941307430457
21 0 0.000085540232749981
22 0 0.0000647730705471972
23 0 0.0000744471421767479
24 0 0.000101640133028935
25 0 0.0000811195156158462
26 0 0.0000926305110285908
27 0 0.0000991373706747956
28 0 0.0000927973477653499
29 0 0.0000822872313233081
30 0 0.0000819535967333529
31 0 0.000119244841917165
32 0 0.0000933812787555777
33 0 0.0000795347825768289
34 0 0.00010497725669667
35 0 0.000101806986302688
36 0 0.000119328284674758
37 0 0.000134349228990027
38 0 0.000131929020212751
39 0 0.000133013933420023
40 0 0.000155132294736626
41 0 0.000161977557459614
42 0 0.000165149927191854
43 0 0.000210994681027477
44 0 0.000212748764747639
45 0 0.000238646320656399
46 0 0.000227701614475162
47 0 0.000257531126259258
48 0 0.00032608418472313
49 0 0.000334949697061715
50 0 0.000359376148120538
51 0 0.000433281038724531
52 0 0.000450280131697789
53 0 0.000485376988714203
54 0 0.000521828408169944
55 0 0.000627326609678902
56 0 0.00067374099976314
57 0 0.000812285804050128
58 0 0.00077201965776652
59 0 0.000907600214648752
60 0 0.000983890129265697
61 0 0.00103571286849991
62 0 0.00121449642278026
63 0 0.00138660937920243
64 0 0.00143866254351699
65 0 0.00174396423364476
66 0 0.00189708617643669
67 0 0.00195181702030267
68 0 0.00218225265174277
69 0 0.00241729740744401
70 0 0.00275709340802666
71 0 0.00285825764240299
72 0 0.00331537459191178
73 0 0.00370820212217904
74 0 0.00401123924760571
75 0 0.00448193169181577
76 0 0.00502332116121051
77 0 0.00610344094269977
78 0 0.00623492683381688
79 0 0.00695821110606998
80 0 0.00786468005297025
81 0 0.0083390325379813
82 0 0.00920003903541255
83 0 0.0101942583043453
84 0 0.0113020802633697
85 0 0.0130971056344479
86 0 0.0136781709551270
87 0 0.0137396676593627
88 0 0.0170454342230211
89 0 0.0186687922065385
90 0 0.0218554082119062
91 0 0.0232146608858186
92 0 0.0248804453644967
93 0 0.0293679640362917
94 0 0.0306647335143668
95 0 0.0291627741882318
96 0 0.0378869117656392
97 0 0.0446440257595612
98 0 0.040766624256664
99 0 0.0377847585262193
100 0 0.0613068293613657

death 1 M single
1 0 0.000613314627888051
2 0 0.000033172718358343
3 0 0.0000138343859310552
4 0 0.0000152512792432891
5 0 0.0000134176568067357
6 0 0.0000120007920728638
7 0 0.0000170849386651462
8 0 0.0000198354971484571
9 0 0.0000127508941811794
10 0 0.0000165848460638163
11 0 0.0000146678499107766
12 0 0.0000233363283135279
13 0 0.0000143344634019327
14 0 0.0000145845031690461
15 0 0.0000194187405135882
16 0 0.000038007944314522
17 0 0.0000358403974268784
18 0 0.0000357570312710109
19 0 0.0000801186283768685
20 0 0.000066941307430457
21 0 0.000085540232749981
22 0 0.0000647730705471972
23 0 0.0000744471421767479
24 0 0.000101640133028935
25 0 0.0000811195156158462
26 0 0.0000926305110285908
27 0 0.0000991373706747956
28 0 0.0000927973477653499
29 0 0.0000822872313233081
30 0 0.0000819535967333529
31 0 0.000119244841917165
32 0 0.0000933812787555777
33 0 0.0000795347825768289
34 0 0.00010497725669667
35 0 0.000101806986302688
36 0 0.000119328284674758
37 0 0.000134349228990027
38 0 0.000131929020212751
39 0 0.000133013933420023
40 0 0.000155132294736626
41 0 0.000161977557459614
42 0 0.000165149927191854
43 0 0.000210994681027477
44 0 0.000212748764747639
45 0 0.000238646320656399
46 0 0.000227701614475162
47 0 0.000257531126259258
48 0 0.00032608418472313
49 0 0.000334949697061715
50 0 0.000359376148120538
51 0 0.000433281038724531
52 0 0.000450280131697789
53 0 0.000485376988714203
54 0 0.000521828408169944
55 0 0.000627326609678902
56 0 0.00067374099976314
57 0 0.000812285804050128
58 0 0.00077201965776652
59 0 0.000907600214648752
60 0 0.000983890129265697
61 0 0.00103571286849991
62 0 0.00121449642278026
63 0 0.00138660937920243
64 0 0.00143866254351699
65 0 0.00174396423364476
66 0 0.00189708617643669
67 0 0.00195181702030267
68 0 0.00218225265174277
69 0 0.00241729740744401
70 0 0.00275709340802666
71 0 0.00285825764240299
72 0 0.00331537459191178
73 0 0.00370820212217904
74 0 0.00401123924760571
75 0 0.00448193169181577
76 0 0.00502332116121051
77 0 0.00610344094269977
78 0 0.00623492683381688
79 0 0.00695821110606998
80 0 0.00786468005297025
81 0 0.0083390325379813
82 0 0.00920003903541255
83 0 0.0101942583043453
84 0 0.0113020802633697
85 0 0.0130971056344479
86 0 0.0136781709551270
87 0 0.0137396676593627
88 0 0.0170454342230211
89 0 0.0186687922065385
90 0 0.0218554082119062
91 0 0.0232146608858186
92 0 0.0248804453644967
93 0 0.0293679640362917
94 0 0.0306647335143668
95 0 0.0291627741882318
96 0 0.0378869117656392
97 0 0.0446440257595612
98 0 0.040766624256664
99 0 0.0377847585262193
100 0 0.0613068293613657

death 1 M divorced
1 0 0.000613314627888051
2 0 0.000033172718358343
3 0 0.0000138343859310552
4 0 0.0000152512792432891
5 0 0.0000134176568067357
6 0 0.0000120007920728638
7 0 0.0000170849386651462
8 0 0.0000198354971484571
9 0 0.0000127508941811794
10 0 0.0000165848460638163
11 0 0.0000146678499107766
12 0 0.0000233363283135279
13 0 0.0000143344634019327
14 0 0.0000145845031690461
15 0 0.0000194187405135882
16 0 0.000038007944314522
17 0 0.0000358403974268784
18 0 0.0000357570312710109
19 0 0.0000801186283768685
20 0 0.000066941307430457
21 0 0.000085540232749981
22 0 0.0000647730705471972
23 0 0.0000744471421767479
24 0 0.000101640133028935
25 0 0.0000811195156158462
26 0 0.0000926305110285908
27 0 0.0000991373706747956
28 0 0.0000927973477653499
29 0 0.0000822872313233081
30 0 0.0000819535967333529
31 0 0.000119244841917165
32 0 0.0000933812787555777
33 0 0.0000795347825768289
34 0 0.00010497725669667
35 0 0.000101806986302688
36 0 0.000119328284674758
37 0 0.000134349228990027
38 0 0.000131929020212751
39 0 0.000133013933420023
40 0 0.000155132294736626
41 0 0.000161977557459614
42 0 0.000165149927191854
43 0 0.000210994681027477
44 0 0.000212748764747639
45 0 0.000238646320656399
46 0 0.000227701614475162
47 0 0.000257531126259258
48 0 0.00032608418472313
49 0 0.000334949697061715
50 0 0.000359376148120538
51 0 0.000433281038724531
52 0 0.000450280131697789
53 0 0.000485376988714203
54 0 0.000521828408169944
55 0 0.000627326609678902
56 0 0.00067374099976314
57 0 0.000812285804050128
58 0 0.00077201965776652
59 0 0.000907600214648752
60 0 0.000983890129265697
61 0 0.00103571286849991
62 0 0.00121449642278026
63 0 0.00138660937920243
64 0 0.00143866254351699
65 0 0.00174396423364476
66 0 0.00189708617643669
67 0 0.00195181702030267
68 0 0.00218225265174277
69 0 0.00241729740744401
70 0 0.00275709340802666
71 0 0.00285825764240299
72 0 0.00331537459191178
73 0 0.00370820212217904
74 0 0.00401123924760571
75 0 0.00448193169181577
76 0 0.00502332116121051
77 0 0.00610344094269977
78 0 0.00623492683381688
79 0 0.00695821110606998
80 0 0.00786468005297025
81 0 0.0083390325379813
82 0 0.00920003903541255
83 0 0.0101942583043453
84 0 0.0113020802633697
85 0 0.0130971056344479
86 0 0.0136781709551270
87 0 0.0137396676593627
88 0 0.0170454342230211
89 0 0.0186687922065385
90 0 0.0218554082119062
91 0 0.0232146608858186
92 0 0.0248804453644967
93 0 0.0293679640362917
94 0 0.0306647335143668
95 0 0.0291627741882318
96 0 0.0378869117656392
97 0 0.0446440257595612
98 0 0.040766624256664
99 0 0.0377847585262193
100 0 0.0613068293613657

death 1 M widowed
1 0 0.000613314627888051
2 0 0.000033172718358343
3 0 0.0000138343859310552
4 0 0.0000152512792432891
5 0 0.0000134176568067357
6 0 0.0000120007920728638
7 0 0.0000170849386651462
8 0 0.0000198354971484571
9 0 0.0000127508941811794
10 0 0.0000165848460638163
11 0 0.0000146678499107766
12 0 0.0000233363283135279
13 0 0.0000143344634019327
14 0 0.0000145845031690461
15 0 0.0000194187405135882
16 0 0.000038007944314522
17 0 0.0000358403974268784
18 0 0.0000357570312710109
19 0 0.0000801186283768685
20 0 0.000066941307430457
21 0 0.000085540232749981
22 0 0.0000647730705471972
23 0 0.0000744471421767479
24 0 0.000101640133028935
25 0 0.0000811195156158462
26 0 0.0000926305110285908
27 0 0.0000991373706747956
28 0 0.0000927973477653499
29 0 0.0000822872313233081
30 0 0.0000819535967333529
31 0 0.000119244841917165
32 0 0.0000933812787555777
33 0 0.0000795347825768289
34 0 0.00010497725669667
35 0 0.000101806986302688
36 0 0.000119328284674758
37 0 0.000134349228990027
38 0 0.000131929020212751
39 0 0.000133013933420023
40 0 0.000155132294736626
41 0 0.000161977557459614
42 0 0.000165149927191854
43 0 0.000210994681027477
44 0 0.000212748764747639
45 0 0.000238646320656399
46 0 0.000227701614475162
47 0 0.000257531126259258
48 0 0.00032608418472313
49 0 0.000334949697061715
50 0 0.000359376148120538
51 0 0.000433281038724531
52 0 0.000450280131697789
53 0 0.000485376988714203
54 0 0.000521828408169944
55 0 0.000627326609678902
56 0 0.00067374099976314
57 0 0.000812285804050128
58 0 0.00077201965776652
59 0 0.000907600214648752
60 0 0.000983890129265697
61 0 0.00103571286849991
62 0 0.00121449642278026
63 0 0.00138660937920243
64 0 0.00143866254351699
65 0 0.00174396423364476
66 0 0.00189708617643669
67 0 0.00195181702030267
68 0 0.00218225265174277
69 0 0.00241729740744401
70 0 0.00275709340802666
71 0 0.00285825764240299
72 0 0.00331537459191178
73 0 0.00370820212217904
74 0 0.00401123924760571
75 0 0.00448193169181577
76 0 0.00502332116121051
77 0 0.00610344094269977
78 0 0.00623492683381688
79 0 0.00695821110606998
80 0 0.00786468005297025
81 0 0.0083390325379813
82 0 0.00920003903541255
83 0 0.0101942583043453
84 0 0.0113020802633697
85 0 0.0130971056344479
86 0 0.0136781709551270
87 0 0.0137396676593627
88 0 0.0170454342230211
89 0 0.0186687922065385
90 0 0.0218554082119062
91 0 0.0232146608858186
92 0 0.0248804453644967
93 0 0.0293679640362917
94 0 0.0306647335143668
95 0 0.0291627741882318
96 0 0.0378869117656392
97 0 0.0446440257595612
98 0 0.040766624256664
99 0 0.0377847585262193
100 0 0.0613068293613657

death 1 F married
1 0 0.000466193494457423
2 0 0.0000370075316366014
3 0 0.0000127508941811794
4 0 0.0000230862644735597
5 0 0.00000525015159980047
6 0 0.0000107506356461506
7 0 0.0000107506356461506
8 0 0.0000122508254212228
9 0 0.00000833371530217786
10 0 0.00000950049641113004
11 0 0.00000766698996346182
12 0 0.0000106672924956586
13 0 0.0000135843482271802
14 0 0.0000137510399533802
15 0 0.0000188352844344708
16 0 0.0000200022003373768
17 0 0.0000159180602082865
18 0 0.0000111673525448053
19 0 0.0000220860159924063
20 0 0.0000260870759533072
21 0 0.0000270040103301783
22 0 0.0000271707266650267
23 0 0.0000325058108229248
24 0 0.0000266705785775256
25 0 0.0000219193089822101
26 0 0.0000185018826420746
27 0 0.0000438439043720651
28 0 0.000037257633773935
29 0 0.0000461783933035642
30 0 0.0000465118966163081
31 0 0.0000430935456615655
32 0 0.0000495134814915144
33 0 0.0000524317840302491
34 0 0.0000627716670180689
35 0 0.0000516813544294559
36 0 0.0000624381040472688
37 0 0.0000583520569852336
38 0 0.0000601865860083706
39 0 0.0000800352216044908
40 0 0.0000696099776699155
41 0 0.0000984699790181898
42 0 0.0000889601802873674
43 0 0.000134349228990027
44 0 0.000108731667270212
45 0 0.000148371016911675
46 0 0.000152878479579011
47 0 0.000155549674046851
48 0 0.000152795006016726
49 0 0.000161393185637904
50 0 0.000212999350899690
51 0 0.000193121662546258
52 0 0.000207068997267523
53 0 0.000321317238466068
54 0 0.000280599309728569
55 0 0.000313372883643637
56 0 0.000367910223057155
57 0 0.000372177561079989
58 0 0.000455388854958438
59 0 0.000440398498536498
60 0 0.000489398496619553
61 0 0.000546053645520961
62 0 0.000609707102162016
63 0 0.00070203771316113
64 0 0.000700442115022959
65 0 0.000855093408841934
66 0 0.000843485424256163
67 0 0.00089851032586663
68 0 0.000984648297646884
69 0 0.00123797788685076
70 0 0.00122919274328293
71 0 0.00150735067328223
72 0 0.00166559032224867
73 0 0.00195147644642135
74 0 0.00207229006286469
75 0 0.00225184788437582
76 0 0.00284080154694766
77 0 0.00309213211088544
78 0 0.00345732352988859
79 0 0.00408391010181586
80 0 0.00435218151804295
81 0 0.00503556509666481
82 0 0.00599938702114444
83 0 0.00654513091521558
84 0 0.00733640446269113
85 0 0.00810842524280064
86 0 0.00974402468751001
87 0 0.0110174413576083
88 0 0.0117038405606499
89 0 0.0136740985301943
90 0 0.0155462369589410
91 0 0.0175806475427944
92 0 0.0186442911222776
93 0 0.0211141282556199
94 0 0.0243336110103993
95 0 0.0233706078069053
96 0 0.0285034201775141
97 0 0.0328045892958789
98 0 0.0381621211914172
99 0 0.0360174828420177
100 0 0.0351236939646637

death 1 F single
1 0 0.000466193494457423
2 0 0.0000370075316366014
3 0 0.0000127508941811794
4 0 0.0000230862644735597
5 0 0.00000525015159980047
6 0 0.0000107506356461506
7 0 0.0000107506356461506
8 0 0.0000122508254212228
9 0 0.00000833371530217786
10 0 0.00000950049641113004
11 0 0.00000766698996346182
12 0 0.0000106672924956586
13 0 0.0000135843482271802
14 0 0.0000137510399533802
15 0 0.0000188352844344708
16 0 0.0000200022003373768
17 0 0.0000159180602082865
18 0 0.0000111673525448053
19 0 0.0000220860159924063
20 0 0.0000260870759533072
21 0 0.0000270040103301783
22 0 0.0000271707266650267
23 0 0.0000325058108229248
24 0 0.0000266705785775256
25 0 0.0000219193089822101
26 0 0.0000185018826420746
27 0 0.0000438439043720651
28 0 0.000037257633773935
29 0 0.0000461783933035642
30 0 0.0000465118966163081
31 0 0.0000430935456615655
32 0 0.0000495134814915144
33 0 0.0000524317840302491
34 0 0.0000627716670180689
35 0 0.0000516813544294559
36 0 0.0000624381040472688
37 0 0.0000583520569852336
38 0 0.0000601865860083706
39 0 0.0000800352216044908
40 0 0.0000696099776699155
41 0 0.0000984699790181898
42 0 0.0000889601802873674
43 0 0.000134349228990027
44 0 0.000108731667270212
45 0 0.000148371016911675
46 0 0.000152878479579011
47 0 0.000155549674046851
48 0 0.000152795006016726
49 0 0.000161393185637904
50 0 0.000212999350899690
51 0 0.000193121662546258
52 0 0.000207068997267523
53 0 0.000321317238466068
54 0 0.000280599309728569
55 0 0.000313372883643637
56 0 0.000367910223057155
57 0 0.000372177561079989
58 0 0.000455388854958438
59 0 0.000440398498536498
60 0 0.000489398496619553
61 0 0.000546053645520961
62 0 0.000609707102162016
63 0 0.00070203771316113
64 0 0.000700442115022959
65 0 0.000855093408841934
66 0 0.000843485424256163
67 0 0.00089851032586663
68 0 0.000984648297646884
69 0 0.00123797788685076
70 0 0.00122919274328293
71 0 0.00150735067328223
72 0 0.00166559032224867
73 0 0.00195147644642135
74 0 0.00207229006286469
75 0 0.00225184788437582
76 0 0.00284080154694766
77 0 0.00309213211088544
78 0 0.00345732352988859
79 0 0.00408391010181586
80 0 0.00435218151804295
81 0 0.00503556509666481
82 0 0.00599938702114444
83 0 0.00654513091521558
84 0 0.00733640446269113
85 0 0.00810842524280064
86 0 0.00974402468751001
87 0 0.0110174413576083
88 0 0.0117038405606499
89 0 0.0136740985301943
90 0 0.0155462369589410
91 0 0.0175806475427944
92 0 0.0186442911222776
93 0 0.0211141282556199
94 0 0.0243336110103993
95 0 0.0233706078069053
96 0 0.0285034201775141
97 0 0.0328045892958789
98 0 0.0381621211914172
99 0 0.0360174828420177
100 0 0.0351236939646637

death 1 F divorced
1 0 0.000466193494457423
2 0 0.0000370075316366014
3 0 0.0000127508941811794
4 0 0.0000230862644735597
5 0 0.00000525015159980047
6 0 0.0000107506356461506
7 0 0.0000107506356461506
8 0 0.0000122508254212228
9 0 0.00000833371530217786
10 0 0.00000950049641113004
11 0 0.00000766698996346182
12 0 0.0000106672924956586
13 0 0.0000135843482271802
14 0 0.0000137510399533802
15 0 0.0000188352844344708
16 0 0.0000200022003373768
17 0 0.0000159180602082865
18 0 0.0000111673525448053
19 0 0.0000220860159924063
20 0 0.0000260870759533072
21 0 0.0000270040103301783
22 0 0.0000271707266650267
23 0 0.0000325058108229248
24 0 0.0000266705785775256
25 0 0.0000219193089822101
26 0 0.0000185018826420746
27 0 0.0000438439043720651
28 0 0.000037257633773935
29 0 0.0000461783933035642
30 0 0.0000465118966163081
31 0 0.0000430935456615655
32 0 0.0000495134814915144
33 0 0.0000524317840302491
34 0 0.0000627716670180689
35 0 0.0000516813544294559
36 0 0.0000624381040472688
37 0 0.0000583520569852336
38 0 0.0000601865860083706
39 0 0.0000800352216044908
40 0 0.0000696099776699155
41 0 0.0000984699790181898
42 0 0.0000889601802873674
43 0 0.000134349228990027
44 0 0.000108731667270212
45 0 0.000148371016911675
46 0 0.000152878479579011
47 0 0.000155549674046851
48 0 0.000152795006016726
49 0 0.000161393185637904
50 0 0.000212999350899690
51 0 0.000193121662546258
52 0 0.000207068997267523
53 0 0.000321317238466068
54 0 0.000280599309728569
55 0 0.000313372883643637
56 0 0.000367910223057155
57 0 0.000372177561079989
58 0 0.000455388854958438
59 0 0.000440398498536498
60 0 0.000489398496619553
61 0 0.000546053645520961
62 0 0.000609707102162016
63 0 0.00070203771316113
64 0 0.000700442115022959
65 0 0.000855093408841934
66 0 0.000843485424256163
67 0 0.00089851032586663
68 0 0.000984648297646884
69 0 0.00123797788685076
70 0 0.00122919274328293
71 0 0.00150735067328223
72 0 0.00166559032224867
73 0 0.00195147644642135
74 0 0.00207229006286469
75 0 0.00225184788437582
76 0 0.00284080154694766
77 0 0.00309213211088544
78 0 0.00345732352988859
79 0 0.00408391010181586
80 0 0.00435218151804295
81 0 0.00503556509666481
82 0 0.00599938702114444
83 0 0.00654513091521558
84 0 0.00733640446269113
85 0 0.00810842524280064
86 0 0.00974402468751001
87 0 0.0110174413576083
88 0 0.0117038405606499
89 0 0.0136740985301943
90 0 0.0155462369589410
91 0 0.0175806475427944
92 0 0.0186442911222776
93 0 0.0211141282556199
94 0 0.0243336110103993
95 0 0.0233706078069053
96 0 0.0285034201775141
97 0 0.0328045892958789
98 0 0.0381621211914172
99 0 0.0360174828420177
100 0 0.0351236939646637

death 1 F widowed
1 0 0.000466193494457423
2 0 0.0000370075316366014
3 0 0.0000127508941811794
4 0 0.0000230862644735597
5 0 0.00000525015159980047
6 0 0.0000107506356461506
7 0 0.0000107506356461506
8 0 0.0000122508254212228
9 0 0.00000833371530217786
10 0 0.00000950049641113004
11 0 0.00000766698996346182
12 0 0.0000106672924956586
13 0 0.0000135843482271802
14 0 0.0000137510399533802
15 0 0.0000188352844344708
16 0 0.0000200022003373768
17 0 0.0000159180602082865
18 0 0.0000111673525448053
19 0 0.0000220860159924063
20 0 0.0000260870759533072
21 0 0.0000270040103301783
22 0 0.0000271707266650267
23 0 0.0000325058108229248
24 0 0.0000266705785775256
25 0 0.0000219193089822101
26 0 0.0000185018826420746
27 0 0.0000438439043720651
28 0 0.000037257633773935
29 0 0.0000461783933035642
30 0 0.0000465118966163081
31 0 0.0000430935456615655
32 0 0.0000495134814915144
33 0 0.0000524317840302491
34 0 0.0000627716670180689
35 0 0.0000516813544294559
36 0 0.0000624381040472688
37 0 0.0000583520569852336
38 0 0.0000601865860083706
39 0 0.0000800352216044908
40 0 0.0000696099776699155
41 0 0.0000984699790181898
42 0 0.0000889601802873674
43 0 0.000134349228990027
44 0 0.000108731667270212
45 0 0.000148371016911675
46 0 0.000152878479579011
47 0 0.000155549674046851
48 0 0.000152795006016726
49 0 0.000161393185637904
50 0 0.000212999350899690
51 0 0.000193121662546258
52 0 0.000207068997267523
53 0 0.000321317238466068
54 0 0.000280599309728569
55 0 0.000313372883643637
56 0 0.000367910223057155
57 0 0.000372177561079989
58 0 0.000455388854958438
59 0 0.000440398498536498
60 0 0.000489398496619553
61 0 0.000546053645520961
62 0 0.000609707102162016
63 0 0.00070203771316113
64 0 0.000700442115022959
65 0 0.000855093408841934
66 0 0.000843485424256163
67 0 0.00089851032586663
68 0 0.000984648297646884
69 0 0.00123797788685076
70 0 0.00122919274328293
71 0 0.00150735067328223
72 0 0.00166559032224867
73 0 0.00195147644642135
74 0 0.00207229006286469
75 0 0.00225184788437582
76 0 0.00284080154694766
77 0 0.00309213211088544
78 0 0.00345732352988859
79 0 0.00408391010181586
80 0 0.00435218151804295
81 0 0.00503556509666481
82 0 0.00599938702114444
83 0 0.00654513091521558
84 0 0.00733640446269113
85 0 0.00810842524280064
86 0 0.00974402468751001
87 0 0.0110174413576083
88 0 0.0117038405606499
89 0 0.0136740985301943
90 0 0.0155462369589410
91 0 0.0175806475427944
92 0 0.0186442911222776
93 0 0.0211141282556199
94 0 0.0243336110103993
95 0 0.0233706078069053
96 0 0.0285034201775141
97 0 0.0328045892958789
98 0 0.0381621211914172
99 0 0.0360174828420177
100 0 0.0351236939646637
