*Period monthly mortality rates for SWE in 2026 
* Mon Dec 20 14:21:52 2010
death 1 M married
1 0 0.000265387024029895
2 0 0.0000275041602521009
3 0 0.00000833371530217786
4 0 0.00000666691112360951
5 0 0.00000583352049443597
6 0 0.00000500013750526218
7 0 0.00000416676215586609
8 0 0.00000416676215586609
9 0 0.00000416676215586609
10 0 0.00000416676215586609
11 0 0.00000500013750526218
12 0 0.00000500013750526218
13 0 0.00000500013750526218
14 0 0.00000666691112360951
15 0 0.00000750030939278279
16 0 0.0000108339788730261
17 0 0.0000141677706060328
18 0 0.0000183351822042876
19 0 0.0000233363283135279
20 0 0.0000316721832838152
21 0 0.0000366740631904117
22 0 0.0000391751063537615
23 0 0.0000408425066913409
24 0 0.0000391751063537615
25 0 0.0000391751063537615
26 0 0.0000383414176537977
27 0 0.0000383414176537977
28 0 0.0000358403974268784
29 0 0.0000358403974268784
30 0 0.0000350067393084519
31 0 0.0000358403974268784
32 0 0.0000333394460065861
33 0 0.0000350067393084519
34 0 0.0000375077365993848
35 0 0.0000383414176537977
36 0 0.0000416762183291786
37 0 0.0000441773991204375
38 0 0.0000458448912142861
39 0 0.0000508475510273554
40 0 0.0000550166445189015
41 0 0.0000583520569852336
42 0 0.0000633554051622243
43 0 0.000070860943814588
44 0 0.0000800352216044908
45 0 0.0000850397634148958
46 0 0.000095049673682679
47 0 0.000104226393189744
48 0 0.000113404039220888
49 0 0.000127589496870306
50 0 0.000138438693701781
51 0 0.000151793329249084
52 0 0.000172663876141788
53 0 0.000189363764725003
54 0 0.000216925290815517
55 0 0.000233633314546733
56 0 0.000255358338245082
57 0 0.000282939887389921
58 0 0.000317219537152469
59 0 0.000335618827433160
60 0 0.000377449255310913
61 0 0.000405067889250321
62 0 0.00044860520298573
63 0 0.000498866499248907
64 0 0.000548317232928808
65 0 0.000621285250725911
66 0 0.00068339615762647
67 0 0.000750590887146574
68 0 0.000840541606009881
69 0 0.000920479114542294
70 0 0.00102155347695898
71 0 0.00113961591969747
72 0 0.00125360740689118
73 0 0.00140328007077406
74 0 0.00156761203149802
75 0 0.00175602776816719
76 0 0.00198911759663323
77 0 0.00218950855667577
78 0 0.00253076407179798
79 0 0.0028741688348608
80 0 0.00324046749347273
81 0 0.00370542426464904
82 0 0.00428191587703675
83 0 0.0049755944460661
84 0 0.005687054897764
85 0 0.00667735150370474
86 0 0.00774396176710379
87 0 0.00901738207819747
88 0 0.0103697879575959
89 0 0.0121270357589678
90 0 0.0139446376771010
91 0 0.0160952338062309
92 0 0.0188816913610997
93 0 0.0220780968581850
94 0 0.0248447198840007
95 0 0.0285341227665267
96 0 0.0314438341964552
97 0 0.0367877278765139
98 0 0.0412505869689681
99 0 0.045274733373851
100 0 0.0508450868611311

death 1 M single
1 0 0.000265387024029895
2 0 0.0000275041602521009
3 0 0.00000833371530217786
4 0 0.00000666691112360951
5 0 0.00000583352049443597
6 0 0.00000500013750526218
7 0 0.00000416676215586609
8 0 0.00000416676215586609
9 0 0.00000416676215586609
10 0 0.00000416676215586609
11 0 0.00000500013750526218
12 0 0.00000500013750526218
13 0 0.00000500013750526218
14 0 0.00000666691112360951
15 0 0.00000750030939278279
16 0 0.0000108339788730261
17 0 0.0000141677706060328
18 0 0.0000183351822042876
19 0 0.0000233363283135279
20 0 0.0000316721832838152
21 0 0.0000366740631904117
22 0 0.0000391751063537615
23 0 0.0000408425066913409
24 0 0.0000391751063537615
25 0 0.0000391751063537615
26 0 0.0000383414176537977
27 0 0.0000383414176537977
28 0 0.0000358403974268784
29 0 0.0000358403974268784
30 0 0.0000350067393084519
31 0 0.0000358403974268784
32 0 0.0000333394460065861
33 0 0.0000350067393084519
34 0 0.0000375077365993848
35 0 0.0000383414176537977
36 0 0.0000416762183291786
37 0 0.0000441773991204375
38 0 0.0000458448912142861
39 0 0.0000508475510273554
40 0 0.0000550166445189015
41 0 0.0000583520569852336
42 0 0.0000633554051622243
43 0 0.000070860943814588
44 0 0.0000800352216044908
45 0 0.0000850397634148958
46 0 0.000095049673682679
47 0 0.000104226393189744
48 0 0.000113404039220888
49 0 0.000127589496870306
50 0 0.000138438693701781
51 0 0.000151793329249084
52 0 0.000172663876141788
53 0 0.000189363764725003
54 0 0.000216925290815517
55 0 0.000233633314546733
56 0 0.000255358338245082
57 0 0.000282939887389921
58 0 0.000317219537152469
59 0 0.000335618827433160
60 0 0.000377449255310913
61 0 0.000405067889250321
62 0 0.00044860520298573
63 0 0.000498866499248907
64 0 0.000548317232928808
65 0 0.000621285250725911
66 0 0.00068339615762647
67 0 0.000750590887146574
68 0 0.000840541606009881
69 0 0.000920479114542294
70 0 0.00102155347695898
71 0 0.00113961591969747
72 0 0.00125360740689118
73 0 0.00140328007077406
74 0 0.00156761203149802
75 0 0.00175602776816719
76 0 0.00198911759663323
77 0 0.00218950855667577
78 0 0.00253076407179798
79 0 0.0028741688348608
80 0 0.00324046749347273
81 0 0.00370542426464904
82 0 0.00428191587703675
83 0 0.0049755944460661
84 0 0.005687054897764
85 0 0.00667735150370474
86 0 0.00774396176710379
87 0 0.00901738207819747
88 0 0.0103697879575959
89 0 0.0121270357589678
90 0 0.0139446376771010
91 0 0.0160952338062309
92 0 0.0188816913610997
93 0 0.0220780968581850
94 0 0.0248447198840007
95 0 0.0285341227665267
96 0 0.0314438341964552
97 0 0.0367877278765139
98 0 0.0412505869689681
99 0 0.045274733373851
100 0 0.0508450868611311

death 1 M divorced
1 0 0.000265387024029895
2 0 0.0000275041602521009
3 0 0.00000833371530217786
4 0 0.00000666691112360951
5 0 0.00000583352049443597
6 0 0.00000500013750526218
7 0 0.00000416676215586609
8 0 0.00000416676215586609
9 0 0.00000416676215586609
10 0 0.00000416676215586609
11 0 0.00000500013750526218
12 0 0.00000500013750526218
13 0 0.00000500013750526218
14 0 0.00000666691112360951
15 0 0.00000750030939278279
16 0 0.0000108339788730261
17 0 0.0000141677706060328
18 0 0.0000183351822042876
19 0 0.0000233363283135279
20 0 0.0000316721832838152
21 0 0.0000366740631904117
22 0 0.0000391751063537615
23 0 0.0000408425066913409
24 0 0.0000391751063537615
25 0 0.0000391751063537615
26 0 0.0000383414176537977
27 0 0.0000383414176537977
28 0 0.0000358403974268784
29 0 0.0000358403974268784
30 0 0.0000350067393084519
31 0 0.0000358403974268784
32 0 0.0000333394460065861
33 0 0.0000350067393084519
34 0 0.0000375077365993848
35 0 0.0000383414176537977
36 0 0.0000416762183291786
37 0 0.0000441773991204375
38 0 0.0000458448912142861
39 0 0.0000508475510273554
40 0 0.0000550166445189015
41 0 0.0000583520569852336
42 0 0.0000633554051622243
43 0 0.000070860943814588
44 0 0.0000800352216044908
45 0 0.0000850397634148958
46 0 0.000095049673682679
47 0 0.000104226393189744
48 0 0.000113404039220888
49 0 0.000127589496870306
50 0 0.000138438693701781
51 0 0.000151793329249084
52 0 0.000172663876141788
53 0 0.000189363764725003
54 0 0.000216925290815517
55 0 0.000233633314546733
56 0 0.000255358338245082
57 0 0.000282939887389921
58 0 0.000317219537152469
59 0 0.000335618827433160
60 0 0.000377449255310913
61 0 0.000405067889250321
62 0 0.00044860520298573
63 0 0.000498866499248907
64 0 0.000548317232928808
65 0 0.000621285250725911
66 0 0.00068339615762647
67 0 0.000750590887146574
68 0 0.000840541606009881
69 0 0.000920479114542294
70 0 0.00102155347695898
71 0 0.00113961591969747
72 0 0.00125360740689118
73 0 0.00140328007077406
74 0 0.00156761203149802
75 0 0.00175602776816719
76 0 0.00198911759663323
77 0 0.00218950855667577
78 0 0.00253076407179798
79 0 0.0028741688348608
80 0 0.00324046749347273
81 0 0.00370542426464904
82 0 0.00428191587703675
83 0 0.0049755944460661
84 0 0.005687054897764
85 0 0.00667735150370474
86 0 0.00774396176710379
87 0 0.00901738207819747
88 0 0.0103697879575959
89 0 0.0121270357589678
90 0 0.0139446376771010
91 0 0.0160952338062309
92 0 0.0188816913610997
93 0 0.0220780968581850
94 0 0.0248447198840007
95 0 0.0285341227665267
96 0 0.0314438341964552
97 0 0.0367877278765139
98 0 0.0412505869689681
99 0 0.045274733373851
100 0 0.0508450868611311

death 1 M widowed
1 0 0.000265387024029895
2 0 0.0000275041602521009
3 0 0.00000833371530217786
4 0 0.00000666691112360951
5 0 0.00000583352049443597
6 0 0.00000500013750526218
7 0 0.00000416676215586609
8 0 0.00000416676215586609
9 0 0.00000416676215586609
10 0 0.00000416676215586609
11 0 0.00000500013750526218
12 0 0.00000500013750526218
13 0 0.00000500013750526218
14 0 0.00000666691112360951
15 0 0.00000750030939278279
16 0 0.0000108339788730261
17 0 0.0000141677706060328
18 0 0.0000183351822042876
19 0 0.0000233363283135279
20 0 0.0000316721832838152
21 0 0.0000366740631904117
22 0 0.0000391751063537615
23 0 0.0000408425066913409
24 0 0.0000391751063537615
25 0 0.0000391751063537615
26 0 0.0000383414176537977
27 0 0.0000383414176537977
28 0 0.0000358403974268784
29 0 0.0000358403974268784
30 0 0.0000350067393084519
31 0 0.0000358403974268784
32 0 0.0000333394460065861
33 0 0.0000350067393084519
34 0 0.0000375077365993848
35 0 0.0000383414176537977
36 0 0.0000416762183291786
37 0 0.0000441773991204375
38 0 0.0000458448912142861
39 0 0.0000508475510273554
40 0 0.0000550166445189015
41 0 0.0000583520569852336
42 0 0.0000633554051622243
43 0 0.000070860943814588
44 0 0.0000800352216044908
45 0 0.0000850397634148958
46 0 0.000095049673682679
47 0 0.000104226393189744
48 0 0.000113404039220888
49 0 0.000127589496870306
50 0 0.000138438693701781
51 0 0.000151793329249084
52 0 0.000172663876141788
53 0 0.000189363764725003
54 0 0.000216925290815517
55 0 0.000233633314546733
56 0 0.000255358338245082
57 0 0.000282939887389921
58 0 0.000317219537152469
59 0 0.000335618827433160
60 0 0.000377449255310913
61 0 0.000405067889250321
62 0 0.00044860520298573
63 0 0.000498866499248907
64 0 0.000548317232928808
65 0 0.000621285250725911
66 0 0.00068339615762647
67 0 0.000750590887146574
68 0 0.000840541606009881
69 0 0.000920479114542294
70 0 0.00102155347695898
71 0 0.00113961591969747
72 0 0.00125360740689118
73 0 0.00140328007077406
74 0 0.00156761203149802
75 0 0.00175602776816719
76 0 0.00198911759663323
77 0 0.00218950855667577
78 0 0.00253076407179798
79 0 0.0028741688348608
80 0 0.00324046749347273
81 0 0.00370542426464904
82 0 0.00428191587703675
83 0 0.0049755944460661
84 0 0.005687054897764
85 0 0.00667735150370474
86 0 0.00774396176710379
87 0 0.00901738207819747
88 0 0.0103697879575959
89 0 0.0121270357589678
90 0 0.0139446376771010
91 0 0.0160952338062309
92 0 0.0188816913610997
93 0 0.0220780968581850
94 0 0.0248447198840007
95 0 0.0285341227665267
96 0 0.0314438341964552
97 0 0.0367877278765139
98 0 0.0412505869689681
99 0 0.045274733373851
100 0 0.0508450868611311

death 1 F married
1 0 0.000262879748837208
2 0 0.0000283377495704507
3 0 0.00000916712885190574
4 0 0.00000666691112360951
5 0 0.00000500013750526218
6 0 0.00000500013750526218
7 0 0.00000500013750526218
8 0 0.00000333339444602565
9 0 0.00000333339444602565
10 0 0.00000416676215586609
11 0 0.00000416676215586609
12 0 0.00000416676215586609
13 0 0.00000416676215586609
14 0 0.00000416676215586609
15 0 0.00000583352049443597
16 0 0.00000833371530217786
17 0 0.00000916712885190574
18 0 0.0000108339788730261
19 0 0.0000116674153447516
20 0 0.0000133343112110884
21 0 0.0000158347123201397
22 0 0.0000158347123201397
23 0 0.0000150012376423092
24 0 0.0000150012376423092
25 0 0.0000133343112110884
26 0 0.000012500859457365
27 0 0.0000150012376423092
28 0 0.0000141677706060328
29 0 0.0000141677706060328
30 0 0.0000150012376423092
31 0 0.0000166681946396352
32 0 0.0000175016846010179
33 0 0.0000175016846010179
34 0 0.0000191686874497776
35 0 0.0000200022003373768
36 0 0.0000233363283135279
37 0 0.0000266705785775256
38 0 0.0000283377495704507
39 0 0.0000300049511388067
40 0 0.0000308385633891461
41 0 0.0000325058108229248
42 0 0.0000358403974268784
43 0 0.0000425099376131222
44 0 0.0000458448912142861
45 0 0.0000525151654794387
46 0 0.0000608536966506534
47 0 0.0000683590287403613
48 0 0.0000758649805536749
49 0 0.0000900445807636707
50 0 0.000103392107678624
51 0 0.000117576002849673
52 0 0.000132596657577144
53 0 0.000142611806542514
54 0 0.0001542975418658
55 0 0.000171828962249876
56 0 0.000192704110671182
57 0 0.000216925290815517
58 0 0.000237810800436611
59 0 0.000262879748837208
60 0 0.000282103959876823
61 0 0.000320564585597816
62 0 0.000353185262004341
63 0 0.000374938886584797
64 0 0.000417624589193033
65 0 0.000450280131697789
66 0 0.000503056195808371
67 0 0.000540772160864456
68 0 0.000591084480360493
69 0 0.000648978112138598
70 0 0.000703549358301747
71 0 0.000789250374825579
72 0 0.000866618745165249
73 0 0.000957526654627783
74 0 0.00106876003668399
75 0 0.00119870475277417
76 0 0.00133813790889226
77 0 0.00150658812763438
78 0 0.00171440685741209
79 0 0.00193376836597747
80 0 0.00222878587983211
81 0 0.00255561723412234
82 0 0.00296625056361466
83 0 0.00336318507302258
84 0 0.00391313031435503
85 0 0.00449620418975916
86 0 0.00532488045327206
87 0 0.00623885472866315
88 0 0.00728400852476352
89 0 0.0085554834305005
90 0 0.010023725233685
91 0 0.0115712362120326
92 0 0.0137416083049242
93 0 0.0156788077802049
94 0 0.0181457892303226
95 0 0.0206158048349049
96 0 0.0235150271987669
97 0 0.0265614350720617
98 0 0.0303434560855089
99 0 0.0342057969046143
100 0 0.0371863413913092

death 1 F single
1 0 0.000262879748837208
2 0 0.0000283377495704507
3 0 0.00000916712885190574
4 0 0.00000666691112360951
5 0 0.00000500013750526218
6 0 0.00000500013750526218
7 0 0.00000500013750526218
8 0 0.00000333339444602565
9 0 0.00000333339444602565
10 0 0.00000416676215586609
11 0 0.00000416676215586609
12 0 0.00000416676215586609
13 0 0.00000416676215586609
14 0 0.00000416676215586609
15 0 0.00000583352049443597
16 0 0.00000833371530217786
17 0 0.00000916712885190574
18 0 0.0000108339788730261
19 0 0.0000116674153447516
20 0 0.0000133343112110884
21 0 0.0000158347123201397
22 0 0.0000158347123201397
23 0 0.0000150012376423092
24 0 0.0000150012376423092
25 0 0.0000133343112110884
26 0 0.000012500859457365
27 0 0.0000150012376423092
28 0 0.0000141677706060328
29 0 0.0000141677706060328
30 0 0.0000150012376423092
31 0 0.0000166681946396352
32 0 0.0000175016846010179
33 0 0.0000175016846010179
34 0 0.0000191686874497776
35 0 0.0000200022003373768
36 0 0.0000233363283135279
37 0 0.0000266705785775256
38 0 0.0000283377495704507
39 0 0.0000300049511388067
40 0 0.0000308385633891461
41 0 0.0000325058108229248
42 0 0.0000358403974268784
43 0 0.0000425099376131222
44 0 0.0000458448912142861
45 0 0.0000525151654794387
46 0 0.0000608536966506534
47 0 0.0000683590287403613
48 0 0.0000758649805536749
49 0 0.0000900445807636707
50 0 0.000103392107678624
51 0 0.000117576002849673
52 0 0.000132596657577144
53 0 0.000142611806542514
54 0 0.0001542975418658
55 0 0.000171828962249876
56 0 0.000192704110671182
57 0 0.000216925290815517
58 0 0.000237810800436611
59 0 0.000262879748837208
60 0 0.000282103959876823
61 0 0.000320564585597816
62 0 0.000353185262004341
63 0 0.000374938886584797
64 0 0.000417624589193033
65 0 0.000450280131697789
66 0 0.000503056195808371
67 0 0.000540772160864456
68 0 0.000591084480360493
69 0 0.000648978112138598
70 0 0.000703549358301747
71 0 0.000789250374825579
72 0 0.000866618745165249
73 0 0.000957526654627783
74 0 0.00106876003668399
75 0 0.00119870475277417
76 0 0.00133813790889226
77 0 0.00150658812763438
78 0 0.00171440685741209
79 0 0.00193376836597747
80 0 0.00222878587983211
81 0 0.00255561723412234
82 0 0.00296625056361466
83 0 0.00336318507302258
84 0 0.00391313031435503
85 0 0.00449620418975916
86 0 0.00532488045327206
87 0 0.00623885472866315
88 0 0.00728400852476352
89 0 0.0085554834305005
90 0 0.010023725233685
91 0 0.0115712362120326
92 0 0.0137416083049242
93 0 0.0156788077802049
94 0 0.0181457892303226
95 0 0.0206158048349049
96 0 0.0235150271987669
97 0 0.0265614350720617
98 0 0.0303434560855089
99 0 0.0342057969046143
100 0 0.0371863413913092

death 1 F divorced
1 0 0.000262879748837208
2 0 0.0000283377495704507
3 0 0.00000916712885190574
4 0 0.00000666691112360951
5 0 0.00000500013750526218
6 0 0.00000500013750526218
7 0 0.00000500013750526218
8 0 0.00000333339444602565
9 0 0.00000333339444602565
10 0 0.00000416676215586609
11 0 0.00000416676215586609
12 0 0.00000416676215586609
13 0 0.00000416676215586609
14 0 0.00000416676215586609
15 0 0.00000583352049443597
16 0 0.00000833371530217786
17 0 0.00000916712885190574
18 0 0.0000108339788730261
19 0 0.0000116674153447516
20 0 0.0000133343112110884
21 0 0.0000158347123201397
22 0 0.0000158347123201397
23 0 0.0000150012376423092
24 0 0.0000150012376423092
25 0 0.0000133343112110884
26 0 0.000012500859457365
27 0 0.0000150012376423092
28 0 0.0000141677706060328
29 0 0.0000141677706060328
30 0 0.0000150012376423092
31 0 0.0000166681946396352
32 0 0.0000175016846010179
33 0 0.0000175016846010179
34 0 0.0000191686874497776
35 0 0.0000200022003373768
36 0 0.0000233363283135279
37 0 0.0000266705785775256
38 0 0.0000283377495704507
39 0 0.0000300049511388067
40 0 0.0000308385633891461
41 0 0.0000325058108229248
42 0 0.0000358403974268784
43 0 0.0000425099376131222
44 0 0.0000458448912142861
45 0 0.0000525151654794387
46 0 0.0000608536966506534
47 0 0.0000683590287403613
48 0 0.0000758649805536749
49 0 0.0000900445807636707
50 0 0.000103392107678624
51 0 0.000117576002849673
52 0 0.000132596657577144
53 0 0.000142611806542514
54 0 0.0001542975418658
55 0 0.000171828962249876
56 0 0.000192704110671182
57 0 0.000216925290815517
58 0 0.000237810800436611
59 0 0.000262879748837208
60 0 0.000282103959876823
61 0 0.000320564585597816
62 0 0.000353185262004341
63 0 0.000374938886584797
64 0 0.000417624589193033
65 0 0.000450280131697789
66 0 0.000503056195808371
67 0 0.000540772160864456
68 0 0.000591084480360493
69 0 0.000648978112138598
70 0 0.000703549358301747
71 0 0.000789250374825579
72 0 0.000866618745165249
73 0 0.000957526654627783
74 0 0.00106876003668399
75 0 0.00119870475277417
76 0 0.00133813790889226
77 0 0.00150658812763438
78 0 0.00171440685741209
79 0 0.00193376836597747
80 0 0.00222878587983211
81 0 0.00255561723412234
82 0 0.00296625056361466
83 0 0.00336318507302258
84 0 0.00391313031435503
85 0 0.00449620418975916
86 0 0.00532488045327206
87 0 0.00623885472866315
88 0 0.00728400852476352
89 0 0.0085554834305005
90 0 0.010023725233685
91 0 0.0115712362120326
92 0 0.0137416083049242
93 0 0.0156788077802049
94 0 0.0181457892303226
95 0 0.0206158048349049
96 0 0.0235150271987669
97 0 0.0265614350720617
98 0 0.0303434560855089
99 0 0.0342057969046143
100 0 0.0371863413913092

death 1 F widowed
1 0 0.000262879748837208
2 0 0.0000283377495704507
3 0 0.00000916712885190574
4 0 0.00000666691112360951
5 0 0.00000500013750526218
6 0 0.00000500013750526218
7 0 0.00000500013750526218
8 0 0.00000333339444602565
9 0 0.00000333339444602565
10 0 0.00000416676215586609
11 0 0.00000416676215586609
12 0 0.00000416676215586609
13 0 0.00000416676215586609
14 0 0.00000416676215586609
15 0 0.00000583352049443597
16 0 0.00000833371530217786
17 0 0.00000916712885190574
18 0 0.0000108339788730261
19 0 0.0000116674153447516
20 0 0.0000133343112110884
21 0 0.0000158347123201397
22 0 0.0000158347123201397
23 0 0.0000150012376423092
24 0 0.0000150012376423092
25 0 0.0000133343112110884
26 0 0.000012500859457365
27 0 0.0000150012376423092
28 0 0.0000141677706060328
29 0 0.0000141677706060328
30 0 0.0000150012376423092
31 0 0.0000166681946396352
32 0 0.0000175016846010179
33 0 0.0000175016846010179
34 0 0.0000191686874497776
35 0 0.0000200022003373768
36 0 0.0000233363283135279
37 0 0.0000266705785775256
38 0 0.0000283377495704507
39 0 0.0000300049511388067
40 0 0.0000308385633891461
41 0 0.0000325058108229248
42 0 0.0000358403974268784
43 0 0.0000425099376131222
44 0 0.0000458448912142861
45 0 0.0000525151654794387
46 0 0.0000608536966506534
47 0 0.0000683590287403613
48 0 0.0000758649805536749
49 0 0.0000900445807636707
50 0 0.000103392107678624
51 0 0.000117576002849673
52 0 0.000132596657577144
53 0 0.000142611806542514
54 0 0.0001542975418658
55 0 0.000171828962249876
56 0 0.000192704110671182
57 0 0.000216925290815517
58 0 0.000237810800436611
59 0 0.000262879748837208
60 0 0.000282103959876823
61 0 0.000320564585597816
62 0 0.000353185262004341
63 0 0.000374938886584797
64 0 0.000417624589193033
65 0 0.000450280131697789
66 0 0.000503056195808371
67 0 0.000540772160864456
68 0 0.000591084480360493
69 0 0.000648978112138598
70 0 0.000703549358301747
71 0 0.000789250374825579
72 0 0.000866618745165249
73 0 0.000957526654627783
74 0 0.00106876003668399
75 0 0.00119870475277417
76 0 0.00133813790889226
77 0 0.00150658812763438
78 0 0.00171440685741209
79 0 0.00193376836597747
80 0 0.00222878587983211
81 0 0.00255561723412234
82 0 0.00296625056361466
83 0 0.00336318507302258
84 0 0.00391313031435503
85 0 0.00449620418975916
86 0 0.00532488045327206
87 0 0.00623885472866315
88 0 0.00728400852476352
89 0 0.0085554834305005
90 0 0.010023725233685
91 0 0.0115712362120326
92 0 0.0137416083049242
93 0 0.0156788077802049
94 0 0.0181457892303226
95 0 0.0206158048349049
96 0 0.0235150271987669
97 0 0.0265614350720617
98 0 0.0303434560855089
99 0 0.0342057969046143
100 0 0.0371863413913092
