*Period monthly mortality rates for SWE in 1951 
* Mon Dec 20 14:21:09 2010
death 1 M married
1 0 0.00204560861924463
2 0 0.000168572871348971
3 0 0.000121330933838371
4 0 0.0000799518149084966
5 0 0.0000844558860063627
6 0 0.0000764488027836796
7 0 0.0000837051919918563
8 0 0.0000440106515933181
9 0 0.0000587689921486279
10 0 0.0000484295644093136
11 0 0.000051431212605757
12 0 0.0000348400086022105
13 0 0.0000405923946910081
14 0 0.0000477625449364361
15 0 0.0000398420628188179
16 0 0.0000603533632099751
17 0 0.0000878757927471607
18 0 0.0000968849434715979
19 0 0.0000929641848083085
20 0 0.000094298892176048
21 0 0.000141860632091650
22 0 0.000101223001184536
23 0 0.000126421199058924
24 0 0.000103725820964296
25 0 0.000115907194420450
26 0 0.000104393251210810
27 0 0.000122081938650043
28 0 0.000126588097826952
29 0 0.000106645864474064
30 0 0.000106145278924719
31 0 0.000127172245928175
32 0 0.000130093042745694
33 0 0.000153045426933396
34 0 0.000132513202638407
35 0 0.000139356762088427
36 0 0.000155800102553005
37 0 0.000150040421466935
38 0 0.000152377639355383
39 0 0.000181931935405499
40 0 0.000156634869223016
41 0 0.000172580384407484
42 0 0.000246082789013169
43 0 0.000233466219104805
44 0 0.000273160016726615
45 0 0.000287621223555523
46 0 0.000342561345768932
47 0 0.000347162101910437
48 0 0.000410676334140381
49 0 0.000401217515542784
50 0 0.000467366168276251
51 0 0.000514788374032848
52 0 0.000551251596836444
53 0 0.000556198310528444
54 0 0.000722951037336439
55 0 0.000678694387356238
56 0 0.000783870678089937
57 0 0.000920058206594798
58 0 0.00093192855887192
59 0 0.00109751748504949
60 0 0.00120934482752089
61 0 0.00137637153779968
62 0 0.00146973938971273
63 0 0.00153887483254123
64 0 0.00171619021927982
65 0 0.00193564117259293
66 0 0.00206393528458337
67 0 0.00222682160969456
68 0 0.00265432580575919
69 0 0.00279403921754107
70 0 0.00306644186842742
71 0 0.0035652531270971
72 0 0.00381173805923296
73 0 0.00418508415502172
74 0 0.00465449078423119
75 0 0.00513445817190017
76 0 0.00586397575218955
77 0 0.0063738459488828
78 0 0.00728870485037858
79 0 0.00846466812405677
80 0 0.00910507017510997
81 0 0.0102274706265679
82 0 0.0117980810593796
83 0 0.0128037531205164
84 0 0.0156486698091629
85 0 0.0157488384368976
86 0 0.0199703158095754
87 0 0.0205697075871552
88 0 0.0227203386794759
89 0 0.0267873987256076
90 0 0.0286157427244585
91 0 0.0324076289052404
92 0 0.037038163144258
93 0 0.0446809429282635
94 0 0.0391087098414097
95 0 0.0532849305656595
96 0 0.0540256572963553
97 0 0.064010831395856
98 0 0.0431464766112932
99 0 0.0778625193226734
100 0 0.08061959696338

death 1 M single
1 0 0.00204560861924463
2 0 0.000168572871348971
3 0 0.000121330933838371
4 0 0.0000799518149084966
5 0 0.0000844558860063627
6 0 0.0000764488027836796
7 0 0.0000837051919918563
8 0 0.0000440106515933181
9 0 0.0000587689921486279
10 0 0.0000484295644093136
11 0 0.000051431212605757
12 0 0.0000348400086022105
13 0 0.0000405923946910081
14 0 0.0000477625449364361
15 0 0.0000398420628188179
16 0 0.0000603533632099751
17 0 0.0000878757927471607
18 0 0.0000968849434715979
19 0 0.0000929641848083085
20 0 0.000094298892176048
21 0 0.000141860632091650
22 0 0.000101223001184536
23 0 0.000126421199058924
24 0 0.000103725820964296
25 0 0.000115907194420450
26 0 0.000104393251210810
27 0 0.000122081938650043
28 0 0.000126588097826952
29 0 0.000106645864474064
30 0 0.000106145278924719
31 0 0.000127172245928175
32 0 0.000130093042745694
33 0 0.000153045426933396
34 0 0.000132513202638407
35 0 0.000139356762088427
36 0 0.000155800102553005
37 0 0.000150040421466935
38 0 0.000152377639355383
39 0 0.000181931935405499
40 0 0.000156634869223016
41 0 0.000172580384407484
42 0 0.000246082789013169
43 0 0.000233466219104805
44 0 0.000273160016726615
45 0 0.000287621223555523
46 0 0.000342561345768932
47 0 0.000347162101910437
48 0 0.000410676334140381
49 0 0.000401217515542784
50 0 0.000467366168276251
51 0 0.000514788374032848
52 0 0.000551251596836444
53 0 0.000556198310528444
54 0 0.000722951037336439
55 0 0.000678694387356238
56 0 0.000783870678089937
57 0 0.000920058206594798
58 0 0.00093192855887192
59 0 0.00109751748504949
60 0 0.00120934482752089
61 0 0.00137637153779968
62 0 0.00146973938971273
63 0 0.00153887483254123
64 0 0.00171619021927982
65 0 0.00193564117259293
66 0 0.00206393528458337
67 0 0.00222682160969456
68 0 0.00265432580575919
69 0 0.00279403921754107
70 0 0.00306644186842742
71 0 0.0035652531270971
72 0 0.00381173805923296
73 0 0.00418508415502172
74 0 0.00465449078423119
75 0 0.00513445817190017
76 0 0.00586397575218955
77 0 0.0063738459488828
78 0 0.00728870485037858
79 0 0.00846466812405677
80 0 0.00910507017510997
81 0 0.0102274706265679
82 0 0.0117980810593796
83 0 0.0128037531205164
84 0 0.0156486698091629
85 0 0.0157488384368976
86 0 0.0199703158095754
87 0 0.0205697075871552
88 0 0.0227203386794759
89 0 0.0267873987256076
90 0 0.0286157427244585
91 0 0.0324076289052404
92 0 0.037038163144258
93 0 0.0446809429282635
94 0 0.0391087098414097
95 0 0.0532849305656595
96 0 0.0540256572963553
97 0 0.064010831395856
98 0 0.0431464766112932
99 0 0.0778625193226734
100 0 0.08061959696338

death 1 M divorced
1 0 0.00204560861924463
2 0 0.000168572871348971
3 0 0.000121330933838371
4 0 0.0000799518149084966
5 0 0.0000844558860063627
6 0 0.0000764488027836796
7 0 0.0000837051919918563
8 0 0.0000440106515933181
9 0 0.0000587689921486279
10 0 0.0000484295644093136
11 0 0.000051431212605757
12 0 0.0000348400086022105
13 0 0.0000405923946910081
14 0 0.0000477625449364361
15 0 0.0000398420628188179
16 0 0.0000603533632099751
17 0 0.0000878757927471607
18 0 0.0000968849434715979
19 0 0.0000929641848083085
20 0 0.000094298892176048
21 0 0.000141860632091650
22 0 0.000101223001184536
23 0 0.000126421199058924
24 0 0.000103725820964296
25 0 0.000115907194420450
26 0 0.000104393251210810
27 0 0.000122081938650043
28 0 0.000126588097826952
29 0 0.000106645864474064
30 0 0.000106145278924719
31 0 0.000127172245928175
32 0 0.000130093042745694
33 0 0.000153045426933396
34 0 0.000132513202638407
35 0 0.000139356762088427
36 0 0.000155800102553005
37 0 0.000150040421466935
38 0 0.000152377639355383
39 0 0.000181931935405499
40 0 0.000156634869223016
41 0 0.000172580384407484
42 0 0.000246082789013169
43 0 0.000233466219104805
44 0 0.000273160016726615
45 0 0.000287621223555523
46 0 0.000342561345768932
47 0 0.000347162101910437
48 0 0.000410676334140381
49 0 0.000401217515542784
50 0 0.000467366168276251
51 0 0.000514788374032848
52 0 0.000551251596836444
53 0 0.000556198310528444
54 0 0.000722951037336439
55 0 0.000678694387356238
56 0 0.000783870678089937
57 0 0.000920058206594798
58 0 0.00093192855887192
59 0 0.00109751748504949
60 0 0.00120934482752089
61 0 0.00137637153779968
62 0 0.00146973938971273
63 0 0.00153887483254123
64 0 0.00171619021927982
65 0 0.00193564117259293
66 0 0.00206393528458337
67 0 0.00222682160969456
68 0 0.00265432580575919
69 0 0.00279403921754107
70 0 0.00306644186842742
71 0 0.0035652531270971
72 0 0.00381173805923296
73 0 0.00418508415502172
74 0 0.00465449078423119
75 0 0.00513445817190017
76 0 0.00586397575218955
77 0 0.0063738459488828
78 0 0.00728870485037858
79 0 0.00846466812405677
80 0 0.00910507017510997
81 0 0.0102274706265679
82 0 0.0117980810593796
83 0 0.0128037531205164
84 0 0.0156486698091629
85 0 0.0157488384368976
86 0 0.0199703158095754
87 0 0.0205697075871552
88 0 0.0227203386794759
89 0 0.0267873987256076
90 0 0.0286157427244585
91 0 0.0324076289052404
92 0 0.037038163144258
93 0 0.0446809429282635
94 0 0.0391087098414097
95 0 0.0532849305656595
96 0 0.0540256572963553
97 0 0.064010831395856
98 0 0.0431464766112932
99 0 0.0778625193226734
100 0 0.08061959696338

death 1 M widowed
1 0 0.00204560861924463
2 0 0.000168572871348971
3 0 0.000121330933838371
4 0 0.0000799518149084966
5 0 0.0000844558860063627
6 0 0.0000764488027836796
7 0 0.0000837051919918563
8 0 0.0000440106515933181
9 0 0.0000587689921486279
10 0 0.0000484295644093136
11 0 0.000051431212605757
12 0 0.0000348400086022105
13 0 0.0000405923946910081
14 0 0.0000477625449364361
15 0 0.0000398420628188179
16 0 0.0000603533632099751
17 0 0.0000878757927471607
18 0 0.0000968849434715979
19 0 0.0000929641848083085
20 0 0.000094298892176048
21 0 0.000141860632091650
22 0 0.000101223001184536
23 0 0.000126421199058924
24 0 0.000103725820964296
25 0 0.000115907194420450
26 0 0.000104393251210810
27 0 0.000122081938650043
28 0 0.000126588097826952
29 0 0.000106645864474064
30 0 0.000106145278924719
31 0 0.000127172245928175
32 0 0.000130093042745694
33 0 0.000153045426933396
34 0 0.000132513202638407
35 0 0.000139356762088427
36 0 0.000155800102553005
37 0 0.000150040421466935
38 0 0.000152377639355383
39 0 0.000181931935405499
40 0 0.000156634869223016
41 0 0.000172580384407484
42 0 0.000246082789013169
43 0 0.000233466219104805
44 0 0.000273160016726615
45 0 0.000287621223555523
46 0 0.000342561345768932
47 0 0.000347162101910437
48 0 0.000410676334140381
49 0 0.000401217515542784
50 0 0.000467366168276251
51 0 0.000514788374032848
52 0 0.000551251596836444
53 0 0.000556198310528444
54 0 0.000722951037336439
55 0 0.000678694387356238
56 0 0.000783870678089937
57 0 0.000920058206594798
58 0 0.00093192855887192
59 0 0.00109751748504949
60 0 0.00120934482752089
61 0 0.00137637153779968
62 0 0.00146973938971273
63 0 0.00153887483254123
64 0 0.00171619021927982
65 0 0.00193564117259293
66 0 0.00206393528458337
67 0 0.00222682160969456
68 0 0.00265432580575919
69 0 0.00279403921754107
70 0 0.00306644186842742
71 0 0.0035652531270971
72 0 0.00381173805923296
73 0 0.00418508415502172
74 0 0.00465449078423119
75 0 0.00513445817190017
76 0 0.00586397575218955
77 0 0.0063738459488828
78 0 0.00728870485037858
79 0 0.00846466812405677
80 0 0.00910507017510997
81 0 0.0102274706265679
82 0 0.0117980810593796
83 0 0.0128037531205164
84 0 0.0156486698091629
85 0 0.0157488384368976
86 0 0.0199703158095754
87 0 0.0205697075871552
88 0 0.0227203386794759
89 0 0.0267873987256076
90 0 0.0286157427244585
91 0 0.0324076289052404
92 0 0.037038163144258
93 0 0.0446809429282635
94 0 0.0391087098414097
95 0 0.0532849305656595
96 0 0.0540256572963553
97 0 0.064010831395856
98 0 0.0431464766112932
99 0 0.0778625193226734
100 0 0.08061959696338

death 1 F married
1 0 0.00155464101872993
2 0 0.000162144521527297
3 0 0.000098887098229361
4 0 0.000074030135097991
5 0 0.0000403422833787914
6 0 0.0000344231831743702
7 0 0.0000461783933035642
8 0 0.000038007944314522
9 0 0.0000379245761709113
10 0 0.0000211691312194118
11 0 0.0000391751063537615
12 0 0.0000252535072726712
13 0 0.0000328392639790120
14 0 0.0000400088026996093
15 0 0.0000294214271118198
16 0 0.0000445108950922757
17 0 0.0000332560821442174
18 0 0.0000520148779317164
19 0 0.0000605201407175571
20 0 0.0000622713230208349
21 0 0.0000836217819284446
22 0 0.0000656903952246379
23 0 0.0000478459221029404
24 0 0.0000720285277485688
25 0 0.0000691095960323462
26 0 0.0000631052312128899
27 0 0.0000629384489625462
28 0 0.0000694431834846743
29 0 0.0000898777490792035
30 0 0.000081036107924981
31 0 0.0000963009899740408
32 0 0.0000917963319376769
33 0 0.0000798684082891077
34 0 0.000102891540047390
35 0 0.000136185292428426
36 0 0.000135016884131089
37 0 0.00011949517041987
38 0 0.000124835676046819
39 0 0.000134599599093232
40 0 0.000153212374594536
41 0 0.000151626384194303
42 0 0.000175502640741176
43 0 0.000173832768474713
44 0 0.000187276110846124
45 0 0.000226197864700350
46 0 0.000287203237308242
47 0 0.000286868849694644
48 0 0.000322906192769423
49 0 0.000339131842714724
50 0 0.000362053418690222
51 0 0.000366822502276487
52 0 0.000458068955792812
53 0 0.000493336395579358
54 0 0.000520655031266859
55 0 0.000549407128460411
56 0 0.000568943627302532
57 0 0.000738324140782010
58 0 0.00073487966741681
59 0 0.00084954157895789
60 0 0.000878229686705145
61 0 0.000988186500448074
62 0 0.00102602018949527
63 0 0.00114324455406301
64 0 0.00136799598076798
65 0 0.00146304892472593
66 0 0.0016581215861603
67 0 0.00176537386210152
68 0 0.00212038762644862
69 0 0.00233868193885212
70 0 0.00249144143226332
71 0 0.00297632498931255
72 0 0.00307333786276842
73 0 0.00390295118021444
74 0 0.00425702136884154
75 0 0.00453316553462058
76 0 0.00537685935464938
77 0 0.00598754601065188
78 0 0.00690909199798329
79 0 0.00743504553901153
80 0 0.00869802448469748
81 0 0.00948045813015652
82 0 0.0105238450729099
83 0 0.0122142803858956
84 0 0.0138195599447029
85 0 0.0151640910309946
86 0 0.0164705816433204
87 0 0.0195994689469073
88 0 0.0210317577300115
89 0 0.0241188263996323
90 0 0.0257597491534536
91 0 0.028470323744885
92 0 0.0316275855942042
93 0 0.0357621074784946
94 0 0.0354229253871599
95 0 0.0462856660755218
96 0 0.0452522627582709
97 0 0.0481721700204778
98 0 0.0453710622816387
99 0 0.0581404331566606
100 0 0.174595814731982

death 1 F single
1 0 0.00155464101872993
2 0 0.000162144521527297
3 0 0.000098887098229361
4 0 0.000074030135097991
5 0 0.0000403422833787914
6 0 0.0000344231831743702
7 0 0.0000461783933035642
8 0 0.000038007944314522
9 0 0.0000379245761709113
10 0 0.0000211691312194118
11 0 0.0000391751063537615
12 0 0.0000252535072726712
13 0 0.0000328392639790120
14 0 0.0000400088026996093
15 0 0.0000294214271118198
16 0 0.0000445108950922757
17 0 0.0000332560821442174
18 0 0.0000520148779317164
19 0 0.0000605201407175571
20 0 0.0000622713230208349
21 0 0.0000836217819284446
22 0 0.0000656903952246379
23 0 0.0000478459221029404
24 0 0.0000720285277485688
25 0 0.0000691095960323462
26 0 0.0000631052312128899
27 0 0.0000629384489625462
28 0 0.0000694431834846743
29 0 0.0000898777490792035
30 0 0.000081036107924981
31 0 0.0000963009899740408
32 0 0.0000917963319376769
33 0 0.0000798684082891077
34 0 0.000102891540047390
35 0 0.000136185292428426
36 0 0.000135016884131089
37 0 0.00011949517041987
38 0 0.000124835676046819
39 0 0.000134599599093232
40 0 0.000153212374594536
41 0 0.000151626384194303
42 0 0.000175502640741176
43 0 0.000173832768474713
44 0 0.000187276110846124
45 0 0.000226197864700350
46 0 0.000287203237308242
47 0 0.000286868849694644
48 0 0.000322906192769423
49 0 0.000339131842714724
50 0 0.000362053418690222
51 0 0.000366822502276487
52 0 0.000458068955792812
53 0 0.000493336395579358
54 0 0.000520655031266859
55 0 0.000549407128460411
56 0 0.000568943627302532
57 0 0.000738324140782010
58 0 0.00073487966741681
59 0 0.00084954157895789
60 0 0.000878229686705145
61 0 0.000988186500448074
62 0 0.00102602018949527
63 0 0.00114324455406301
64 0 0.00136799598076798
65 0 0.00146304892472593
66 0 0.0016581215861603
67 0 0.00176537386210152
68 0 0.00212038762644862
69 0 0.00233868193885212
70 0 0.00249144143226332
71 0 0.00297632498931255
72 0 0.00307333786276842
73 0 0.00390295118021444
74 0 0.00425702136884154
75 0 0.00453316553462058
76 0 0.00537685935464938
77 0 0.00598754601065188
78 0 0.00690909199798329
79 0 0.00743504553901153
80 0 0.00869802448469748
81 0 0.00948045813015652
82 0 0.0105238450729099
83 0 0.0122142803858956
84 0 0.0138195599447029
85 0 0.0151640910309946
86 0 0.0164705816433204
87 0 0.0195994689469073
88 0 0.0210317577300115
89 0 0.0241188263996323
90 0 0.0257597491534536
91 0 0.028470323744885
92 0 0.0316275855942042
93 0 0.0357621074784946
94 0 0.0354229253871599
95 0 0.0462856660755218
96 0 0.0452522627582709
97 0 0.0481721700204778
98 0 0.0453710622816387
99 0 0.0581404331566606
100 0 0.174595814731982

death 1 F divorced
1 0 0.00155464101872993
2 0 0.000162144521527297
3 0 0.000098887098229361
4 0 0.000074030135097991
5 0 0.0000403422833787914
6 0 0.0000344231831743702
7 0 0.0000461783933035642
8 0 0.000038007944314522
9 0 0.0000379245761709113
10 0 0.0000211691312194118
11 0 0.0000391751063537615
12 0 0.0000252535072726712
13 0 0.0000328392639790120
14 0 0.0000400088026996093
15 0 0.0000294214271118198
16 0 0.0000445108950922757
17 0 0.0000332560821442174
18 0 0.0000520148779317164
19 0 0.0000605201407175571
20 0 0.0000622713230208349
21 0 0.0000836217819284446
22 0 0.0000656903952246379
23 0 0.0000478459221029404
24 0 0.0000720285277485688
25 0 0.0000691095960323462
26 0 0.0000631052312128899
27 0 0.0000629384489625462
28 0 0.0000694431834846743
29 0 0.0000898777490792035
30 0 0.000081036107924981
31 0 0.0000963009899740408
32 0 0.0000917963319376769
33 0 0.0000798684082891077
34 0 0.000102891540047390
35 0 0.000136185292428426
36 0 0.000135016884131089
37 0 0.00011949517041987
38 0 0.000124835676046819
39 0 0.000134599599093232
40 0 0.000153212374594536
41 0 0.000151626384194303
42 0 0.000175502640741176
43 0 0.000173832768474713
44 0 0.000187276110846124
45 0 0.000226197864700350
46 0 0.000287203237308242
47 0 0.000286868849694644
48 0 0.000322906192769423
49 0 0.000339131842714724
50 0 0.000362053418690222
51 0 0.000366822502276487
52 0 0.000458068955792812
53 0 0.000493336395579358
54 0 0.000520655031266859
55 0 0.000549407128460411
56 0 0.000568943627302532
57 0 0.000738324140782010
58 0 0.00073487966741681
59 0 0.00084954157895789
60 0 0.000878229686705145
61 0 0.000988186500448074
62 0 0.00102602018949527
63 0 0.00114324455406301
64 0 0.00136799598076798
65 0 0.00146304892472593
66 0 0.0016581215861603
67 0 0.00176537386210152
68 0 0.00212038762644862
69 0 0.00233868193885212
70 0 0.00249144143226332
71 0 0.00297632498931255
72 0 0.00307333786276842
73 0 0.00390295118021444
74 0 0.00425702136884154
75 0 0.00453316553462058
76 0 0.00537685935464938
77 0 0.00598754601065188
78 0 0.00690909199798329
79 0 0.00743504553901153
80 0 0.00869802448469748
81 0 0.00948045813015652
82 0 0.0105238450729099
83 0 0.0122142803858956
84 0 0.0138195599447029
85 0 0.0151640910309946
86 0 0.0164705816433204
87 0 0.0195994689469073
88 0 0.0210317577300115
89 0 0.0241188263996323
90 0 0.0257597491534536
91 0 0.028470323744885
92 0 0.0316275855942042
93 0 0.0357621074784946
94 0 0.0354229253871599
95 0 0.0462856660755218
96 0 0.0452522627582709
97 0 0.0481721700204778
98 0 0.0453710622816387
99 0 0.0581404331566606
100 0 0.174595814731982

death 1 F widowed
1 0 0.00155464101872993
2 0 0.000162144521527297
3 0 0.000098887098229361
4 0 0.000074030135097991
5 0 0.0000403422833787914
6 0 0.0000344231831743702
7 0 0.0000461783933035642
8 0 0.000038007944314522
9 0 0.0000379245761709113
10 0 0.0000211691312194118
11 0 0.0000391751063537615
12 0 0.0000252535072726712
13 0 0.0000328392639790120
14 0 0.0000400088026996093
15 0 0.0000294214271118198
16 0 0.0000445108950922757
17 0 0.0000332560821442174
18 0 0.0000520148779317164
19 0 0.0000605201407175571
20 0 0.0000622713230208349
21 0 0.0000836217819284446
22 0 0.0000656903952246379
23 0 0.0000478459221029404
24 0 0.0000720285277485688
25 0 0.0000691095960323462
26 0 0.0000631052312128899
27 0 0.0000629384489625462
28 0 0.0000694431834846743
29 0 0.0000898777490792035
30 0 0.000081036107924981
31 0 0.0000963009899740408
32 0 0.0000917963319376769
33 0 0.0000798684082891077
34 0 0.000102891540047390
35 0 0.000136185292428426
36 0 0.000135016884131089
37 0 0.00011949517041987
38 0 0.000124835676046819
39 0 0.000134599599093232
40 0 0.000153212374594536
41 0 0.000151626384194303
42 0 0.000175502640741176
43 0 0.000173832768474713
44 0 0.000187276110846124
45 0 0.000226197864700350
46 0 0.000287203237308242
47 0 0.000286868849694644
48 0 0.000322906192769423
49 0 0.000339131842714724
50 0 0.000362053418690222
51 0 0.000366822502276487
52 0 0.000458068955792812
53 0 0.000493336395579358
54 0 0.000520655031266859
55 0 0.000549407128460411
56 0 0.000568943627302532
57 0 0.000738324140782010
58 0 0.00073487966741681
59 0 0.00084954157895789
60 0 0.000878229686705145
61 0 0.000988186500448074
62 0 0.00102602018949527
63 0 0.00114324455406301
64 0 0.00136799598076798
65 0 0.00146304892472593
66 0 0.0016581215861603
67 0 0.00176537386210152
68 0 0.00212038762644862
69 0 0.00233868193885212
70 0 0.00249144143226332
71 0 0.00297632498931255
72 0 0.00307333786276842
73 0 0.00390295118021444
74 0 0.00425702136884154
75 0 0.00453316553462058
76 0 0.00537685935464938
77 0 0.00598754601065188
78 0 0.00690909199798329
79 0 0.00743504553901153
80 0 0.00869802448469748
81 0 0.00948045813015652
82 0 0.0105238450729099
83 0 0.0122142803858956
84 0 0.0138195599447029
85 0 0.0151640910309946
86 0 0.0164705816433204
87 0 0.0195994689469073
88 0 0.0210317577300115
89 0 0.0241188263996323
90 0 0.0257597491534536
91 0 0.028470323744885
92 0 0.0316275855942042
93 0 0.0357621074784946
94 0 0.0354229253871599
95 0 0.0462856660755218
96 0 0.0452522627582709
97 0 0.0481721700204778
98 0 0.0453710622816387
99 0 0.0581404331566606
100 0 0.174595814731982
