*Period monthly mortality rates for SWE in 1920 
* Mon Dec 20 14:20:45 2010
death 1 M married
1 0 0.00704824220004463
2 0 0.00123975191322367
3 0 0.000614489202059421
4 0 0.000477418279000164
5 0 0.000420554735524381
6 0 0.000318223038758392
7 0 0.00032173538164193
8 0 0.000288958792465155
9 0 0.000235722033490315
10 0 0.000215505250419135
11 0 0.000232964934622548
12 0 0.000213416996021731
13 0 0.000195209450695066
14 0 0.000222689211976435
15 0 0.000206567858353379
16 0 0.000239481848557044
17 0 0.000332524140764456
18 0 0.000375775668454925
19 0 0.000414610822962458
20 0 0.000418294328595969
21 0 0.000682388614940299
22 0 0.000721439069321095
23 0 0.000560055257209369
24 0 0.000520655031266859
25 0 0.000509089698264131
26 0 0.000562486894701064
27 0 0.000525432446262131
28 0 0.00046954403123467
29 0 0.000486382349004555
30 0 0.000522750357795587
31 0 0.000493252608718131
32 0 0.000477753368509859
33 0 0.000503558972377749
34 0 0.00052610298074951
35 0 0.000467617457492131
36 0 0.000543287115269853
37 0 0.000441822057399621
38 0 0.000472308317085113
39 0 0.000546388988245217
40 0 0.000573723582070085
41 0 0.000482277197841663
42 0 0.000534485079388802
43 0 0.00066123279934216
44 0 0.000588064955394207
45 0 0.000549742483561988
46 0 0.000595362312520109
47 0 0.000676091726304229
48 0 0.000661652509686972
49 0 0.000744373288137923
50 0 0.000785215572405074
51 0 0.000819433018711235
52 0 0.000792949101155016
53 0 0.00104329916504597
54 0 0.00090137185940653
55 0 0.00108604714701921
56 0 0.00107677072744583
57 0 0.00113413104997229
58 0 0.00125969097450729
59 0 0.00151268867219012
60 0 0.00148151241774952
61 0 0.00168850959914701
62 0 0.00158202644224592
63 0 0.00191504242559526
64 0 0.00189427817441690
65 0 0.00225535040533198
66 0 0.00232397583870980
67 0 0.00265964591307954
68 0 0.00277771246829261
69 0 0.00313602927383605
70 0 0.00322302398073981
71 0 0.00385607233400564
72 0 0.00397048545292
73 0 0.00473531841882524
74 0 0.00483212572846015
75 0 0.00551526178054351
76 0 0.0062886823986531
77 0 0.00700276527494947
78 0 0.007978552118728
79 0 0.00897412213634963
80 0 0.00921221704340769
81 0 0.0108399868410863
82 0 0.0116499790260826
83 0 0.0131770058608822
84 0 0.0145082385291488
85 0 0.0166174555465924
86 0 0.0196705701869765
87 0 0.0208702926943473
88 0 0.0212263253154114
89 0 0.0223036943029173
90 0 0.0294619374914795
91 0 0.0339741580276619
92 0 0.0400801735946644
93 0 0.0383073506122930
94 0 0.0375604912110925
95 0 0.0532027833118177
96 0 0.0518375917943061
97 0 0.035201897789489
98 0 0.0495926591587669
99 0 0.0874853212824371
100 0 0.0561256873183065

death 1 M single
1 0 0.00704824220004463
2 0 0.00123975191322367
3 0 0.000614489202059421
4 0 0.000477418279000164
5 0 0.000420554735524381
6 0 0.000318223038758392
7 0 0.00032173538164193
8 0 0.000288958792465155
9 0 0.000235722033490315
10 0 0.000215505250419135
11 0 0.000232964934622548
12 0 0.000213416996021731
13 0 0.000195209450695066
14 0 0.000222689211976435
15 0 0.000206567858353379
16 0 0.000239481848557044
17 0 0.000332524140764456
18 0 0.000375775668454925
19 0 0.000414610822962458
20 0 0.000418294328595969
21 0 0.000682388614940299
22 0 0.000721439069321095
23 0 0.000560055257209369
24 0 0.000520655031266859
25 0 0.000509089698264131
26 0 0.000562486894701064
27 0 0.000525432446262131
28 0 0.00046954403123467
29 0 0.000486382349004555
30 0 0.000522750357795587
31 0 0.000493252608718131
32 0 0.000477753368509859
33 0 0.000503558972377749
34 0 0.00052610298074951
35 0 0.000467617457492131
36 0 0.000543287115269853
37 0 0.000441822057399621
38 0 0.000472308317085113
39 0 0.000546388988245217
40 0 0.000573723582070085
41 0 0.000482277197841663
42 0 0.000534485079388802
43 0 0.00066123279934216
44 0 0.000588064955394207
45 0 0.000549742483561988
46 0 0.000595362312520109
47 0 0.000676091726304229
48 0 0.000661652509686972
49 0 0.000744373288137923
50 0 0.000785215572405074
51 0 0.000819433018711235
52 0 0.000792949101155016
53 0 0.00104329916504597
54 0 0.00090137185940653
55 0 0.00108604714701921
56 0 0.00107677072744583
57 0 0.00113413104997229
58 0 0.00125969097450729
59 0 0.00151268867219012
60 0 0.00148151241774952
61 0 0.00168850959914701
62 0 0.00158202644224592
63 0 0.00191504242559526
64 0 0.00189427817441690
65 0 0.00225535040533198
66 0 0.00232397583870980
67 0 0.00265964591307954
68 0 0.00277771246829261
69 0 0.00313602927383605
70 0 0.00322302398073981
71 0 0.00385607233400564
72 0 0.00397048545292
73 0 0.00473531841882524
74 0 0.00483212572846015
75 0 0.00551526178054351
76 0 0.0062886823986531
77 0 0.00700276527494947
78 0 0.007978552118728
79 0 0.00897412213634963
80 0 0.00921221704340769
81 0 0.0108399868410863
82 0 0.0116499790260826
83 0 0.0131770058608822
84 0 0.0145082385291488
85 0 0.0166174555465924
86 0 0.0196705701869765
87 0 0.0208702926943473
88 0 0.0212263253154114
89 0 0.0223036943029173
90 0 0.0294619374914795
91 0 0.0339741580276619
92 0 0.0400801735946644
93 0 0.0383073506122930
94 0 0.0375604912110925
95 0 0.0532027833118177
96 0 0.0518375917943061
97 0 0.035201897789489
98 0 0.0495926591587669
99 0 0.0874853212824371
100 0 0.0561256873183065

death 1 M divorced
1 0 0.00704824220004463
2 0 0.00123975191322367
3 0 0.000614489202059421
4 0 0.000477418279000164
5 0 0.000420554735524381
6 0 0.000318223038758392
7 0 0.00032173538164193
8 0 0.000288958792465155
9 0 0.000235722033490315
10 0 0.000215505250419135
11 0 0.000232964934622548
12 0 0.000213416996021731
13 0 0.000195209450695066
14 0 0.000222689211976435
15 0 0.000206567858353379
16 0 0.000239481848557044
17 0 0.000332524140764456
18 0 0.000375775668454925
19 0 0.000414610822962458
20 0 0.000418294328595969
21 0 0.000682388614940299
22 0 0.000721439069321095
23 0 0.000560055257209369
24 0 0.000520655031266859
25 0 0.000509089698264131
26 0 0.000562486894701064
27 0 0.000525432446262131
28 0 0.00046954403123467
29 0 0.000486382349004555
30 0 0.000522750357795587
31 0 0.000493252608718131
32 0 0.000477753368509859
33 0 0.000503558972377749
34 0 0.00052610298074951
35 0 0.000467617457492131
36 0 0.000543287115269853
37 0 0.000441822057399621
38 0 0.000472308317085113
39 0 0.000546388988245217
40 0 0.000573723582070085
41 0 0.000482277197841663
42 0 0.000534485079388802
43 0 0.00066123279934216
44 0 0.000588064955394207
45 0 0.000549742483561988
46 0 0.000595362312520109
47 0 0.000676091726304229
48 0 0.000661652509686972
49 0 0.000744373288137923
50 0 0.000785215572405074
51 0 0.000819433018711235
52 0 0.000792949101155016
53 0 0.00104329916504597
54 0 0.00090137185940653
55 0 0.00108604714701921
56 0 0.00107677072744583
57 0 0.00113413104997229
58 0 0.00125969097450729
59 0 0.00151268867219012
60 0 0.00148151241774952
61 0 0.00168850959914701
62 0 0.00158202644224592
63 0 0.00191504242559526
64 0 0.00189427817441690
65 0 0.00225535040533198
66 0 0.00232397583870980
67 0 0.00265964591307954
68 0 0.00277771246829261
69 0 0.00313602927383605
70 0 0.00322302398073981
71 0 0.00385607233400564
72 0 0.00397048545292
73 0 0.00473531841882524
74 0 0.00483212572846015
75 0 0.00551526178054351
76 0 0.0062886823986531
77 0 0.00700276527494947
78 0 0.007978552118728
79 0 0.00897412213634963
80 0 0.00921221704340769
81 0 0.0108399868410863
82 0 0.0116499790260826
83 0 0.0131770058608822
84 0 0.0145082385291488
85 0 0.0166174555465924
86 0 0.0196705701869765
87 0 0.0208702926943473
88 0 0.0212263253154114
89 0 0.0223036943029173
90 0 0.0294619374914795
91 0 0.0339741580276619
92 0 0.0400801735946644
93 0 0.0383073506122930
94 0 0.0375604912110925
95 0 0.0532027833118177
96 0 0.0518375917943061
97 0 0.035201897789489
98 0 0.0495926591587669
99 0 0.0874853212824371
100 0 0.0561256873183065

death 1 M widowed
1 0 0.00704824220004463
2 0 0.00123975191322367
3 0 0.000614489202059421
4 0 0.000477418279000164
5 0 0.000420554735524381
6 0 0.000318223038758392
7 0 0.00032173538164193
8 0 0.000288958792465155
9 0 0.000235722033490315
10 0 0.000215505250419135
11 0 0.000232964934622548
12 0 0.000213416996021731
13 0 0.000195209450695066
14 0 0.000222689211976435
15 0 0.000206567858353379
16 0 0.000239481848557044
17 0 0.000332524140764456
18 0 0.000375775668454925
19 0 0.000414610822962458
20 0 0.000418294328595969
21 0 0.000682388614940299
22 0 0.000721439069321095
23 0 0.000560055257209369
24 0 0.000520655031266859
25 0 0.000509089698264131
26 0 0.000562486894701064
27 0 0.000525432446262131
28 0 0.00046954403123467
29 0 0.000486382349004555
30 0 0.000522750357795587
31 0 0.000493252608718131
32 0 0.000477753368509859
33 0 0.000503558972377749
34 0 0.00052610298074951
35 0 0.000467617457492131
36 0 0.000543287115269853
37 0 0.000441822057399621
38 0 0.000472308317085113
39 0 0.000546388988245217
40 0 0.000573723582070085
41 0 0.000482277197841663
42 0 0.000534485079388802
43 0 0.00066123279934216
44 0 0.000588064955394207
45 0 0.000549742483561988
46 0 0.000595362312520109
47 0 0.000676091726304229
48 0 0.000661652509686972
49 0 0.000744373288137923
50 0 0.000785215572405074
51 0 0.000819433018711235
52 0 0.000792949101155016
53 0 0.00104329916504597
54 0 0.00090137185940653
55 0 0.00108604714701921
56 0 0.00107677072744583
57 0 0.00113413104997229
58 0 0.00125969097450729
59 0 0.00151268867219012
60 0 0.00148151241774952
61 0 0.00168850959914701
62 0 0.00158202644224592
63 0 0.00191504242559526
64 0 0.00189427817441690
65 0 0.00225535040533198
66 0 0.00232397583870980
67 0 0.00265964591307954
68 0 0.00277771246829261
69 0 0.00313602927383605
70 0 0.00322302398073981
71 0 0.00385607233400564
72 0 0.00397048545292
73 0 0.00473531841882524
74 0 0.00483212572846015
75 0 0.00551526178054351
76 0 0.0062886823986531
77 0 0.00700276527494947
78 0 0.007978552118728
79 0 0.00897412213634963
80 0 0.00921221704340769
81 0 0.0108399868410863
82 0 0.0116499790260826
83 0 0.0131770058608822
84 0 0.0145082385291488
85 0 0.0166174555465924
86 0 0.0196705701869765
87 0 0.0208702926943473
88 0 0.0212263253154114
89 0 0.0223036943029173
90 0 0.0294619374914795
91 0 0.0339741580276619
92 0 0.0400801735946644
93 0 0.0383073506122930
94 0 0.0375604912110925
95 0 0.0532027833118177
96 0 0.0518375917943061
97 0 0.035201897789489
98 0 0.0495926591587669
99 0 0.0874853212824371
100 0 0.0561256873183065

death 1 F married
1 0 0.00542338282164379
2 0 0.00111278540311921
3 0 0.000661064915747245
4 0 0.000440398498536498
5 0 0.000397283606554777
6 0 0.000329262287812826
7 0 0.00029422566141446
8 0 0.000278509559180740
9 0 0.000227450987784983
10 0 0.00025577617805983
11 0 0.000199552203665965
12 0 0.000202224770170290
13 0 0.000220099578987276
14 0 0.000220099578987276
15 0 0.000244244504265856
16 0 0.000299242010869061
17 0 0.000335451544378418
18 0 0.000338964553193377
19 0 0.000411094888683738
20 0 0.000392178148822531
21 0 0.000420471015746493
22 0 0.000409588101349834
23 0 0.000419382665653778
24 0 0.000399041289524171
25 0 0.000414359680288245
26 0 0.000436881566365344
27 0 0.000461251678207653
28 0 0.000484622975796212
29 0 0.000444585500034345
30 0 0.000461921739236981
31 0 0.000439142435706863
32 0 0.000437216506422033
33 0 0.000454886344852135
34 0 0.000497023093962157
35 0 0.000510849545283798
36 0 0.000510514333699752
37 0 0.000476831875331651
38 0 0.000511352364978568
39 0 0.000515039794431127
40 0 0.0005142855353234
41 0 0.00057934244693103
42 0 0.000510011518642495
43 0 0.000524259022816276
44 0 0.00052685733796265
45 0 0.000596536654622892
46 0 0.000571627079720916
47 0 0.000566679525970115
48 0 0.000570201485755484
49 0 0.000632613128327075
50 0 0.000770927088344808
51 0 0.000760170183348619
52 0 0.00076235507658684
53 0 0.000761178589082423
54 0 0.000848700422213744
55 0 0.000857448833133767
56 0 0.000892450905364273
57 0 0.00104211903284857
58 0 0.00105771487465256
59 0 0.00107036211830613
60 0 0.00128681850767487
61 0 0.00134126704784054
62 0 0.0013276518511679
63 0 0.00160992907021795
64 0 0.00168621741098185
65 0 0.00169547141442528
66 0 0.0021043522716806
67 0 0.00232867811140125
68 0 0.00228320453244024
69 0 0.00281999620856654
70 0 0.00301017292696260
71 0 0.00334770658605099
72 0 0.00362117413851371
73 0 0.00407929019404252
74 0 0.00478406051401914
75 0 0.00516462356619274
76 0 0.00564119373167515
77 0 0.00649677309995222
78 0 0.00683717083822
79 0 0.00854550025666623
80 0 0.00858644746094916
81 0 0.00996471966712387
82 0 0.00980706500551976
83 0 0.0120301648520900
84 0 0.0135923013596935
85 0 0.0144834816275343
86 0 0.0168312389409250
87 0 0.0184808494491217
88 0 0.0181310106156333
89 0 0.0203700888117097
90 0 0.0256218298822586
91 0 0.0283139420311843
92 0 0.0322316825622009
93 0 0.0283291447786336
94 0 0.0387375424207070
95 0 0.0359182340685668
96 0 0.0453518990236982
97 0 0.0612732425246126
98 0 0.0366207493492144
99 0 0.0718412198715218
100 0 0.0707367920059954

death 1 F single
1 0 0.00542338282164379
2 0 0.00111278540311921
3 0 0.000661064915747245
4 0 0.000440398498536498
5 0 0.000397283606554777
6 0 0.000329262287812826
7 0 0.00029422566141446
8 0 0.000278509559180740
9 0 0.000227450987784983
10 0 0.00025577617805983
11 0 0.000199552203665965
12 0 0.000202224770170290
13 0 0.000220099578987276
14 0 0.000220099578987276
15 0 0.000244244504265856
16 0 0.000299242010869061
17 0 0.000335451544378418
18 0 0.000338964553193377
19 0 0.000411094888683738
20 0 0.000392178148822531
21 0 0.000420471015746493
22 0 0.000409588101349834
23 0 0.000419382665653778
24 0 0.000399041289524171
25 0 0.000414359680288245
26 0 0.000436881566365344
27 0 0.000461251678207653
28 0 0.000484622975796212
29 0 0.000444585500034345
30 0 0.000461921739236981
31 0 0.000439142435706863
32 0 0.000437216506422033
33 0 0.000454886344852135
34 0 0.000497023093962157
35 0 0.000510849545283798
36 0 0.000510514333699752
37 0 0.000476831875331651
38 0 0.000511352364978568
39 0 0.000515039794431127
40 0 0.0005142855353234
41 0 0.00057934244693103
42 0 0.000510011518642495
43 0 0.000524259022816276
44 0 0.00052685733796265
45 0 0.000596536654622892
46 0 0.000571627079720916
47 0 0.000566679525970115
48 0 0.000570201485755484
49 0 0.000632613128327075
50 0 0.000770927088344808
51 0 0.000760170183348619
52 0 0.00076235507658684
53 0 0.000761178589082423
54 0 0.000848700422213744
55 0 0.000857448833133767
56 0 0.000892450905364273
57 0 0.00104211903284857
58 0 0.00105771487465256
59 0 0.00107036211830613
60 0 0.00128681850767487
61 0 0.00134126704784054
62 0 0.0013276518511679
63 0 0.00160992907021795
64 0 0.00168621741098185
65 0 0.00169547141442528
66 0 0.0021043522716806
67 0 0.00232867811140125
68 0 0.00228320453244024
69 0 0.00281999620856654
70 0 0.00301017292696260
71 0 0.00334770658605099
72 0 0.00362117413851371
73 0 0.00407929019404252
74 0 0.00478406051401914
75 0 0.00516462356619274
76 0 0.00564119373167515
77 0 0.00649677309995222
78 0 0.00683717083822
79 0 0.00854550025666623
80 0 0.00858644746094916
81 0 0.00996471966712387
82 0 0.00980706500551976
83 0 0.0120301648520900
84 0 0.0135923013596935
85 0 0.0144834816275343
86 0 0.0168312389409250
87 0 0.0184808494491217
88 0 0.0181310106156333
89 0 0.0203700888117097
90 0 0.0256218298822586
91 0 0.0283139420311843
92 0 0.0322316825622009
93 0 0.0283291447786336
94 0 0.0387375424207070
95 0 0.0359182340685668
96 0 0.0453518990236982
97 0 0.0612732425246126
98 0 0.0366207493492144
99 0 0.0718412198715218
100 0 0.0707367920059954

death 1 F divorced
1 0 0.00542338282164379
2 0 0.00111278540311921
3 0 0.000661064915747245
4 0 0.000440398498536498
5 0 0.000397283606554777
6 0 0.000329262287812826
7 0 0.00029422566141446
8 0 0.000278509559180740
9 0 0.000227450987784983
10 0 0.00025577617805983
11 0 0.000199552203665965
12 0 0.000202224770170290
13 0 0.000220099578987276
14 0 0.000220099578987276
15 0 0.000244244504265856
16 0 0.000299242010869061
17 0 0.000335451544378418
18 0 0.000338964553193377
19 0 0.000411094888683738
20 0 0.000392178148822531
21 0 0.000420471015746493
22 0 0.000409588101349834
23 0 0.000419382665653778
24 0 0.000399041289524171
25 0 0.000414359680288245
26 0 0.000436881566365344
27 0 0.000461251678207653
28 0 0.000484622975796212
29 0 0.000444585500034345
30 0 0.000461921739236981
31 0 0.000439142435706863
32 0 0.000437216506422033
33 0 0.000454886344852135
34 0 0.000497023093962157
35 0 0.000510849545283798
36 0 0.000510514333699752
37 0 0.000476831875331651
38 0 0.000511352364978568
39 0 0.000515039794431127
40 0 0.0005142855353234
41 0 0.00057934244693103
42 0 0.000510011518642495
43 0 0.000524259022816276
44 0 0.00052685733796265
45 0 0.000596536654622892
46 0 0.000571627079720916
47 0 0.000566679525970115
48 0 0.000570201485755484
49 0 0.000632613128327075
50 0 0.000770927088344808
51 0 0.000760170183348619
52 0 0.00076235507658684
53 0 0.000761178589082423
54 0 0.000848700422213744
55 0 0.000857448833133767
56 0 0.000892450905364273
57 0 0.00104211903284857
58 0 0.00105771487465256
59 0 0.00107036211830613
60 0 0.00128681850767487
61 0 0.00134126704784054
62 0 0.0013276518511679
63 0 0.00160992907021795
64 0 0.00168621741098185
65 0 0.00169547141442528
66 0 0.0021043522716806
67 0 0.00232867811140125
68 0 0.00228320453244024
69 0 0.00281999620856654
70 0 0.00301017292696260
71 0 0.00334770658605099
72 0 0.00362117413851371
73 0 0.00407929019404252
74 0 0.00478406051401914
75 0 0.00516462356619274
76 0 0.00564119373167515
77 0 0.00649677309995222
78 0 0.00683717083822
79 0 0.00854550025666623
80 0 0.00858644746094916
81 0 0.00996471966712387
82 0 0.00980706500551976
83 0 0.0120301648520900
84 0 0.0135923013596935
85 0 0.0144834816275343
86 0 0.0168312389409250
87 0 0.0184808494491217
88 0 0.0181310106156333
89 0 0.0203700888117097
90 0 0.0256218298822586
91 0 0.0283139420311843
92 0 0.0322316825622009
93 0 0.0283291447786336
94 0 0.0387375424207070
95 0 0.0359182340685668
96 0 0.0453518990236982
97 0 0.0612732425246126
98 0 0.0366207493492144
99 0 0.0718412198715218
100 0 0.0707367920059954

death 1 F widowed
1 0 0.00542338282164379
2 0 0.00111278540311921
3 0 0.000661064915747245
4 0 0.000440398498536498
5 0 0.000397283606554777
6 0 0.000329262287812826
7 0 0.00029422566141446
8 0 0.000278509559180740
9 0 0.000227450987784983
10 0 0.00025577617805983
11 0 0.000199552203665965
12 0 0.000202224770170290
13 0 0.000220099578987276
14 0 0.000220099578987276
15 0 0.000244244504265856
16 0 0.000299242010869061
17 0 0.000335451544378418
18 0 0.000338964553193377
19 0 0.000411094888683738
20 0 0.000392178148822531
21 0 0.000420471015746493
22 0 0.000409588101349834
23 0 0.000419382665653778
24 0 0.000399041289524171
25 0 0.000414359680288245
26 0 0.000436881566365344
27 0 0.000461251678207653
28 0 0.000484622975796212
29 0 0.000444585500034345
30 0 0.000461921739236981
31 0 0.000439142435706863
32 0 0.000437216506422033
33 0 0.000454886344852135
34 0 0.000497023093962157
35 0 0.000510849545283798
36 0 0.000510514333699752
37 0 0.000476831875331651
38 0 0.000511352364978568
39 0 0.000515039794431127
40 0 0.0005142855353234
41 0 0.00057934244693103
42 0 0.000510011518642495
43 0 0.000524259022816276
44 0 0.00052685733796265
45 0 0.000596536654622892
46 0 0.000571627079720916
47 0 0.000566679525970115
48 0 0.000570201485755484
49 0 0.000632613128327075
50 0 0.000770927088344808
51 0 0.000760170183348619
52 0 0.00076235507658684
53 0 0.000761178589082423
54 0 0.000848700422213744
55 0 0.000857448833133767
56 0 0.000892450905364273
57 0 0.00104211903284857
58 0 0.00105771487465256
59 0 0.00107036211830613
60 0 0.00128681850767487
61 0 0.00134126704784054
62 0 0.0013276518511679
63 0 0.00160992907021795
64 0 0.00168621741098185
65 0 0.00169547141442528
66 0 0.0021043522716806
67 0 0.00232867811140125
68 0 0.00228320453244024
69 0 0.00281999620856654
70 0 0.00301017292696260
71 0 0.00334770658605099
72 0 0.00362117413851371
73 0 0.00407929019404252
74 0 0.00478406051401914
75 0 0.00516462356619274
76 0 0.00564119373167515
77 0 0.00649677309995222
78 0 0.00683717083822
79 0 0.00854550025666623
80 0 0.00858644746094916
81 0 0.00996471966712387
82 0 0.00980706500551976
83 0 0.0120301648520900
84 0 0.0135923013596935
85 0 0.0144834816275343
86 0 0.0168312389409250
87 0 0.0184808494491217
88 0 0.0181310106156333
89 0 0.0203700888117097
90 0 0.0256218298822586
91 0 0.0283139420311843
92 0 0.0322316825622009
93 0 0.0283291447786336
94 0 0.0387375424207070
95 0 0.0359182340685668
96 0 0.0453518990236982
97 0 0.0612732425246126
98 0 0.0366207493492144
99 0 0.0718412198715218
100 0 0.0707367920059954
