*Period monthly mortality rates for SWE in 2003 
* Mon Dec 20 14:21:48 2010
death 1 M married
1 0 0.000305763679129600
2 0 0.0000325058108229248
3 0 0.0000227528470903016
4 0 0.0000177517330796073
5 0 0.00000891710398476242
6 0 0.0000140844243226024
7 0 0.0000103339206576347
8 0 0.0000064168931326325
9 0 0.00000441677395845996
10 0 0.00000983386519282092
11 0 0.00000666691112360951
12 0 0.00000766698996346182
13 0 0.0000100838925813918
14 0 0.0000141677706060328
15 0 0.00000808369272708997
16 0 0.0000140010781156663
17 0 0.0000248367257986715
18 0 0.0000253368637967988
19 0 0.0000400088026996093
20 0 0.0000588523794108342
21 0 0.0000609370858251079
22 0 0.0000542661935792887
23 0 0.0000563507948196929
24 0 0.0000588523794108342
25 0 0.0000631052312128899
26 0 0.0000689428027651484
27 0 0.000038007944314522
28 0 0.0000483461867075707
29 0 0.0000528486920409188
30 0 0.0000543495767111324
31 0 0.0000471789069125261
32 0 0.0000371742663183294
33 0 0.0000429268001225225
34 0 0.0000559338707473156
35 0 0.0000746139455438666
36 0 0.0000731127262585396
37 0 0.0000557671016537808
38 0 0.0000780334820239537
39 0 0.000088876765401924
40 0 0.0000994710683406286
41 0 0.00010539440576951
42 0 0.000109899737742336
43 0 0.000118410418553538
44 0 0.000135434171084525
45 0 0.000178174500180539
46 0 0.000144448036890177
47 0 0.000185940037527588
48 0 0.000213249937742632
49 0 0.00021216406641289
50 0 0.000259620394490789
51 0 0.000256110451294811
52 0 0.000277422907885350
53 0 0.000289376786786644
54 0 0.000350257287096811
55 0 0.000405235300503626
56 0 0.000430350482007236
57 0 0.000484958091876209
58 0 0.000525097180874123
59 0 0.000517302609322257
60 0 0.000604254137508198
61 0 0.00067290146931065
62 0 0.000784543122758552
63 0 0.000845840547548216
64 0 0.000943716259391492
65 0 0.00100975567015793
66 0 0.00124684836535460
67 0 0.00135344634512358
68 0 0.00140158747515007
69 0 0.00167382361853841
70 0 0.00174141580476217
71 0 0.00202634830079518
72 0 0.00242465772948841
73 0 0.00242508567356414
74 0 0.00283211774663461
75 0 0.00310084085910056
76 0 0.00342192360919324
77 0 0.00388729320779113
78 0 0.00442110180817645
79 0 0.00477035737988352
80 0 0.00540524820534816
81 0 0.0060416890152013
82 0 0.00754357578624298
83 0 0.0077800059157368
84 0 0.00964532856006617
85 0 0.00939619445609907
86 0 0.0115885707634482
87 0 0.0131479868141614
88 0 0.0148542782779808
89 0 0.0167179131990399
90 0 0.0187955055654366
91 0 0.0201318232825562
92 0 0.0237692779427758
93 0 0.0247235803291926
94 0 0.0290204845837605
95 0 0.0327627448177311
96 0 0.0377053601384338
97 0 0.0441529250464728
98 0 0.0472975907375429
99 0 0.0534793536012355
100 0 0.0465986530356591

death 1 M single
1 0 0.000305763679129600
2 0 0.0000325058108229248
3 0 0.0000227528470903016
4 0 0.0000177517330796073
5 0 0.00000891710398476242
6 0 0.0000140844243226024
7 0 0.0000103339206576347
8 0 0.0000064168931326325
9 0 0.00000441677395845996
10 0 0.00000983386519282092
11 0 0.00000666691112360951
12 0 0.00000766698996346182
13 0 0.0000100838925813918
14 0 0.0000141677706060328
15 0 0.00000808369272708997
16 0 0.0000140010781156663
17 0 0.0000248367257986715
18 0 0.0000253368637967988
19 0 0.0000400088026996093
20 0 0.0000588523794108342
21 0 0.0000609370858251079
22 0 0.0000542661935792887
23 0 0.0000563507948196929
24 0 0.0000588523794108342
25 0 0.0000631052312128899
26 0 0.0000689428027651484
27 0 0.000038007944314522
28 0 0.0000483461867075707
29 0 0.0000528486920409188
30 0 0.0000543495767111324
31 0 0.0000471789069125261
32 0 0.0000371742663183294
33 0 0.0000429268001225225
34 0 0.0000559338707473156
35 0 0.0000746139455438666
36 0 0.0000731127262585396
37 0 0.0000557671016537808
38 0 0.0000780334820239537
39 0 0.000088876765401924
40 0 0.0000994710683406286
41 0 0.00010539440576951
42 0 0.000109899737742336
43 0 0.000118410418553538
44 0 0.000135434171084525
45 0 0.000178174500180539
46 0 0.000144448036890177
47 0 0.000185940037527588
48 0 0.000213249937742632
49 0 0.00021216406641289
50 0 0.000259620394490789
51 0 0.000256110451294811
52 0 0.000277422907885350
53 0 0.000289376786786644
54 0 0.000350257287096811
55 0 0.000405235300503626
56 0 0.000430350482007236
57 0 0.000484958091876209
58 0 0.000525097180874123
59 0 0.000517302609322257
60 0 0.000604254137508198
61 0 0.00067290146931065
62 0 0.000784543122758552
63 0 0.000845840547548216
64 0 0.000943716259391492
65 0 0.00100975567015793
66 0 0.00124684836535460
67 0 0.00135344634512358
68 0 0.00140158747515007
69 0 0.00167382361853841
70 0 0.00174141580476217
71 0 0.00202634830079518
72 0 0.00242465772948841
73 0 0.00242508567356414
74 0 0.00283211774663461
75 0 0.00310084085910056
76 0 0.00342192360919324
77 0 0.00388729320779113
78 0 0.00442110180817645
79 0 0.00477035737988352
80 0 0.00540524820534816
81 0 0.0060416890152013
82 0 0.00754357578624298
83 0 0.0077800059157368
84 0 0.00964532856006617
85 0 0.00939619445609907
86 0 0.0115885707634482
87 0 0.0131479868141614
88 0 0.0148542782779808
89 0 0.0167179131990399
90 0 0.0187955055654366
91 0 0.0201318232825562
92 0 0.0237692779427758
93 0 0.0247235803291926
94 0 0.0290204845837605
95 0 0.0327627448177311
96 0 0.0377053601384338
97 0 0.0441529250464728
98 0 0.0472975907375429
99 0 0.0534793536012355
100 0 0.0465986530356591

death 1 M divorced
1 0 0.000305763679129600
2 0 0.0000325058108229248
3 0 0.0000227528470903016
4 0 0.0000177517330796073
5 0 0.00000891710398476242
6 0 0.0000140844243226024
7 0 0.0000103339206576347
8 0 0.0000064168931326325
9 0 0.00000441677395845996
10 0 0.00000983386519282092
11 0 0.00000666691112360951
12 0 0.00000766698996346182
13 0 0.0000100838925813918
14 0 0.0000141677706060328
15 0 0.00000808369272708997
16 0 0.0000140010781156663
17 0 0.0000248367257986715
18 0 0.0000253368637967988
19 0 0.0000400088026996093
20 0 0.0000588523794108342
21 0 0.0000609370858251079
22 0 0.0000542661935792887
23 0 0.0000563507948196929
24 0 0.0000588523794108342
25 0 0.0000631052312128899
26 0 0.0000689428027651484
27 0 0.000038007944314522
28 0 0.0000483461867075707
29 0 0.0000528486920409188
30 0 0.0000543495767111324
31 0 0.0000471789069125261
32 0 0.0000371742663183294
33 0 0.0000429268001225225
34 0 0.0000559338707473156
35 0 0.0000746139455438666
36 0 0.0000731127262585396
37 0 0.0000557671016537808
38 0 0.0000780334820239537
39 0 0.000088876765401924
40 0 0.0000994710683406286
41 0 0.00010539440576951
42 0 0.000109899737742336
43 0 0.000118410418553538
44 0 0.000135434171084525
45 0 0.000178174500180539
46 0 0.000144448036890177
47 0 0.000185940037527588
48 0 0.000213249937742632
49 0 0.00021216406641289
50 0 0.000259620394490789
51 0 0.000256110451294811
52 0 0.000277422907885350
53 0 0.000289376786786644
54 0 0.000350257287096811
55 0 0.000405235300503626
56 0 0.000430350482007236
57 0 0.000484958091876209
58 0 0.000525097180874123
59 0 0.000517302609322257
60 0 0.000604254137508198
61 0 0.00067290146931065
62 0 0.000784543122758552
63 0 0.000845840547548216
64 0 0.000943716259391492
65 0 0.00100975567015793
66 0 0.00124684836535460
67 0 0.00135344634512358
68 0 0.00140158747515007
69 0 0.00167382361853841
70 0 0.00174141580476217
71 0 0.00202634830079518
72 0 0.00242465772948841
73 0 0.00242508567356414
74 0 0.00283211774663461
75 0 0.00310084085910056
76 0 0.00342192360919324
77 0 0.00388729320779113
78 0 0.00442110180817645
79 0 0.00477035737988352
80 0 0.00540524820534816
81 0 0.0060416890152013
82 0 0.00754357578624298
83 0 0.0077800059157368
84 0 0.00964532856006617
85 0 0.00939619445609907
86 0 0.0115885707634482
87 0 0.0131479868141614
88 0 0.0148542782779808
89 0 0.0167179131990399
90 0 0.0187955055654366
91 0 0.0201318232825562
92 0 0.0237692779427758
93 0 0.0247235803291926
94 0 0.0290204845837605
95 0 0.0327627448177311
96 0 0.0377053601384338
97 0 0.0441529250464728
98 0 0.0472975907375429
99 0 0.0534793536012355
100 0 0.0465986530356591

death 1 M widowed
1 0 0.000305763679129600
2 0 0.0000325058108229248
3 0 0.0000227528470903016
4 0 0.0000177517330796073
5 0 0.00000891710398476242
6 0 0.0000140844243226024
7 0 0.0000103339206576347
8 0 0.0000064168931326325
9 0 0.00000441677395845996
10 0 0.00000983386519282092
11 0 0.00000666691112360951
12 0 0.00000766698996346182
13 0 0.0000100838925813918
14 0 0.0000141677706060328
15 0 0.00000808369272708997
16 0 0.0000140010781156663
17 0 0.0000248367257986715
18 0 0.0000253368637967988
19 0 0.0000400088026996093
20 0 0.0000588523794108342
21 0 0.0000609370858251079
22 0 0.0000542661935792887
23 0 0.0000563507948196929
24 0 0.0000588523794108342
25 0 0.0000631052312128899
26 0 0.0000689428027651484
27 0 0.000038007944314522
28 0 0.0000483461867075707
29 0 0.0000528486920409188
30 0 0.0000543495767111324
31 0 0.0000471789069125261
32 0 0.0000371742663183294
33 0 0.0000429268001225225
34 0 0.0000559338707473156
35 0 0.0000746139455438666
36 0 0.0000731127262585396
37 0 0.0000557671016537808
38 0 0.0000780334820239537
39 0 0.000088876765401924
40 0 0.0000994710683406286
41 0 0.00010539440576951
42 0 0.000109899737742336
43 0 0.000118410418553538
44 0 0.000135434171084525
45 0 0.000178174500180539
46 0 0.000144448036890177
47 0 0.000185940037527588
48 0 0.000213249937742632
49 0 0.00021216406641289
50 0 0.000259620394490789
51 0 0.000256110451294811
52 0 0.000277422907885350
53 0 0.000289376786786644
54 0 0.000350257287096811
55 0 0.000405235300503626
56 0 0.000430350482007236
57 0 0.000484958091876209
58 0 0.000525097180874123
59 0 0.000517302609322257
60 0 0.000604254137508198
61 0 0.00067290146931065
62 0 0.000784543122758552
63 0 0.000845840547548216
64 0 0.000943716259391492
65 0 0.00100975567015793
66 0 0.00124684836535460
67 0 0.00135344634512358
68 0 0.00140158747515007
69 0 0.00167382361853841
70 0 0.00174141580476217
71 0 0.00202634830079518
72 0 0.00242465772948841
73 0 0.00242508567356414
74 0 0.00283211774663461
75 0 0.00310084085910056
76 0 0.00342192360919324
77 0 0.00388729320779113
78 0 0.00442110180817645
79 0 0.00477035737988352
80 0 0.00540524820534816
81 0 0.0060416890152013
82 0 0.00754357578624298
83 0 0.0077800059157368
84 0 0.00964532856006617
85 0 0.00939619445609907
86 0 0.0115885707634482
87 0 0.0131479868141614
88 0 0.0148542782779808
89 0 0.0167179131990399
90 0 0.0187955055654366
91 0 0.0201318232825562
92 0 0.0237692779427758
93 0 0.0247235803291926
94 0 0.0290204845837605
95 0 0.0327627448177311
96 0 0.0377053601384338
97 0 0.0441529250464728
98 0 0.0472975907375429
99 0 0.0534793536012355
100 0 0.0465986530356591

death 1 F married
1 0 0.000218094752507114
2 0 0.0000198354971484571
3 0 0.0000110840090122855
4 0 0.00000750030939278279
5 0 0.0000094171544067212
6 0 0.00000375007734598753
7 0 0.00000900044553076018
8 0 0.00000341673087322913
9 0 0.0000062502148540089
10 0 0.00000583352049443597
11 0 0.00000283337748707702
12 0 0.00000275004159466796
13 0 0.00000666691112360951
14 0 0.00000950049641113004
15 0 0.0000170849386651462
16 0 0.0000236697478368519
17 0 0.000035340201638423
18 0 0.0000174183352610324
19 0 0.0000212524839984241
20 0 0.0000252535072726712
21 0 0.0000168348920206451
22 0 0.0000215858958788617
23 0 0.0000243365905521209
24 0 0.0000224194309299541
25 0 0.0000146678499107766
26 0 0.0000210857785167828
27 0 0.0000237531029086968
28 0 0.0000242532349451485
29 0 0.0000403422833787914
30 0 0.0000210857785167828
31 0 0.0000279209539558734
32 0 0.0000289212666413352
33 0 0.000034589913116112
34 0 0.0000395085839746123
35 0 0.0000290046265286614
36 0 0.0000302550340112173
37 0 0.0000395919535709499
38 0 0.0000430101728537968
39 0 0.0000591859292243813
40 0 0.000046928777477917
41 0 0.0000498469970400262
42 0 0.0000716115317648258
43 0 0.0000787841292010372
44 0 0.0000964678334476332
45 0 0.0000685258209363049
46 0 0.000108147637662870
47 0 0.000124501885252482
48 0 0.000127923299003019
49 0 0.000141109463848488
50 0 0.000145366165974603
51 0 0.000184353475969790
52 0 0.000189614286412731
53 0 0.000196796201762273
54 0 0.000220600792517067
55 0 0.000259703966218994
56 0 0.000267225736466314
57 0 0.000291048783297221
58 0 0.000351344809621623
59 0 0.000351010185920098
60 0 0.00041084375572642
61 0 0.000431020315210362
62 0 0.000534485079388802
63 0 0.000508084086699001
64 0 0.000567937353078252
65 0 0.000648222740302629
66 0 0.000669039729151111
67 0 0.000724799032419066
68 0 0.000869563408699037
69 0 0.00096030582943274
70 0 0.00106496574557924
71 0 0.00117219443482897
72 0 0.0013276518511679
73 0 0.00143434480452553
74 0 0.00150074215714169
75 0 0.00172943914751755
76 0 0.00190244714888232
77 0 0.00225688814018299
78 0 0.00245675914035648
79 0 0.00285344183203962
80 0 0.00340401253837952
81 0 0.00374762215760571
82 0 0.00446118366966020
83 0 0.00488109590379948
84 0 0.00595140936257976
85 0 0.00650196584654772
86 0 0.00721918807682964
87 0 0.00905237339483222
88 0 0.009873030704321
89 0 0.0118789238117279
90 0 0.0132075776002590
91 0 0.0154864561095400
92 0 0.0168029191346963
93 0 0.0201761301965244
94 0 0.0226108499526591
95 0 0.0243536098141558
96 0 0.0287195961969832
97 0 0.0334665231341916
98 0 0.0365652442059464
99 0 0.0406401331350575
100 0 0.0428286703093695

death 1 F single
1 0 0.000218094752507114
2 0 0.0000198354971484571
3 0 0.0000110840090122855
4 0 0.00000750030939278279
5 0 0.0000094171544067212
6 0 0.00000375007734598753
7 0 0.00000900044553076018
8 0 0.00000341673087322913
9 0 0.0000062502148540089
10 0 0.00000583352049443597
11 0 0.00000283337748707702
12 0 0.00000275004159466796
13 0 0.00000666691112360951
14 0 0.00000950049641113004
15 0 0.0000170849386651462
16 0 0.0000236697478368519
17 0 0.000035340201638423
18 0 0.0000174183352610324
19 0 0.0000212524839984241
20 0 0.0000252535072726712
21 0 0.0000168348920206451
22 0 0.0000215858958788617
23 0 0.0000243365905521209
24 0 0.0000224194309299541
25 0 0.0000146678499107766
26 0 0.0000210857785167828
27 0 0.0000237531029086968
28 0 0.0000242532349451485
29 0 0.0000403422833787914
30 0 0.0000210857785167828
31 0 0.0000279209539558734
32 0 0.0000289212666413352
33 0 0.000034589913116112
34 0 0.0000395085839746123
35 0 0.0000290046265286614
36 0 0.0000302550340112173
37 0 0.0000395919535709499
38 0 0.0000430101728537968
39 0 0.0000591859292243813
40 0 0.000046928777477917
41 0 0.0000498469970400262
42 0 0.0000716115317648258
43 0 0.0000787841292010372
44 0 0.0000964678334476332
45 0 0.0000685258209363049
46 0 0.000108147637662870
47 0 0.000124501885252482
48 0 0.000127923299003019
49 0 0.000141109463848488
50 0 0.000145366165974603
51 0 0.000184353475969790
52 0 0.000189614286412731
53 0 0.000196796201762273
54 0 0.000220600792517067
55 0 0.000259703966218994
56 0 0.000267225736466314
57 0 0.000291048783297221
58 0 0.000351344809621623
59 0 0.000351010185920098
60 0 0.00041084375572642
61 0 0.000431020315210362
62 0 0.000534485079388802
63 0 0.000508084086699001
64 0 0.000567937353078252
65 0 0.000648222740302629
66 0 0.000669039729151111
67 0 0.000724799032419066
68 0 0.000869563408699037
69 0 0.00096030582943274
70 0 0.00106496574557924
71 0 0.00117219443482897
72 0 0.0013276518511679
73 0 0.00143434480452553
74 0 0.00150074215714169
75 0 0.00172943914751755
76 0 0.00190244714888232
77 0 0.00225688814018299
78 0 0.00245675914035648
79 0 0.00285344183203962
80 0 0.00340401253837952
81 0 0.00374762215760571
82 0 0.00446118366966020
83 0 0.00488109590379948
84 0 0.00595140936257976
85 0 0.00650196584654772
86 0 0.00721918807682964
87 0 0.00905237339483222
88 0 0.009873030704321
89 0 0.0118789238117279
90 0 0.0132075776002590
91 0 0.0154864561095400
92 0 0.0168029191346963
93 0 0.0201761301965244
94 0 0.0226108499526591
95 0 0.0243536098141558
96 0 0.0287195961969832
97 0 0.0334665231341916
98 0 0.0365652442059464
99 0 0.0406401331350575
100 0 0.0428286703093695

death 1 F divorced
1 0 0.000218094752507114
2 0 0.0000198354971484571
3 0 0.0000110840090122855
4 0 0.00000750030939278279
5 0 0.0000094171544067212
6 0 0.00000375007734598753
7 0 0.00000900044553076018
8 0 0.00000341673087322913
9 0 0.0000062502148540089
10 0 0.00000583352049443597
11 0 0.00000283337748707702
12 0 0.00000275004159466796
13 0 0.00000666691112360951
14 0 0.00000950049641113004
15 0 0.0000170849386651462
16 0 0.0000236697478368519
17 0 0.000035340201638423
18 0 0.0000174183352610324
19 0 0.0000212524839984241
20 0 0.0000252535072726712
21 0 0.0000168348920206451
22 0 0.0000215858958788617
23 0 0.0000243365905521209
24 0 0.0000224194309299541
25 0 0.0000146678499107766
26 0 0.0000210857785167828
27 0 0.0000237531029086968
28 0 0.0000242532349451485
29 0 0.0000403422833787914
30 0 0.0000210857785167828
31 0 0.0000279209539558734
32 0 0.0000289212666413352
33 0 0.000034589913116112
34 0 0.0000395085839746123
35 0 0.0000290046265286614
36 0 0.0000302550340112173
37 0 0.0000395919535709499
38 0 0.0000430101728537968
39 0 0.0000591859292243813
40 0 0.000046928777477917
41 0 0.0000498469970400262
42 0 0.0000716115317648258
43 0 0.0000787841292010372
44 0 0.0000964678334476332
45 0 0.0000685258209363049
46 0 0.000108147637662870
47 0 0.000124501885252482
48 0 0.000127923299003019
49 0 0.000141109463848488
50 0 0.000145366165974603
51 0 0.000184353475969790
52 0 0.000189614286412731
53 0 0.000196796201762273
54 0 0.000220600792517067
55 0 0.000259703966218994
56 0 0.000267225736466314
57 0 0.000291048783297221
58 0 0.000351344809621623
59 0 0.000351010185920098
60 0 0.00041084375572642
61 0 0.000431020315210362
62 0 0.000534485079388802
63 0 0.000508084086699001
64 0 0.000567937353078252
65 0 0.000648222740302629
66 0 0.000669039729151111
67 0 0.000724799032419066
68 0 0.000869563408699037
69 0 0.00096030582943274
70 0 0.00106496574557924
71 0 0.00117219443482897
72 0 0.0013276518511679
73 0 0.00143434480452553
74 0 0.00150074215714169
75 0 0.00172943914751755
76 0 0.00190244714888232
77 0 0.00225688814018299
78 0 0.00245675914035648
79 0 0.00285344183203962
80 0 0.00340401253837952
81 0 0.00374762215760571
82 0 0.00446118366966020
83 0 0.00488109590379948
84 0 0.00595140936257976
85 0 0.00650196584654772
86 0 0.00721918807682964
87 0 0.00905237339483222
88 0 0.009873030704321
89 0 0.0118789238117279
90 0 0.0132075776002590
91 0 0.0154864561095400
92 0 0.0168029191346963
93 0 0.0201761301965244
94 0 0.0226108499526591
95 0 0.0243536098141558
96 0 0.0287195961969832
97 0 0.0334665231341916
98 0 0.0365652442059464
99 0 0.0406401331350575
100 0 0.0428286703093695

death 1 F widowed
1 0 0.000218094752507114
2 0 0.0000198354971484571
3 0 0.0000110840090122855
4 0 0.00000750030939278279
5 0 0.0000094171544067212
6 0 0.00000375007734598753
7 0 0.00000900044553076018
8 0 0.00000341673087322913
9 0 0.0000062502148540089
10 0 0.00000583352049443597
11 0 0.00000283337748707702
12 0 0.00000275004159466796
13 0 0.00000666691112360951
14 0 0.00000950049641113004
15 0 0.0000170849386651462
16 0 0.0000236697478368519
17 0 0.000035340201638423
18 0 0.0000174183352610324
19 0 0.0000212524839984241
20 0 0.0000252535072726712
21 0 0.0000168348920206451
22 0 0.0000215858958788617
23 0 0.0000243365905521209
24 0 0.0000224194309299541
25 0 0.0000146678499107766
26 0 0.0000210857785167828
27 0 0.0000237531029086968
28 0 0.0000242532349451485
29 0 0.0000403422833787914
30 0 0.0000210857785167828
31 0 0.0000279209539558734
32 0 0.0000289212666413352
33 0 0.000034589913116112
34 0 0.0000395085839746123
35 0 0.0000290046265286614
36 0 0.0000302550340112173
37 0 0.0000395919535709499
38 0 0.0000430101728537968
39 0 0.0000591859292243813
40 0 0.000046928777477917
41 0 0.0000498469970400262
42 0 0.0000716115317648258
43 0 0.0000787841292010372
44 0 0.0000964678334476332
45 0 0.0000685258209363049
46 0 0.000108147637662870
47 0 0.000124501885252482
48 0 0.000127923299003019
49 0 0.000141109463848488
50 0 0.000145366165974603
51 0 0.000184353475969790
52 0 0.000189614286412731
53 0 0.000196796201762273
54 0 0.000220600792517067
55 0 0.000259703966218994
56 0 0.000267225736466314
57 0 0.000291048783297221
58 0 0.000351344809621623
59 0 0.000351010185920098
60 0 0.00041084375572642
61 0 0.000431020315210362
62 0 0.000534485079388802
63 0 0.000508084086699001
64 0 0.000567937353078252
65 0 0.000648222740302629
66 0 0.000669039729151111
67 0 0.000724799032419066
68 0 0.000869563408699037
69 0 0.00096030582943274
70 0 0.00106496574557924
71 0 0.00117219443482897
72 0 0.0013276518511679
73 0 0.00143434480452553
74 0 0.00150074215714169
75 0 0.00172943914751755
76 0 0.00190244714888232
77 0 0.00225688814018299
78 0 0.00245675914035648
79 0 0.00285344183203962
80 0 0.00340401253837952
81 0 0.00374762215760571
82 0 0.00446118366966020
83 0 0.00488109590379948
84 0 0.00595140936257976
85 0 0.00650196584654772
86 0 0.00721918807682964
87 0 0.00905237339483222
88 0 0.009873030704321
89 0 0.0118789238117279
90 0 0.0132075776002590
91 0 0.0154864561095400
92 0 0.0168029191346963
93 0 0.0201761301965244
94 0 0.0226108499526591
95 0 0.0243536098141558
96 0 0.0287195961969832
97 0 0.0334665231341916
98 0 0.0365652442059464
99 0 0.0406401331350575
100 0 0.0428286703093695
