*Period monthly mortality rates for SWE in 2056 
* Mon Dec 20 14:21:52 2010
death 1 M married
1 0 0.000185188504916445
2 0 0.0000191686874497776
3 0 0.00000583352049443597
4 0 0.00000416676215586609
5 0 0.00000416676215586609
6 0 0.00000333339444602565
7 0 0.00000333339444602565
8 0 0.00000333339444602565
9 0 0.00000250003437562984
10 0 0.00000250003437562984
11 0 0.00000333339444602565
12 0 0.00000333339444602565
13 0 0.00000333339444602565
14 0 0.00000500013750526218
15 0 0.00000500013750526218
16 0 0.00000750030939278279
17 0 0.0000100005500421885
18 0 0.000012500859457365
19 0 0.0000166681946396352
20 0 0.0000225027848553827
21 0 0.0000258370045466139
22 0 0.0000275041602521009
23 0 0.0000283377495704507
24 0 0.0000275041602521009
25 0 0.0000275041602521009
26 0 0.0000266705785775256
27 0 0.0000266705785775256
28 0 0.0000250034381590325
29 0 0.0000250034381590325
30 0 0.0000250034381590325
31 0 0.0000250034381590325
32 0 0.0000233363283135279
33 0 0.0000250034381590325
34 0 0.0000258370045466139
35 0 0.0000266705785775256
36 0 0.0000291713465325749
37 0 0.0000308385633891461
38 0 0.0000316721832838152
39 0 0.0000358403974268784
40 0 0.0000383414176537977
41 0 0.0000408425066913409
42 0 0.0000441773991204375
43 0 0.0000500137552731372
44 0 0.000055850486162301
45 0 0.0000600198091127435
46 0 0.0000666911236122392
47 0 0.0000725289254539518
48 0 0.000079201158088904
49 0 0.0000892104254029968
50 0 0.0000967180992323957
51 0 0.000106729295667018
52 0 0.000120913711624038
53 0 0.000132596657577144
54 0 0.000151793329249084
55 0 0.000163480245109926
56 0 0.000178508488132945
57 0 0.000197714859778153
58 0 0.00022193737544296
59 0 0.000234468796364018
60 0 0.000263715499549400
61 0 0.000282939887389921
62 0 0.000313874611824527
63 0 0.000349002469585802
64 0 0.000383307052038151
65 0 0.000430183024477948
66 0 0.000468706385457929
67 0 0.000514788374032848
68 0 0.000576826494329774
69 0 0.000631354405509099
70 0 0.000701029963708133
71 0 0.00078168526729494
72 0 0.00085904719154739
73 0 0.000962579762985083
74 0 0.00107381933810935
75 0 0.00120292685544221
76 0 0.00136774218807156
77 0 0.00150912997137287
78 0 0.00175942623641256
79 0 0.00201041475637043
80 0 0.00230055360294479
81 0 0.00266367910568932
82 0 0.003121365773882
83 0 0.00368546092006861
84 0 0.00429851602020226
85 0 0.00515271497176151
86 0 0.00610593685732685
87 0 0.00726685095103008
88 0 0.00854082961007119
89 0 0.0101998550278783
90 0 0.0119737288210271
91 0 0.0141023266873925
92 0 0.0168726301151908
93 0 0.0201142108907385
94 0 0.0230560791605782
95 0 0.0268847385548501
96 0 0.0299816368094397
97 0 0.0353695356827872
98 0 0.0398929685961749
99 0 0.0439763086490912
100 0 0.0496038878747387

death 1 M single
1 0 0.000185188504916445
2 0 0.0000191686874497776
3 0 0.00000583352049443597
4 0 0.00000416676215586609
5 0 0.00000416676215586609
6 0 0.00000333339444602565
7 0 0.00000333339444602565
8 0 0.00000333339444602565
9 0 0.00000250003437562984
10 0 0.00000250003437562984
11 0 0.00000333339444602565
12 0 0.00000333339444602565
13 0 0.00000333339444602565
14 0 0.00000500013750526218
15 0 0.00000500013750526218
16 0 0.00000750030939278279
17 0 0.0000100005500421885
18 0 0.000012500859457365
19 0 0.0000166681946396352
20 0 0.0000225027848553827
21 0 0.0000258370045466139
22 0 0.0000275041602521009
23 0 0.0000283377495704507
24 0 0.0000275041602521009
25 0 0.0000275041602521009
26 0 0.0000266705785775256
27 0 0.0000266705785775256
28 0 0.0000250034381590325
29 0 0.0000250034381590325
30 0 0.0000250034381590325
31 0 0.0000250034381590325
32 0 0.0000233363283135279
33 0 0.0000250034381590325
34 0 0.0000258370045466139
35 0 0.0000266705785775256
36 0 0.0000291713465325749
37 0 0.0000308385633891461
38 0 0.0000316721832838152
39 0 0.0000358403974268784
40 0 0.0000383414176537977
41 0 0.0000408425066913409
42 0 0.0000441773991204375
43 0 0.0000500137552731372
44 0 0.000055850486162301
45 0 0.0000600198091127435
46 0 0.0000666911236122392
47 0 0.0000725289254539518
48 0 0.000079201158088904
49 0 0.0000892104254029968
50 0 0.0000967180992323957
51 0 0.000106729295667018
52 0 0.000120913711624038
53 0 0.000132596657577144
54 0 0.000151793329249084
55 0 0.000163480245109926
56 0 0.000178508488132945
57 0 0.000197714859778153
58 0 0.00022193737544296
59 0 0.000234468796364018
60 0 0.000263715499549400
61 0 0.000282939887389921
62 0 0.000313874611824527
63 0 0.000349002469585802
64 0 0.000383307052038151
65 0 0.000430183024477948
66 0 0.000468706385457929
67 0 0.000514788374032848
68 0 0.000576826494329774
69 0 0.000631354405509099
70 0 0.000701029963708133
71 0 0.00078168526729494
72 0 0.00085904719154739
73 0 0.000962579762985083
74 0 0.00107381933810935
75 0 0.00120292685544221
76 0 0.00136774218807156
77 0 0.00150912997137287
78 0 0.00175942623641256
79 0 0.00201041475637043
80 0 0.00230055360294479
81 0 0.00266367910568932
82 0 0.003121365773882
83 0 0.00368546092006861
84 0 0.00429851602020226
85 0 0.00515271497176151
86 0 0.00610593685732685
87 0 0.00726685095103008
88 0 0.00854082961007119
89 0 0.0101998550278783
90 0 0.0119737288210271
91 0 0.0141023266873925
92 0 0.0168726301151908
93 0 0.0201142108907385
94 0 0.0230560791605782
95 0 0.0268847385548501
96 0 0.0299816368094397
97 0 0.0353695356827872
98 0 0.0398929685961749
99 0 0.0439763086490912
100 0 0.0496038878747387

death 1 M divorced
1 0 0.000185188504916445
2 0 0.0000191686874497776
3 0 0.00000583352049443597
4 0 0.00000416676215586609
5 0 0.00000416676215586609
6 0 0.00000333339444602565
7 0 0.00000333339444602565
8 0 0.00000333339444602565
9 0 0.00000250003437562984
10 0 0.00000250003437562984
11 0 0.00000333339444602565
12 0 0.00000333339444602565
13 0 0.00000333339444602565
14 0 0.00000500013750526218
15 0 0.00000500013750526218
16 0 0.00000750030939278279
17 0 0.0000100005500421885
18 0 0.000012500859457365
19 0 0.0000166681946396352
20 0 0.0000225027848553827
21 0 0.0000258370045466139
22 0 0.0000275041602521009
23 0 0.0000283377495704507
24 0 0.0000275041602521009
25 0 0.0000275041602521009
26 0 0.0000266705785775256
27 0 0.0000266705785775256
28 0 0.0000250034381590325
29 0 0.0000250034381590325
30 0 0.0000250034381590325
31 0 0.0000250034381590325
32 0 0.0000233363283135279
33 0 0.0000250034381590325
34 0 0.0000258370045466139
35 0 0.0000266705785775256
36 0 0.0000291713465325749
37 0 0.0000308385633891461
38 0 0.0000316721832838152
39 0 0.0000358403974268784
40 0 0.0000383414176537977
41 0 0.0000408425066913409
42 0 0.0000441773991204375
43 0 0.0000500137552731372
44 0 0.000055850486162301
45 0 0.0000600198091127435
46 0 0.0000666911236122392
47 0 0.0000725289254539518
48 0 0.000079201158088904
49 0 0.0000892104254029968
50 0 0.0000967180992323957
51 0 0.000106729295667018
52 0 0.000120913711624038
53 0 0.000132596657577144
54 0 0.000151793329249084
55 0 0.000163480245109926
56 0 0.000178508488132945
57 0 0.000197714859778153
58 0 0.00022193737544296
59 0 0.000234468796364018
60 0 0.000263715499549400
61 0 0.000282939887389921
62 0 0.000313874611824527
63 0 0.000349002469585802
64 0 0.000383307052038151
65 0 0.000430183024477948
66 0 0.000468706385457929
67 0 0.000514788374032848
68 0 0.000576826494329774
69 0 0.000631354405509099
70 0 0.000701029963708133
71 0 0.00078168526729494
72 0 0.00085904719154739
73 0 0.000962579762985083
74 0 0.00107381933810935
75 0 0.00120292685544221
76 0 0.00136774218807156
77 0 0.00150912997137287
78 0 0.00175942623641256
79 0 0.00201041475637043
80 0 0.00230055360294479
81 0 0.00266367910568932
82 0 0.003121365773882
83 0 0.00368546092006861
84 0 0.00429851602020226
85 0 0.00515271497176151
86 0 0.00610593685732685
87 0 0.00726685095103008
88 0 0.00854082961007119
89 0 0.0101998550278783
90 0 0.0119737288210271
91 0 0.0141023266873925
92 0 0.0168726301151908
93 0 0.0201142108907385
94 0 0.0230560791605782
95 0 0.0268847385548501
96 0 0.0299816368094397
97 0 0.0353695356827872
98 0 0.0398929685961749
99 0 0.0439763086490912
100 0 0.0496038878747387

death 1 M widowed
1 0 0.000185188504916445
2 0 0.0000191686874497776
3 0 0.00000583352049443597
4 0 0.00000416676215586609
5 0 0.00000416676215586609
6 0 0.00000333339444602565
7 0 0.00000333339444602565
8 0 0.00000333339444602565
9 0 0.00000250003437562984
10 0 0.00000250003437562984
11 0 0.00000333339444602565
12 0 0.00000333339444602565
13 0 0.00000333339444602565
14 0 0.00000500013750526218
15 0 0.00000500013750526218
16 0 0.00000750030939278279
17 0 0.0000100005500421885
18 0 0.000012500859457365
19 0 0.0000166681946396352
20 0 0.0000225027848553827
21 0 0.0000258370045466139
22 0 0.0000275041602521009
23 0 0.0000283377495704507
24 0 0.0000275041602521009
25 0 0.0000275041602521009
26 0 0.0000266705785775256
27 0 0.0000266705785775256
28 0 0.0000250034381590325
29 0 0.0000250034381590325
30 0 0.0000250034381590325
31 0 0.0000250034381590325
32 0 0.0000233363283135279
33 0 0.0000250034381590325
34 0 0.0000258370045466139
35 0 0.0000266705785775256
36 0 0.0000291713465325749
37 0 0.0000308385633891461
38 0 0.0000316721832838152
39 0 0.0000358403974268784
40 0 0.0000383414176537977
41 0 0.0000408425066913409
42 0 0.0000441773991204375
43 0 0.0000500137552731372
44 0 0.000055850486162301
45 0 0.0000600198091127435
46 0 0.0000666911236122392
47 0 0.0000725289254539518
48 0 0.000079201158088904
49 0 0.0000892104254029968
50 0 0.0000967180992323957
51 0 0.000106729295667018
52 0 0.000120913711624038
53 0 0.000132596657577144
54 0 0.000151793329249084
55 0 0.000163480245109926
56 0 0.000178508488132945
57 0 0.000197714859778153
58 0 0.00022193737544296
59 0 0.000234468796364018
60 0 0.000263715499549400
61 0 0.000282939887389921
62 0 0.000313874611824527
63 0 0.000349002469585802
64 0 0.000383307052038151
65 0 0.000430183024477948
66 0 0.000468706385457929
67 0 0.000514788374032848
68 0 0.000576826494329774
69 0 0.000631354405509099
70 0 0.000701029963708133
71 0 0.00078168526729494
72 0 0.00085904719154739
73 0 0.000962579762985083
74 0 0.00107381933810935
75 0 0.00120292685544221
76 0 0.00136774218807156
77 0 0.00150912997137287
78 0 0.00175942623641256
79 0 0.00201041475637043
80 0 0.00230055360294479
81 0 0.00266367910568932
82 0 0.003121365773882
83 0 0.00368546092006861
84 0 0.00429851602020226
85 0 0.00515271497176151
86 0 0.00610593685732685
87 0 0.00726685095103008
88 0 0.00854082961007119
89 0 0.0101998550278783
90 0 0.0119737288210271
91 0 0.0141023266873925
92 0 0.0168726301151908
93 0 0.0201142108907385
94 0 0.0230560791605782
95 0 0.0268847385548501
96 0 0.0299816368094397
97 0 0.0353695356827872
98 0 0.0398929685961749
99 0 0.0439763086490912
100 0 0.0496038878747387

death 1 F married
1 0 0.000183518454694553
2 0 0.0000200022003373768
3 0 0.00000666691112360951
4 0 0.00000416676215586609
5 0 0.00000333339444602565
6 0 0.00000333339444602565
7 0 0.00000333339444602565
8 0 0.00000250003437562984
9 0 0.00000250003437562984
10 0 0.00000250003437562984
11 0 0.00000250003437562984
12 0 0.00000250003437562984
13 0 0.00000250003437562984
14 0 0.00000333339444602565
15 0 0.00000416676215586609
16 0 0.00000583352049443597
17 0 0.00000666691112360951
18 0 0.00000750030939278279
19 0 0.00000833371530217786
20 0 0.00000916712885190574
21 0 0.0000108339788730261
22 0 0.0000108339788730261
23 0 0.0000100005500421885
24 0 0.0000108339788730261
25 0 0.00000916712885190574
26 0 0.00000916712885190574
27 0 0.0000100005500421885
28 0 0.0000100005500421885
29 0 0.0000100005500421885
30 0 0.0000108339788730261
31 0 0.0000116674153447516
32 0 0.000012500859457365
33 0 0.000012500859457365
34 0 0.0000133343112110884
35 0 0.0000141677706060328
36 0 0.0000166681946396352
37 0 0.0000183351822042876
38 0 0.0000200022003373768
39 0 0.0000208357208674181
40 0 0.0000216692490401238
41 0 0.0000225027848553827
42 0 0.0000250034381590325
43 0 0.0000300049511388067
44 0 0.0000325058108229248
45 0 0.0000366740631904117
46 0 0.0000425099376131222
47 0 0.0000491799671665794
48 0 0.000055850486162301
49 0 0.0000666911236122392
50 0 0.0000783671022263066
51 0 0.0000908787437792213
52 0 0.000103392107678624
53 0 0.000111735307382288
54 0 0.000121748157967727
55 0 0.000135934917957492
56 0 0.000152628059122195
57 0 0.000171828962249876
58 0 0.000188528697419477
59 0 0.000208572430588916
60 0 0.000223608131741049
61 0 0.000253686998195723
62 0 0.000280432127916508
63 0 0.000297151831613829
64 0 0.000331436843438837
65 0 0.000356531634559953
66 0 0.000398371692003185
67 0 0.000428508466157718
68 0 0.000468706385457929
69 0 0.000513950311063049
70 0 0.000557539838629828
71 0 0.00062548059626566
72 0 0.000686754713951743
73 0 0.000758993724140677
74 0 0.00084642933791268
75 0 0.000949947519193861
76 0 0.00105948538273426
77 0 0.00119279413884188
78 0 0.00135759106194844
79 0 0.00153031477103693
80 0 0.00176367450069981
81 0 0.00202149125546969
82 0 0.00234500971565077
83 0 0.00265681420419561
84 0 0.00309032148614252
85 0 0.0035614396179684
86 0 0.00429152611518702
87 0 0.00511567603576268
88 0 0.00607830735996739
89 0 0.00725059941585038
90 0 0.00861228949875892
91 0 0.0100796021160388
92 0 0.0121117885704595
93 0 0.0139884123604840
94 0 0.0163556137797592
95 0 0.0187399757772287
96 0 0.0216445124208288
97 0 0.0247162272272953
98 0 0.0285467276656668
99 0 0.0324814133499055
100 0 0.035512063220833

death 1 F single
1 0 0.000183518454694553
2 0 0.0000200022003373768
3 0 0.00000666691112360951
4 0 0.00000416676215586609
5 0 0.00000333339444602565
6 0 0.00000333339444602565
7 0 0.00000333339444602565
8 0 0.00000250003437562984
9 0 0.00000250003437562984
10 0 0.00000250003437562984
11 0 0.00000250003437562984
12 0 0.00000250003437562984
13 0 0.00000250003437562984
14 0 0.00000333339444602565
15 0 0.00000416676215586609
16 0 0.00000583352049443597
17 0 0.00000666691112360951
18 0 0.00000750030939278279
19 0 0.00000833371530217786
20 0 0.00000916712885190574
21 0 0.0000108339788730261
22 0 0.0000108339788730261
23 0 0.0000100005500421885
24 0 0.0000108339788730261
25 0 0.00000916712885190574
26 0 0.00000916712885190574
27 0 0.0000100005500421885
28 0 0.0000100005500421885
29 0 0.0000100005500421885
30 0 0.0000108339788730261
31 0 0.0000116674153447516
32 0 0.000012500859457365
33 0 0.000012500859457365
34 0 0.0000133343112110884
35 0 0.0000141677706060328
36 0 0.0000166681946396352
37 0 0.0000183351822042876
38 0 0.0000200022003373768
39 0 0.0000208357208674181
40 0 0.0000216692490401238
41 0 0.0000225027848553827
42 0 0.0000250034381590325
43 0 0.0000300049511388067
44 0 0.0000325058108229248
45 0 0.0000366740631904117
46 0 0.0000425099376131222
47 0 0.0000491799671665794
48 0 0.000055850486162301
49 0 0.0000666911236122392
50 0 0.0000783671022263066
51 0 0.0000908787437792213
52 0 0.000103392107678624
53 0 0.000111735307382288
54 0 0.000121748157967727
55 0 0.000135934917957492
56 0 0.000152628059122195
57 0 0.000171828962249876
58 0 0.000188528697419477
59 0 0.000208572430588916
60 0 0.000223608131741049
61 0 0.000253686998195723
62 0 0.000280432127916508
63 0 0.000297151831613829
64 0 0.000331436843438837
65 0 0.000356531634559953
66 0 0.000398371692003185
67 0 0.000428508466157718
68 0 0.000468706385457929
69 0 0.000513950311063049
70 0 0.000557539838629828
71 0 0.00062548059626566
72 0 0.000686754713951743
73 0 0.000758993724140677
74 0 0.00084642933791268
75 0 0.000949947519193861
76 0 0.00105948538273426
77 0 0.00119279413884188
78 0 0.00135759106194844
79 0 0.00153031477103693
80 0 0.00176367450069981
81 0 0.00202149125546969
82 0 0.00234500971565077
83 0 0.00265681420419561
84 0 0.00309032148614252
85 0 0.0035614396179684
86 0 0.00429152611518702
87 0 0.00511567603576268
88 0 0.00607830735996739
89 0 0.00725059941585038
90 0 0.00861228949875892
91 0 0.0100796021160388
92 0 0.0121117885704595
93 0 0.0139884123604840
94 0 0.0163556137797592
95 0 0.0187399757772287
96 0 0.0216445124208288
97 0 0.0247162272272953
98 0 0.0285467276656668
99 0 0.0324814133499055
100 0 0.035512063220833

death 1 F divorced
1 0 0.000183518454694553
2 0 0.0000200022003373768
3 0 0.00000666691112360951
4 0 0.00000416676215586609
5 0 0.00000333339444602565
6 0 0.00000333339444602565
7 0 0.00000333339444602565
8 0 0.00000250003437562984
9 0 0.00000250003437562984
10 0 0.00000250003437562984
11 0 0.00000250003437562984
12 0 0.00000250003437562984
13 0 0.00000250003437562984
14 0 0.00000333339444602565
15 0 0.00000416676215586609
16 0 0.00000583352049443597
17 0 0.00000666691112360951
18 0 0.00000750030939278279
19 0 0.00000833371530217786
20 0 0.00000916712885190574
21 0 0.0000108339788730261
22 0 0.0000108339788730261
23 0 0.0000100005500421885
24 0 0.0000108339788730261
25 0 0.00000916712885190574
26 0 0.00000916712885190574
27 0 0.0000100005500421885
28 0 0.0000100005500421885
29 0 0.0000100005500421885
30 0 0.0000108339788730261
31 0 0.0000116674153447516
32 0 0.000012500859457365
33 0 0.000012500859457365
34 0 0.0000133343112110884
35 0 0.0000141677706060328
36 0 0.0000166681946396352
37 0 0.0000183351822042876
38 0 0.0000200022003373768
39 0 0.0000208357208674181
40 0 0.0000216692490401238
41 0 0.0000225027848553827
42 0 0.0000250034381590325
43 0 0.0000300049511388067
44 0 0.0000325058108229248
45 0 0.0000366740631904117
46 0 0.0000425099376131222
47 0 0.0000491799671665794
48 0 0.000055850486162301
49 0 0.0000666911236122392
50 0 0.0000783671022263066
51 0 0.0000908787437792213
52 0 0.000103392107678624
53 0 0.000111735307382288
54 0 0.000121748157967727
55 0 0.000135934917957492
56 0 0.000152628059122195
57 0 0.000171828962249876
58 0 0.000188528697419477
59 0 0.000208572430588916
60 0 0.000223608131741049
61 0 0.000253686998195723
62 0 0.000280432127916508
63 0 0.000297151831613829
64 0 0.000331436843438837
65 0 0.000356531634559953
66 0 0.000398371692003185
67 0 0.000428508466157718
68 0 0.000468706385457929
69 0 0.000513950311063049
70 0 0.000557539838629828
71 0 0.00062548059626566
72 0 0.000686754713951743
73 0 0.000758993724140677
74 0 0.00084642933791268
75 0 0.000949947519193861
76 0 0.00105948538273426
77 0 0.00119279413884188
78 0 0.00135759106194844
79 0 0.00153031477103693
80 0 0.00176367450069981
81 0 0.00202149125546969
82 0 0.00234500971565077
83 0 0.00265681420419561
84 0 0.00309032148614252
85 0 0.0035614396179684
86 0 0.00429152611518702
87 0 0.00511567603576268
88 0 0.00607830735996739
89 0 0.00725059941585038
90 0 0.00861228949875892
91 0 0.0100796021160388
92 0 0.0121117885704595
93 0 0.0139884123604840
94 0 0.0163556137797592
95 0 0.0187399757772287
96 0 0.0216445124208288
97 0 0.0247162272272953
98 0 0.0285467276656668
99 0 0.0324814133499055
100 0 0.035512063220833

death 1 F widowed
1 0 0.000183518454694553
2 0 0.0000200022003373768
3 0 0.00000666691112360951
4 0 0.00000416676215586609
5 0 0.00000333339444602565
6 0 0.00000333339444602565
7 0 0.00000333339444602565
8 0 0.00000250003437562984
9 0 0.00000250003437562984
10 0 0.00000250003437562984
11 0 0.00000250003437562984
12 0 0.00000250003437562984
13 0 0.00000250003437562984
14 0 0.00000333339444602565
15 0 0.00000416676215586609
16 0 0.00000583352049443597
17 0 0.00000666691112360951
18 0 0.00000750030939278279
19 0 0.00000833371530217786
20 0 0.00000916712885190574
21 0 0.0000108339788730261
22 0 0.0000108339788730261
23 0 0.0000100005500421885
24 0 0.0000108339788730261
25 0 0.00000916712885190574
26 0 0.00000916712885190574
27 0 0.0000100005500421885
28 0 0.0000100005500421885
29 0 0.0000100005500421885
30 0 0.0000108339788730261
31 0 0.0000116674153447516
32 0 0.000012500859457365
33 0 0.000012500859457365
34 0 0.0000133343112110884
35 0 0.0000141677706060328
36 0 0.0000166681946396352
37 0 0.0000183351822042876
38 0 0.0000200022003373768
39 0 0.0000208357208674181
40 0 0.0000216692490401238
41 0 0.0000225027848553827
42 0 0.0000250034381590325
43 0 0.0000300049511388067
44 0 0.0000325058108229248
45 0 0.0000366740631904117
46 0 0.0000425099376131222
47 0 0.0000491799671665794
48 0 0.000055850486162301
49 0 0.0000666911236122392
50 0 0.0000783671022263066
51 0 0.0000908787437792213
52 0 0.000103392107678624
53 0 0.000111735307382288
54 0 0.000121748157967727
55 0 0.000135934917957492
56 0 0.000152628059122195
57 0 0.000171828962249876
58 0 0.000188528697419477
59 0 0.000208572430588916
60 0 0.000223608131741049
61 0 0.000253686998195723
62 0 0.000280432127916508
63 0 0.000297151831613829
64 0 0.000331436843438837
65 0 0.000356531634559953
66 0 0.000398371692003185
67 0 0.000428508466157718
68 0 0.000468706385457929
69 0 0.000513950311063049
70 0 0.000557539838629828
71 0 0.00062548059626566
72 0 0.000686754713951743
73 0 0.000758993724140677
74 0 0.00084642933791268
75 0 0.000949947519193861
76 0 0.00105948538273426
77 0 0.00119279413884188
78 0 0.00135759106194844
79 0 0.00153031477103693
80 0 0.00176367450069981
81 0 0.00202149125546969
82 0 0.00234500971565077
83 0 0.00265681420419561
84 0 0.00309032148614252
85 0 0.0035614396179684
86 0 0.00429152611518702
87 0 0.00511567603576268
88 0 0.00607830735996739
89 0 0.00725059941585038
90 0 0.00861228949875892
91 0 0.0100796021160388
92 0 0.0121117885704595
93 0 0.0139884123604840
94 0 0.0163556137797592
95 0 0.0187399757772287
96 0 0.0216445124208288
97 0 0.0247162272272953
98 0 0.0285467276656668
99 0 0.0324814133499055
100 0 0.035512063220833
