*Period monthly mortality rates for SWE in 2100 
* Mon Dec 20 14:21:52 2010
death 1 M married
1 0 0.000119244841917165
2 0 0.000012500859457365
3 0 0.00000416676215586609
4 0 0.00000250003437562984
5 0 0.00000250003437562984
6 0 0.00000250003437562984
7 0 0.00000166668194467867
8 0 0.00000166668194467867
9 0 0.00000166668194467867
10 0 0.00000166668194467867
11 0 0.00000166668194467867
12 0 0.00000250003437562984
13 0 0.00000166668194467867
14 0 0.00000333339444602565
15 0 0.00000333339444602565
16 0 0.00000500013750526218
17 0 0.00000666691112360951
18 0 0.00000833371530217786
19 0 0.0000108339788730261
20 0 0.0000141677706060328
21 0 0.0000166681946396352
22 0 0.0000175016846010179
23 0 0.0000183351822042876
24 0 0.0000175016846010179
25 0 0.0000175016846010179
26 0 0.0000175016846010179
27 0 0.0000175016846010179
28 0 0.0000158347123201397
29 0 0.0000158347123201397
30 0 0.0000158347123201397
31 0 0.0000158347123201397
32 0 0.0000150012376423092
33 0 0.0000158347123201397
34 0 0.0000166681946396352
35 0 0.0000166681946396352
36 0 0.0000183351822042876
37 0 0.0000200022003373768
38 0 0.0000208357208674181
39 0 0.0000225027848553827
40 0 0.0000250034381590325
41 0 0.0000258370045466139
42 0 0.0000283377495704507
43 0 0.0000316721832838152
44 0 0.0000358403974268784
45 0 0.0000383414176537977
46 0 0.0000425099376131222
47 0 0.0000466786487315352
48 0 0.0000508475510273554
49 0 0.0000575181923953005
50 0 0.0000625214946752273
51 0 0.0000683590287403613
52 0 0.0000775330540162544
53 0 0.0000850397634148958
54 0 0.000097552323490957
55 0 0.000105060686358072
56 0 0.000114238416628387
57 0 0.000127589496870306
58 0 0.000142611806542514
59 0 0.000150958607041618
60 0 0.000169324266588666
61 0 0.00018184843515745
62 0 0.000201890695059714
63 0 0.000223608131741049
64 0 0.000246166348294219
65 0 0.000273745107596257
66 0 0.000294643679960349
67 0 0.000323073452733302
68 0 0.000361551424450379
69 0 0.000396697719786565
70 0 0.000439393646883834
71 0 0.000490487685641083
72 0 0.000539095563266923
73 0 0.000603666914681056
74 0 0.000673321233567115
75 0 0.000753951928672225
76 0 0.0008624122485682
77 0 0.00095500020587369
78 0 0.00112611529780815
79 0 0.00129586282021077
80 0 0.00151167188629142
81 0 0.00177642048695115
82 0 0.00211526965207398
83 0 0.00254790345475153
84 0 0.00304722205358832
85 0 0.00374796954695367
86 0 0.00456102789973778
87 0 0.00557621185377943
88 0 0.00673208919741664
89 0 0.00825099086288716
90 0 0.00993439431828558
91 0 0.0119946621657394
92 0 0.0147015382934421
93 0 0.0179462298208644
94 0 0.0210380750195081
95 0 0.0249921115778179
96 0 0.0282789742130563
97 0 0.0337037510481373
98 0 0.0382868631301700
99 0 0.0424320978900232
100 0 0.0481218365161545

death 1 M single
1 0 0.000119244841917165
2 0 0.000012500859457365
3 0 0.00000416676215586609
4 0 0.00000250003437562984
5 0 0.00000250003437562984
6 0 0.00000250003437562984
7 0 0.00000166668194467867
8 0 0.00000166668194467867
9 0 0.00000166668194467867
10 0 0.00000166668194467867
11 0 0.00000166668194467867
12 0 0.00000250003437562984
13 0 0.00000166668194467867
14 0 0.00000333339444602565
15 0 0.00000333339444602565
16 0 0.00000500013750526218
17 0 0.00000666691112360951
18 0 0.00000833371530217786
19 0 0.0000108339788730261
20 0 0.0000141677706060328
21 0 0.0000166681946396352
22 0 0.0000175016846010179
23 0 0.0000183351822042876
24 0 0.0000175016846010179
25 0 0.0000175016846010179
26 0 0.0000175016846010179
27 0 0.0000175016846010179
28 0 0.0000158347123201397
29 0 0.0000158347123201397
30 0 0.0000158347123201397
31 0 0.0000158347123201397
32 0 0.0000150012376423092
33 0 0.0000158347123201397
34 0 0.0000166681946396352
35 0 0.0000166681946396352
36 0 0.0000183351822042876
37 0 0.0000200022003373768
38 0 0.0000208357208674181
39 0 0.0000225027848553827
40 0 0.0000250034381590325
41 0 0.0000258370045466139
42 0 0.0000283377495704507
43 0 0.0000316721832838152
44 0 0.0000358403974268784
45 0 0.0000383414176537977
46 0 0.0000425099376131222
47 0 0.0000466786487315352
48 0 0.0000508475510273554
49 0 0.0000575181923953005
50 0 0.0000625214946752273
51 0 0.0000683590287403613
52 0 0.0000775330540162544
53 0 0.0000850397634148958
54 0 0.000097552323490957
55 0 0.000105060686358072
56 0 0.000114238416628387
57 0 0.000127589496870306
58 0 0.000142611806542514
59 0 0.000150958607041618
60 0 0.000169324266588666
61 0 0.00018184843515745
62 0 0.000201890695059714
63 0 0.000223608131741049
64 0 0.000246166348294219
65 0 0.000273745107596257
66 0 0.000294643679960349
67 0 0.000323073452733302
68 0 0.000361551424450379
69 0 0.000396697719786565
70 0 0.000439393646883834
71 0 0.000490487685641083
72 0 0.000539095563266923
73 0 0.000603666914681056
74 0 0.000673321233567115
75 0 0.000753951928672225
76 0 0.0008624122485682
77 0 0.00095500020587369
78 0 0.00112611529780815
79 0 0.00129586282021077
80 0 0.00151167188629142
81 0 0.00177642048695115
82 0 0.00211526965207398
83 0 0.00254790345475153
84 0 0.00304722205358832
85 0 0.00374796954695367
86 0 0.00456102789973778
87 0 0.00557621185377943
88 0 0.00673208919741664
89 0 0.00825099086288716
90 0 0.00993439431828558
91 0 0.0119946621657394
92 0 0.0147015382934421
93 0 0.0179462298208644
94 0 0.0210380750195081
95 0 0.0249921115778179
96 0 0.0282789742130563
97 0 0.0337037510481373
98 0 0.0382868631301700
99 0 0.0424320978900232
100 0 0.0481218365161545

death 1 M divorced
1 0 0.000119244841917165
2 0 0.000012500859457365
3 0 0.00000416676215586609
4 0 0.00000250003437562984
5 0 0.00000250003437562984
6 0 0.00000250003437562984
7 0 0.00000166668194467867
8 0 0.00000166668194467867
9 0 0.00000166668194467867
10 0 0.00000166668194467867
11 0 0.00000166668194467867
12 0 0.00000250003437562984
13 0 0.00000166668194467867
14 0 0.00000333339444602565
15 0 0.00000333339444602565
16 0 0.00000500013750526218
17 0 0.00000666691112360951
18 0 0.00000833371530217786
19 0 0.0000108339788730261
20 0 0.0000141677706060328
21 0 0.0000166681946396352
22 0 0.0000175016846010179
23 0 0.0000183351822042876
24 0 0.0000175016846010179
25 0 0.0000175016846010179
26 0 0.0000175016846010179
27 0 0.0000175016846010179
28 0 0.0000158347123201397
29 0 0.0000158347123201397
30 0 0.0000158347123201397
31 0 0.0000158347123201397
32 0 0.0000150012376423092
33 0 0.0000158347123201397
34 0 0.0000166681946396352
35 0 0.0000166681946396352
36 0 0.0000183351822042876
37 0 0.0000200022003373768
38 0 0.0000208357208674181
39 0 0.0000225027848553827
40 0 0.0000250034381590325
41 0 0.0000258370045466139
42 0 0.0000283377495704507
43 0 0.0000316721832838152
44 0 0.0000358403974268784
45 0 0.0000383414176537977
46 0 0.0000425099376131222
47 0 0.0000466786487315352
48 0 0.0000508475510273554
49 0 0.0000575181923953005
50 0 0.0000625214946752273
51 0 0.0000683590287403613
52 0 0.0000775330540162544
53 0 0.0000850397634148958
54 0 0.000097552323490957
55 0 0.000105060686358072
56 0 0.000114238416628387
57 0 0.000127589496870306
58 0 0.000142611806542514
59 0 0.000150958607041618
60 0 0.000169324266588666
61 0 0.00018184843515745
62 0 0.000201890695059714
63 0 0.000223608131741049
64 0 0.000246166348294219
65 0 0.000273745107596257
66 0 0.000294643679960349
67 0 0.000323073452733302
68 0 0.000361551424450379
69 0 0.000396697719786565
70 0 0.000439393646883834
71 0 0.000490487685641083
72 0 0.000539095563266923
73 0 0.000603666914681056
74 0 0.000673321233567115
75 0 0.000753951928672225
76 0 0.0008624122485682
77 0 0.00095500020587369
78 0 0.00112611529780815
79 0 0.00129586282021077
80 0 0.00151167188629142
81 0 0.00177642048695115
82 0 0.00211526965207398
83 0 0.00254790345475153
84 0 0.00304722205358832
85 0 0.00374796954695367
86 0 0.00456102789973778
87 0 0.00557621185377943
88 0 0.00673208919741664
89 0 0.00825099086288716
90 0 0.00993439431828558
91 0 0.0119946621657394
92 0 0.0147015382934421
93 0 0.0179462298208644
94 0 0.0210380750195081
95 0 0.0249921115778179
96 0 0.0282789742130563
97 0 0.0337037510481373
98 0 0.0382868631301700
99 0 0.0424320978900232
100 0 0.0481218365161545

death 1 M widowed
1 0 0.000119244841917165
2 0 0.000012500859457365
3 0 0.00000416676215586609
4 0 0.00000250003437562984
5 0 0.00000250003437562984
6 0 0.00000250003437562984
7 0 0.00000166668194467867
8 0 0.00000166668194467867
9 0 0.00000166668194467867
10 0 0.00000166668194467867
11 0 0.00000166668194467867
12 0 0.00000250003437562984
13 0 0.00000166668194467867
14 0 0.00000333339444602565
15 0 0.00000333339444602565
16 0 0.00000500013750526218
17 0 0.00000666691112360951
18 0 0.00000833371530217786
19 0 0.0000108339788730261
20 0 0.0000141677706060328
21 0 0.0000166681946396352
22 0 0.0000175016846010179
23 0 0.0000183351822042876
24 0 0.0000175016846010179
25 0 0.0000175016846010179
26 0 0.0000175016846010179
27 0 0.0000175016846010179
28 0 0.0000158347123201397
29 0 0.0000158347123201397
30 0 0.0000158347123201397
31 0 0.0000158347123201397
32 0 0.0000150012376423092
33 0 0.0000158347123201397
34 0 0.0000166681946396352
35 0 0.0000166681946396352
36 0 0.0000183351822042876
37 0 0.0000200022003373768
38 0 0.0000208357208674181
39 0 0.0000225027848553827
40 0 0.0000250034381590325
41 0 0.0000258370045466139
42 0 0.0000283377495704507
43 0 0.0000316721832838152
44 0 0.0000358403974268784
45 0 0.0000383414176537977
46 0 0.0000425099376131222
47 0 0.0000466786487315352
48 0 0.0000508475510273554
49 0 0.0000575181923953005
50 0 0.0000625214946752273
51 0 0.0000683590287403613
52 0 0.0000775330540162544
53 0 0.0000850397634148958
54 0 0.000097552323490957
55 0 0.000105060686358072
56 0 0.000114238416628387
57 0 0.000127589496870306
58 0 0.000142611806542514
59 0 0.000150958607041618
60 0 0.000169324266588666
61 0 0.00018184843515745
62 0 0.000201890695059714
63 0 0.000223608131741049
64 0 0.000246166348294219
65 0 0.000273745107596257
66 0 0.000294643679960349
67 0 0.000323073452733302
68 0 0.000361551424450379
69 0 0.000396697719786565
70 0 0.000439393646883834
71 0 0.000490487685641083
72 0 0.000539095563266923
73 0 0.000603666914681056
74 0 0.000673321233567115
75 0 0.000753951928672225
76 0 0.0008624122485682
77 0 0.00095500020587369
78 0 0.00112611529780815
79 0 0.00129586282021077
80 0 0.00151167188629142
81 0 0.00177642048695115
82 0 0.00211526965207398
83 0 0.00254790345475153
84 0 0.00304722205358832
85 0 0.00374796954695367
86 0 0.00456102789973778
87 0 0.00557621185377943
88 0 0.00673208919741664
89 0 0.00825099086288716
90 0 0.00993439431828558
91 0 0.0119946621657394
92 0 0.0147015382934421
93 0 0.0179462298208644
94 0 0.0210380750195081
95 0 0.0249921115778179
96 0 0.0282789742130563
97 0 0.0337037510481373
98 0 0.0382868631301700
99 0 0.0424320978900232
100 0 0.0481218365161545

death 1 F married
1 0 0.000118410418553538
2 0 0.000012500859457365
3 0 0.00000416676215586609
4 0 0.00000250003437562984
5 0 0.00000250003437562984
6 0 0.00000250003437562984
7 0 0.00000250003437562984
8 0 0.00000166668194467867
9 0 0.00000166668194467867
10 0 0.00000166668194467867
11 0 0.00000166668194467867
12 0 0.00000166668194467867
13 0 0.00000166668194467867
14 0 0.00000166668194467867
15 0 0.00000250003437562984
16 0 0.00000416676215586609
17 0 0.00000416676215586609
18 0 0.00000500013750526218
19 0 0.00000500013750526218
20 0 0.00000583352049443597
21 0 0.00000666691112360951
22 0 0.00000750030939278279
23 0 0.00000666691112360951
24 0 0.00000666691112360951
25 0 0.00000583352049443597
26 0 0.00000583352049443597
27 0 0.00000666691112360951
28 0 0.00000666691112360951
29 0 0.00000666691112360951
30 0 0.00000666691112360951
31 0 0.00000750030939278279
32 0 0.00000833371530217786
33 0 0.00000833371530217786
34 0 0.00000833371530217786
35 0 0.00000916712885190574
36 0 0.0000108339788730261
37 0 0.0000116674153447516
38 0 0.000012500859457365
39 0 0.0000133343112110884
40 0 0.0000141677706060328
41 0 0.0000150012376423092
42 0 0.0000158347123201397
43 0 0.0000191686874497776
44 0 0.0000208357208674181
45 0 0.0000233363283135279
46 0 0.0000275041602521009
47 0 0.0000325058108229248
48 0 0.0000375077365993848
49 0 0.0000466786487315352
50 0 0.000055850486162301
51 0 0.000065857182524165
52 0 0.0000766990134587475
53 0 0.0000833715521976197
54 0 0.0000908787437792213
55 0 0.000101723559627565
56 0 0.000114238416628387
57 0 0.000129258519792286
58 0 0.000141777168646939
59 0 0.000156801823476993
60 0 0.000167654507824855
61 0 0.00019103392235309
62 0 0.000210242941224514
63 0 0.000222772749752909
64 0 0.000248673162449031
65 0 0.000267894368393584
66 0 0.000298823971172202
67 0 0.000321400866947319
68 0 0.000351512121934405
69 0 0.000385817651945008
70 0 0.000417624589193033
71 0 0.00046954403123467
72 0 0.000514788374032848
73 0 0.000569279054520644
74 0 0.000634711038445146
75 0 0.000711947844934002
76 0 0.00079429412988874
77 0 0.000894386509639356
78 0 0.00101733979858842
79 0 0.00114636698342330
80 0 0.00132037997395817
81 0 0.00151251920708273
82 0 0.00175432858176916
83 0 0.00198656227338068
84 0 0.00230910116326277
85 0 0.00267140274122057
86 0 0.00328970740103851
87 0 0.00400714562332216
88 0 0.00486386100595848
89 0 0.00591537611237192
90 0 0.00714683917848691
91 0 0.0085087826813367
92 0 0.0103744609775954
93 0 0.0121632582098966
94 0 0.014399965334997
95 0 0.0166738864194750
96 0 0.0195553442302142
97 0 0.0226294996131138
98 0 0.0264897499887767
99 0 0.0304862576834328
100 0 0.0335604882714337

death 1 F single
1 0 0.000118410418553538
2 0 0.000012500859457365
3 0 0.00000416676215586609
4 0 0.00000250003437562984
5 0 0.00000250003437562984
6 0 0.00000250003437562984
7 0 0.00000250003437562984
8 0 0.00000166668194467867
9 0 0.00000166668194467867
10 0 0.00000166668194467867
11 0 0.00000166668194467867
12 0 0.00000166668194467867
13 0 0.00000166668194467867
14 0 0.00000166668194467867
15 0 0.00000250003437562984
16 0 0.00000416676215586609
17 0 0.00000416676215586609
18 0 0.00000500013750526218
19 0 0.00000500013750526218
20 0 0.00000583352049443597
21 0 0.00000666691112360951
22 0 0.00000750030939278279
23 0 0.00000666691112360951
24 0 0.00000666691112360951
25 0 0.00000583352049443597
26 0 0.00000583352049443597
27 0 0.00000666691112360951
28 0 0.00000666691112360951
29 0 0.00000666691112360951
30 0 0.00000666691112360951
31 0 0.00000750030939278279
32 0 0.00000833371530217786
33 0 0.00000833371530217786
34 0 0.00000833371530217786
35 0 0.00000916712885190574
36 0 0.0000108339788730261
37 0 0.0000116674153447516
38 0 0.000012500859457365
39 0 0.0000133343112110884
40 0 0.0000141677706060328
41 0 0.0000150012376423092
42 0 0.0000158347123201397
43 0 0.0000191686874497776
44 0 0.0000208357208674181
45 0 0.0000233363283135279
46 0 0.0000275041602521009
47 0 0.0000325058108229248
48 0 0.0000375077365993848
49 0 0.0000466786487315352
50 0 0.000055850486162301
51 0 0.000065857182524165
52 0 0.0000766990134587475
53 0 0.0000833715521976197
54 0 0.0000908787437792213
55 0 0.000101723559627565
56 0 0.000114238416628387
57 0 0.000129258519792286
58 0 0.000141777168646939
59 0 0.000156801823476993
60 0 0.000167654507824855
61 0 0.00019103392235309
62 0 0.000210242941224514
63 0 0.000222772749752909
64 0 0.000248673162449031
65 0 0.000267894368393584
66 0 0.000298823971172202
67 0 0.000321400866947319
68 0 0.000351512121934405
69 0 0.000385817651945008
70 0 0.000417624589193033
71 0 0.00046954403123467
72 0 0.000514788374032848
73 0 0.000569279054520644
74 0 0.000634711038445146
75 0 0.000711947844934002
76 0 0.00079429412988874
77 0 0.000894386509639356
78 0 0.00101733979858842
79 0 0.00114636698342330
80 0 0.00132037997395817
81 0 0.00151251920708273
82 0 0.00175432858176916
83 0 0.00198656227338068
84 0 0.00230910116326277
85 0 0.00267140274122057
86 0 0.00328970740103851
87 0 0.00400714562332216
88 0 0.00486386100595848
89 0 0.00591537611237192
90 0 0.00714683917848691
91 0 0.0085087826813367
92 0 0.0103744609775954
93 0 0.0121632582098966
94 0 0.014399965334997
95 0 0.0166738864194750
96 0 0.0195553442302142
97 0 0.0226294996131138
98 0 0.0264897499887767
99 0 0.0304862576834328
100 0 0.0335604882714337

death 1 F divorced
1 0 0.000118410418553538
2 0 0.000012500859457365
3 0 0.00000416676215586609
4 0 0.00000250003437562984
5 0 0.00000250003437562984
6 0 0.00000250003437562984
7 0 0.00000250003437562984
8 0 0.00000166668194467867
9 0 0.00000166668194467867
10 0 0.00000166668194467867
11 0 0.00000166668194467867
12 0 0.00000166668194467867
13 0 0.00000166668194467867
14 0 0.00000166668194467867
15 0 0.00000250003437562984
16 0 0.00000416676215586609
17 0 0.00000416676215586609
18 0 0.00000500013750526218
19 0 0.00000500013750526218
20 0 0.00000583352049443597
21 0 0.00000666691112360951
22 0 0.00000750030939278279
23 0 0.00000666691112360951
24 0 0.00000666691112360951
25 0 0.00000583352049443597
26 0 0.00000583352049443597
27 0 0.00000666691112360951
28 0 0.00000666691112360951
29 0 0.00000666691112360951
30 0 0.00000666691112360951
31 0 0.00000750030939278279
32 0 0.00000833371530217786
33 0 0.00000833371530217786
34 0 0.00000833371530217786
35 0 0.00000916712885190574
36 0 0.0000108339788730261
37 0 0.0000116674153447516
38 0 0.000012500859457365
39 0 0.0000133343112110884
40 0 0.0000141677706060328
41 0 0.0000150012376423092
42 0 0.0000158347123201397
43 0 0.0000191686874497776
44 0 0.0000208357208674181
45 0 0.0000233363283135279
46 0 0.0000275041602521009
47 0 0.0000325058108229248
48 0 0.0000375077365993848
49 0 0.0000466786487315352
50 0 0.000055850486162301
51 0 0.000065857182524165
52 0 0.0000766990134587475
53 0 0.0000833715521976197
54 0 0.0000908787437792213
55 0 0.000101723559627565
56 0 0.000114238416628387
57 0 0.000129258519792286
58 0 0.000141777168646939
59 0 0.000156801823476993
60 0 0.000167654507824855
61 0 0.00019103392235309
62 0 0.000210242941224514
63 0 0.000222772749752909
64 0 0.000248673162449031
65 0 0.000267894368393584
66 0 0.000298823971172202
67 0 0.000321400866947319
68 0 0.000351512121934405
69 0 0.000385817651945008
70 0 0.000417624589193033
71 0 0.00046954403123467
72 0 0.000514788374032848
73 0 0.000569279054520644
74 0 0.000634711038445146
75 0 0.000711947844934002
76 0 0.00079429412988874
77 0 0.000894386509639356
78 0 0.00101733979858842
79 0 0.00114636698342330
80 0 0.00132037997395817
81 0 0.00151251920708273
82 0 0.00175432858176916
83 0 0.00198656227338068
84 0 0.00230910116326277
85 0 0.00267140274122057
86 0 0.00328970740103851
87 0 0.00400714562332216
88 0 0.00486386100595848
89 0 0.00591537611237192
90 0 0.00714683917848691
91 0 0.0085087826813367
92 0 0.0103744609775954
93 0 0.0121632582098966
94 0 0.014399965334997
95 0 0.0166738864194750
96 0 0.0195553442302142
97 0 0.0226294996131138
98 0 0.0264897499887767
99 0 0.0304862576834328
100 0 0.0335604882714337

death 1 F widowed
1 0 0.000118410418553538
2 0 0.000012500859457365
3 0 0.00000416676215586609
4 0 0.00000250003437562984
5 0 0.00000250003437562984
6 0 0.00000250003437562984
7 0 0.00000250003437562984
8 0 0.00000166668194467867
9 0 0.00000166668194467867
10 0 0.00000166668194467867
11 0 0.00000166668194467867
12 0 0.00000166668194467867
13 0 0.00000166668194467867
14 0 0.00000166668194467867
15 0 0.00000250003437562984
16 0 0.00000416676215586609
17 0 0.00000416676215586609
18 0 0.00000500013750526218
19 0 0.00000500013750526218
20 0 0.00000583352049443597
21 0 0.00000666691112360951
22 0 0.00000750030939278279
23 0 0.00000666691112360951
24 0 0.00000666691112360951
25 0 0.00000583352049443597
26 0 0.00000583352049443597
27 0 0.00000666691112360951
28 0 0.00000666691112360951
29 0 0.00000666691112360951
30 0 0.00000666691112360951
31 0 0.00000750030939278279
32 0 0.00000833371530217786
33 0 0.00000833371530217786
34 0 0.00000833371530217786
35 0 0.00000916712885190574
36 0 0.0000108339788730261
37 0 0.0000116674153447516
38 0 0.000012500859457365
39 0 0.0000133343112110884
40 0 0.0000141677706060328
41 0 0.0000150012376423092
42 0 0.0000158347123201397
43 0 0.0000191686874497776
44 0 0.0000208357208674181
45 0 0.0000233363283135279
46 0 0.0000275041602521009
47 0 0.0000325058108229248
48 0 0.0000375077365993848
49 0 0.0000466786487315352
50 0 0.000055850486162301
51 0 0.000065857182524165
52 0 0.0000766990134587475
53 0 0.0000833715521976197
54 0 0.0000908787437792213
55 0 0.000101723559627565
56 0 0.000114238416628387
57 0 0.000129258519792286
58 0 0.000141777168646939
59 0 0.000156801823476993
60 0 0.000167654507824855
61 0 0.00019103392235309
62 0 0.000210242941224514
63 0 0.000222772749752909
64 0 0.000248673162449031
65 0 0.000267894368393584
66 0 0.000298823971172202
67 0 0.000321400866947319
68 0 0.000351512121934405
69 0 0.000385817651945008
70 0 0.000417624589193033
71 0 0.00046954403123467
72 0 0.000514788374032848
73 0 0.000569279054520644
74 0 0.000634711038445146
75 0 0.000711947844934002
76 0 0.00079429412988874
77 0 0.000894386509639356
78 0 0.00101733979858842
79 0 0.00114636698342330
80 0 0.00132037997395817
81 0 0.00151251920708273
82 0 0.00175432858176916
83 0 0.00198656227338068
84 0 0.00230910116326277
85 0 0.00267140274122057
86 0 0.00328970740103851
87 0 0.00400714562332216
88 0 0.00486386100595848
89 0 0.00591537611237192
90 0 0.00714683917848691
91 0 0.0085087826813367
92 0 0.0103744609775954
93 0 0.0121632582098966
94 0 0.014399965334997
95 0 0.0166738864194750
96 0 0.0195553442302142
97 0 0.0226294996131138
98 0 0.0264897499887767
99 0 0.0304862576834328
100 0 0.0335604882714337
