*Period monthly mortality rates for SWE in 1883 
* Mon Dec 20 14:20:17 2010
death 1 M married
1 0 0.0122073167733551
2 0 0.0035357892739295
3 0 0.00209318037541473
4 0 0.00168061452806600
5 0 0.00133517801185035
6 0 0.00103655575904371
7 0 0.000877724832295312
8 0 0.000738912234653388
9 0 0.000617425703924757
10 0 0.000505151116535041
11 0 0.000416536273190826
12 0 0.00042315008689453
13 0 0.000347078449719818
14 0 0.000323575234471796
15 0 0.000335869752592588
16 0 0.000315128944395338
17 0 0.000334698774442699
18 0 0.000406909430000768
19 0 0.000469125207381071
20 0 0.000486214788183781
21 0 0.000576658766633487
22 0 0.000513782699396725
23 0 0.000552257686278201
24 0 0.00055661753593228
25 0 0.000544963790214736
26 0 0.000537670479633379
27 0 0.000522331288624223
28 0 0.000503726565185825
29 0 0.000533563010686189
30 0 0.000536413071459352
31 0 0.00057934244693103
32 0 0.000513698893679471
33 0 0.000543873947981055
34 0 0.000604841364130748
35 0 0.000575400818781047
36 0 0.000633536202810703
37 0 0.000549658644670492
38 0 0.000609455419666061
39 0 0.000606183610663558
40 0 0.000647887021502647
41 0 0.000757733249039383
42 0 0.000760254216732204
43 0 0.000866198086739045
44 0 0.000822964791203806
45 0 0.00080833405620151
46 0 0.000894638982803286
47 0 0.000945147727196671
48 0 0.000960726923943445
49 0 0.000948600183551473
50 0 0.000993157065792616
51 0 0.000984985263403404
52 0 0.00110114443752851
53 0 0.00124482075100574
54 0 0.00130440080171113
55 0 0.00143883187079941
56 0 0.00142621785291075
57 0 0.00158287442005278
58 0 0.00163045866843403
59 0 0.00180973845269961
60 0 0.00190695741865177
61 0 0.00200564375807422
62 0 0.00210733736237323
63 0 0.00239915590864115
64 0 0.00232551473748077
65 0 0.00284441287712434
66 0 0.00334805244514469
67 0 0.00334234593891458
68 0 0.00357539437565768
69 0 0.00379861579993079
70 0 0.00406900520826403
71 0 0.00455550731576682
72 0 0.00520291811903661
73 0 0.00584415262987203
74 0 0.00615069674405033
75 0 0.00686143782504334
76 0 0.00877429169358168
77 0 0.00857316277219311
78 0 0.00944909284179285
79 0 0.0098332596792563
80 0 0.0106035494281741
81 0 0.0137585907455837
82 0 0.0138636622401900
83 0 0.0152296748693501
84 0 0.0151620207447436
85 0 0.0246277086346479
86 0 0.019961057010468
87 0 0.0233388346273152
88 0 0.0241890543785402
89 0 0.0287851843286908
90 0 0.0325076600785135
91 0 0.0319840884819809
92 0 0.0379311472410357
93 0 0.0403883556554908
94 0 0.0390402386975033
95 0 0.108962420762220
96 0 0.0622440517278046
97 0 0.128824935834135
98 0 0.06165618003913
99 0 0.0682717494159452
100 0 1

death 1 M single
1 0 0.0122073167733551
2 0 0.0035357892739295
3 0 0.00209318037541473
4 0 0.00168061452806600
5 0 0.00133517801185035
6 0 0.00103655575904371
7 0 0.000877724832295312
8 0 0.000738912234653388
9 0 0.000617425703924757
10 0 0.000505151116535041
11 0 0.000416536273190826
12 0 0.00042315008689453
13 0 0.000347078449719818
14 0 0.000323575234471796
15 0 0.000335869752592588
16 0 0.000315128944395338
17 0 0.000334698774442699
18 0 0.000406909430000768
19 0 0.000469125207381071
20 0 0.000486214788183781
21 0 0.000576658766633487
22 0 0.000513782699396725
23 0 0.000552257686278201
24 0 0.00055661753593228
25 0 0.000544963790214736
26 0 0.000537670479633379
27 0 0.000522331288624223
28 0 0.000503726565185825
29 0 0.000533563010686189
30 0 0.000536413071459352
31 0 0.00057934244693103
32 0 0.000513698893679471
33 0 0.000543873947981055
34 0 0.000604841364130748
35 0 0.000575400818781047
36 0 0.000633536202810703
37 0 0.000549658644670492
38 0 0.000609455419666061
39 0 0.000606183610663558
40 0 0.000647887021502647
41 0 0.000757733249039383
42 0 0.000760254216732204
43 0 0.000866198086739045
44 0 0.000822964791203806
45 0 0.00080833405620151
46 0 0.000894638982803286
47 0 0.000945147727196671
48 0 0.000960726923943445
49 0 0.000948600183551473
50 0 0.000993157065792616
51 0 0.000984985263403404
52 0 0.00110114443752851
53 0 0.00124482075100574
54 0 0.00130440080171113
55 0 0.00143883187079941
56 0 0.00142621785291075
57 0 0.00158287442005278
58 0 0.00163045866843403
59 0 0.00180973845269961
60 0 0.00190695741865177
61 0 0.00200564375807422
62 0 0.00210733736237323
63 0 0.00239915590864115
64 0 0.00232551473748077
65 0 0.00284441287712434
66 0 0.00334805244514469
67 0 0.00334234593891458
68 0 0.00357539437565768
69 0 0.00379861579993079
70 0 0.00406900520826403
71 0 0.00455550731576682
72 0 0.00520291811903661
73 0 0.00584415262987203
74 0 0.00615069674405033
75 0 0.00686143782504334
76 0 0.00877429169358168
77 0 0.00857316277219311
78 0 0.00944909284179285
79 0 0.0098332596792563
80 0 0.0106035494281741
81 0 0.0137585907455837
82 0 0.0138636622401900
83 0 0.0152296748693501
84 0 0.0151620207447436
85 0 0.0246277086346479
86 0 0.019961057010468
87 0 0.0233388346273152
88 0 0.0241890543785402
89 0 0.0287851843286908
90 0 0.0325076600785135
91 0 0.0319840884819809
92 0 0.0379311472410357
93 0 0.0403883556554908
94 0 0.0390402386975033
95 0 0.108962420762220
96 0 0.0622440517278046
97 0 0.128824935834135
98 0 0.06165618003913
99 0 0.0682717494159452
100 0 1

death 1 M divorced
1 0 0.0122073167733551
2 0 0.0035357892739295
3 0 0.00209318037541473
4 0 0.00168061452806600
5 0 0.00133517801185035
6 0 0.00103655575904371
7 0 0.000877724832295312
8 0 0.000738912234653388
9 0 0.000617425703924757
10 0 0.000505151116535041
11 0 0.000416536273190826
12 0 0.00042315008689453
13 0 0.000347078449719818
14 0 0.000323575234471796
15 0 0.000335869752592588
16 0 0.000315128944395338
17 0 0.000334698774442699
18 0 0.000406909430000768
19 0 0.000469125207381071
20 0 0.000486214788183781
21 0 0.000576658766633487
22 0 0.000513782699396725
23 0 0.000552257686278201
24 0 0.00055661753593228
25 0 0.000544963790214736
26 0 0.000537670479633379
27 0 0.000522331288624223
28 0 0.000503726565185825
29 0 0.000533563010686189
30 0 0.000536413071459352
31 0 0.00057934244693103
32 0 0.000513698893679471
33 0 0.000543873947981055
34 0 0.000604841364130748
35 0 0.000575400818781047
36 0 0.000633536202810703
37 0 0.000549658644670492
38 0 0.000609455419666061
39 0 0.000606183610663558
40 0 0.000647887021502647
41 0 0.000757733249039383
42 0 0.000760254216732204
43 0 0.000866198086739045
44 0 0.000822964791203806
45 0 0.00080833405620151
46 0 0.000894638982803286
47 0 0.000945147727196671
48 0 0.000960726923943445
49 0 0.000948600183551473
50 0 0.000993157065792616
51 0 0.000984985263403404
52 0 0.00110114443752851
53 0 0.00124482075100574
54 0 0.00130440080171113
55 0 0.00143883187079941
56 0 0.00142621785291075
57 0 0.00158287442005278
58 0 0.00163045866843403
59 0 0.00180973845269961
60 0 0.00190695741865177
61 0 0.00200564375807422
62 0 0.00210733736237323
63 0 0.00239915590864115
64 0 0.00232551473748077
65 0 0.00284441287712434
66 0 0.00334805244514469
67 0 0.00334234593891458
68 0 0.00357539437565768
69 0 0.00379861579993079
70 0 0.00406900520826403
71 0 0.00455550731576682
72 0 0.00520291811903661
73 0 0.00584415262987203
74 0 0.00615069674405033
75 0 0.00686143782504334
76 0 0.00877429169358168
77 0 0.00857316277219311
78 0 0.00944909284179285
79 0 0.0098332596792563
80 0 0.0106035494281741
81 0 0.0137585907455837
82 0 0.0138636622401900
83 0 0.0152296748693501
84 0 0.0151620207447436
85 0 0.0246277086346479
86 0 0.019961057010468
87 0 0.0233388346273152
88 0 0.0241890543785402
89 0 0.0287851843286908
90 0 0.0325076600785135
91 0 0.0319840884819809
92 0 0.0379311472410357
93 0 0.0403883556554908
94 0 0.0390402386975033
95 0 0.108962420762220
96 0 0.0622440517278046
97 0 0.128824935834135
98 0 0.06165618003913
99 0 0.0682717494159452
100 0 1

death 1 M widowed
1 0 0.0122073167733551
2 0 0.0035357892739295
3 0 0.00209318037541473
4 0 0.00168061452806600
5 0 0.00133517801185035
6 0 0.00103655575904371
7 0 0.000877724832295312
8 0 0.000738912234653388
9 0 0.000617425703924757
10 0 0.000505151116535041
11 0 0.000416536273190826
12 0 0.00042315008689453
13 0 0.000347078449719818
14 0 0.000323575234471796
15 0 0.000335869752592588
16 0 0.000315128944395338
17 0 0.000334698774442699
18 0 0.000406909430000768
19 0 0.000469125207381071
20 0 0.000486214788183781
21 0 0.000576658766633487
22 0 0.000513782699396725
23 0 0.000552257686278201
24 0 0.00055661753593228
25 0 0.000544963790214736
26 0 0.000537670479633379
27 0 0.000522331288624223
28 0 0.000503726565185825
29 0 0.000533563010686189
30 0 0.000536413071459352
31 0 0.00057934244693103
32 0 0.000513698893679471
33 0 0.000543873947981055
34 0 0.000604841364130748
35 0 0.000575400818781047
36 0 0.000633536202810703
37 0 0.000549658644670492
38 0 0.000609455419666061
39 0 0.000606183610663558
40 0 0.000647887021502647
41 0 0.000757733249039383
42 0 0.000760254216732204
43 0 0.000866198086739045
44 0 0.000822964791203806
45 0 0.00080833405620151
46 0 0.000894638982803286
47 0 0.000945147727196671
48 0 0.000960726923943445
49 0 0.000948600183551473
50 0 0.000993157065792616
51 0 0.000984985263403404
52 0 0.00110114443752851
53 0 0.00124482075100574
54 0 0.00130440080171113
55 0 0.00143883187079941
56 0 0.00142621785291075
57 0 0.00158287442005278
58 0 0.00163045866843403
59 0 0.00180973845269961
60 0 0.00190695741865177
61 0 0.00200564375807422
62 0 0.00210733736237323
63 0 0.00239915590864115
64 0 0.00232551473748077
65 0 0.00284441287712434
66 0 0.00334805244514469
67 0 0.00334234593891458
68 0 0.00357539437565768
69 0 0.00379861579993079
70 0 0.00406900520826403
71 0 0.00455550731576682
72 0 0.00520291811903661
73 0 0.00584415262987203
74 0 0.00615069674405033
75 0 0.00686143782504334
76 0 0.00877429169358168
77 0 0.00857316277219311
78 0 0.00944909284179285
79 0 0.0098332596792563
80 0 0.0106035494281741
81 0 0.0137585907455837
82 0 0.0138636622401900
83 0 0.0152296748693501
84 0 0.0151620207447436
85 0 0.0246277086346479
86 0 0.019961057010468
87 0 0.0233388346273152
88 0 0.0241890543785402
89 0 0.0287851843286908
90 0 0.0325076600785135
91 0 0.0319840884819809
92 0 0.0379311472410357
93 0 0.0403883556554908
94 0 0.0390402386975033
95 0 0.108962420762220
96 0 0.0622440517278046
97 0 0.128824935834135
98 0 0.06165618003913
99 0 0.0682717494159452
100 0 1

death 1 F married
1 0 0.00982127606342065
2 0 0.00306282168143612
3 0 0.00204390400136145
4 0 0.00167305967301357
5 0 0.00131640605463290
6 0 0.00100840744696296
7 0 0.000881427163133663
8 0 0.000772860104725437
9 0 0.000570033770288858
10 0 0.000506408092155519
11 0 0.000410508912862761
12 0 0.000413103977328411
13 0 0.000340470169972074
14 0 0.000329178652097140
15 0 0.000348584200932422
16 0 0.000357284585367101
17 0 0.000413522543053713
18 0 0.000390755367446038
19 0 0.000406323481168425
20 0 0.000398957589564208
21 0 0.000380880204724376
22 0 0.000473983682771073
23 0 0.000437802654491892
24 0 0.000482696082320655
25 0 0.000499872008804747
26 0 0.000476664332121346
27 0 0.000440817190004772
28 0 0.000493839118368977
29 0 0.000491409317318614
30 0 0.000510011518642495
31 0 0.000495431092219278
32 0 0.000518392132887069
33 0 0.000588148829732682
34 0 0.00056600869196588
35 0 0.000535574809010453
36 0 0.000557539838629828
37 0 0.000648978112138598
38 0 0.000576574902901528
39 0 0.000613734116920339
40 0 0.000629592222861186
41 0 0.000577832867009853
42 0 0.000680037725460325
43 0 0.000692128662347247
44 0 0.000757145033310924
45 0 0.000582864897623492
46 0 0.000736895928658887
47 0 0.00072841113135802
48 0 0.000776053874087079
49 0 0.000811108669691585
50 0 0.000856018746814957
51 0 0.000867880732133064
52 0 0.000910967070996471
53 0 0.000936390865542647
54 0 0.000886896791664427
55 0 0.00112847776174829
56 0 0.00110097573885215
57 0 0.00129560922907812
58 0 0.00127253540046401
59 0 0.00132942763059651
60 0 0.00152616216071488
61 0 0.00161196485601578
62 0 0.00174532342497780
63 0 0.00201101114879854
64 0 0.00199823216905892
65 0 0.00242987878518197
66 0 0.00245984147368516
67 0 0.00289860010133380
68 0 0.00302852327581205
69 0 0.00324685853168183
70 0 0.00347585125144190
71 0 0.00411468644635649
72 0 0.0044450787798298
73 0 0.00486245422047027
74 0 0.00529209960865384
75 0 0.00581340428173094
76 0 0.00723552421926299
77 0 0.00668838610596723
78 0 0.00803208163088287
79 0 0.00890439770929419
80 0 0.0102569615009644
81 0 0.0104310237656071
82 0 0.0117062119688081
83 0 0.0128924271712340
84 0 0.0138885400642865
85 0 0.0167151044653647
86 0 0.0184593662371774
87 0 0.0214497696108918
88 0 0.0228283509884903
89 0 0.0242761532041883
90 0 0.0243629004098892
91 0 0.0282138749636425
92 0 0.0361808145255479
93 0 0.0293264485431102
94 0 0.0274628870399889
95 0 0.0433309089895872
96 0 0.0318394344294153
97 0 0.0393084869753361
98 0 0.0420516261358667
99 0 0.0724723626942303
100 0 0.0529968473769309

death 1 F single
1 0 0.00982127606342065
2 0 0.00306282168143612
3 0 0.00204390400136145
4 0 0.00167305967301357
5 0 0.00131640605463290
6 0 0.00100840744696296
7 0 0.000881427163133663
8 0 0.000772860104725437
9 0 0.000570033770288858
10 0 0.000506408092155519
11 0 0.000410508912862761
12 0 0.000413103977328411
13 0 0.000340470169972074
14 0 0.000329178652097140
15 0 0.000348584200932422
16 0 0.000357284585367101
17 0 0.000413522543053713
18 0 0.000390755367446038
19 0 0.000406323481168425
20 0 0.000398957589564208
21 0 0.000380880204724376
22 0 0.000473983682771073
23 0 0.000437802654491892
24 0 0.000482696082320655
25 0 0.000499872008804747
26 0 0.000476664332121346
27 0 0.000440817190004772
28 0 0.000493839118368977
29 0 0.000491409317318614
30 0 0.000510011518642495
31 0 0.000495431092219278
32 0 0.000518392132887069
33 0 0.000588148829732682
34 0 0.00056600869196588
35 0 0.000535574809010453
36 0 0.000557539838629828
37 0 0.000648978112138598
38 0 0.000576574902901528
39 0 0.000613734116920339
40 0 0.000629592222861186
41 0 0.000577832867009853
42 0 0.000680037725460325
43 0 0.000692128662347247
44 0 0.000757145033310924
45 0 0.000582864897623492
46 0 0.000736895928658887
47 0 0.00072841113135802
48 0 0.000776053874087079
49 0 0.000811108669691585
50 0 0.000856018746814957
51 0 0.000867880732133064
52 0 0.000910967070996471
53 0 0.000936390865542647
54 0 0.000886896791664427
55 0 0.00112847776174829
56 0 0.00110097573885215
57 0 0.00129560922907812
58 0 0.00127253540046401
59 0 0.00132942763059651
60 0 0.00152616216071488
61 0 0.00161196485601578
62 0 0.00174532342497780
63 0 0.00201101114879854
64 0 0.00199823216905892
65 0 0.00242987878518197
66 0 0.00245984147368516
67 0 0.00289860010133380
68 0 0.00302852327581205
69 0 0.00324685853168183
70 0 0.00347585125144190
71 0 0.00411468644635649
72 0 0.0044450787798298
73 0 0.00486245422047027
74 0 0.00529209960865384
75 0 0.00581340428173094
76 0 0.00723552421926299
77 0 0.00668838610596723
78 0 0.00803208163088287
79 0 0.00890439770929419
80 0 0.0102569615009644
81 0 0.0104310237656071
82 0 0.0117062119688081
83 0 0.0128924271712340
84 0 0.0138885400642865
85 0 0.0167151044653647
86 0 0.0184593662371774
87 0 0.0214497696108918
88 0 0.0228283509884903
89 0 0.0242761532041883
90 0 0.0243629004098892
91 0 0.0282138749636425
92 0 0.0361808145255479
93 0 0.0293264485431102
94 0 0.0274628870399889
95 0 0.0433309089895872
96 0 0.0318394344294153
97 0 0.0393084869753361
98 0 0.0420516261358667
99 0 0.0724723626942303
100 0 0.0529968473769309

death 1 F divorced
1 0 0.00982127606342065
2 0 0.00306282168143612
3 0 0.00204390400136145
4 0 0.00167305967301357
5 0 0.00131640605463290
6 0 0.00100840744696296
7 0 0.000881427163133663
8 0 0.000772860104725437
9 0 0.000570033770288858
10 0 0.000506408092155519
11 0 0.000410508912862761
12 0 0.000413103977328411
13 0 0.000340470169972074
14 0 0.000329178652097140
15 0 0.000348584200932422
16 0 0.000357284585367101
17 0 0.000413522543053713
18 0 0.000390755367446038
19 0 0.000406323481168425
20 0 0.000398957589564208
21 0 0.000380880204724376
22 0 0.000473983682771073
23 0 0.000437802654491892
24 0 0.000482696082320655
25 0 0.000499872008804747
26 0 0.000476664332121346
27 0 0.000440817190004772
28 0 0.000493839118368977
29 0 0.000491409317318614
30 0 0.000510011518642495
31 0 0.000495431092219278
32 0 0.000518392132887069
33 0 0.000588148829732682
34 0 0.00056600869196588
35 0 0.000535574809010453
36 0 0.000557539838629828
37 0 0.000648978112138598
38 0 0.000576574902901528
39 0 0.000613734116920339
40 0 0.000629592222861186
41 0 0.000577832867009853
42 0 0.000680037725460325
43 0 0.000692128662347247
44 0 0.000757145033310924
45 0 0.000582864897623492
46 0 0.000736895928658887
47 0 0.00072841113135802
48 0 0.000776053874087079
49 0 0.000811108669691585
50 0 0.000856018746814957
51 0 0.000867880732133064
52 0 0.000910967070996471
53 0 0.000936390865542647
54 0 0.000886896791664427
55 0 0.00112847776174829
56 0 0.00110097573885215
57 0 0.00129560922907812
58 0 0.00127253540046401
59 0 0.00132942763059651
60 0 0.00152616216071488
61 0 0.00161196485601578
62 0 0.00174532342497780
63 0 0.00201101114879854
64 0 0.00199823216905892
65 0 0.00242987878518197
66 0 0.00245984147368516
67 0 0.00289860010133380
68 0 0.00302852327581205
69 0 0.00324685853168183
70 0 0.00347585125144190
71 0 0.00411468644635649
72 0 0.0044450787798298
73 0 0.00486245422047027
74 0 0.00529209960865384
75 0 0.00581340428173094
76 0 0.00723552421926299
77 0 0.00668838610596723
78 0 0.00803208163088287
79 0 0.00890439770929419
80 0 0.0102569615009644
81 0 0.0104310237656071
82 0 0.0117062119688081
83 0 0.0128924271712340
84 0 0.0138885400642865
85 0 0.0167151044653647
86 0 0.0184593662371774
87 0 0.0214497696108918
88 0 0.0228283509884903
89 0 0.0242761532041883
90 0 0.0243629004098892
91 0 0.0282138749636425
92 0 0.0361808145255479
93 0 0.0293264485431102
94 0 0.0274628870399889
95 0 0.0433309089895872
96 0 0.0318394344294153
97 0 0.0393084869753361
98 0 0.0420516261358667
99 0 0.0724723626942303
100 0 0.0529968473769309

death 1 F widowed
1 0 0.00982127606342065
2 0 0.00306282168143612
3 0 0.00204390400136145
4 0 0.00167305967301357
5 0 0.00131640605463290
6 0 0.00100840744696296
7 0 0.000881427163133663
8 0 0.000772860104725437
9 0 0.000570033770288858
10 0 0.000506408092155519
11 0 0.000410508912862761
12 0 0.000413103977328411
13 0 0.000340470169972074
14 0 0.000329178652097140
15 0 0.000348584200932422
16 0 0.000357284585367101
17 0 0.000413522543053713
18 0 0.000390755367446038
19 0 0.000406323481168425
20 0 0.000398957589564208
21 0 0.000380880204724376
22 0 0.000473983682771073
23 0 0.000437802654491892
24 0 0.000482696082320655
25 0 0.000499872008804747
26 0 0.000476664332121346
27 0 0.000440817190004772
28 0 0.000493839118368977
29 0 0.000491409317318614
30 0 0.000510011518642495
31 0 0.000495431092219278
32 0 0.000518392132887069
33 0 0.000588148829732682
34 0 0.00056600869196588
35 0 0.000535574809010453
36 0 0.000557539838629828
37 0 0.000648978112138598
38 0 0.000576574902901528
39 0 0.000613734116920339
40 0 0.000629592222861186
41 0 0.000577832867009853
42 0 0.000680037725460325
43 0 0.000692128662347247
44 0 0.000757145033310924
45 0 0.000582864897623492
46 0 0.000736895928658887
47 0 0.00072841113135802
48 0 0.000776053874087079
49 0 0.000811108669691585
50 0 0.000856018746814957
51 0 0.000867880732133064
52 0 0.000910967070996471
53 0 0.000936390865542647
54 0 0.000886896791664427
55 0 0.00112847776174829
56 0 0.00110097573885215
57 0 0.00129560922907812
58 0 0.00127253540046401
59 0 0.00132942763059651
60 0 0.00152616216071488
61 0 0.00161196485601578
62 0 0.00174532342497780
63 0 0.00201101114879854
64 0 0.00199823216905892
65 0 0.00242987878518197
66 0 0.00245984147368516
67 0 0.00289860010133380
68 0 0.00302852327581205
69 0 0.00324685853168183
70 0 0.00347585125144190
71 0 0.00411468644635649
72 0 0.0044450787798298
73 0 0.00486245422047027
74 0 0.00529209960865384
75 0 0.00581340428173094
76 0 0.00723552421926299
77 0 0.00668838610596723
78 0 0.00803208163088287
79 0 0.00890439770929419
80 0 0.0102569615009644
81 0 0.0104310237656071
82 0 0.0117062119688081
83 0 0.0128924271712340
84 0 0.0138885400642865
85 0 0.0167151044653647
86 0 0.0184593662371774
87 0 0.0214497696108918
88 0 0.0228283509884903
89 0 0.0242761532041883
90 0 0.0243629004098892
91 0 0.0282138749636425
92 0 0.0361808145255479
93 0 0.0293264485431102
94 0 0.0274628870399889
95 0 0.0433309089895872
96 0 0.0318394344294153
97 0 0.0393084869753361
98 0 0.0420516261358667
99 0 0.0724723626942303
100 0 0.0529968473769309
