*Period monthly mortality rates for SWE in 2045 
* Mon Dec 20 14:21:52 2010
death 1 M married
1 0 0.000206901950655758
2 0 0.0000208357208674181
3 0 0.00000666691112360951
4 0 0.00000500013750526218
5 0 0.00000416676215586609
6 0 0.00000333339444602565
7 0 0.00000333339444602565
8 0 0.00000333339444602565
9 0 0.00000333339444602565
10 0 0.00000333339444602565
11 0 0.00000333339444602565
12 0 0.00000416676215586609
13 0 0.00000333339444602565
14 0 0.00000500013750526218
15 0 0.00000583352049443597
16 0 0.00000833371530217786
17 0 0.0000108339788730261
18 0 0.0000141677706060328
19 0 0.0000183351822042876
20 0 0.0000250034381590325
21 0 0.0000291713465325749
22 0 0.0000308385633891461
23 0 0.0000316721832838152
24 0 0.0000308385633891461
25 0 0.0000300049511388067
26 0 0.0000300049511388067
27 0 0.0000300049511388067
28 0 0.0000283377495704507
29 0 0.0000275041602521009
30 0 0.0000275041602521009
31 0 0.0000283377495704507
32 0 0.0000266705785775256
33 0 0.0000275041602521009
34 0 0.0000291713465325749
35 0 0.0000300049511388067
36 0 0.0000325058108229248
37 0 0.0000350067393084519
38 0 0.0000358403974268784
39 0 0.0000400088026996093
40 0 0.0000425099376131222
41 0 0.0000458448912142861
42 0 0.0000500137552731372
43 0 0.000055850486162301
44 0 0.0000625214946752273
45 0 0.0000666911236122392
46 0 0.0000741969376999441
47 0 0.0000817033715945215
48 0 0.0000883762776967556
49 0 0.000100055042203562
50 0 0.000108397935606575
51 0 0.000119244841917165
52 0 0.000135100341368544
53 0 0.000147619794864662
54 0 0.000169324266588666
55 0 0.000182683441090514
56 0 0.000199385170868593
57 0 0.000221102008810981
58 0 0.000247837550048202
59 0 0.000262044005810314
60 0 0.000294643679960349
61 0 0.000316383294278633
62 0 0.000350675563450809
63 0 0.000390002139264989
64 0 0.000427671198569568
65 0 0.000482109644590722
66 0 0.000527360246250774
67 0 0.000578503788322804
68 0 0.00064813881048631
69 0 0.000709428217418151
70 0 0.000787569185370485
71 0 0.000878397972132072
72 0 0.000965948658087412
73 0 0.00108140881878294
74 0 0.00120714915444331
75 0 0.00135167009583625
76 0 0.00153539985875184
77 0 0.00169317905042266
78 0 0.00196782543492602
79 0 0.00224415989800286
80 0 0.00255647436122675
81 0 0.00294903191572538
82 0 0.00344104996590366
83 0 0.00404373351120013
84 0 0.00468642706234867
85 0 0.00558152921574051
86 0 0.00657066353825142
87 0 0.0077675658791615
88 0 0.00906803180620297
89 0 0.0107594157209618
90 0 0.012550223782826
91 0 0.0146887890226300
92 0 0.0174684922412656
93 0 0.0207007281379445
94 0 0.0235940975767841
95 0 0.0273832293439031
96 0 0.030425363136771
97 0 0.0358015486294706
98 0 0.0403073426090949
99 0 0.0443735494172253
100 0 0.0499838985475272

death 1 M single
1 0 0.000206901950655758
2 0 0.0000208357208674181
3 0 0.00000666691112360951
4 0 0.00000500013750526218
5 0 0.00000416676215586609
6 0 0.00000333339444602565
7 0 0.00000333339444602565
8 0 0.00000333339444602565
9 0 0.00000333339444602565
10 0 0.00000333339444602565
11 0 0.00000333339444602565
12 0 0.00000416676215586609
13 0 0.00000333339444602565
14 0 0.00000500013750526218
15 0 0.00000583352049443597
16 0 0.00000833371530217786
17 0 0.0000108339788730261
18 0 0.0000141677706060328
19 0 0.0000183351822042876
20 0 0.0000250034381590325
21 0 0.0000291713465325749
22 0 0.0000308385633891461
23 0 0.0000316721832838152
24 0 0.0000308385633891461
25 0 0.0000300049511388067
26 0 0.0000300049511388067
27 0 0.0000300049511388067
28 0 0.0000283377495704507
29 0 0.0000275041602521009
30 0 0.0000275041602521009
31 0 0.0000283377495704507
32 0 0.0000266705785775256
33 0 0.0000275041602521009
34 0 0.0000291713465325749
35 0 0.0000300049511388067
36 0 0.0000325058108229248
37 0 0.0000350067393084519
38 0 0.0000358403974268784
39 0 0.0000400088026996093
40 0 0.0000425099376131222
41 0 0.0000458448912142861
42 0 0.0000500137552731372
43 0 0.000055850486162301
44 0 0.0000625214946752273
45 0 0.0000666911236122392
46 0 0.0000741969376999441
47 0 0.0000817033715945215
48 0 0.0000883762776967556
49 0 0.000100055042203562
50 0 0.000108397935606575
51 0 0.000119244841917165
52 0 0.000135100341368544
53 0 0.000147619794864662
54 0 0.000169324266588666
55 0 0.000182683441090514
56 0 0.000199385170868593
57 0 0.000221102008810981
58 0 0.000247837550048202
59 0 0.000262044005810314
60 0 0.000294643679960349
61 0 0.000316383294278633
62 0 0.000350675563450809
63 0 0.000390002139264989
64 0 0.000427671198569568
65 0 0.000482109644590722
66 0 0.000527360246250774
67 0 0.000578503788322804
68 0 0.00064813881048631
69 0 0.000709428217418151
70 0 0.000787569185370485
71 0 0.000878397972132072
72 0 0.000965948658087412
73 0 0.00108140881878294
74 0 0.00120714915444331
75 0 0.00135167009583625
76 0 0.00153539985875184
77 0 0.00169317905042266
78 0 0.00196782543492602
79 0 0.00224415989800286
80 0 0.00255647436122675
81 0 0.00294903191572538
82 0 0.00344104996590366
83 0 0.00404373351120013
84 0 0.00468642706234867
85 0 0.00558152921574051
86 0 0.00657066353825142
87 0 0.0077675658791615
88 0 0.00906803180620297
89 0 0.0107594157209618
90 0 0.012550223782826
91 0 0.0146887890226300
92 0 0.0174684922412656
93 0 0.0207007281379445
94 0 0.0235940975767841
95 0 0.0273832293439031
96 0 0.030425363136771
97 0 0.0358015486294706
98 0 0.0403073426090949
99 0 0.0443735494172253
100 0 0.0499838985475272

death 1 M divorced
1 0 0.000206901950655758
2 0 0.0000208357208674181
3 0 0.00000666691112360951
4 0 0.00000500013750526218
5 0 0.00000416676215586609
6 0 0.00000333339444602565
7 0 0.00000333339444602565
8 0 0.00000333339444602565
9 0 0.00000333339444602565
10 0 0.00000333339444602565
11 0 0.00000333339444602565
12 0 0.00000416676215586609
13 0 0.00000333339444602565
14 0 0.00000500013750526218
15 0 0.00000583352049443597
16 0 0.00000833371530217786
17 0 0.0000108339788730261
18 0 0.0000141677706060328
19 0 0.0000183351822042876
20 0 0.0000250034381590325
21 0 0.0000291713465325749
22 0 0.0000308385633891461
23 0 0.0000316721832838152
24 0 0.0000308385633891461
25 0 0.0000300049511388067
26 0 0.0000300049511388067
27 0 0.0000300049511388067
28 0 0.0000283377495704507
29 0 0.0000275041602521009
30 0 0.0000275041602521009
31 0 0.0000283377495704507
32 0 0.0000266705785775256
33 0 0.0000275041602521009
34 0 0.0000291713465325749
35 0 0.0000300049511388067
36 0 0.0000325058108229248
37 0 0.0000350067393084519
38 0 0.0000358403974268784
39 0 0.0000400088026996093
40 0 0.0000425099376131222
41 0 0.0000458448912142861
42 0 0.0000500137552731372
43 0 0.000055850486162301
44 0 0.0000625214946752273
45 0 0.0000666911236122392
46 0 0.0000741969376999441
47 0 0.0000817033715945215
48 0 0.0000883762776967556
49 0 0.000100055042203562
50 0 0.000108397935606575
51 0 0.000119244841917165
52 0 0.000135100341368544
53 0 0.000147619794864662
54 0 0.000169324266588666
55 0 0.000182683441090514
56 0 0.000199385170868593
57 0 0.000221102008810981
58 0 0.000247837550048202
59 0 0.000262044005810314
60 0 0.000294643679960349
61 0 0.000316383294278633
62 0 0.000350675563450809
63 0 0.000390002139264989
64 0 0.000427671198569568
65 0 0.000482109644590722
66 0 0.000527360246250774
67 0 0.000578503788322804
68 0 0.00064813881048631
69 0 0.000709428217418151
70 0 0.000787569185370485
71 0 0.000878397972132072
72 0 0.000965948658087412
73 0 0.00108140881878294
74 0 0.00120714915444331
75 0 0.00135167009583625
76 0 0.00153539985875184
77 0 0.00169317905042266
78 0 0.00196782543492602
79 0 0.00224415989800286
80 0 0.00255647436122675
81 0 0.00294903191572538
82 0 0.00344104996590366
83 0 0.00404373351120013
84 0 0.00468642706234867
85 0 0.00558152921574051
86 0 0.00657066353825142
87 0 0.0077675658791615
88 0 0.00906803180620297
89 0 0.0107594157209618
90 0 0.012550223782826
91 0 0.0146887890226300
92 0 0.0174684922412656
93 0 0.0207007281379445
94 0 0.0235940975767841
95 0 0.0273832293439031
96 0 0.030425363136771
97 0 0.0358015486294706
98 0 0.0403073426090949
99 0 0.0443735494172253
100 0 0.0499838985475272

death 1 M widowed
1 0 0.000206901950655758
2 0 0.0000208357208674181
3 0 0.00000666691112360951
4 0 0.00000500013750526218
5 0 0.00000416676215586609
6 0 0.00000333339444602565
7 0 0.00000333339444602565
8 0 0.00000333339444602565
9 0 0.00000333339444602565
10 0 0.00000333339444602565
11 0 0.00000333339444602565
12 0 0.00000416676215586609
13 0 0.00000333339444602565
14 0 0.00000500013750526218
15 0 0.00000583352049443597
16 0 0.00000833371530217786
17 0 0.0000108339788730261
18 0 0.0000141677706060328
19 0 0.0000183351822042876
20 0 0.0000250034381590325
21 0 0.0000291713465325749
22 0 0.0000308385633891461
23 0 0.0000316721832838152
24 0 0.0000308385633891461
25 0 0.0000300049511388067
26 0 0.0000300049511388067
27 0 0.0000300049511388067
28 0 0.0000283377495704507
29 0 0.0000275041602521009
30 0 0.0000275041602521009
31 0 0.0000283377495704507
32 0 0.0000266705785775256
33 0 0.0000275041602521009
34 0 0.0000291713465325749
35 0 0.0000300049511388067
36 0 0.0000325058108229248
37 0 0.0000350067393084519
38 0 0.0000358403974268784
39 0 0.0000400088026996093
40 0 0.0000425099376131222
41 0 0.0000458448912142861
42 0 0.0000500137552731372
43 0 0.000055850486162301
44 0 0.0000625214946752273
45 0 0.0000666911236122392
46 0 0.0000741969376999441
47 0 0.0000817033715945215
48 0 0.0000883762776967556
49 0 0.000100055042203562
50 0 0.000108397935606575
51 0 0.000119244841917165
52 0 0.000135100341368544
53 0 0.000147619794864662
54 0 0.000169324266588666
55 0 0.000182683441090514
56 0 0.000199385170868593
57 0 0.000221102008810981
58 0 0.000247837550048202
59 0 0.000262044005810314
60 0 0.000294643679960349
61 0 0.000316383294278633
62 0 0.000350675563450809
63 0 0.000390002139264989
64 0 0.000427671198569568
65 0 0.000482109644590722
66 0 0.000527360246250774
67 0 0.000578503788322804
68 0 0.00064813881048631
69 0 0.000709428217418151
70 0 0.000787569185370485
71 0 0.000878397972132072
72 0 0.000965948658087412
73 0 0.00108140881878294
74 0 0.00120714915444331
75 0 0.00135167009583625
76 0 0.00153539985875184
77 0 0.00169317905042266
78 0 0.00196782543492602
79 0 0.00224415989800286
80 0 0.00255647436122675
81 0 0.00294903191572538
82 0 0.00344104996590366
83 0 0.00404373351120013
84 0 0.00468642706234867
85 0 0.00558152921574051
86 0 0.00657066353825142
87 0 0.0077675658791615
88 0 0.00906803180620297
89 0 0.0107594157209618
90 0 0.012550223782826
91 0 0.0146887890226300
92 0 0.0174684922412656
93 0 0.0207007281379445
94 0 0.0235940975767841
95 0 0.0273832293439031
96 0 0.030425363136771
97 0 0.0358015486294706
98 0 0.0403073426090949
99 0 0.0443735494172253
100 0 0.0499838985475272

death 1 F married
1 0 0.000205231501423930
2 0 0.0000225027848553827
3 0 0.00000666691112360951
4 0 0.00000500013750526218
5 0 0.00000416676215586609
6 0 0.00000416676215586609
7 0 0.00000333339444602565
8 0 0.00000250003437562984
9 0 0.00000250003437562984
10 0 0.00000333339444602565
11 0 0.00000333339444602565
12 0 0.00000333339444602565
13 0 0.00000333339444602565
14 0 0.00000333339444602565
15 0 0.00000500013750526218
16 0 0.00000666691112360951
17 0 0.00000750030939278279
18 0 0.00000833371530217786
19 0 0.00000916712885190574
20 0 0.0000108339788730261
21 0 0.000012500859457365
22 0 0.000012500859457365
23 0 0.0000116674153447516
24 0 0.0000116674153447516
25 0 0.0000100005500421885
26 0 0.0000100005500421885
27 0 0.0000116674153447516
28 0 0.0000108339788730261
29 0 0.0000108339788730261
30 0 0.0000116674153447516
31 0 0.0000133343112110884
32 0 0.0000141677706060328
33 0 0.0000141677706060328
34 0 0.0000150012376423092
35 0 0.0000158347123201397
36 0 0.0000183351822042876
37 0 0.0000208357208674181
38 0 0.0000216692490401238
39 0 0.0000233363283135279
40 0 0.0000241698794146705
41 0 0.0000258370045466139
42 0 0.0000275041602521009
43 0 0.0000333394460065861
44 0 0.0000358403974268784
45 0 0.0000408425066913409
46 0 0.0000475124138960004
47 0 0.0000541828105240505
48 0 0.000061687591838111
49 0 0.0000733629277510639
50 0 0.0000850397634148958
51 0 0.0000983865554056162
52 0 0.000111735307382288
53 0 0.000120913711624038
54 0 0.000130927573360862
55 0 0.000145950434766062
56 0 0.000163480245109926
57 0 0.000185188504916445
58 0 0.000202725885138699
59 0 0.000223608131741049
60 0 0.000240317384138877
61 0 0.000272909264649956
62 0 0.000301332238197172
63 0 0.000318892045984898
64 0 0.000355695029868763
65 0 0.000383307052038151
66 0 0.000428508466157718
67 0 0.000460330352360039
68 0 0.000503894158302987
69 0 0.000552509210379415
70 0 0.000598633731846654
71 0 0.000672481706993744
72 0 0.000737988088850616
73 0 0.000815312791019873
74 0 0.00091037786212611
75 0 0.00102071072564436
76 0 0.00113877207202173
77 0 0.00128233894818586
78 0 0.00145915343808045
79 0 0.00164564677272094
80 0 0.00189546943738816
81 0 0.00217329027629476
82 0 0.00252219559499967
83 0 0.00285782764893283
84 0 0.00332427770656962
85 0 0.00382703527804418
86 0 0.00458732101610215
87 0 0.00543983981640628
88 0 0.00642741589294393
89 0 0.00763056660601569
90 0 0.00902566826710038
91 0 0.0105185089961540
92 0 0.0125933230959067
93 0 0.0144899392901847
94 0 0.0168877044786404
95 0 0.0192999333197046
96 0 0.0222060251318766
97 0 0.0252710659242883
98 0 0.0290892945913803
99 0 0.0330042257057469
100 0 0.0360208512922193

death 1 F single
1 0 0.000205231501423930
2 0 0.0000225027848553827
3 0 0.00000666691112360951
4 0 0.00000500013750526218
5 0 0.00000416676215586609
6 0 0.00000416676215586609
7 0 0.00000333339444602565
8 0 0.00000250003437562984
9 0 0.00000250003437562984
10 0 0.00000333339444602565
11 0 0.00000333339444602565
12 0 0.00000333339444602565
13 0 0.00000333339444602565
14 0 0.00000333339444602565
15 0 0.00000500013750526218
16 0 0.00000666691112360951
17 0 0.00000750030939278279
18 0 0.00000833371530217786
19 0 0.00000916712885190574
20 0 0.0000108339788730261
21 0 0.000012500859457365
22 0 0.000012500859457365
23 0 0.0000116674153447516
24 0 0.0000116674153447516
25 0 0.0000100005500421885
26 0 0.0000100005500421885
27 0 0.0000116674153447516
28 0 0.0000108339788730261
29 0 0.0000108339788730261
30 0 0.0000116674153447516
31 0 0.0000133343112110884
32 0 0.0000141677706060328
33 0 0.0000141677706060328
34 0 0.0000150012376423092
35 0 0.0000158347123201397
36 0 0.0000183351822042876
37 0 0.0000208357208674181
38 0 0.0000216692490401238
39 0 0.0000233363283135279
40 0 0.0000241698794146705
41 0 0.0000258370045466139
42 0 0.0000275041602521009
43 0 0.0000333394460065861
44 0 0.0000358403974268784
45 0 0.0000408425066913409
46 0 0.0000475124138960004
47 0 0.0000541828105240505
48 0 0.000061687591838111
49 0 0.0000733629277510639
50 0 0.0000850397634148958
51 0 0.0000983865554056162
52 0 0.000111735307382288
53 0 0.000120913711624038
54 0 0.000130927573360862
55 0 0.000145950434766062
56 0 0.000163480245109926
57 0 0.000185188504916445
58 0 0.000202725885138699
59 0 0.000223608131741049
60 0 0.000240317384138877
61 0 0.000272909264649956
62 0 0.000301332238197172
63 0 0.000318892045984898
64 0 0.000355695029868763
65 0 0.000383307052038151
66 0 0.000428508466157718
67 0 0.000460330352360039
68 0 0.000503894158302987
69 0 0.000552509210379415
70 0 0.000598633731846654
71 0 0.000672481706993744
72 0 0.000737988088850616
73 0 0.000815312791019873
74 0 0.00091037786212611
75 0 0.00102071072564436
76 0 0.00113877207202173
77 0 0.00128233894818586
78 0 0.00145915343808045
79 0 0.00164564677272094
80 0 0.00189546943738816
81 0 0.00217329027629476
82 0 0.00252219559499967
83 0 0.00285782764893283
84 0 0.00332427770656962
85 0 0.00382703527804418
86 0 0.00458732101610215
87 0 0.00543983981640628
88 0 0.00642741589294393
89 0 0.00763056660601569
90 0 0.00902566826710038
91 0 0.0105185089961540
92 0 0.0125933230959067
93 0 0.0144899392901847
94 0 0.0168877044786404
95 0 0.0192999333197046
96 0 0.0222060251318766
97 0 0.0252710659242883
98 0 0.0290892945913803
99 0 0.0330042257057469
100 0 0.0360208512922193

death 1 F divorced
1 0 0.000205231501423930
2 0 0.0000225027848553827
3 0 0.00000666691112360951
4 0 0.00000500013750526218
5 0 0.00000416676215586609
6 0 0.00000416676215586609
7 0 0.00000333339444602565
8 0 0.00000250003437562984
9 0 0.00000250003437562984
10 0 0.00000333339444602565
11 0 0.00000333339444602565
12 0 0.00000333339444602565
13 0 0.00000333339444602565
14 0 0.00000333339444602565
15 0 0.00000500013750526218
16 0 0.00000666691112360951
17 0 0.00000750030939278279
18 0 0.00000833371530217786
19 0 0.00000916712885190574
20 0 0.0000108339788730261
21 0 0.000012500859457365
22 0 0.000012500859457365
23 0 0.0000116674153447516
24 0 0.0000116674153447516
25 0 0.0000100005500421885
26 0 0.0000100005500421885
27 0 0.0000116674153447516
28 0 0.0000108339788730261
29 0 0.0000108339788730261
30 0 0.0000116674153447516
31 0 0.0000133343112110884
32 0 0.0000141677706060328
33 0 0.0000141677706060328
34 0 0.0000150012376423092
35 0 0.0000158347123201397
36 0 0.0000183351822042876
37 0 0.0000208357208674181
38 0 0.0000216692490401238
39 0 0.0000233363283135279
40 0 0.0000241698794146705
41 0 0.0000258370045466139
42 0 0.0000275041602521009
43 0 0.0000333394460065861
44 0 0.0000358403974268784
45 0 0.0000408425066913409
46 0 0.0000475124138960004
47 0 0.0000541828105240505
48 0 0.000061687591838111
49 0 0.0000733629277510639
50 0 0.0000850397634148958
51 0 0.0000983865554056162
52 0 0.000111735307382288
53 0 0.000120913711624038
54 0 0.000130927573360862
55 0 0.000145950434766062
56 0 0.000163480245109926
57 0 0.000185188504916445
58 0 0.000202725885138699
59 0 0.000223608131741049
60 0 0.000240317384138877
61 0 0.000272909264649956
62 0 0.000301332238197172
63 0 0.000318892045984898
64 0 0.000355695029868763
65 0 0.000383307052038151
66 0 0.000428508466157718
67 0 0.000460330352360039
68 0 0.000503894158302987
69 0 0.000552509210379415
70 0 0.000598633731846654
71 0 0.000672481706993744
72 0 0.000737988088850616
73 0 0.000815312791019873
74 0 0.00091037786212611
75 0 0.00102071072564436
76 0 0.00113877207202173
77 0 0.00128233894818586
78 0 0.00145915343808045
79 0 0.00164564677272094
80 0 0.00189546943738816
81 0 0.00217329027629476
82 0 0.00252219559499967
83 0 0.00285782764893283
84 0 0.00332427770656962
85 0 0.00382703527804418
86 0 0.00458732101610215
87 0 0.00543983981640628
88 0 0.00642741589294393
89 0 0.00763056660601569
90 0 0.00902566826710038
91 0 0.0105185089961540
92 0 0.0125933230959067
93 0 0.0144899392901847
94 0 0.0168877044786404
95 0 0.0192999333197046
96 0 0.0222060251318766
97 0 0.0252710659242883
98 0 0.0290892945913803
99 0 0.0330042257057469
100 0 0.0360208512922193

death 1 F widowed
1 0 0.000205231501423930
2 0 0.0000225027848553827
3 0 0.00000666691112360951
4 0 0.00000500013750526218
5 0 0.00000416676215586609
6 0 0.00000416676215586609
7 0 0.00000333339444602565
8 0 0.00000250003437562984
9 0 0.00000250003437562984
10 0 0.00000333339444602565
11 0 0.00000333339444602565
12 0 0.00000333339444602565
13 0 0.00000333339444602565
14 0 0.00000333339444602565
15 0 0.00000500013750526218
16 0 0.00000666691112360951
17 0 0.00000750030939278279
18 0 0.00000833371530217786
19 0 0.00000916712885190574
20 0 0.0000108339788730261
21 0 0.000012500859457365
22 0 0.000012500859457365
23 0 0.0000116674153447516
24 0 0.0000116674153447516
25 0 0.0000100005500421885
26 0 0.0000100005500421885
27 0 0.0000116674153447516
28 0 0.0000108339788730261
29 0 0.0000108339788730261
30 0 0.0000116674153447516
31 0 0.0000133343112110884
32 0 0.0000141677706060328
33 0 0.0000141677706060328
34 0 0.0000150012376423092
35 0 0.0000158347123201397
36 0 0.0000183351822042876
37 0 0.0000208357208674181
38 0 0.0000216692490401238
39 0 0.0000233363283135279
40 0 0.0000241698794146705
41 0 0.0000258370045466139
42 0 0.0000275041602521009
43 0 0.0000333394460065861
44 0 0.0000358403974268784
45 0 0.0000408425066913409
46 0 0.0000475124138960004
47 0 0.0000541828105240505
48 0 0.000061687591838111
49 0 0.0000733629277510639
50 0 0.0000850397634148958
51 0 0.0000983865554056162
52 0 0.000111735307382288
53 0 0.000120913711624038
54 0 0.000130927573360862
55 0 0.000145950434766062
56 0 0.000163480245109926
57 0 0.000185188504916445
58 0 0.000202725885138699
59 0 0.000223608131741049
60 0 0.000240317384138877
61 0 0.000272909264649956
62 0 0.000301332238197172
63 0 0.000318892045984898
64 0 0.000355695029868763
65 0 0.000383307052038151
66 0 0.000428508466157718
67 0 0.000460330352360039
68 0 0.000503894158302987
69 0 0.000552509210379415
70 0 0.000598633731846654
71 0 0.000672481706993744
72 0 0.000737988088850616
73 0 0.000815312791019873
74 0 0.00091037786212611
75 0 0.00102071072564436
76 0 0.00113877207202173
77 0 0.00128233894818586
78 0 0.00145915343808045
79 0 0.00164564677272094
80 0 0.00189546943738816
81 0 0.00217329027629476
82 0 0.00252219559499967
83 0 0.00285782764893283
84 0 0.00332427770656962
85 0 0.00382703527804418
86 0 0.00458732101610215
87 0 0.00543983981640628
88 0 0.00642741589294393
89 0 0.00763056660601569
90 0 0.00902566826710038
91 0 0.0105185089961540
92 0 0.0125933230959067
93 0 0.0144899392901847
94 0 0.0168877044786404
95 0 0.0192999333197046
96 0 0.0222060251318766
97 0 0.0252710659242883
98 0 0.0290892945913803
99 0 0.0330042257057469
100 0 0.0360208512922193
