*Period monthly mortality rates for SWE in 1956 
* Mon Dec 20 14:21:12 2010
death 1 M married
1 0 0.00163554936992927
2 0 0.000130510307095544
3 0 0.000101223001184536
4 0 0.000085456821002805
5 0 0.0000556003328661125
6 0 0.0000500137552731372
7 0 0.0000603533632099751
8 0 0.0000727791253396504
9 0 0.0000458448912142861
10 0 0.0000358403974268784
11 0 0.0000288379068305034
12 0 0.0000312553723809117
13 0 0.0000388416299562655
14 0 0.000034923373917084
15 0 0.0000326725372480352
16 0 0.0000681088410201536
17 0 0.0000793679701798222
18 0 0.0000993042193545568
19 0 0.0000940486330518464
20 0 0.0000930476034446404
21 0 0.000101139575045428
22 0 0.0000958004613904606
23 0 0.000086958244163049
24 0 0.000106562433357715
25 0 0.0000962175683519861
26 0 0.000102057266787581
27 0 0.0000809527003107213
28 0 0.000106479002317972
29 0 0.00010606184826778
30 0 0.000132346292990859
31 0 0.000134015403258525
32 0 0.000120162716464201
33 0 0.000159807052488747
34 0 0.000128424004500527
35 0 0.000124168095683941
36 0 0.000138772535678511
37 0 0.000124919123936973
38 0 0.000137937933035515
39 0 0.000182766942105728
40 0 0.000190866905209197
41 0 0.000192036031661069
42 0 0.00019829946516825
43 0 0.000233132029142769
44 0 0.000220016043667726
45 0 0.000300579750820873
46 0 0.000295396118188407
47 0 0.000348333240664411
48 0 0.000333695090894315
49 0 0.000374353143860251
50 0 0.000397199908213741
51 0 0.000435793019707198
52 0 0.000527024973749457
53 0 0.00059402022584587
54 0 0.000639494454664824
55 0 0.000696747153243527
56 0 0.00081556504448721
57 0 0.000884961346991453
58 0 0.000919468938745283
59 0 0.00103006570364639
60 0 0.00111092949702041
61 0 0.00126129642838446
62 0 0.00138161722966113
63 0 0.00160161675208026
64 0 0.00175951119974938
65 0 0.0019085743624081
66 0 0.00194773021809891
67 0 0.00214572585259831
68 0 0.00261383457449960
69 0 0.00289051296716469
70 0 0.00298622829394413
71 0 0.00327856128965254
72 0 0.00383590189450911
73 0 0.00418552049490095
74 0 0.0044247766982185
75 0 0.00541161702205184
76 0 0.0059956475870454
77 0 0.0062740348551853
78 0 0.00693823637644753
79 0 0.00774668500329134
80 0 0.00840292570423318
81 0 0.0102555613991429
82 0 0.0112987752060998
83 0 0.0117562158251733
84 0 0.0138247073321824
85 0 0.0154016042198758
86 0 0.0178581990347371
87 0 0.0192479068549384
88 0 0.0194426457309986
89 0 0.0256253778072468
90 0 0.0226732452084295
91 0 0.0293893654427273
92 0 0.0295073398344263
93 0 0.0341189522644744
94 0 0.0310248948614045
95 0 0.037038163144258
96 0 0.0435849567685889
97 0 0.049178509328291
98 0 0.0883613847764633
99 0 0.0892118609069248
100 0 0.0276498664838852

death 1 M single
1 0 0.00163554936992927
2 0 0.000130510307095544
3 0 0.000101223001184536
4 0 0.000085456821002805
5 0 0.0000556003328661125
6 0 0.0000500137552731372
7 0 0.0000603533632099751
8 0 0.0000727791253396504
9 0 0.0000458448912142861
10 0 0.0000358403974268784
11 0 0.0000288379068305034
12 0 0.0000312553723809117
13 0 0.0000388416299562655
14 0 0.000034923373917084
15 0 0.0000326725372480352
16 0 0.0000681088410201536
17 0 0.0000793679701798222
18 0 0.0000993042193545568
19 0 0.0000940486330518464
20 0 0.0000930476034446404
21 0 0.000101139575045428
22 0 0.0000958004613904606
23 0 0.000086958244163049
24 0 0.000106562433357715
25 0 0.0000962175683519861
26 0 0.000102057266787581
27 0 0.0000809527003107213
28 0 0.000106479002317972
29 0 0.00010606184826778
30 0 0.000132346292990859
31 0 0.000134015403258525
32 0 0.000120162716464201
33 0 0.000159807052488747
34 0 0.000128424004500527
35 0 0.000124168095683941
36 0 0.000138772535678511
37 0 0.000124919123936973
38 0 0.000137937933035515
39 0 0.000182766942105728
40 0 0.000190866905209197
41 0 0.000192036031661069
42 0 0.00019829946516825
43 0 0.000233132029142769
44 0 0.000220016043667726
45 0 0.000300579750820873
46 0 0.000295396118188407
47 0 0.000348333240664411
48 0 0.000333695090894315
49 0 0.000374353143860251
50 0 0.000397199908213741
51 0 0.000435793019707198
52 0 0.000527024973749457
53 0 0.00059402022584587
54 0 0.000639494454664824
55 0 0.000696747153243527
56 0 0.00081556504448721
57 0 0.000884961346991453
58 0 0.000919468938745283
59 0 0.00103006570364639
60 0 0.00111092949702041
61 0 0.00126129642838446
62 0 0.00138161722966113
63 0 0.00160161675208026
64 0 0.00175951119974938
65 0 0.0019085743624081
66 0 0.00194773021809891
67 0 0.00214572585259831
68 0 0.00261383457449960
69 0 0.00289051296716469
70 0 0.00298622829394413
71 0 0.00327856128965254
72 0 0.00383590189450911
73 0 0.00418552049490095
74 0 0.0044247766982185
75 0 0.00541161702205184
76 0 0.0059956475870454
77 0 0.0062740348551853
78 0 0.00693823637644753
79 0 0.00774668500329134
80 0 0.00840292570423318
81 0 0.0102555613991429
82 0 0.0112987752060998
83 0 0.0117562158251733
84 0 0.0138247073321824
85 0 0.0154016042198758
86 0 0.0178581990347371
87 0 0.0192479068549384
88 0 0.0194426457309986
89 0 0.0256253778072468
90 0 0.0226732452084295
91 0 0.0293893654427273
92 0 0.0295073398344263
93 0 0.0341189522644744
94 0 0.0310248948614045
95 0 0.037038163144258
96 0 0.0435849567685889
97 0 0.049178509328291
98 0 0.0883613847764633
99 0 0.0892118609069248
100 0 0.0276498664838852

death 1 M divorced
1 0 0.00163554936992927
2 0 0.000130510307095544
3 0 0.000101223001184536
4 0 0.000085456821002805
5 0 0.0000556003328661125
6 0 0.0000500137552731372
7 0 0.0000603533632099751
8 0 0.0000727791253396504
9 0 0.0000458448912142861
10 0 0.0000358403974268784
11 0 0.0000288379068305034
12 0 0.0000312553723809117
13 0 0.0000388416299562655
14 0 0.000034923373917084
15 0 0.0000326725372480352
16 0 0.0000681088410201536
17 0 0.0000793679701798222
18 0 0.0000993042193545568
19 0 0.0000940486330518464
20 0 0.0000930476034446404
21 0 0.000101139575045428
22 0 0.0000958004613904606
23 0 0.000086958244163049
24 0 0.000106562433357715
25 0 0.0000962175683519861
26 0 0.000102057266787581
27 0 0.0000809527003107213
28 0 0.000106479002317972
29 0 0.00010606184826778
30 0 0.000132346292990859
31 0 0.000134015403258525
32 0 0.000120162716464201
33 0 0.000159807052488747
34 0 0.000128424004500527
35 0 0.000124168095683941
36 0 0.000138772535678511
37 0 0.000124919123936973
38 0 0.000137937933035515
39 0 0.000182766942105728
40 0 0.000190866905209197
41 0 0.000192036031661069
42 0 0.00019829946516825
43 0 0.000233132029142769
44 0 0.000220016043667726
45 0 0.000300579750820873
46 0 0.000295396118188407
47 0 0.000348333240664411
48 0 0.000333695090894315
49 0 0.000374353143860251
50 0 0.000397199908213741
51 0 0.000435793019707198
52 0 0.000527024973749457
53 0 0.00059402022584587
54 0 0.000639494454664824
55 0 0.000696747153243527
56 0 0.00081556504448721
57 0 0.000884961346991453
58 0 0.000919468938745283
59 0 0.00103006570364639
60 0 0.00111092949702041
61 0 0.00126129642838446
62 0 0.00138161722966113
63 0 0.00160161675208026
64 0 0.00175951119974938
65 0 0.0019085743624081
66 0 0.00194773021809891
67 0 0.00214572585259831
68 0 0.00261383457449960
69 0 0.00289051296716469
70 0 0.00298622829394413
71 0 0.00327856128965254
72 0 0.00383590189450911
73 0 0.00418552049490095
74 0 0.0044247766982185
75 0 0.00541161702205184
76 0 0.0059956475870454
77 0 0.0062740348551853
78 0 0.00693823637644753
79 0 0.00774668500329134
80 0 0.00840292570423318
81 0 0.0102555613991429
82 0 0.0112987752060998
83 0 0.0117562158251733
84 0 0.0138247073321824
85 0 0.0154016042198758
86 0 0.0178581990347371
87 0 0.0192479068549384
88 0 0.0194426457309986
89 0 0.0256253778072468
90 0 0.0226732452084295
91 0 0.0293893654427273
92 0 0.0295073398344263
93 0 0.0341189522644744
94 0 0.0310248948614045
95 0 0.037038163144258
96 0 0.0435849567685889
97 0 0.049178509328291
98 0 0.0883613847764633
99 0 0.0892118609069248
100 0 0.0276498664838852

death 1 M widowed
1 0 0.00163554936992927
2 0 0.000130510307095544
3 0 0.000101223001184536
4 0 0.000085456821002805
5 0 0.0000556003328661125
6 0 0.0000500137552731372
7 0 0.0000603533632099751
8 0 0.0000727791253396504
9 0 0.0000458448912142861
10 0 0.0000358403974268784
11 0 0.0000288379068305034
12 0 0.0000312553723809117
13 0 0.0000388416299562655
14 0 0.000034923373917084
15 0 0.0000326725372480352
16 0 0.0000681088410201536
17 0 0.0000793679701798222
18 0 0.0000993042193545568
19 0 0.0000940486330518464
20 0 0.0000930476034446404
21 0 0.000101139575045428
22 0 0.0000958004613904606
23 0 0.000086958244163049
24 0 0.000106562433357715
25 0 0.0000962175683519861
26 0 0.000102057266787581
27 0 0.0000809527003107213
28 0 0.000106479002317972
29 0 0.00010606184826778
30 0 0.000132346292990859
31 0 0.000134015403258525
32 0 0.000120162716464201
33 0 0.000159807052488747
34 0 0.000128424004500527
35 0 0.000124168095683941
36 0 0.000138772535678511
37 0 0.000124919123936973
38 0 0.000137937933035515
39 0 0.000182766942105728
40 0 0.000190866905209197
41 0 0.000192036031661069
42 0 0.00019829946516825
43 0 0.000233132029142769
44 0 0.000220016043667726
45 0 0.000300579750820873
46 0 0.000295396118188407
47 0 0.000348333240664411
48 0 0.000333695090894315
49 0 0.000374353143860251
50 0 0.000397199908213741
51 0 0.000435793019707198
52 0 0.000527024973749457
53 0 0.00059402022584587
54 0 0.000639494454664824
55 0 0.000696747153243527
56 0 0.00081556504448721
57 0 0.000884961346991453
58 0 0.000919468938745283
59 0 0.00103006570364639
60 0 0.00111092949702041
61 0 0.00126129642838446
62 0 0.00138161722966113
63 0 0.00160161675208026
64 0 0.00175951119974938
65 0 0.0019085743624081
66 0 0.00194773021809891
67 0 0.00214572585259831
68 0 0.00261383457449960
69 0 0.00289051296716469
70 0 0.00298622829394413
71 0 0.00327856128965254
72 0 0.00383590189450911
73 0 0.00418552049490095
74 0 0.0044247766982185
75 0 0.00541161702205184
76 0 0.0059956475870454
77 0 0.0062740348551853
78 0 0.00693823637644753
79 0 0.00774668500329134
80 0 0.00840292570423318
81 0 0.0102555613991429
82 0 0.0112987752060998
83 0 0.0117562158251733
84 0 0.0138247073321824
85 0 0.0154016042198758
86 0 0.0178581990347371
87 0 0.0192479068549384
88 0 0.0194426457309986
89 0 0.0256253778072468
90 0 0.0226732452084295
91 0 0.0293893654427273
92 0 0.0295073398344263
93 0 0.0341189522644744
94 0 0.0310248948614045
95 0 0.037038163144258
96 0 0.0435849567685889
97 0 0.049178509328291
98 0 0.0883613847764633
99 0 0.0892118609069248
100 0 0.0276498664838852

death 1 F married
1 0 0.00131192503511424
2 0 0.000100138467347466
3 0 0.0000844558860063627
4 0 0.0000381746808312267
5 0 0.0000525151654794387
6 0 0.0000374243689144071
7 0 0.0000326725372480352
8 0 0.0000324224477249446
9 0 0.0000164181491414395
10 0 0.0000241698794146705
11 0 0.0000210857785167828
12 0 0.0000197521456686278
13 0 0.0000257536475638531
14 0 0.0000189186350736392
15 0 0.0000323390847035698
16 0 0.0000229195556291639
17 0 0.0000497636180382122
18 0 0.0000340063596577789
19 0 0.0000559338707473156
20 0 0.0000364239626585716
21 0 0.0000453446403744229
22 0 0.0000404256537397396
23 0 0.0000485963200422823
24 0 0.0000375077365993848
25 0 0.0000381746808312267
26 0 0.0000577683509691562
27 0 0.0000425099376131222
28 0 0.0000509309310233741
29 0 0.0000481794315334572
30 0 0.0000563507948196929
31 0 0.0000458448912142861
32 0 0.0000676084676455302
33 0 0.0000789509405265676
34 0 0.0000929641848083085
35 0 0.000100639019818272
36 0 0.00010497725669667
37 0 0.0000922134205262326
38 0 0.0000983031318696481
39 0 0.000101806986302688
40 0 0.00014336298720119
41 0 0.000121164044722843
42 0 0.000123333627125022
43 0 0.000193873260755151
44 0 0.000160307933650961
45 0 0.000197881889505980
46 0 0.000225028298742602
47 0 0.000237643697314383
48 0 0.000220600792517067
49 0 0.000275166058247067
50 0 0.000313790990268736
51 0 0.000333276892687362
52 0 0.000327422319846282
53 0 0.000429931838762720
54 0 0.000388830463392664
55 0 0.000480853005057069
56 0 0.000476329246627771
57 0 0.000595530074748329
58 0 0.000586639103486997
59 0 0.00069439589217446
60 0 0.00075319568348664
61 0 0.000808670368474318
62 0 0.000995768827794175
63 0 0.000947758108924779
64 0 0.00122674319133831
65 0 0.00127845120777759
66 0 0.0014735506345257
67 0 0.00170158466819303
68 0 0.00189674580792720
69 0 0.00217201000922707
70 0 0.00229345973958350
71 0 0.00272454202238515
72 0 0.00293853014648882
73 0 0.00352054116048639
74 0 0.00387015952933256
75 0 0.00429598211726556
76 0 0.00488857124260567
77 0 0.00543930889884991
78 0 0.00610299525091429
79 0 0.00685999959955996
80 0 0.00754085867418952
81 0 0.00884005628355033
82 0 0.0094260615784002
83 0 0.0106318516281552
84 0 0.0128064418359456
85 0 0.0137885847402435
86 0 0.0148197024690178
87 0 0.0159534910419245
88 0 0.0185892651004438
89 0 0.0209568267739322
90 0 0.0221401190796855
91 0 0.0250888192102869
92 0 0.0279990454693233
93 0 0.0302366233117142
94 0 0.0341956544931808
95 0 0.0332861493976243
96 0 0.0356785558529291
97 0 0.0464673308844432
98 0 0.0484342046404684
99 0 0.0608082308643257
100 0 0.0487906021037733

death 1 F single
1 0 0.00131192503511424
2 0 0.000100138467347466
3 0 0.0000844558860063627
4 0 0.0000381746808312267
5 0 0.0000525151654794387
6 0 0.0000374243689144071
7 0 0.0000326725372480352
8 0 0.0000324224477249446
9 0 0.0000164181491414395
10 0 0.0000241698794146705
11 0 0.0000210857785167828
12 0 0.0000197521456686278
13 0 0.0000257536475638531
14 0 0.0000189186350736392
15 0 0.0000323390847035698
16 0 0.0000229195556291639
17 0 0.0000497636180382122
18 0 0.0000340063596577789
19 0 0.0000559338707473156
20 0 0.0000364239626585716
21 0 0.0000453446403744229
22 0 0.0000404256537397396
23 0 0.0000485963200422823
24 0 0.0000375077365993848
25 0 0.0000381746808312267
26 0 0.0000577683509691562
27 0 0.0000425099376131222
28 0 0.0000509309310233741
29 0 0.0000481794315334572
30 0 0.0000563507948196929
31 0 0.0000458448912142861
32 0 0.0000676084676455302
33 0 0.0000789509405265676
34 0 0.0000929641848083085
35 0 0.000100639019818272
36 0 0.00010497725669667
37 0 0.0000922134205262326
38 0 0.0000983031318696481
39 0 0.000101806986302688
40 0 0.00014336298720119
41 0 0.000121164044722843
42 0 0.000123333627125022
43 0 0.000193873260755151
44 0 0.000160307933650961
45 0 0.000197881889505980
46 0 0.000225028298742602
47 0 0.000237643697314383
48 0 0.000220600792517067
49 0 0.000275166058247067
50 0 0.000313790990268736
51 0 0.000333276892687362
52 0 0.000327422319846282
53 0 0.000429931838762720
54 0 0.000388830463392664
55 0 0.000480853005057069
56 0 0.000476329246627771
57 0 0.000595530074748329
58 0 0.000586639103486997
59 0 0.00069439589217446
60 0 0.00075319568348664
61 0 0.000808670368474318
62 0 0.000995768827794175
63 0 0.000947758108924779
64 0 0.00122674319133831
65 0 0.00127845120777759
66 0 0.0014735506345257
67 0 0.00170158466819303
68 0 0.00189674580792720
69 0 0.00217201000922707
70 0 0.00229345973958350
71 0 0.00272454202238515
72 0 0.00293853014648882
73 0 0.00352054116048639
74 0 0.00387015952933256
75 0 0.00429598211726556
76 0 0.00488857124260567
77 0 0.00543930889884991
78 0 0.00610299525091429
79 0 0.00685999959955996
80 0 0.00754085867418952
81 0 0.00884005628355033
82 0 0.0094260615784002
83 0 0.0106318516281552
84 0 0.0128064418359456
85 0 0.0137885847402435
86 0 0.0148197024690178
87 0 0.0159534910419245
88 0 0.0185892651004438
89 0 0.0209568267739322
90 0 0.0221401190796855
91 0 0.0250888192102869
92 0 0.0279990454693233
93 0 0.0302366233117142
94 0 0.0341956544931808
95 0 0.0332861493976243
96 0 0.0356785558529291
97 0 0.0464673308844432
98 0 0.0484342046404684
99 0 0.0608082308643257
100 0 0.0487906021037733

death 1 F divorced
1 0 0.00131192503511424
2 0 0.000100138467347466
3 0 0.0000844558860063627
4 0 0.0000381746808312267
5 0 0.0000525151654794387
6 0 0.0000374243689144071
7 0 0.0000326725372480352
8 0 0.0000324224477249446
9 0 0.0000164181491414395
10 0 0.0000241698794146705
11 0 0.0000210857785167828
12 0 0.0000197521456686278
13 0 0.0000257536475638531
14 0 0.0000189186350736392
15 0 0.0000323390847035698
16 0 0.0000229195556291639
17 0 0.0000497636180382122
18 0 0.0000340063596577789
19 0 0.0000559338707473156
20 0 0.0000364239626585716
21 0 0.0000453446403744229
22 0 0.0000404256537397396
23 0 0.0000485963200422823
24 0 0.0000375077365993848
25 0 0.0000381746808312267
26 0 0.0000577683509691562
27 0 0.0000425099376131222
28 0 0.0000509309310233741
29 0 0.0000481794315334572
30 0 0.0000563507948196929
31 0 0.0000458448912142861
32 0 0.0000676084676455302
33 0 0.0000789509405265676
34 0 0.0000929641848083085
35 0 0.000100639019818272
36 0 0.00010497725669667
37 0 0.0000922134205262326
38 0 0.0000983031318696481
39 0 0.000101806986302688
40 0 0.00014336298720119
41 0 0.000121164044722843
42 0 0.000123333627125022
43 0 0.000193873260755151
44 0 0.000160307933650961
45 0 0.000197881889505980
46 0 0.000225028298742602
47 0 0.000237643697314383
48 0 0.000220600792517067
49 0 0.000275166058247067
50 0 0.000313790990268736
51 0 0.000333276892687362
52 0 0.000327422319846282
53 0 0.000429931838762720
54 0 0.000388830463392664
55 0 0.000480853005057069
56 0 0.000476329246627771
57 0 0.000595530074748329
58 0 0.000586639103486997
59 0 0.00069439589217446
60 0 0.00075319568348664
61 0 0.000808670368474318
62 0 0.000995768827794175
63 0 0.000947758108924779
64 0 0.00122674319133831
65 0 0.00127845120777759
66 0 0.0014735506345257
67 0 0.00170158466819303
68 0 0.00189674580792720
69 0 0.00217201000922707
70 0 0.00229345973958350
71 0 0.00272454202238515
72 0 0.00293853014648882
73 0 0.00352054116048639
74 0 0.00387015952933256
75 0 0.00429598211726556
76 0 0.00488857124260567
77 0 0.00543930889884991
78 0 0.00610299525091429
79 0 0.00685999959955996
80 0 0.00754085867418952
81 0 0.00884005628355033
82 0 0.0094260615784002
83 0 0.0106318516281552
84 0 0.0128064418359456
85 0 0.0137885847402435
86 0 0.0148197024690178
87 0 0.0159534910419245
88 0 0.0185892651004438
89 0 0.0209568267739322
90 0 0.0221401190796855
91 0 0.0250888192102869
92 0 0.0279990454693233
93 0 0.0302366233117142
94 0 0.0341956544931808
95 0 0.0332861493976243
96 0 0.0356785558529291
97 0 0.0464673308844432
98 0 0.0484342046404684
99 0 0.0608082308643257
100 0 0.0487906021037733

death 1 F widowed
1 0 0.00131192503511424
2 0 0.000100138467347466
3 0 0.0000844558860063627
4 0 0.0000381746808312267
5 0 0.0000525151654794387
6 0 0.0000374243689144071
7 0 0.0000326725372480352
8 0 0.0000324224477249446
9 0 0.0000164181491414395
10 0 0.0000241698794146705
11 0 0.0000210857785167828
12 0 0.0000197521456686278
13 0 0.0000257536475638531
14 0 0.0000189186350736392
15 0 0.0000323390847035698
16 0 0.0000229195556291639
17 0 0.0000497636180382122
18 0 0.0000340063596577789
19 0 0.0000559338707473156
20 0 0.0000364239626585716
21 0 0.0000453446403744229
22 0 0.0000404256537397396
23 0 0.0000485963200422823
24 0 0.0000375077365993848
25 0 0.0000381746808312267
26 0 0.0000577683509691562
27 0 0.0000425099376131222
28 0 0.0000509309310233741
29 0 0.0000481794315334572
30 0 0.0000563507948196929
31 0 0.0000458448912142861
32 0 0.0000676084676455302
33 0 0.0000789509405265676
34 0 0.0000929641848083085
35 0 0.000100639019818272
36 0 0.00010497725669667
37 0 0.0000922134205262326
38 0 0.0000983031318696481
39 0 0.000101806986302688
40 0 0.00014336298720119
41 0 0.000121164044722843
42 0 0.000123333627125022
43 0 0.000193873260755151
44 0 0.000160307933650961
45 0 0.000197881889505980
46 0 0.000225028298742602
47 0 0.000237643697314383
48 0 0.000220600792517067
49 0 0.000275166058247067
50 0 0.000313790990268736
51 0 0.000333276892687362
52 0 0.000327422319846282
53 0 0.000429931838762720
54 0 0.000388830463392664
55 0 0.000480853005057069
56 0 0.000476329246627771
57 0 0.000595530074748329
58 0 0.000586639103486997
59 0 0.00069439589217446
60 0 0.00075319568348664
61 0 0.000808670368474318
62 0 0.000995768827794175
63 0 0.000947758108924779
64 0 0.00122674319133831
65 0 0.00127845120777759
66 0 0.0014735506345257
67 0 0.00170158466819303
68 0 0.00189674580792720
69 0 0.00217201000922707
70 0 0.00229345973958350
71 0 0.00272454202238515
72 0 0.00293853014648882
73 0 0.00352054116048639
74 0 0.00387015952933256
75 0 0.00429598211726556
76 0 0.00488857124260567
77 0 0.00543930889884991
78 0 0.00610299525091429
79 0 0.00685999959955996
80 0 0.00754085867418952
81 0 0.00884005628355033
82 0 0.0094260615784002
83 0 0.0106318516281552
84 0 0.0128064418359456
85 0 0.0137885847402435
86 0 0.0148197024690178
87 0 0.0159534910419245
88 0 0.0185892651004438
89 0 0.0209568267739322
90 0 0.0221401190796855
91 0 0.0250888192102869
92 0 0.0279990454693233
93 0 0.0302366233117142
94 0 0.0341956544931808
95 0 0.0332861493976243
96 0 0.0356785558529291
97 0 0.0464673308844432
98 0 0.0484342046404684
99 0 0.0608082308643257
100 0 0.0487906021037733
