*Period monthly mortality rates for SWE in 2019 
* Mon Dec 20 14:21:52 2010
death 1 M married
1 0 0.000299660052488715
2 0 0.0000308385633891461
3 0 0.0000100005500421885
4 0 0.00000750030939278279
5 0 0.00000583352049443597
6 0 0.00000500013750526218
7 0 0.00000500013750526218
8 0 0.00000500013750526218
9 0 0.00000416676215586609
10 0 0.00000500013750526218
11 0 0.00000500013750526218
12 0 0.00000583352049443597
13 0 0.00000500013750526218
14 0 0.00000750030939278279
15 0 0.00000833371530217786
16 0 0.0000116674153447516
17 0 0.0000158347123201397
18 0 0.0000208357208674181
19 0 0.0000258370045466139
20 0 0.0000358403974268784
21 0 0.0000416762183291786
22 0 0.0000441773991204375
23 0 0.0000458448912142861
24 0 0.0000450111413439203
25 0 0.0000441773991204375
26 0 0.0000433436645435048
27 0 0.0000433436645435048
28 0 0.0000408425066913409
29 0 0.0000400088026996093
30 0 0.0000400088026996093
31 0 0.0000408425066913409
32 0 0.0000383414176537977
33 0 0.0000400088026996093
34 0 0.0000425099376131222
35 0 0.0000425099376131222
36 0 0.0000466786487315352
37 0 0.0000500137552731372
38 0 0.0000516813544294559
39 0 0.0000575181923953005
40 0 0.000061687591838111
41 0 0.000065857182524165
42 0 0.0000716949308086079
43 0 0.0000800352216044908
44 0 0.0000900445807636707
45 0 0.0000958838826297104
46 0 0.000106729295667018
47 0 0.000117576002849673
48 0 0.000127589496870306
49 0 0.000144281105325716
50 0 0.000156801823476993
51 0 0.000171828962249876
52 0 0.000195209450695066
53 0 0.000213584054607918
54 0 0.000244495177269322
55 0 0.000263715499549400
56 0 0.000287955613937352
57 0 0.000319728311943712
58 0 0.000358204867048073
59 0 0.000379122872988913
60 0 0.000425996686536201
61 0 0.000456980155295161
62 0 0.000506408092155519
63 0 0.000563409256980729
64 0 0.000618768136389614
65 0 0.000704389172026532
66 0 0.000776642212269807
67 0 0.000853158641723306
68 0 0.00095500020587369
69 0 0.00104599666765759
70 0 0.00116071466059597
71 0 0.0012950175191897
72 0 0.00142444017922516
73 0 0.00159559503792372
74 0 0.00178236922658315
75 0 0.00199678399823744
76 0 0.00225953652242794
77 0 0.00248450391265376
78 0 0.00286212767542182
79 0 0.00324478571314302
80 0 0.00363860774414504
81 0 0.00414399036562618
82 0 0.00476807372595989
83 0 0.00551065675877183
84 0 0.00625581805399533
85 0 0.0072930401371033
86 0 0.0083971652355046
87 0 0.00970681541466945
88 0 0.0110800618788135
89 0 0.0128648452454512
90 0 0.0146897696713467
91 0 0.0168374664847565
92 0 0.0196206068306219
93 0 0.0227904350914728
94 0 0.0254855641069245
95 0 0.029118125445179
96 0 0.031956925395389
97 0 0.0372837475571259
98 0 0.0417220690527137
99 0 0.0457253719063092
100 0 0.0512737211416686

death 1 M single
1 0 0.000299660052488715
2 0 0.0000308385633891461
3 0 0.0000100005500421885
4 0 0.00000750030939278279
5 0 0.00000583352049443597
6 0 0.00000500013750526218
7 0 0.00000500013750526218
8 0 0.00000500013750526218
9 0 0.00000416676215586609
10 0 0.00000500013750526218
11 0 0.00000500013750526218
12 0 0.00000583352049443597
13 0 0.00000500013750526218
14 0 0.00000750030939278279
15 0 0.00000833371530217786
16 0 0.0000116674153447516
17 0 0.0000158347123201397
18 0 0.0000208357208674181
19 0 0.0000258370045466139
20 0 0.0000358403974268784
21 0 0.0000416762183291786
22 0 0.0000441773991204375
23 0 0.0000458448912142861
24 0 0.0000450111413439203
25 0 0.0000441773991204375
26 0 0.0000433436645435048
27 0 0.0000433436645435048
28 0 0.0000408425066913409
29 0 0.0000400088026996093
30 0 0.0000400088026996093
31 0 0.0000408425066913409
32 0 0.0000383414176537977
33 0 0.0000400088026996093
34 0 0.0000425099376131222
35 0 0.0000425099376131222
36 0 0.0000466786487315352
37 0 0.0000500137552731372
38 0 0.0000516813544294559
39 0 0.0000575181923953005
40 0 0.000061687591838111
41 0 0.000065857182524165
42 0 0.0000716949308086079
43 0 0.0000800352216044908
44 0 0.0000900445807636707
45 0 0.0000958838826297104
46 0 0.000106729295667018
47 0 0.000117576002849673
48 0 0.000127589496870306
49 0 0.000144281105325716
50 0 0.000156801823476993
51 0 0.000171828962249876
52 0 0.000195209450695066
53 0 0.000213584054607918
54 0 0.000244495177269322
55 0 0.000263715499549400
56 0 0.000287955613937352
57 0 0.000319728311943712
58 0 0.000358204867048073
59 0 0.000379122872988913
60 0 0.000425996686536201
61 0 0.000456980155295161
62 0 0.000506408092155519
63 0 0.000563409256980729
64 0 0.000618768136389614
65 0 0.000704389172026532
66 0 0.000776642212269807
67 0 0.000853158641723306
68 0 0.00095500020587369
69 0 0.00104599666765759
70 0 0.00116071466059597
71 0 0.0012950175191897
72 0 0.00142444017922516
73 0 0.00159559503792372
74 0 0.00178236922658315
75 0 0.00199678399823744
76 0 0.00225953652242794
77 0 0.00248450391265376
78 0 0.00286212767542182
79 0 0.00324478571314302
80 0 0.00363860774414504
81 0 0.00414399036562618
82 0 0.00476807372595989
83 0 0.00551065675877183
84 0 0.00625581805399533
85 0 0.0072930401371033
86 0 0.0083971652355046
87 0 0.00970681541466945
88 0 0.0110800618788135
89 0 0.0128648452454512
90 0 0.0146897696713467
91 0 0.0168374664847565
92 0 0.0196206068306219
93 0 0.0227904350914728
94 0 0.0254855641069245
95 0 0.029118125445179
96 0 0.031956925395389
97 0 0.0372837475571259
98 0 0.0417220690527137
99 0 0.0457253719063092
100 0 0.0512737211416686

death 1 M divorced
1 0 0.000299660052488715
2 0 0.0000308385633891461
3 0 0.0000100005500421885
4 0 0.00000750030939278279
5 0 0.00000583352049443597
6 0 0.00000500013750526218
7 0 0.00000500013750526218
8 0 0.00000500013750526218
9 0 0.00000416676215586609
10 0 0.00000500013750526218
11 0 0.00000500013750526218
12 0 0.00000583352049443597
13 0 0.00000500013750526218
14 0 0.00000750030939278279
15 0 0.00000833371530217786
16 0 0.0000116674153447516
17 0 0.0000158347123201397
18 0 0.0000208357208674181
19 0 0.0000258370045466139
20 0 0.0000358403974268784
21 0 0.0000416762183291786
22 0 0.0000441773991204375
23 0 0.0000458448912142861
24 0 0.0000450111413439203
25 0 0.0000441773991204375
26 0 0.0000433436645435048
27 0 0.0000433436645435048
28 0 0.0000408425066913409
29 0 0.0000400088026996093
30 0 0.0000400088026996093
31 0 0.0000408425066913409
32 0 0.0000383414176537977
33 0 0.0000400088026996093
34 0 0.0000425099376131222
35 0 0.0000425099376131222
36 0 0.0000466786487315352
37 0 0.0000500137552731372
38 0 0.0000516813544294559
39 0 0.0000575181923953005
40 0 0.000061687591838111
41 0 0.000065857182524165
42 0 0.0000716949308086079
43 0 0.0000800352216044908
44 0 0.0000900445807636707
45 0 0.0000958838826297104
46 0 0.000106729295667018
47 0 0.000117576002849673
48 0 0.000127589496870306
49 0 0.000144281105325716
50 0 0.000156801823476993
51 0 0.000171828962249876
52 0 0.000195209450695066
53 0 0.000213584054607918
54 0 0.000244495177269322
55 0 0.000263715499549400
56 0 0.000287955613937352
57 0 0.000319728311943712
58 0 0.000358204867048073
59 0 0.000379122872988913
60 0 0.000425996686536201
61 0 0.000456980155295161
62 0 0.000506408092155519
63 0 0.000563409256980729
64 0 0.000618768136389614
65 0 0.000704389172026532
66 0 0.000776642212269807
67 0 0.000853158641723306
68 0 0.00095500020587369
69 0 0.00104599666765759
70 0 0.00116071466059597
71 0 0.0012950175191897
72 0 0.00142444017922516
73 0 0.00159559503792372
74 0 0.00178236922658315
75 0 0.00199678399823744
76 0 0.00225953652242794
77 0 0.00248450391265376
78 0 0.00286212767542182
79 0 0.00324478571314302
80 0 0.00363860774414504
81 0 0.00414399036562618
82 0 0.00476807372595989
83 0 0.00551065675877183
84 0 0.00625581805399533
85 0 0.0072930401371033
86 0 0.0083971652355046
87 0 0.00970681541466945
88 0 0.0110800618788135
89 0 0.0128648452454512
90 0 0.0146897696713467
91 0 0.0168374664847565
92 0 0.0196206068306219
93 0 0.0227904350914728
94 0 0.0254855641069245
95 0 0.029118125445179
96 0 0.031956925395389
97 0 0.0372837475571259
98 0 0.0417220690527137
99 0 0.0457253719063092
100 0 0.0512737211416686

death 1 M widowed
1 0 0.000299660052488715
2 0 0.0000308385633891461
3 0 0.0000100005500421885
4 0 0.00000750030939278279
5 0 0.00000583352049443597
6 0 0.00000500013750526218
7 0 0.00000500013750526218
8 0 0.00000500013750526218
9 0 0.00000416676215586609
10 0 0.00000500013750526218
11 0 0.00000500013750526218
12 0 0.00000583352049443597
13 0 0.00000500013750526218
14 0 0.00000750030939278279
15 0 0.00000833371530217786
16 0 0.0000116674153447516
17 0 0.0000158347123201397
18 0 0.0000208357208674181
19 0 0.0000258370045466139
20 0 0.0000358403974268784
21 0 0.0000416762183291786
22 0 0.0000441773991204375
23 0 0.0000458448912142861
24 0 0.0000450111413439203
25 0 0.0000441773991204375
26 0 0.0000433436645435048
27 0 0.0000433436645435048
28 0 0.0000408425066913409
29 0 0.0000400088026996093
30 0 0.0000400088026996093
31 0 0.0000408425066913409
32 0 0.0000383414176537977
33 0 0.0000400088026996093
34 0 0.0000425099376131222
35 0 0.0000425099376131222
36 0 0.0000466786487315352
37 0 0.0000500137552731372
38 0 0.0000516813544294559
39 0 0.0000575181923953005
40 0 0.000061687591838111
41 0 0.000065857182524165
42 0 0.0000716949308086079
43 0 0.0000800352216044908
44 0 0.0000900445807636707
45 0 0.0000958838826297104
46 0 0.000106729295667018
47 0 0.000117576002849673
48 0 0.000127589496870306
49 0 0.000144281105325716
50 0 0.000156801823476993
51 0 0.000171828962249876
52 0 0.000195209450695066
53 0 0.000213584054607918
54 0 0.000244495177269322
55 0 0.000263715499549400
56 0 0.000287955613937352
57 0 0.000319728311943712
58 0 0.000358204867048073
59 0 0.000379122872988913
60 0 0.000425996686536201
61 0 0.000456980155295161
62 0 0.000506408092155519
63 0 0.000563409256980729
64 0 0.000618768136389614
65 0 0.000704389172026532
66 0 0.000776642212269807
67 0 0.000853158641723306
68 0 0.00095500020587369
69 0 0.00104599666765759
70 0 0.00116071466059597
71 0 0.0012950175191897
72 0 0.00142444017922516
73 0 0.00159559503792372
74 0 0.00178236922658315
75 0 0.00199678399823744
76 0 0.00225953652242794
77 0 0.00248450391265376
78 0 0.00286212767542182
79 0 0.00324478571314302
80 0 0.00363860774414504
81 0 0.00414399036562618
82 0 0.00476807372595989
83 0 0.00551065675877183
84 0 0.00625581805399533
85 0 0.0072930401371033
86 0 0.0083971652355046
87 0 0.00970681541466945
88 0 0.0110800618788135
89 0 0.0128648452454512
90 0 0.0146897696713467
91 0 0.0168374664847565
92 0 0.0196206068306219
93 0 0.0227904350914728
94 0 0.0254855641069245
95 0 0.029118125445179
96 0 0.031956925395389
97 0 0.0372837475571259
98 0 0.0417220690527137
99 0 0.0457253719063092
100 0 0.0512737211416686

death 1 F married
1 0 0.000296315773371636
2 0 0.0000325058108229248
3 0 0.0000100005500421885
4 0 0.00000750030939278279
5 0 0.00000583352049443597
6 0 0.00000583352049443597
7 0 0.00000500013750526218
8 0 0.00000416676215586609
9 0 0.00000416676215586609
10 0 0.00000500013750526218
11 0 0.00000416676215586609
12 0 0.00000500013750526218
13 0 0.00000416676215586609
14 0 0.00000500013750526218
15 0 0.00000666691112360951
16 0 0.0000100005500421885
17 0 0.0000108339788730261
18 0 0.0000116674153447516
19 0 0.0000133343112110884
20 0 0.0000150012376423092
21 0 0.0000175016846010179
22 0 0.0000183351822042876
23 0 0.0000166681946396352
24 0 0.0000175016846010179
25 0 0.0000150012376423092
26 0 0.0000141677706060328
27 0 0.0000166681946396352
28 0 0.0000158347123201397
29 0 0.0000158347123201397
30 0 0.0000166681946396352
31 0 0.0000183351822042876
32 0 0.0000200022003373768
33 0 0.0000200022003373768
34 0 0.0000216692490401238
35 0 0.0000225027848553827
36 0 0.0000258370045466139
37 0 0.0000300049511388067
38 0 0.0000316721832838152
39 0 0.0000333394460065861
40 0 0.0000350067393084519
41 0 0.0000366740631904117
42 0 0.0000400088026996093
43 0 0.0000483461867075707
44 0 0.0000516813544294559
45 0 0.0000591859292243813
46 0 0.0000683590287403613
47 0 0.0000758649805536749
48 0 0.0000842056539793745
49 0 0.0000992207949763735
50 0 0.000113404039220888
51 0 0.000128424004500527
52 0 0.000144281105325716
53 0 0.0001542975418658
54 0 0.000167654507824855
55 0 0.00018602354153463
56 0 0.000208572430588916
57 0 0.000235304285861493
58 0 0.000257029709030077
59 0 0.000284611765482445
60 0 0.000304676701919360
61 0 0.000346492886541427
62 0 0.000382470200815832
63 0 0.000405067889250321
64 0 0.000451955091283596
65 0 0.000487136376522423
66 0 0.000544125448874722
67 0 0.00058437456115501
68 0 0.00063974622038987
69 0 0.000701869754142659
70 0 0.000760674384816196
71 0 0.000853999839754538
72 0 0.000938159009963635
73 0 0.00103588144598277
74 0 0.00115649452020805
75 0 0.00129755344586369
76 0 0.00144814535777016
77 0 0.00163122225545576
78 0 0.00185633612270941
79 0 0.00209394786626049
80 0 0.00241344631419316
81 0 0.00276757417762641
82 0 0.00321283575944353
83 0 0.00364294498317241
84 0 0.00423999222809279
85 0 0.00486737806538917
86 0 0.00573054248082006
87 0 0.00667466034183206
88 0 0.00774668500329134
89 0 0.00905053140771073
90 0 0.0105559618341403
91 0 0.0121270357589678
92 0 0.0143442658979838
93 0 0.0162996828984658
94 0 0.0187984831848225
95 0 0.0212974707748828
96 0 0.0241888361931446
97 0 0.0272216452407177
98 0 0.0309808248762862
99 0 0.0348140350386007
100 0 0.0377749570701561

death 1 F single
1 0 0.000296315773371636
2 0 0.0000325058108229248
3 0 0.0000100005500421885
4 0 0.00000750030939278279
5 0 0.00000583352049443597
6 0 0.00000583352049443597
7 0 0.00000500013750526218
8 0 0.00000416676215586609
9 0 0.00000416676215586609
10 0 0.00000500013750526218
11 0 0.00000416676215586609
12 0 0.00000500013750526218
13 0 0.00000416676215586609
14 0 0.00000500013750526218
15 0 0.00000666691112360951
16 0 0.0000100005500421885
17 0 0.0000108339788730261
18 0 0.0000116674153447516
19 0 0.0000133343112110884
20 0 0.0000150012376423092
21 0 0.0000175016846010179
22 0 0.0000183351822042876
23 0 0.0000166681946396352
24 0 0.0000175016846010179
25 0 0.0000150012376423092
26 0 0.0000141677706060328
27 0 0.0000166681946396352
28 0 0.0000158347123201397
29 0 0.0000158347123201397
30 0 0.0000166681946396352
31 0 0.0000183351822042876
32 0 0.0000200022003373768
33 0 0.0000200022003373768
34 0 0.0000216692490401238
35 0 0.0000225027848553827
36 0 0.0000258370045466139
37 0 0.0000300049511388067
38 0 0.0000316721832838152
39 0 0.0000333394460065861
40 0 0.0000350067393084519
41 0 0.0000366740631904117
42 0 0.0000400088026996093
43 0 0.0000483461867075707
44 0 0.0000516813544294559
45 0 0.0000591859292243813
46 0 0.0000683590287403613
47 0 0.0000758649805536749
48 0 0.0000842056539793745
49 0 0.0000992207949763735
50 0 0.000113404039220888
51 0 0.000128424004500527
52 0 0.000144281105325716
53 0 0.0001542975418658
54 0 0.000167654507824855
55 0 0.00018602354153463
56 0 0.000208572430588916
57 0 0.000235304285861493
58 0 0.000257029709030077
59 0 0.000284611765482445
60 0 0.000304676701919360
61 0 0.000346492886541427
62 0 0.000382470200815832
63 0 0.000405067889250321
64 0 0.000451955091283596
65 0 0.000487136376522423
66 0 0.000544125448874722
67 0 0.00058437456115501
68 0 0.00063974622038987
69 0 0.000701869754142659
70 0 0.000760674384816196
71 0 0.000853999839754538
72 0 0.000938159009963635
73 0 0.00103588144598277
74 0 0.00115649452020805
75 0 0.00129755344586369
76 0 0.00144814535777016
77 0 0.00163122225545576
78 0 0.00185633612270941
79 0 0.00209394786626049
80 0 0.00241344631419316
81 0 0.00276757417762641
82 0 0.00321283575944353
83 0 0.00364294498317241
84 0 0.00423999222809279
85 0 0.00486737806538917
86 0 0.00573054248082006
87 0 0.00667466034183206
88 0 0.00774668500329134
89 0 0.00905053140771073
90 0 0.0105559618341403
91 0 0.0121270357589678
92 0 0.0143442658979838
93 0 0.0162996828984658
94 0 0.0187984831848225
95 0 0.0212974707748828
96 0 0.0241888361931446
97 0 0.0272216452407177
98 0 0.0309808248762862
99 0 0.0348140350386007
100 0 0.0377749570701561

death 1 F divorced
1 0 0.000296315773371636
2 0 0.0000325058108229248
3 0 0.0000100005500421885
4 0 0.00000750030939278279
5 0 0.00000583352049443597
6 0 0.00000583352049443597
7 0 0.00000500013750526218
8 0 0.00000416676215586609
9 0 0.00000416676215586609
10 0 0.00000500013750526218
11 0 0.00000416676215586609
12 0 0.00000500013750526218
13 0 0.00000416676215586609
14 0 0.00000500013750526218
15 0 0.00000666691112360951
16 0 0.0000100005500421885
17 0 0.0000108339788730261
18 0 0.0000116674153447516
19 0 0.0000133343112110884
20 0 0.0000150012376423092
21 0 0.0000175016846010179
22 0 0.0000183351822042876
23 0 0.0000166681946396352
24 0 0.0000175016846010179
25 0 0.0000150012376423092
26 0 0.0000141677706060328
27 0 0.0000166681946396352
28 0 0.0000158347123201397
29 0 0.0000158347123201397
30 0 0.0000166681946396352
31 0 0.0000183351822042876
32 0 0.0000200022003373768
33 0 0.0000200022003373768
34 0 0.0000216692490401238
35 0 0.0000225027848553827
36 0 0.0000258370045466139
37 0 0.0000300049511388067
38 0 0.0000316721832838152
39 0 0.0000333394460065861
40 0 0.0000350067393084519
41 0 0.0000366740631904117
42 0 0.0000400088026996093
43 0 0.0000483461867075707
44 0 0.0000516813544294559
45 0 0.0000591859292243813
46 0 0.0000683590287403613
47 0 0.0000758649805536749
48 0 0.0000842056539793745
49 0 0.0000992207949763735
50 0 0.000113404039220888
51 0 0.000128424004500527
52 0 0.000144281105325716
53 0 0.0001542975418658
54 0 0.000167654507824855
55 0 0.00018602354153463
56 0 0.000208572430588916
57 0 0.000235304285861493
58 0 0.000257029709030077
59 0 0.000284611765482445
60 0 0.000304676701919360
61 0 0.000346492886541427
62 0 0.000382470200815832
63 0 0.000405067889250321
64 0 0.000451955091283596
65 0 0.000487136376522423
66 0 0.000544125448874722
67 0 0.00058437456115501
68 0 0.00063974622038987
69 0 0.000701869754142659
70 0 0.000760674384816196
71 0 0.000853999839754538
72 0 0.000938159009963635
73 0 0.00103588144598277
74 0 0.00115649452020805
75 0 0.00129755344586369
76 0 0.00144814535777016
77 0 0.00163122225545576
78 0 0.00185633612270941
79 0 0.00209394786626049
80 0 0.00241344631419316
81 0 0.00276757417762641
82 0 0.00321283575944353
83 0 0.00364294498317241
84 0 0.00423999222809279
85 0 0.00486737806538917
86 0 0.00573054248082006
87 0 0.00667466034183206
88 0 0.00774668500329134
89 0 0.00905053140771073
90 0 0.0105559618341403
91 0 0.0121270357589678
92 0 0.0143442658979838
93 0 0.0162996828984658
94 0 0.0187984831848225
95 0 0.0212974707748828
96 0 0.0241888361931446
97 0 0.0272216452407177
98 0 0.0309808248762862
99 0 0.0348140350386007
100 0 0.0377749570701561

death 1 F widowed
1 0 0.000296315773371636
2 0 0.0000325058108229248
3 0 0.0000100005500421885
4 0 0.00000750030939278279
5 0 0.00000583352049443597
6 0 0.00000583352049443597
7 0 0.00000500013750526218
8 0 0.00000416676215586609
9 0 0.00000416676215586609
10 0 0.00000500013750526218
11 0 0.00000416676215586609
12 0 0.00000500013750526218
13 0 0.00000416676215586609
14 0 0.00000500013750526218
15 0 0.00000666691112360951
16 0 0.0000100005500421885
17 0 0.0000108339788730261
18 0 0.0000116674153447516
19 0 0.0000133343112110884
20 0 0.0000150012376423092
21 0 0.0000175016846010179
22 0 0.0000183351822042876
23 0 0.0000166681946396352
24 0 0.0000175016846010179
25 0 0.0000150012376423092
26 0 0.0000141677706060328
27 0 0.0000166681946396352
28 0 0.0000158347123201397
29 0 0.0000158347123201397
30 0 0.0000166681946396352
31 0 0.0000183351822042876
32 0 0.0000200022003373768
33 0 0.0000200022003373768
34 0 0.0000216692490401238
35 0 0.0000225027848553827
36 0 0.0000258370045466139
37 0 0.0000300049511388067
38 0 0.0000316721832838152
39 0 0.0000333394460065861
40 0 0.0000350067393084519
41 0 0.0000366740631904117
42 0 0.0000400088026996093
43 0 0.0000483461867075707
44 0 0.0000516813544294559
45 0 0.0000591859292243813
46 0 0.0000683590287403613
47 0 0.0000758649805536749
48 0 0.0000842056539793745
49 0 0.0000992207949763735
50 0 0.000113404039220888
51 0 0.000128424004500527
52 0 0.000144281105325716
53 0 0.0001542975418658
54 0 0.000167654507824855
55 0 0.00018602354153463
56 0 0.000208572430588916
57 0 0.000235304285861493
58 0 0.000257029709030077
59 0 0.000284611765482445
60 0 0.000304676701919360
61 0 0.000346492886541427
62 0 0.000382470200815832
63 0 0.000405067889250321
64 0 0.000451955091283596
65 0 0.000487136376522423
66 0 0.000544125448874722
67 0 0.00058437456115501
68 0 0.00063974622038987
69 0 0.000701869754142659
70 0 0.000760674384816196
71 0 0.000853999839754538
72 0 0.000938159009963635
73 0 0.00103588144598277
74 0 0.00115649452020805
75 0 0.00129755344586369
76 0 0.00144814535777016
77 0 0.00163122225545576
78 0 0.00185633612270941
79 0 0.00209394786626049
80 0 0.00241344631419316
81 0 0.00276757417762641
82 0 0.00321283575944353
83 0 0.00364294498317241
84 0 0.00423999222809279
85 0 0.00486737806538917
86 0 0.00573054248082006
87 0 0.00667466034183206
88 0 0.00774668500329134
89 0 0.00905053140771073
90 0 0.0105559618341403
91 0 0.0121270357589678
92 0 0.0143442658979838
93 0 0.0162996828984658
94 0 0.0187984831848225
95 0 0.0212974707748828
96 0 0.0241888361931446
97 0 0.0272216452407177
98 0 0.0309808248762862
99 0 0.0348140350386007
100 0 0.0377749570701561
