*Period monthly mortality rates for SWE in 1845 
* Mon Dec 20 14:19:48 2010
death 1 M married
1 0 0.0167048733960986
2 0 0.00288062011399814
3 0 0.00201987229814293
4 0 0.00126754951935371
5 0 0.000829944650220793
6 0 0.000679366053925379
7 0 0.000616418892593007
8 0 0.000555862931597928
9 0 0.000490068765241602
10 0 0.000426499036906280
11 0 0.000384562343321515
12 0 0.000354607455284039
13 0 0.000333778730766676
14 0 0.000324244281099562
15 0 0.000312202195326683
16 0 0.000300328923080073
17 0 0.000310111717982564
18 0 0.000345489072727911
19 0 0.000387491423751052
20 0 0.00041678742188056
21 0 0.000465020835772267
22 0 0.000514704567388002
23 0 0.000547730371519117
24 0 0.000564750891557497
25 0 0.000579426313217613
26 0 0.000607945339331728
27 0 0.000617509605372657
28 0 0.000620446204865122
29 0 0.000629927874063796
30 0 0.000657371555145225
31 0 0.000722027053892349
32 0 0.000810436028335637
33 0 0.000855009287675457
34 0 0.000844999425076765
35 0 0.000852065095929277
36 0 0.000909451970195208
37 0 0.000979004307071318
38 0 0.000961316459538342
39 0 0.000962074439497695
40 0 0.0010360500237786
41 0 0.00114240067266613
42 0 0.00123721760044448
43 0 0.00126552144266301
44 0 0.00131268594736778
45 0 0.00141360558752635
46 0 0.00148210534443882
47 0 0.00148202064038894
48 0 0.00149294811542899
49 0 0.00154234993937019
50 0 0.00165133235938786
51 0 0.00177004727004670
52 0 0.00188092008210994
53 0 0.0019759158677628
54 0 0.00209932048399486
55 0 0.00228781923216526
56 0 0.00248638812473989
57 0 0.00246455079635521
58 0 0.00242791015511112
59 0 0.00248998536562250
60 0 0.00260320004619108
61 0 0.00276070140506157
62 0 0.00309971988418634
63 0 0.00344719548963457
64 0 0.00380947846185387
65 0 0.00419224039463606
66 0 0.004661333323562
67 0 0.00500059939979813
68 0 0.00538145756663511
69 0 0.00576801182852882
70 0 0.00612412345954838
71 0 0.00632566908308851
72 0 0.00653993568631683
73 0 0.00727886091013097
74 0 0.00799721101117778
75 0 0.0084360326768178
76 0 0.00943272061547618
77 0 0.0107648599791758
78 0 0.0121310385749318
79 0 0.0133341222741198
80 0 0.0148394444068342
81 0 0.0149964543498579
82 0 0.0162795164124603
83 0 0.0180402522484905
84 0 0.0199619932497946
85 0 0.0218972859869813
86 0 0.024436603842916
87 0 0.0272960728433368
88 0 0.0293773337430079
89 0 0.0318506172901181
90 0 0.0368354405993579
91 0 0.0464650805775431
92 0 0.0516968756936488
93 0 0.0567482233753568
94 0 0.0599240434408931
95 0 0.0635193632855128
96 0 0.076777618133188
97 0 0.115046129873473
98 0 0.224320100436388
99 0 0.331616005607764
100 0 0.215590851190003

death 1 M single
1 0 0.0167048733960986
2 0 0.00288062011399814
3 0 0.00201987229814293
4 0 0.00126754951935371
5 0 0.000829944650220793
6 0 0.000679366053925379
7 0 0.000616418892593007
8 0 0.000555862931597928
9 0 0.000490068765241602
10 0 0.000426499036906280
11 0 0.000384562343321515
12 0 0.000354607455284039
13 0 0.000333778730766676
14 0 0.000324244281099562
15 0 0.000312202195326683
16 0 0.000300328923080073
17 0 0.000310111717982564
18 0 0.000345489072727911
19 0 0.000387491423751052
20 0 0.00041678742188056
21 0 0.000465020835772267
22 0 0.000514704567388002
23 0 0.000547730371519117
24 0 0.000564750891557497
25 0 0.000579426313217613
26 0 0.000607945339331728
27 0 0.000617509605372657
28 0 0.000620446204865122
29 0 0.000629927874063796
30 0 0.000657371555145225
31 0 0.000722027053892349
32 0 0.000810436028335637
33 0 0.000855009287675457
34 0 0.000844999425076765
35 0 0.000852065095929277
36 0 0.000909451970195208
37 0 0.000979004307071318
38 0 0.000961316459538342
39 0 0.000962074439497695
40 0 0.0010360500237786
41 0 0.00114240067266613
42 0 0.00123721760044448
43 0 0.00126552144266301
44 0 0.00131268594736778
45 0 0.00141360558752635
46 0 0.00148210534443882
47 0 0.00148202064038894
48 0 0.00149294811542899
49 0 0.00154234993937019
50 0 0.00165133235938786
51 0 0.00177004727004670
52 0 0.00188092008210994
53 0 0.0019759158677628
54 0 0.00209932048399486
55 0 0.00228781923216526
56 0 0.00248638812473989
57 0 0.00246455079635521
58 0 0.00242791015511112
59 0 0.00248998536562250
60 0 0.00260320004619108
61 0 0.00276070140506157
62 0 0.00309971988418634
63 0 0.00344719548963457
64 0 0.00380947846185387
65 0 0.00419224039463606
66 0 0.004661333323562
67 0 0.00500059939979813
68 0 0.00538145756663511
69 0 0.00576801182852882
70 0 0.00612412345954838
71 0 0.00632566908308851
72 0 0.00653993568631683
73 0 0.00727886091013097
74 0 0.00799721101117778
75 0 0.0084360326768178
76 0 0.00943272061547618
77 0 0.0107648599791758
78 0 0.0121310385749318
79 0 0.0133341222741198
80 0 0.0148394444068342
81 0 0.0149964543498579
82 0 0.0162795164124603
83 0 0.0180402522484905
84 0 0.0199619932497946
85 0 0.0218972859869813
86 0 0.024436603842916
87 0 0.0272960728433368
88 0 0.0293773337430079
89 0 0.0318506172901181
90 0 0.0368354405993579
91 0 0.0464650805775431
92 0 0.0516968756936488
93 0 0.0567482233753568
94 0 0.0599240434408931
95 0 0.0635193632855128
96 0 0.076777618133188
97 0 0.115046129873473
98 0 0.224320100436388
99 0 0.331616005607764
100 0 0.215590851190003

death 1 M divorced
1 0 0.0167048733960986
2 0 0.00288062011399814
3 0 0.00201987229814293
4 0 0.00126754951935371
5 0 0.000829944650220793
6 0 0.000679366053925379
7 0 0.000616418892593007
8 0 0.000555862931597928
9 0 0.000490068765241602
10 0 0.000426499036906280
11 0 0.000384562343321515
12 0 0.000354607455284039
13 0 0.000333778730766676
14 0 0.000324244281099562
15 0 0.000312202195326683
16 0 0.000300328923080073
17 0 0.000310111717982564
18 0 0.000345489072727911
19 0 0.000387491423751052
20 0 0.00041678742188056
21 0 0.000465020835772267
22 0 0.000514704567388002
23 0 0.000547730371519117
24 0 0.000564750891557497
25 0 0.000579426313217613
26 0 0.000607945339331728
27 0 0.000617509605372657
28 0 0.000620446204865122
29 0 0.000629927874063796
30 0 0.000657371555145225
31 0 0.000722027053892349
32 0 0.000810436028335637
33 0 0.000855009287675457
34 0 0.000844999425076765
35 0 0.000852065095929277
36 0 0.000909451970195208
37 0 0.000979004307071318
38 0 0.000961316459538342
39 0 0.000962074439497695
40 0 0.0010360500237786
41 0 0.00114240067266613
42 0 0.00123721760044448
43 0 0.00126552144266301
44 0 0.00131268594736778
45 0 0.00141360558752635
46 0 0.00148210534443882
47 0 0.00148202064038894
48 0 0.00149294811542899
49 0 0.00154234993937019
50 0 0.00165133235938786
51 0 0.00177004727004670
52 0 0.00188092008210994
53 0 0.0019759158677628
54 0 0.00209932048399486
55 0 0.00228781923216526
56 0 0.00248638812473989
57 0 0.00246455079635521
58 0 0.00242791015511112
59 0 0.00248998536562250
60 0 0.00260320004619108
61 0 0.00276070140506157
62 0 0.00309971988418634
63 0 0.00344719548963457
64 0 0.00380947846185387
65 0 0.00419224039463606
66 0 0.004661333323562
67 0 0.00500059939979813
68 0 0.00538145756663511
69 0 0.00576801182852882
70 0 0.00612412345954838
71 0 0.00632566908308851
72 0 0.00653993568631683
73 0 0.00727886091013097
74 0 0.00799721101117778
75 0 0.0084360326768178
76 0 0.00943272061547618
77 0 0.0107648599791758
78 0 0.0121310385749318
79 0 0.0133341222741198
80 0 0.0148394444068342
81 0 0.0149964543498579
82 0 0.0162795164124603
83 0 0.0180402522484905
84 0 0.0199619932497946
85 0 0.0218972859869813
86 0 0.024436603842916
87 0 0.0272960728433368
88 0 0.0293773337430079
89 0 0.0318506172901181
90 0 0.0368354405993579
91 0 0.0464650805775431
92 0 0.0516968756936488
93 0 0.0567482233753568
94 0 0.0599240434408931
95 0 0.0635193632855128
96 0 0.076777618133188
97 0 0.115046129873473
98 0 0.224320100436388
99 0 0.331616005607764
100 0 0.215590851190003

death 1 M widowed
1 0 0.0167048733960986
2 0 0.00288062011399814
3 0 0.00201987229814293
4 0 0.00126754951935371
5 0 0.000829944650220793
6 0 0.000679366053925379
7 0 0.000616418892593007
8 0 0.000555862931597928
9 0 0.000490068765241602
10 0 0.000426499036906280
11 0 0.000384562343321515
12 0 0.000354607455284039
13 0 0.000333778730766676
14 0 0.000324244281099562
15 0 0.000312202195326683
16 0 0.000300328923080073
17 0 0.000310111717982564
18 0 0.000345489072727911
19 0 0.000387491423751052
20 0 0.00041678742188056
21 0 0.000465020835772267
22 0 0.000514704567388002
23 0 0.000547730371519117
24 0 0.000564750891557497
25 0 0.000579426313217613
26 0 0.000607945339331728
27 0 0.000617509605372657
28 0 0.000620446204865122
29 0 0.000629927874063796
30 0 0.000657371555145225
31 0 0.000722027053892349
32 0 0.000810436028335637
33 0 0.000855009287675457
34 0 0.000844999425076765
35 0 0.000852065095929277
36 0 0.000909451970195208
37 0 0.000979004307071318
38 0 0.000961316459538342
39 0 0.000962074439497695
40 0 0.0010360500237786
41 0 0.00114240067266613
42 0 0.00123721760044448
43 0 0.00126552144266301
44 0 0.00131268594736778
45 0 0.00141360558752635
46 0 0.00148210534443882
47 0 0.00148202064038894
48 0 0.00149294811542899
49 0 0.00154234993937019
50 0 0.00165133235938786
51 0 0.00177004727004670
52 0 0.00188092008210994
53 0 0.0019759158677628
54 0 0.00209932048399486
55 0 0.00228781923216526
56 0 0.00248638812473989
57 0 0.00246455079635521
58 0 0.00242791015511112
59 0 0.00248998536562250
60 0 0.00260320004619108
61 0 0.00276070140506157
62 0 0.00309971988418634
63 0 0.00344719548963457
64 0 0.00380947846185387
65 0 0.00419224039463606
66 0 0.004661333323562
67 0 0.00500059939979813
68 0 0.00538145756663511
69 0 0.00576801182852882
70 0 0.00612412345954838
71 0 0.00632566908308851
72 0 0.00653993568631683
73 0 0.00727886091013097
74 0 0.00799721101117778
75 0 0.0084360326768178
76 0 0.00943272061547618
77 0 0.0107648599791758
78 0 0.0121310385749318
79 0 0.0133341222741198
80 0 0.0148394444068342
81 0 0.0149964543498579
82 0 0.0162795164124603
83 0 0.0180402522484905
84 0 0.0199619932497946
85 0 0.0218972859869813
86 0 0.024436603842916
87 0 0.0272960728433368
88 0 0.0293773337430079
89 0 0.0318506172901181
90 0 0.0368354405993579
91 0 0.0464650805775431
92 0 0.0516968756936488
93 0 0.0567482233753568
94 0 0.0599240434408931
95 0 0.0635193632855128
96 0 0.076777618133188
97 0 0.115046129873473
98 0 0.224320100436388
99 0 0.331616005607764
100 0 0.215590851190003

death 1 F married
1 0 0.0139653550294003
2 0 0.00248861497131747
3 0 0.00173623422005231
4 0 0.00113387791013686
5 0 0.000767901580064345
6 0 0.000609623207919241
7 0 0.000531383612767389
8 0 0.000463178116985041
9 0 0.000397785798219807
10 0 0.000343899723532548
11 0 0.000315547059099419
12 0 0.000298238718827171
13 0 0.000293222424748607
14 0 0.000299743661043461
15 0 0.000302920843119003
16 0 0.000305094768538572
17 0 0.000318975672234489
18 0 0.00035226503115382
19 0 0.000382637570443767
20 0 0.000388328321214826
21 0 0.000405737536114392
22 0 0.00042800610467908
23 0 0.000441235883402169
24 0 0.000447097793540907
25 0 0.000455975120261409
26 0 0.000479512608709598
27 0 0.000490822823351333
28 0 0.000492079600773687
29 0 0.000497023093962157
30 0 0.000512693231101591
31 0 0.000553599156197238
32 0 0.000615495992006831
33 0 0.000637564273951119
34 0 0.00062245992794907
35 0 0.000623466806228934
36 0 0.000655273121693445
37 0 0.00069439589217446
38 0 0.000673992860411698
39 0 0.000671810091320779
40 0 0.000721019082671637
41 0 0.000786560486632393
42 0 0.000845419985338935
43 0 0.000856018746814957
44 0 0.000876715131893802
45 0 0.000936222472631143
46 0 0.000959800518597231
47 0 0.000941442798071734
48 0 0.00094598977762117
49 0 0.000981447185313344
50 0 0.00106555595822777
51 0 0.00115050225783153
52 0 0.00123113553836807
53 0 0.00130490803379957
54 0 0.00138940171815416
55 0 0.00152006071059740
56 0 0.00164352537639989
57 0 0.00164615591521633
58 0 0.00167628526452934
59 0 0.00176681834431358
60 0 0.00188406799044771
61 0 0.00202685958385074
62 0 0.00231525590551296
63 0 0.00262549968507186
64 0 0.00290436477570477
65 0 0.00313257882509232
66 0 0.00341015555017399
67 0 0.00365483008235501
68 0 0.00397283613485888
69 0 0.00437141794341100
70 0 0.00488461363335069
71 0 0.00541365159971063
72 0 0.00585366363025797
73 0 0.00670857484401177
74 0 0.0074465350571995
75 0 0.0078372340188031
76 0 0.0086139392421345
77 0 0.0096813994662699
78 0 0.0108447783073214
79 0 0.0118054878256122
80 0 0.0128984828751963
81 0 0.013046253294146
82 0 0.0141151876532610
83 0 0.0154613284025515
84 0 0.0168711228186745
85 0 0.0182384916502357
86 0 0.0202603219110427
87 0 0.0223825483594622
88 0 0.0237693865207765
89 0 0.0258514072135647
90 0 0.0294837091689150
91 0 0.0320426129125443
92 0 0.0335153724640010
93 0 0.0343211117146014
94 0 0.0346073009556688
95 0 0.0366257741752845
96 0 0.0397993861892205
97 0 0.0431100700144305
98 0 0.0474946269434493
99 0 0.0482852762190934
100 0 0.0555107590430878

death 1 F single
1 0 0.0139653550294003
2 0 0.00248861497131747
3 0 0.00173623422005231
4 0 0.00113387791013686
5 0 0.000767901580064345
6 0 0.000609623207919241
7 0 0.000531383612767389
8 0 0.000463178116985041
9 0 0.000397785798219807
10 0 0.000343899723532548
11 0 0.000315547059099419
12 0 0.000298238718827171
13 0 0.000293222424748607
14 0 0.000299743661043461
15 0 0.000302920843119003
16 0 0.000305094768538572
17 0 0.000318975672234489
18 0 0.00035226503115382
19 0 0.000382637570443767
20 0 0.000388328321214826
21 0 0.000405737536114392
22 0 0.00042800610467908
23 0 0.000441235883402169
24 0 0.000447097793540907
25 0 0.000455975120261409
26 0 0.000479512608709598
27 0 0.000490822823351333
28 0 0.000492079600773687
29 0 0.000497023093962157
30 0 0.000512693231101591
31 0 0.000553599156197238
32 0 0.000615495992006831
33 0 0.000637564273951119
34 0 0.00062245992794907
35 0 0.000623466806228934
36 0 0.000655273121693445
37 0 0.00069439589217446
38 0 0.000673992860411698
39 0 0.000671810091320779
40 0 0.000721019082671637
41 0 0.000786560486632393
42 0 0.000845419985338935
43 0 0.000856018746814957
44 0 0.000876715131893802
45 0 0.000936222472631143
46 0 0.000959800518597231
47 0 0.000941442798071734
48 0 0.00094598977762117
49 0 0.000981447185313344
50 0 0.00106555595822777
51 0 0.00115050225783153
52 0 0.00123113553836807
53 0 0.00130490803379957
54 0 0.00138940171815416
55 0 0.00152006071059740
56 0 0.00164352537639989
57 0 0.00164615591521633
58 0 0.00167628526452934
59 0 0.00176681834431358
60 0 0.00188406799044771
61 0 0.00202685958385074
62 0 0.00231525590551296
63 0 0.00262549968507186
64 0 0.00290436477570477
65 0 0.00313257882509232
66 0 0.00341015555017399
67 0 0.00365483008235501
68 0 0.00397283613485888
69 0 0.00437141794341100
70 0 0.00488461363335069
71 0 0.00541365159971063
72 0 0.00585366363025797
73 0 0.00670857484401177
74 0 0.0074465350571995
75 0 0.0078372340188031
76 0 0.0086139392421345
77 0 0.0096813994662699
78 0 0.0108447783073214
79 0 0.0118054878256122
80 0 0.0128984828751963
81 0 0.013046253294146
82 0 0.0141151876532610
83 0 0.0154613284025515
84 0 0.0168711228186745
85 0 0.0182384916502357
86 0 0.0202603219110427
87 0 0.0223825483594622
88 0 0.0237693865207765
89 0 0.0258514072135647
90 0 0.0294837091689150
91 0 0.0320426129125443
92 0 0.0335153724640010
93 0 0.0343211117146014
94 0 0.0346073009556688
95 0 0.0366257741752845
96 0 0.0397993861892205
97 0 0.0431100700144305
98 0 0.0474946269434493
99 0 0.0482852762190934
100 0 0.0555107590430878

death 1 F divorced
1 0 0.0139653550294003
2 0 0.00248861497131747
3 0 0.00173623422005231
4 0 0.00113387791013686
5 0 0.000767901580064345
6 0 0.000609623207919241
7 0 0.000531383612767389
8 0 0.000463178116985041
9 0 0.000397785798219807
10 0 0.000343899723532548
11 0 0.000315547059099419
12 0 0.000298238718827171
13 0 0.000293222424748607
14 0 0.000299743661043461
15 0 0.000302920843119003
16 0 0.000305094768538572
17 0 0.000318975672234489
18 0 0.00035226503115382
19 0 0.000382637570443767
20 0 0.000388328321214826
21 0 0.000405737536114392
22 0 0.00042800610467908
23 0 0.000441235883402169
24 0 0.000447097793540907
25 0 0.000455975120261409
26 0 0.000479512608709598
27 0 0.000490822823351333
28 0 0.000492079600773687
29 0 0.000497023093962157
30 0 0.000512693231101591
31 0 0.000553599156197238
32 0 0.000615495992006831
33 0 0.000637564273951119
34 0 0.00062245992794907
35 0 0.000623466806228934
36 0 0.000655273121693445
37 0 0.00069439589217446
38 0 0.000673992860411698
39 0 0.000671810091320779
40 0 0.000721019082671637
41 0 0.000786560486632393
42 0 0.000845419985338935
43 0 0.000856018746814957
44 0 0.000876715131893802
45 0 0.000936222472631143
46 0 0.000959800518597231
47 0 0.000941442798071734
48 0 0.00094598977762117
49 0 0.000981447185313344
50 0 0.00106555595822777
51 0 0.00115050225783153
52 0 0.00123113553836807
53 0 0.00130490803379957
54 0 0.00138940171815416
55 0 0.00152006071059740
56 0 0.00164352537639989
57 0 0.00164615591521633
58 0 0.00167628526452934
59 0 0.00176681834431358
60 0 0.00188406799044771
61 0 0.00202685958385074
62 0 0.00231525590551296
63 0 0.00262549968507186
64 0 0.00290436477570477
65 0 0.00313257882509232
66 0 0.00341015555017399
67 0 0.00365483008235501
68 0 0.00397283613485888
69 0 0.00437141794341100
70 0 0.00488461363335069
71 0 0.00541365159971063
72 0 0.00585366363025797
73 0 0.00670857484401177
74 0 0.0074465350571995
75 0 0.0078372340188031
76 0 0.0086139392421345
77 0 0.0096813994662699
78 0 0.0108447783073214
79 0 0.0118054878256122
80 0 0.0128984828751963
81 0 0.013046253294146
82 0 0.0141151876532610
83 0 0.0154613284025515
84 0 0.0168711228186745
85 0 0.0182384916502357
86 0 0.0202603219110427
87 0 0.0223825483594622
88 0 0.0237693865207765
89 0 0.0258514072135647
90 0 0.0294837091689150
91 0 0.0320426129125443
92 0 0.0335153724640010
93 0 0.0343211117146014
94 0 0.0346073009556688
95 0 0.0366257741752845
96 0 0.0397993861892205
97 0 0.0431100700144305
98 0 0.0474946269434493
99 0 0.0482852762190934
100 0 0.0555107590430878

death 1 F widowed
1 0 0.0139653550294003
2 0 0.00248861497131747
3 0 0.00173623422005231
4 0 0.00113387791013686
5 0 0.000767901580064345
6 0 0.000609623207919241
7 0 0.000531383612767389
8 0 0.000463178116985041
9 0 0.000397785798219807
10 0 0.000343899723532548
11 0 0.000315547059099419
12 0 0.000298238718827171
13 0 0.000293222424748607
14 0 0.000299743661043461
15 0 0.000302920843119003
16 0 0.000305094768538572
17 0 0.000318975672234489
18 0 0.00035226503115382
19 0 0.000382637570443767
20 0 0.000388328321214826
21 0 0.000405737536114392
22 0 0.00042800610467908
23 0 0.000441235883402169
24 0 0.000447097793540907
25 0 0.000455975120261409
26 0 0.000479512608709598
27 0 0.000490822823351333
28 0 0.000492079600773687
29 0 0.000497023093962157
30 0 0.000512693231101591
31 0 0.000553599156197238
32 0 0.000615495992006831
33 0 0.000637564273951119
34 0 0.00062245992794907
35 0 0.000623466806228934
36 0 0.000655273121693445
37 0 0.00069439589217446
38 0 0.000673992860411698
39 0 0.000671810091320779
40 0 0.000721019082671637
41 0 0.000786560486632393
42 0 0.000845419985338935
43 0 0.000856018746814957
44 0 0.000876715131893802
45 0 0.000936222472631143
46 0 0.000959800518597231
47 0 0.000941442798071734
48 0 0.00094598977762117
49 0 0.000981447185313344
50 0 0.00106555595822777
51 0 0.00115050225783153
52 0 0.00123113553836807
53 0 0.00130490803379957
54 0 0.00138940171815416
55 0 0.00152006071059740
56 0 0.00164352537639989
57 0 0.00164615591521633
58 0 0.00167628526452934
59 0 0.00176681834431358
60 0 0.00188406799044771
61 0 0.00202685958385074
62 0 0.00231525590551296
63 0 0.00262549968507186
64 0 0.00290436477570477
65 0 0.00313257882509232
66 0 0.00341015555017399
67 0 0.00365483008235501
68 0 0.00397283613485888
69 0 0.00437141794341100
70 0 0.00488461363335069
71 0 0.00541365159971063
72 0 0.00585366363025797
73 0 0.00670857484401177
74 0 0.0074465350571995
75 0 0.0078372340188031
76 0 0.0086139392421345
77 0 0.0096813994662699
78 0 0.0108447783073214
79 0 0.0118054878256122
80 0 0.0128984828751963
81 0 0.013046253294146
82 0 0.0141151876532610
83 0 0.0154613284025515
84 0 0.0168711228186745
85 0 0.0182384916502357
86 0 0.0202603219110427
87 0 0.0223825483594622
88 0 0.0237693865207765
89 0 0.0258514072135647
90 0 0.0294837091689150
91 0 0.0320426129125443
92 0 0.0335153724640010
93 0 0.0343211117146014
94 0 0.0346073009556688
95 0 0.0366257741752845
96 0 0.0397993861892205
97 0 0.0431100700144305
98 0 0.0474946269434493
99 0 0.0482852762190934
100 0 0.0555107590430878
