*Period monthly mortality rates for SWE in 2042 
* Mon Dec 20 14:21:52 2010
death 1 M married
1 0 0.000213584054607918
2 0 0.0000216692490401238
3 0 0.00000666691112360951
4 0 0.00000500013750526218
5 0 0.00000416676215586609
6 0 0.00000416676215586609
7 0 0.00000333339444602565
8 0 0.00000333339444602565
9 0 0.00000333339444602565
10 0 0.00000333339444602565
11 0 0.00000333339444602565
12 0 0.00000416676215586609
13 0 0.00000333339444602565
14 0 0.00000500013750526218
15 0 0.00000583352049443597
16 0 0.00000833371530217786
17 0 0.0000116674153447516
18 0 0.0000150012376423092
19 0 0.0000183351822042876
20 0 0.0000258370045466139
21 0 0.0000300049511388067
22 0 0.0000316721832838152
23 0 0.0000325058108229248
24 0 0.0000316721832838152
25 0 0.0000316721832838152
26 0 0.0000308385633891461
27 0 0.0000308385633891461
28 0 0.0000291713465325749
29 0 0.0000283377495704507
30 0 0.0000283377495704507
31 0 0.0000291713465325749
32 0 0.0000275041602521009
33 0 0.0000283377495704507
34 0 0.0000300049511388067
35 0 0.0000308385633891461
36 0 0.0000333394460065861
37 0 0.0000358403974268784
38 0 0.0000366740631904117
39 0 0.0000408425066913409
40 0 0.0000441773991204375
41 0 0.0000466786487315352
42 0 0.0000508475510273554
43 0 0.0000575181923953005
44 0 0.000064189323299324
45 0 0.0000683590287403613
46 0 0.0000766990134587475
47 0 0.0000842056539793745
48 0 0.0000908787437792213
49 0 0.000102557829824601
50 0 0.000111735307382288
51 0 0.000122582611971733
52 0 0.000139273300942766
53 0 0.000152628059122195
54 0 0.000174333726933429
55 0 0.000187693637785924
56 0 0.000205231501423930
57 0 0.000227785156858840
58 0 0.000255358338245082
59 0 0.000270401781932272
60 0 0.000303840574450209
61 0 0.000325582389131607
62 0 0.000361551424450379
63 0 0.000401719728948313
64 0 0.000441068405811706
65 0 0.000497190674715542
66 0 0.000544125448874722
67 0 0.000597794895148662
68 0 0.000668284190493806
69 0 0.000732947459052058
70 0 0.000812790294873467
71 0 0.000906169338493079
72 0 0.000997116863376224
73 0 0.00111599114845129
74 0 0.00124600352053983
75 0 0.00139566363897181
76 0 0.00158457039943372
77 0 0.00174668263666811
78 0 0.00202830823482225
79 0 0.00231252041295038
80 0 0.00263107545183194
81 0 0.00303171127387691
82 0 0.00353370983459322
83 0 0.00414747955933337
84 0 0.00479882005684729
85 0 0.00570568987150533
86 0 0.00670337020416945
87 0 0.00791022981601208
88 0 0.0092173839685129
89 0 0.0109172451250722
90 0 0.0127121928376045
91 0 0.0148536888057607
92 0 0.0176345483707314
93 0 0.0208634618727301
94 0 0.0237426803348472
95 0 0.0275213181240629
96 0 0.0305483666030355
97 0 0.0359211002331997
98 0 0.0404214117067224
99 0 0.0444820787962557
100 0 0.0500894285480256

death 1 M single
1 0 0.000213584054607918
2 0 0.0000216692490401238
3 0 0.00000666691112360951
4 0 0.00000500013750526218
5 0 0.00000416676215586609
6 0 0.00000416676215586609
7 0 0.00000333339444602565
8 0 0.00000333339444602565
9 0 0.00000333339444602565
10 0 0.00000333339444602565
11 0 0.00000333339444602565
12 0 0.00000416676215586609
13 0 0.00000333339444602565
14 0 0.00000500013750526218
15 0 0.00000583352049443597
16 0 0.00000833371530217786
17 0 0.0000116674153447516
18 0 0.0000150012376423092
19 0 0.0000183351822042876
20 0 0.0000258370045466139
21 0 0.0000300049511388067
22 0 0.0000316721832838152
23 0 0.0000325058108229248
24 0 0.0000316721832838152
25 0 0.0000316721832838152
26 0 0.0000308385633891461
27 0 0.0000308385633891461
28 0 0.0000291713465325749
29 0 0.0000283377495704507
30 0 0.0000283377495704507
31 0 0.0000291713465325749
32 0 0.0000275041602521009
33 0 0.0000283377495704507
34 0 0.0000300049511388067
35 0 0.0000308385633891461
36 0 0.0000333394460065861
37 0 0.0000358403974268784
38 0 0.0000366740631904117
39 0 0.0000408425066913409
40 0 0.0000441773991204375
41 0 0.0000466786487315352
42 0 0.0000508475510273554
43 0 0.0000575181923953005
44 0 0.000064189323299324
45 0 0.0000683590287403613
46 0 0.0000766990134587475
47 0 0.0000842056539793745
48 0 0.0000908787437792213
49 0 0.000102557829824601
50 0 0.000111735307382288
51 0 0.000122582611971733
52 0 0.000139273300942766
53 0 0.000152628059122195
54 0 0.000174333726933429
55 0 0.000187693637785924
56 0 0.000205231501423930
57 0 0.000227785156858840
58 0 0.000255358338245082
59 0 0.000270401781932272
60 0 0.000303840574450209
61 0 0.000325582389131607
62 0 0.000361551424450379
63 0 0.000401719728948313
64 0 0.000441068405811706
65 0 0.000497190674715542
66 0 0.000544125448874722
67 0 0.000597794895148662
68 0 0.000668284190493806
69 0 0.000732947459052058
70 0 0.000812790294873467
71 0 0.000906169338493079
72 0 0.000997116863376224
73 0 0.00111599114845129
74 0 0.00124600352053983
75 0 0.00139566363897181
76 0 0.00158457039943372
77 0 0.00174668263666811
78 0 0.00202830823482225
79 0 0.00231252041295038
80 0 0.00263107545183194
81 0 0.00303171127387691
82 0 0.00353370983459322
83 0 0.00414747955933337
84 0 0.00479882005684729
85 0 0.00570568987150533
86 0 0.00670337020416945
87 0 0.00791022981601208
88 0 0.0092173839685129
89 0 0.0109172451250722
90 0 0.0127121928376045
91 0 0.0148536888057607
92 0 0.0176345483707314
93 0 0.0208634618727301
94 0 0.0237426803348472
95 0 0.0275213181240629
96 0 0.0305483666030355
97 0 0.0359211002331997
98 0 0.0404214117067224
99 0 0.0444820787962557
100 0 0.0500894285480256

death 1 M divorced
1 0 0.000213584054607918
2 0 0.0000216692490401238
3 0 0.00000666691112360951
4 0 0.00000500013750526218
5 0 0.00000416676215586609
6 0 0.00000416676215586609
7 0 0.00000333339444602565
8 0 0.00000333339444602565
9 0 0.00000333339444602565
10 0 0.00000333339444602565
11 0 0.00000333339444602565
12 0 0.00000416676215586609
13 0 0.00000333339444602565
14 0 0.00000500013750526218
15 0 0.00000583352049443597
16 0 0.00000833371530217786
17 0 0.0000116674153447516
18 0 0.0000150012376423092
19 0 0.0000183351822042876
20 0 0.0000258370045466139
21 0 0.0000300049511388067
22 0 0.0000316721832838152
23 0 0.0000325058108229248
24 0 0.0000316721832838152
25 0 0.0000316721832838152
26 0 0.0000308385633891461
27 0 0.0000308385633891461
28 0 0.0000291713465325749
29 0 0.0000283377495704507
30 0 0.0000283377495704507
31 0 0.0000291713465325749
32 0 0.0000275041602521009
33 0 0.0000283377495704507
34 0 0.0000300049511388067
35 0 0.0000308385633891461
36 0 0.0000333394460065861
37 0 0.0000358403974268784
38 0 0.0000366740631904117
39 0 0.0000408425066913409
40 0 0.0000441773991204375
41 0 0.0000466786487315352
42 0 0.0000508475510273554
43 0 0.0000575181923953005
44 0 0.000064189323299324
45 0 0.0000683590287403613
46 0 0.0000766990134587475
47 0 0.0000842056539793745
48 0 0.0000908787437792213
49 0 0.000102557829824601
50 0 0.000111735307382288
51 0 0.000122582611971733
52 0 0.000139273300942766
53 0 0.000152628059122195
54 0 0.000174333726933429
55 0 0.000187693637785924
56 0 0.000205231501423930
57 0 0.000227785156858840
58 0 0.000255358338245082
59 0 0.000270401781932272
60 0 0.000303840574450209
61 0 0.000325582389131607
62 0 0.000361551424450379
63 0 0.000401719728948313
64 0 0.000441068405811706
65 0 0.000497190674715542
66 0 0.000544125448874722
67 0 0.000597794895148662
68 0 0.000668284190493806
69 0 0.000732947459052058
70 0 0.000812790294873467
71 0 0.000906169338493079
72 0 0.000997116863376224
73 0 0.00111599114845129
74 0 0.00124600352053983
75 0 0.00139566363897181
76 0 0.00158457039943372
77 0 0.00174668263666811
78 0 0.00202830823482225
79 0 0.00231252041295038
80 0 0.00263107545183194
81 0 0.00303171127387691
82 0 0.00353370983459322
83 0 0.00414747955933337
84 0 0.00479882005684729
85 0 0.00570568987150533
86 0 0.00670337020416945
87 0 0.00791022981601208
88 0 0.0092173839685129
89 0 0.0109172451250722
90 0 0.0127121928376045
91 0 0.0148536888057607
92 0 0.0176345483707314
93 0 0.0208634618727301
94 0 0.0237426803348472
95 0 0.0275213181240629
96 0 0.0305483666030355
97 0 0.0359211002331997
98 0 0.0404214117067224
99 0 0.0444820787962557
100 0 0.0500894285480256

death 1 M widowed
1 0 0.000213584054607918
2 0 0.0000216692490401238
3 0 0.00000666691112360951
4 0 0.00000500013750526218
5 0 0.00000416676215586609
6 0 0.00000416676215586609
7 0 0.00000333339444602565
8 0 0.00000333339444602565
9 0 0.00000333339444602565
10 0 0.00000333339444602565
11 0 0.00000333339444602565
12 0 0.00000416676215586609
13 0 0.00000333339444602565
14 0 0.00000500013750526218
15 0 0.00000583352049443597
16 0 0.00000833371530217786
17 0 0.0000116674153447516
18 0 0.0000150012376423092
19 0 0.0000183351822042876
20 0 0.0000258370045466139
21 0 0.0000300049511388067
22 0 0.0000316721832838152
23 0 0.0000325058108229248
24 0 0.0000316721832838152
25 0 0.0000316721832838152
26 0 0.0000308385633891461
27 0 0.0000308385633891461
28 0 0.0000291713465325749
29 0 0.0000283377495704507
30 0 0.0000283377495704507
31 0 0.0000291713465325749
32 0 0.0000275041602521009
33 0 0.0000283377495704507
34 0 0.0000300049511388067
35 0 0.0000308385633891461
36 0 0.0000333394460065861
37 0 0.0000358403974268784
38 0 0.0000366740631904117
39 0 0.0000408425066913409
40 0 0.0000441773991204375
41 0 0.0000466786487315352
42 0 0.0000508475510273554
43 0 0.0000575181923953005
44 0 0.000064189323299324
45 0 0.0000683590287403613
46 0 0.0000766990134587475
47 0 0.0000842056539793745
48 0 0.0000908787437792213
49 0 0.000102557829824601
50 0 0.000111735307382288
51 0 0.000122582611971733
52 0 0.000139273300942766
53 0 0.000152628059122195
54 0 0.000174333726933429
55 0 0.000187693637785924
56 0 0.000205231501423930
57 0 0.000227785156858840
58 0 0.000255358338245082
59 0 0.000270401781932272
60 0 0.000303840574450209
61 0 0.000325582389131607
62 0 0.000361551424450379
63 0 0.000401719728948313
64 0 0.000441068405811706
65 0 0.000497190674715542
66 0 0.000544125448874722
67 0 0.000597794895148662
68 0 0.000668284190493806
69 0 0.000732947459052058
70 0 0.000812790294873467
71 0 0.000906169338493079
72 0 0.000997116863376224
73 0 0.00111599114845129
74 0 0.00124600352053983
75 0 0.00139566363897181
76 0 0.00158457039943372
77 0 0.00174668263666811
78 0 0.00202830823482225
79 0 0.00231252041295038
80 0 0.00263107545183194
81 0 0.00303171127387691
82 0 0.00353370983459322
83 0 0.00414747955933337
84 0 0.00479882005684729
85 0 0.00570568987150533
86 0 0.00670337020416945
87 0 0.00791022981601208
88 0 0.0092173839685129
89 0 0.0109172451250722
90 0 0.0127121928376045
91 0 0.0148536888057607
92 0 0.0176345483707314
93 0 0.0208634618727301
94 0 0.0237426803348472
95 0 0.0275213181240629
96 0 0.0305483666030355
97 0 0.0359211002331997
98 0 0.0404214117067224
99 0 0.0444820787962557
100 0 0.0500894285480256

death 1 F married
1 0 0.000211913482563775
2 0 0.0000225027848553827
3 0 0.00000750030939278279
4 0 0.00000500013750526218
5 0 0.00000416676215586609
6 0 0.00000416676215586609
7 0 0.00000416676215586609
8 0 0.00000250003437562984
9 0 0.00000250003437562984
10 0 0.00000333339444602565
11 0 0.00000333339444602565
12 0 0.00000333339444602565
13 0 0.00000333339444602565
14 0 0.00000333339444602565
15 0 0.00000500013750526218
16 0 0.00000666691112360951
17 0 0.00000750030939278279
18 0 0.00000833371530217786
19 0 0.00000916712885190574
20 0 0.0000108339788730261
21 0 0.000012500859457365
22 0 0.000012500859457365
23 0 0.0000116674153447516
24 0 0.000012500859457365
25 0 0.0000108339788730261
26 0 0.0000100005500421885
27 0 0.0000116674153447516
28 0 0.0000116674153447516
29 0 0.0000116674153447516
30 0 0.0000116674153447516
31 0 0.0000133343112110884
32 0 0.0000141677706060328
33 0 0.0000141677706060328
34 0 0.0000150012376423092
35 0 0.0000158347123201397
36 0 0.0000183351822042876
37 0 0.0000216692490401238
38 0 0.0000225027848553827
39 0 0.0000241698794146705
40 0 0.0000250034381590325
41 0 0.0000258370045466139
42 0 0.0000283377495704507
43 0 0.0000341730888351321
44 0 0.0000366740631904117
45 0 0.0000425099376131222
46 0 0.0000491799671665794
47 0 0.000055850486162301
48 0 0.0000633554051622243
49 0 0.0000750309553007034
50 0 0.000087542137645058
51 0 0.000100889297087292
52 0 0.000114238416628387
53 0 0.000123417073636167
54 0 0.000134265772442244
55 0 0.000149289185622847
56 0 0.000166819639945581
57 0 0.000188528697419477
58 0 0.000206901950655758
59 0 0.000228620584918904
60 0 0.000244495177269322
61 0 0.000278760326709371
62 0 0.00030718513048289
63 0 0.000325582389131607
64 0 0.000363224749367119
65 0 0.0003908390598516
66 0 0.000436881566365344
67 0 0.00046954403123467
68 0 0.000513950311063049
69 0 0.000563409256980729
70 0 0.000611217211779147
71 0 0.000685915063229903
72 0 0.000753111656632388
73 0 0.00083129022687578
74 0 0.000928055791168059
75 0 0.00104093891598678
76 0 0.00116155871221002
77 0 0.00130769786094143
78 0 0.00148795011476965
79 0 0.00167874697729087
80 0 0.00193376836597747
81 0 0.00221683011140750
82 0 0.00257276131579764
83 0 0.00291546495743089
84 0 0.00339086270204580
85 0 0.00390356015605975
86 0 0.00467151036475877
87 0 0.00553102690024165
88 0 0.00652676980664335
89 0 0.00773760786903077
90 0 0.0091417550115267
91 0 0.0106412251805980
92 0 0.0127285017733981
93 0 0.0146299697376217
94 0 0.0170365746659588
95 0 0.0194559882537502
96 0 0.0223608511752503
97 0 0.0254258062531740
98 0 0.0292393179802225
99 0 0.0331489985944199
100 0 0.0361606938050723

death 1 F single
1 0 0.000211913482563775
2 0 0.0000225027848553827
3 0 0.00000750030939278279
4 0 0.00000500013750526218
5 0 0.00000416676215586609
6 0 0.00000416676215586609
7 0 0.00000416676215586609
8 0 0.00000250003437562984
9 0 0.00000250003437562984
10 0 0.00000333339444602565
11 0 0.00000333339444602565
12 0 0.00000333339444602565
13 0 0.00000333339444602565
14 0 0.00000333339444602565
15 0 0.00000500013750526218
16 0 0.00000666691112360951
17 0 0.00000750030939278279
18 0 0.00000833371530217786
19 0 0.00000916712885190574
20 0 0.0000108339788730261
21 0 0.000012500859457365
22 0 0.000012500859457365
23 0 0.0000116674153447516
24 0 0.000012500859457365
25 0 0.0000108339788730261
26 0 0.0000100005500421885
27 0 0.0000116674153447516
28 0 0.0000116674153447516
29 0 0.0000116674153447516
30 0 0.0000116674153447516
31 0 0.0000133343112110884
32 0 0.0000141677706060328
33 0 0.0000141677706060328
34 0 0.0000150012376423092
35 0 0.0000158347123201397
36 0 0.0000183351822042876
37 0 0.0000216692490401238
38 0 0.0000225027848553827
39 0 0.0000241698794146705
40 0 0.0000250034381590325
41 0 0.0000258370045466139
42 0 0.0000283377495704507
43 0 0.0000341730888351321
44 0 0.0000366740631904117
45 0 0.0000425099376131222
46 0 0.0000491799671665794
47 0 0.000055850486162301
48 0 0.0000633554051622243
49 0 0.0000750309553007034
50 0 0.000087542137645058
51 0 0.000100889297087292
52 0 0.000114238416628387
53 0 0.000123417073636167
54 0 0.000134265772442244
55 0 0.000149289185622847
56 0 0.000166819639945581
57 0 0.000188528697419477
58 0 0.000206901950655758
59 0 0.000228620584918904
60 0 0.000244495177269322
61 0 0.000278760326709371
62 0 0.00030718513048289
63 0 0.000325582389131607
64 0 0.000363224749367119
65 0 0.0003908390598516
66 0 0.000436881566365344
67 0 0.00046954403123467
68 0 0.000513950311063049
69 0 0.000563409256980729
70 0 0.000611217211779147
71 0 0.000685915063229903
72 0 0.000753111656632388
73 0 0.00083129022687578
74 0 0.000928055791168059
75 0 0.00104093891598678
76 0 0.00116155871221002
77 0 0.00130769786094143
78 0 0.00148795011476965
79 0 0.00167874697729087
80 0 0.00193376836597747
81 0 0.00221683011140750
82 0 0.00257276131579764
83 0 0.00291546495743089
84 0 0.00339086270204580
85 0 0.00390356015605975
86 0 0.00467151036475877
87 0 0.00553102690024165
88 0 0.00652676980664335
89 0 0.00773760786903077
90 0 0.0091417550115267
91 0 0.0106412251805980
92 0 0.0127285017733981
93 0 0.0146299697376217
94 0 0.0170365746659588
95 0 0.0194559882537502
96 0 0.0223608511752503
97 0 0.0254258062531740
98 0 0.0292393179802225
99 0 0.0331489985944199
100 0 0.0361606938050723

death 1 F divorced
1 0 0.000211913482563775
2 0 0.0000225027848553827
3 0 0.00000750030939278279
4 0 0.00000500013750526218
5 0 0.00000416676215586609
6 0 0.00000416676215586609
7 0 0.00000416676215586609
8 0 0.00000250003437562984
9 0 0.00000250003437562984
10 0 0.00000333339444602565
11 0 0.00000333339444602565
12 0 0.00000333339444602565
13 0 0.00000333339444602565
14 0 0.00000333339444602565
15 0 0.00000500013750526218
16 0 0.00000666691112360951
17 0 0.00000750030939278279
18 0 0.00000833371530217786
19 0 0.00000916712885190574
20 0 0.0000108339788730261
21 0 0.000012500859457365
22 0 0.000012500859457365
23 0 0.0000116674153447516
24 0 0.000012500859457365
25 0 0.0000108339788730261
26 0 0.0000100005500421885
27 0 0.0000116674153447516
28 0 0.0000116674153447516
29 0 0.0000116674153447516
30 0 0.0000116674153447516
31 0 0.0000133343112110884
32 0 0.0000141677706060328
33 0 0.0000141677706060328
34 0 0.0000150012376423092
35 0 0.0000158347123201397
36 0 0.0000183351822042876
37 0 0.0000216692490401238
38 0 0.0000225027848553827
39 0 0.0000241698794146705
40 0 0.0000250034381590325
41 0 0.0000258370045466139
42 0 0.0000283377495704507
43 0 0.0000341730888351321
44 0 0.0000366740631904117
45 0 0.0000425099376131222
46 0 0.0000491799671665794
47 0 0.000055850486162301
48 0 0.0000633554051622243
49 0 0.0000750309553007034
50 0 0.000087542137645058
51 0 0.000100889297087292
52 0 0.000114238416628387
53 0 0.000123417073636167
54 0 0.000134265772442244
55 0 0.000149289185622847
56 0 0.000166819639945581
57 0 0.000188528697419477
58 0 0.000206901950655758
59 0 0.000228620584918904
60 0 0.000244495177269322
61 0 0.000278760326709371
62 0 0.00030718513048289
63 0 0.000325582389131607
64 0 0.000363224749367119
65 0 0.0003908390598516
66 0 0.000436881566365344
67 0 0.00046954403123467
68 0 0.000513950311063049
69 0 0.000563409256980729
70 0 0.000611217211779147
71 0 0.000685915063229903
72 0 0.000753111656632388
73 0 0.00083129022687578
74 0 0.000928055791168059
75 0 0.00104093891598678
76 0 0.00116155871221002
77 0 0.00130769786094143
78 0 0.00148795011476965
79 0 0.00167874697729087
80 0 0.00193376836597747
81 0 0.00221683011140750
82 0 0.00257276131579764
83 0 0.00291546495743089
84 0 0.00339086270204580
85 0 0.00390356015605975
86 0 0.00467151036475877
87 0 0.00553102690024165
88 0 0.00652676980664335
89 0 0.00773760786903077
90 0 0.0091417550115267
91 0 0.0106412251805980
92 0 0.0127285017733981
93 0 0.0146299697376217
94 0 0.0170365746659588
95 0 0.0194559882537502
96 0 0.0223608511752503
97 0 0.0254258062531740
98 0 0.0292393179802225
99 0 0.0331489985944199
100 0 0.0361606938050723

death 1 F widowed
1 0 0.000211913482563775
2 0 0.0000225027848553827
3 0 0.00000750030939278279
4 0 0.00000500013750526218
5 0 0.00000416676215586609
6 0 0.00000416676215586609
7 0 0.00000416676215586609
8 0 0.00000250003437562984
9 0 0.00000250003437562984
10 0 0.00000333339444602565
11 0 0.00000333339444602565
12 0 0.00000333339444602565
13 0 0.00000333339444602565
14 0 0.00000333339444602565
15 0 0.00000500013750526218
16 0 0.00000666691112360951
17 0 0.00000750030939278279
18 0 0.00000833371530217786
19 0 0.00000916712885190574
20 0 0.0000108339788730261
21 0 0.000012500859457365
22 0 0.000012500859457365
23 0 0.0000116674153447516
24 0 0.000012500859457365
25 0 0.0000108339788730261
26 0 0.0000100005500421885
27 0 0.0000116674153447516
28 0 0.0000116674153447516
29 0 0.0000116674153447516
30 0 0.0000116674153447516
31 0 0.0000133343112110884
32 0 0.0000141677706060328
33 0 0.0000141677706060328
34 0 0.0000150012376423092
35 0 0.0000158347123201397
36 0 0.0000183351822042876
37 0 0.0000216692490401238
38 0 0.0000225027848553827
39 0 0.0000241698794146705
40 0 0.0000250034381590325
41 0 0.0000258370045466139
42 0 0.0000283377495704507
43 0 0.0000341730888351321
44 0 0.0000366740631904117
45 0 0.0000425099376131222
46 0 0.0000491799671665794
47 0 0.000055850486162301
48 0 0.0000633554051622243
49 0 0.0000750309553007034
50 0 0.000087542137645058
51 0 0.000100889297087292
52 0 0.000114238416628387
53 0 0.000123417073636167
54 0 0.000134265772442244
55 0 0.000149289185622847
56 0 0.000166819639945581
57 0 0.000188528697419477
58 0 0.000206901950655758
59 0 0.000228620584918904
60 0 0.000244495177269322
61 0 0.000278760326709371
62 0 0.00030718513048289
63 0 0.000325582389131607
64 0 0.000363224749367119
65 0 0.0003908390598516
66 0 0.000436881566365344
67 0 0.00046954403123467
68 0 0.000513950311063049
69 0 0.000563409256980729
70 0 0.000611217211779147
71 0 0.000685915063229903
72 0 0.000753111656632388
73 0 0.00083129022687578
74 0 0.000928055791168059
75 0 0.00104093891598678
76 0 0.00116155871221002
77 0 0.00130769786094143
78 0 0.00148795011476965
79 0 0.00167874697729087
80 0 0.00193376836597747
81 0 0.00221683011140750
82 0 0.00257276131579764
83 0 0.00291546495743089
84 0 0.00339086270204580
85 0 0.00390356015605975
86 0 0.00467151036475877
87 0 0.00553102690024165
88 0 0.00652676980664335
89 0 0.00773760786903077
90 0 0.0091417550115267
91 0 0.0106412251805980
92 0 0.0127285017733981
93 0 0.0146299697376217
94 0 0.0170365746659588
95 0 0.0194559882537502
96 0 0.0223608511752503
97 0 0.0254258062531740
98 0 0.0292393179802225
99 0 0.0331489985944199
100 0 0.0361606938050723
