*Period monthly mortality rates for SWE in 1807 
* Mon Dec 20 14:19:19 2010
death 1 M married
1 0 0.0222407040790444
2 0 0.00402909658180806
3 0 0.00267723881335014
4 0 0.00175211968701461
5 0 0.00127304245455906
6 0 0.00102812720562806
7 0 0.000821451157606456
8 0 0.000672817516692126
9 0 0.000559384472112345
10 0 0.000487639065010481
11 0 0.000468957678380177
12 0 0.000477418279000164
13 0 0.000490068765241602
14 0 0.000491912029446429
15 0 0.000490320117249476
16 0 0.000503726565185825
17 0 0.000546053645520961
18 0 0.000597962661868623
19 0 0.000631773977844086
20 0 0.000659973679941639
21 0 0.000702793532587287
22 0 0.000743785158911714
23 0 0.000780424477290764
24 0 0.000806148056778588
25 0 0.000830953830843306
26 0 0.000854841045576316
27 0 0.000856018746814957
28 0 0.00085265392664391
29 0 0.000849120999612096
30 0 0.000861907482067492
31 0 0.000886055288912946
32 0 0.000929739582922529
33 0 0.000974371442605482
34 0 0.000981615662096869
35 0 0.00101506449355659
36 0 0.00104481650040578
37 0 0.00102340755738006
38 0 0.00103293138520943
39 0 0.00106707366550995
40 0 0.00113539675973473
41 0 0.00118975454434356
42 0 0.00124448281968303
43 0 0.00131657515403949
44 0 0.00138449402808394
45 0 0.00144992349572892
46 0 0.00150896051290916
47 0 0.00156082957138359
48 0 0.00164539220254423
49 0 0.00176537386210152
50 0 0.00191163812433781
51 0 0.00206248606461834
52 0 0.00219889941294127
53 0 0.00229995530388827
54 0 0.0024266262889574
55 0 0.00255321732133185
56 0 0.00270333408351009
57 0 0.00279592987320199
58 0 0.00292493130253546
59 0 0.00315466396753850
60 0 0.00343239500567649
61 0 0.00376742547737652
62 0 0.00421310144281761
63 0 0.00462484575817879
64 0 0.00497533034612108
65 0 0.00523107584102178
66 0 0.00543099159745419
67 0 0.00563374459781574
68 0 0.00595247723363002
69 0 0.00637089560633164
70 0 0.00690297647090965
71 0 0.0075283610125606
72 0 0.00820088934332253
73 0 0.00898737403912664
74 0 0.0099313251437998
75 0 0.0111011649313656
76 0 0.0124028847343506
77 0 0.013808294995722
78 0 0.0151636966870654
79 0 0.0162972866422534
80 0 0.0172098981425249
81 0 0.0173379904832099
82 0 0.0184073164747174
83 0 0.0194948894853609
84 0 0.0206403299142084
85 0 0.0217385948498382
86 0 0.0228594046678047
87 0 0.0244416362810118
88 0 0.026739218056138
89 0 0.0296908085150017
90 0 0.0347135569983827
91 0 0.0342236406165249
92 0 0.0368770058437913
93 0 0.0398590692275246
94 0 0.0429333964995093
95 0 0.0474998930774736
96 0 0.0544294225304619
97 0 0.0624719697715944
98 0 0.0730579533297993
99 0 0.160970007080584
100 0 1

death 1 M single
1 0 0.0222407040790444
2 0 0.00402909658180806
3 0 0.00267723881335014
4 0 0.00175211968701461
5 0 0.00127304245455906
6 0 0.00102812720562806
7 0 0.000821451157606456
8 0 0.000672817516692126
9 0 0.000559384472112345
10 0 0.000487639065010481
11 0 0.000468957678380177
12 0 0.000477418279000164
13 0 0.000490068765241602
14 0 0.000491912029446429
15 0 0.000490320117249476
16 0 0.000503726565185825
17 0 0.000546053645520961
18 0 0.000597962661868623
19 0 0.000631773977844086
20 0 0.000659973679941639
21 0 0.000702793532587287
22 0 0.000743785158911714
23 0 0.000780424477290764
24 0 0.000806148056778588
25 0 0.000830953830843306
26 0 0.000854841045576316
27 0 0.000856018746814957
28 0 0.00085265392664391
29 0 0.000849120999612096
30 0 0.000861907482067492
31 0 0.000886055288912946
32 0 0.000929739582922529
33 0 0.000974371442605482
34 0 0.000981615662096869
35 0 0.00101506449355659
36 0 0.00104481650040578
37 0 0.00102340755738006
38 0 0.00103293138520943
39 0 0.00106707366550995
40 0 0.00113539675973473
41 0 0.00118975454434356
42 0 0.00124448281968303
43 0 0.00131657515403949
44 0 0.00138449402808394
45 0 0.00144992349572892
46 0 0.00150896051290916
47 0 0.00156082957138359
48 0 0.00164539220254423
49 0 0.00176537386210152
50 0 0.00191163812433781
51 0 0.00206248606461834
52 0 0.00219889941294127
53 0 0.00229995530388827
54 0 0.0024266262889574
55 0 0.00255321732133185
56 0 0.00270333408351009
57 0 0.00279592987320199
58 0 0.00292493130253546
59 0 0.00315466396753850
60 0 0.00343239500567649
61 0 0.00376742547737652
62 0 0.00421310144281761
63 0 0.00462484575817879
64 0 0.00497533034612108
65 0 0.00523107584102178
66 0 0.00543099159745419
67 0 0.00563374459781574
68 0 0.00595247723363002
69 0 0.00637089560633164
70 0 0.00690297647090965
71 0 0.0075283610125606
72 0 0.00820088934332253
73 0 0.00898737403912664
74 0 0.0099313251437998
75 0 0.0111011649313656
76 0 0.0124028847343506
77 0 0.013808294995722
78 0 0.0151636966870654
79 0 0.0162972866422534
80 0 0.0172098981425249
81 0 0.0173379904832099
82 0 0.0184073164747174
83 0 0.0194948894853609
84 0 0.0206403299142084
85 0 0.0217385948498382
86 0 0.0228594046678047
87 0 0.0244416362810118
88 0 0.026739218056138
89 0 0.0296908085150017
90 0 0.0347135569983827
91 0 0.0342236406165249
92 0 0.0368770058437913
93 0 0.0398590692275246
94 0 0.0429333964995093
95 0 0.0474998930774736
96 0 0.0544294225304619
97 0 0.0624719697715944
98 0 0.0730579533297993
99 0 0.160970007080584
100 0 1

death 1 M divorced
1 0 0.0222407040790444
2 0 0.00402909658180806
3 0 0.00267723881335014
4 0 0.00175211968701461
5 0 0.00127304245455906
6 0 0.00102812720562806
7 0 0.000821451157606456
8 0 0.000672817516692126
9 0 0.000559384472112345
10 0 0.000487639065010481
11 0 0.000468957678380177
12 0 0.000477418279000164
13 0 0.000490068765241602
14 0 0.000491912029446429
15 0 0.000490320117249476
16 0 0.000503726565185825
17 0 0.000546053645520961
18 0 0.000597962661868623
19 0 0.000631773977844086
20 0 0.000659973679941639
21 0 0.000702793532587287
22 0 0.000743785158911714
23 0 0.000780424477290764
24 0 0.000806148056778588
25 0 0.000830953830843306
26 0 0.000854841045576316
27 0 0.000856018746814957
28 0 0.00085265392664391
29 0 0.000849120999612096
30 0 0.000861907482067492
31 0 0.000886055288912946
32 0 0.000929739582922529
33 0 0.000974371442605482
34 0 0.000981615662096869
35 0 0.00101506449355659
36 0 0.00104481650040578
37 0 0.00102340755738006
38 0 0.00103293138520943
39 0 0.00106707366550995
40 0 0.00113539675973473
41 0 0.00118975454434356
42 0 0.00124448281968303
43 0 0.00131657515403949
44 0 0.00138449402808394
45 0 0.00144992349572892
46 0 0.00150896051290916
47 0 0.00156082957138359
48 0 0.00164539220254423
49 0 0.00176537386210152
50 0 0.00191163812433781
51 0 0.00206248606461834
52 0 0.00219889941294127
53 0 0.00229995530388827
54 0 0.0024266262889574
55 0 0.00255321732133185
56 0 0.00270333408351009
57 0 0.00279592987320199
58 0 0.00292493130253546
59 0 0.00315466396753850
60 0 0.00343239500567649
61 0 0.00376742547737652
62 0 0.00421310144281761
63 0 0.00462484575817879
64 0 0.00497533034612108
65 0 0.00523107584102178
66 0 0.00543099159745419
67 0 0.00563374459781574
68 0 0.00595247723363002
69 0 0.00637089560633164
70 0 0.00690297647090965
71 0 0.0075283610125606
72 0 0.00820088934332253
73 0 0.00898737403912664
74 0 0.0099313251437998
75 0 0.0111011649313656
76 0 0.0124028847343506
77 0 0.013808294995722
78 0 0.0151636966870654
79 0 0.0162972866422534
80 0 0.0172098981425249
81 0 0.0173379904832099
82 0 0.0184073164747174
83 0 0.0194948894853609
84 0 0.0206403299142084
85 0 0.0217385948498382
86 0 0.0228594046678047
87 0 0.0244416362810118
88 0 0.026739218056138
89 0 0.0296908085150017
90 0 0.0347135569983827
91 0 0.0342236406165249
92 0 0.0368770058437913
93 0 0.0398590692275246
94 0 0.0429333964995093
95 0 0.0474998930774736
96 0 0.0544294225304619
97 0 0.0624719697715944
98 0 0.0730579533297993
99 0 0.160970007080584
100 0 1

death 1 M widowed
1 0 0.0222407040790444
2 0 0.00402909658180806
3 0 0.00267723881335014
4 0 0.00175211968701461
5 0 0.00127304245455906
6 0 0.00102812720562806
7 0 0.000821451157606456
8 0 0.000672817516692126
9 0 0.000559384472112345
10 0 0.000487639065010481
11 0 0.000468957678380177
12 0 0.000477418279000164
13 0 0.000490068765241602
14 0 0.000491912029446429
15 0 0.000490320117249476
16 0 0.000503726565185825
17 0 0.000546053645520961
18 0 0.000597962661868623
19 0 0.000631773977844086
20 0 0.000659973679941639
21 0 0.000702793532587287
22 0 0.000743785158911714
23 0 0.000780424477290764
24 0 0.000806148056778588
25 0 0.000830953830843306
26 0 0.000854841045576316
27 0 0.000856018746814957
28 0 0.00085265392664391
29 0 0.000849120999612096
30 0 0.000861907482067492
31 0 0.000886055288912946
32 0 0.000929739582922529
33 0 0.000974371442605482
34 0 0.000981615662096869
35 0 0.00101506449355659
36 0 0.00104481650040578
37 0 0.00102340755738006
38 0 0.00103293138520943
39 0 0.00106707366550995
40 0 0.00113539675973473
41 0 0.00118975454434356
42 0 0.00124448281968303
43 0 0.00131657515403949
44 0 0.00138449402808394
45 0 0.00144992349572892
46 0 0.00150896051290916
47 0 0.00156082957138359
48 0 0.00164539220254423
49 0 0.00176537386210152
50 0 0.00191163812433781
51 0 0.00206248606461834
52 0 0.00219889941294127
53 0 0.00229995530388827
54 0 0.0024266262889574
55 0 0.00255321732133185
56 0 0.00270333408351009
57 0 0.00279592987320199
58 0 0.00292493130253546
59 0 0.00315466396753850
60 0 0.00343239500567649
61 0 0.00376742547737652
62 0 0.00421310144281761
63 0 0.00462484575817879
64 0 0.00497533034612108
65 0 0.00523107584102178
66 0 0.00543099159745419
67 0 0.00563374459781574
68 0 0.00595247723363002
69 0 0.00637089560633164
70 0 0.00690297647090965
71 0 0.0075283610125606
72 0 0.00820088934332253
73 0 0.00898737403912664
74 0 0.0099313251437998
75 0 0.0111011649313656
76 0 0.0124028847343506
77 0 0.013808294995722
78 0 0.0151636966870654
79 0 0.0162972866422534
80 0 0.0172098981425249
81 0 0.0173379904832099
82 0 0.0184073164747174
83 0 0.0194948894853609
84 0 0.0206403299142084
85 0 0.0217385948498382
86 0 0.0228594046678047
87 0 0.0244416362810118
88 0 0.026739218056138
89 0 0.0296908085150017
90 0 0.0347135569983827
91 0 0.0342236406165249
92 0 0.0368770058437913
93 0 0.0398590692275246
94 0 0.0429333964995093
95 0 0.0474998930774736
96 0 0.0544294225304619
97 0 0.0624719697715944
98 0 0.0730579533297993
99 0 0.160970007080584
100 0 1

death 1 F married
1 0 0.0185656051242700
2 0 0.00403240710876862
3 0 0.00264531665852585
4 0 0.00175891645806225
5 0 0.00132934306888377
6 0 0.00109540885833992
7 0 0.000871161980310786
8 0 0.000703045473793407
9 0 0.000569614482976988
10 0 0.000480015255022836
11 0 0.000445674152025899
12 0 0.000451871342570964
13 0 0.000466863591929378
14 0 0.000480015255022836
15 0 0.000498447540217883
16 0 0.000533982131663668
17 0 0.00056760193081351
18 0 0.000597375479703843
19 0 0.000604254137508198
20 0 0.000601485834551996
21 0 0.000604338026793383
22 0 0.000625900141475011
23 0 0.000644697754774826
24 0 0.000659973679941639
25 0 0.000687594372434042
26 0 0.000724379030235589
27 0 0.000735215707849401
28 0 0.000737904076062001
29 0 0.000737063952449102
30 0 0.000751515161169447
31 0 0.00077269201471164
32 0 0.00082473072894651
33 0 0.000883867418245199
34 0 0.000916943548406435
35 0 0.000980099382295485
36 0 0.00104060174255716
37 0 0.00103554429132990
38 0 0.00105451118586475
39 0 0.00109093873163935
40 0 0.00115944859788553
41 0 0.00121061158614111
42 0 0.00125124168511848
43 0 0.00129121376198349
44 0 0.00130930416394215
45 0 0.00130245643829086
46 0 0.00126754951935371
47 0 0.00123088212795597
48 0 0.00124532765034802
49 0 0.00131471507788861
50 0 0.00143603801102599
51 0 0.0015862664105053
52 0 0.00173453540421942
53 0 0.00185038253234449
54 0 0.00198298494173144
55 0 0.00210588744891149
56 0 0.00224193904547032
57 0 0.00231380266481651
58 0 0.00241284726994062
59 0 0.00259805475442532
60 0 0.00283848005351695
61 0 0.00315500909059852
62 0 0.00354896016499107
63 0 0.0039220923795974
64 0 0.00424051615388876
65 0 0.00449559121414178
66 0 0.00470301380750293
67 0 0.00501107888291097
68 0 0.00541365159971063
69 0 0.00589340732935839
70 0 0.00645568930439355
71 0 0.00704662084651964
72 0 0.00770285089078637
73 0 0.00841362469429408
74 0 0.00926066860639674
75 0 0.0103291429220078
76 0 0.0116448600675865
77 0 0.0127032721442591
78 0 0.0139142025532780
79 0 0.0152409226387075
80 0 0.016638600421653
81 0 0.0163931870107406
82 0 0.0181840211365287
83 0 0.0199455584778251
84 0 0.0215450227731036
85 0 0.0228277063904381
86 0 0.0237311752682915
87 0 0.0247000964386653
88 0 0.0263291175652052
89 0 0.0293192807139508
90 0 0.0343470570138141
91 0 0.0346176138233530
92 0 0.0364389191199017
93 0 0.0382817420096989
94 0 0.0400495980679235
95 0 0.0417598980677453
96 0 0.0446980293179114
97 0 0.0505395229752483
98 0 0.0553922930387017
99 0 0.0601193006645406
100 0 0.0765918170915112

death 1 F single
1 0 0.0185656051242700
2 0 0.00403240710876862
3 0 0.00264531665852585
4 0 0.00175891645806225
5 0 0.00132934306888377
6 0 0.00109540885833992
7 0 0.000871161980310786
8 0 0.000703045473793407
9 0 0.000569614482976988
10 0 0.000480015255022836
11 0 0.000445674152025899
12 0 0.000451871342570964
13 0 0.000466863591929378
14 0 0.000480015255022836
15 0 0.000498447540217883
16 0 0.000533982131663668
17 0 0.00056760193081351
18 0 0.000597375479703843
19 0 0.000604254137508198
20 0 0.000601485834551996
21 0 0.000604338026793383
22 0 0.000625900141475011
23 0 0.000644697754774826
24 0 0.000659973679941639
25 0 0.000687594372434042
26 0 0.000724379030235589
27 0 0.000735215707849401
28 0 0.000737904076062001
29 0 0.000737063952449102
30 0 0.000751515161169447
31 0 0.00077269201471164
32 0 0.00082473072894651
33 0 0.000883867418245199
34 0 0.000916943548406435
35 0 0.000980099382295485
36 0 0.00104060174255716
37 0 0.00103554429132990
38 0 0.00105451118586475
39 0 0.00109093873163935
40 0 0.00115944859788553
41 0 0.00121061158614111
42 0 0.00125124168511848
43 0 0.00129121376198349
44 0 0.00130930416394215
45 0 0.00130245643829086
46 0 0.00126754951935371
47 0 0.00123088212795597
48 0 0.00124532765034802
49 0 0.00131471507788861
50 0 0.00143603801102599
51 0 0.0015862664105053
52 0 0.00173453540421942
53 0 0.00185038253234449
54 0 0.00198298494173144
55 0 0.00210588744891149
56 0 0.00224193904547032
57 0 0.00231380266481651
58 0 0.00241284726994062
59 0 0.00259805475442532
60 0 0.00283848005351695
61 0 0.00315500909059852
62 0 0.00354896016499107
63 0 0.0039220923795974
64 0 0.00424051615388876
65 0 0.00449559121414178
66 0 0.00470301380750293
67 0 0.00501107888291097
68 0 0.00541365159971063
69 0 0.00589340732935839
70 0 0.00645568930439355
71 0 0.00704662084651964
72 0 0.00770285089078637
73 0 0.00841362469429408
74 0 0.00926066860639674
75 0 0.0103291429220078
76 0 0.0116448600675865
77 0 0.0127032721442591
78 0 0.0139142025532780
79 0 0.0152409226387075
80 0 0.016638600421653
81 0 0.0163931870107406
82 0 0.0181840211365287
83 0 0.0199455584778251
84 0 0.0215450227731036
85 0 0.0228277063904381
86 0 0.0237311752682915
87 0 0.0247000964386653
88 0 0.0263291175652052
89 0 0.0293192807139508
90 0 0.0343470570138141
91 0 0.0346176138233530
92 0 0.0364389191199017
93 0 0.0382817420096989
94 0 0.0400495980679235
95 0 0.0417598980677453
96 0 0.0446980293179114
97 0 0.0505395229752483
98 0 0.0553922930387017
99 0 0.0601193006645406
100 0 0.0765918170915112

death 1 F divorced
1 0 0.0185656051242700
2 0 0.00403240710876862
3 0 0.00264531665852585
4 0 0.00175891645806225
5 0 0.00132934306888377
6 0 0.00109540885833992
7 0 0.000871161980310786
8 0 0.000703045473793407
9 0 0.000569614482976988
10 0 0.000480015255022836
11 0 0.000445674152025899
12 0 0.000451871342570964
13 0 0.000466863591929378
14 0 0.000480015255022836
15 0 0.000498447540217883
16 0 0.000533982131663668
17 0 0.00056760193081351
18 0 0.000597375479703843
19 0 0.000604254137508198
20 0 0.000601485834551996
21 0 0.000604338026793383
22 0 0.000625900141475011
23 0 0.000644697754774826
24 0 0.000659973679941639
25 0 0.000687594372434042
26 0 0.000724379030235589
27 0 0.000735215707849401
28 0 0.000737904076062001
29 0 0.000737063952449102
30 0 0.000751515161169447
31 0 0.00077269201471164
32 0 0.00082473072894651
33 0 0.000883867418245199
34 0 0.000916943548406435
35 0 0.000980099382295485
36 0 0.00104060174255716
37 0 0.00103554429132990
38 0 0.00105451118586475
39 0 0.00109093873163935
40 0 0.00115944859788553
41 0 0.00121061158614111
42 0 0.00125124168511848
43 0 0.00129121376198349
44 0 0.00130930416394215
45 0 0.00130245643829086
46 0 0.00126754951935371
47 0 0.00123088212795597
48 0 0.00124532765034802
49 0 0.00131471507788861
50 0 0.00143603801102599
51 0 0.0015862664105053
52 0 0.00173453540421942
53 0 0.00185038253234449
54 0 0.00198298494173144
55 0 0.00210588744891149
56 0 0.00224193904547032
57 0 0.00231380266481651
58 0 0.00241284726994062
59 0 0.00259805475442532
60 0 0.00283848005351695
61 0 0.00315500909059852
62 0 0.00354896016499107
63 0 0.0039220923795974
64 0 0.00424051615388876
65 0 0.00449559121414178
66 0 0.00470301380750293
67 0 0.00501107888291097
68 0 0.00541365159971063
69 0 0.00589340732935839
70 0 0.00645568930439355
71 0 0.00704662084651964
72 0 0.00770285089078637
73 0 0.00841362469429408
74 0 0.00926066860639674
75 0 0.0103291429220078
76 0 0.0116448600675865
77 0 0.0127032721442591
78 0 0.0139142025532780
79 0 0.0152409226387075
80 0 0.016638600421653
81 0 0.0163931870107406
82 0 0.0181840211365287
83 0 0.0199455584778251
84 0 0.0215450227731036
85 0 0.0228277063904381
86 0 0.0237311752682915
87 0 0.0247000964386653
88 0 0.0263291175652052
89 0 0.0293192807139508
90 0 0.0343470570138141
91 0 0.0346176138233530
92 0 0.0364389191199017
93 0 0.0382817420096989
94 0 0.0400495980679235
95 0 0.0417598980677453
96 0 0.0446980293179114
97 0 0.0505395229752483
98 0 0.0553922930387017
99 0 0.0601193006645406
100 0 0.0765918170915112

death 1 F widowed
1 0 0.0185656051242700
2 0 0.00403240710876862
3 0 0.00264531665852585
4 0 0.00175891645806225
5 0 0.00132934306888377
6 0 0.00109540885833992
7 0 0.000871161980310786
8 0 0.000703045473793407
9 0 0.000569614482976988
10 0 0.000480015255022836
11 0 0.000445674152025899
12 0 0.000451871342570964
13 0 0.000466863591929378
14 0 0.000480015255022836
15 0 0.000498447540217883
16 0 0.000533982131663668
17 0 0.00056760193081351
18 0 0.000597375479703843
19 0 0.000604254137508198
20 0 0.000601485834551996
21 0 0.000604338026793383
22 0 0.000625900141475011
23 0 0.000644697754774826
24 0 0.000659973679941639
25 0 0.000687594372434042
26 0 0.000724379030235589
27 0 0.000735215707849401
28 0 0.000737904076062001
29 0 0.000737063952449102
30 0 0.000751515161169447
31 0 0.00077269201471164
32 0 0.00082473072894651
33 0 0.000883867418245199
34 0 0.000916943548406435
35 0 0.000980099382295485
36 0 0.00104060174255716
37 0 0.00103554429132990
38 0 0.00105451118586475
39 0 0.00109093873163935
40 0 0.00115944859788553
41 0 0.00121061158614111
42 0 0.00125124168511848
43 0 0.00129121376198349
44 0 0.00130930416394215
45 0 0.00130245643829086
46 0 0.00126754951935371
47 0 0.00123088212795597
48 0 0.00124532765034802
49 0 0.00131471507788861
50 0 0.00143603801102599
51 0 0.0015862664105053
52 0 0.00173453540421942
53 0 0.00185038253234449
54 0 0.00198298494173144
55 0 0.00210588744891149
56 0 0.00224193904547032
57 0 0.00231380266481651
58 0 0.00241284726994062
59 0 0.00259805475442532
60 0 0.00283848005351695
61 0 0.00315500909059852
62 0 0.00354896016499107
63 0 0.0039220923795974
64 0 0.00424051615388876
65 0 0.00449559121414178
66 0 0.00470301380750293
67 0 0.00501107888291097
68 0 0.00541365159971063
69 0 0.00589340732935839
70 0 0.00645568930439355
71 0 0.00704662084651964
72 0 0.00770285089078637
73 0 0.00841362469429408
74 0 0.00926066860639674
75 0 0.0103291429220078
76 0 0.0116448600675865
77 0 0.0127032721442591
78 0 0.0139142025532780
79 0 0.0152409226387075
80 0 0.016638600421653
81 0 0.0163931870107406
82 0 0.0181840211365287
83 0 0.0199455584778251
84 0 0.0215450227731036
85 0 0.0228277063904381
86 0 0.0237311752682915
87 0 0.0247000964386653
88 0 0.0263291175652052
89 0 0.0293192807139508
90 0 0.0343470570138141
91 0 0.0346176138233530
92 0 0.0364389191199017
93 0 0.0382817420096989
94 0 0.0400495980679235
95 0 0.0417598980677453
96 0 0.0446980293179114
97 0 0.0505395229752483
98 0 0.0553922930387017
99 0 0.0601193006645406
100 0 0.0765918170915112
