*Period monthly mortality rates for SWE in 2055 
* Mon Dec 20 14:21:52 2010
death 1 M married
1 0 0.000187693637785924
2 0 0.0000191686874497776
3 0 0.00000583352049443597
4 0 0.00000416676215586609
5 0 0.00000416676215586609
6 0 0.00000333339444602565
7 0 0.00000333339444602565
8 0 0.00000333339444602565
9 0 0.00000250003437562984
10 0 0.00000250003437562984
11 0 0.00000333339444602565
12 0 0.00000333339444602565
13 0 0.00000333339444602565
14 0 0.00000500013750526218
15 0 0.00000500013750526218
16 0 0.00000750030939278279
17 0 0.0000100005500421885
18 0 0.000012500859457365
19 0 0.0000166681946396352
20 0 0.0000225027848553827
21 0 0.0000258370045466139
22 0 0.0000275041602521009
23 0 0.0000283377495704507
24 0 0.0000283377495704507
25 0 0.0000275041602521009
26 0 0.0000275041602521009
27 0 0.0000266705785775256
28 0 0.0000250034381590325
29 0 0.0000250034381590325
30 0 0.0000250034381590325
31 0 0.0000258370045466139
32 0 0.0000241698794146705
33 0 0.0000250034381590325
34 0 0.0000266705785775256
35 0 0.0000266705785775256
36 0 0.0000291713465325749
37 0 0.0000316721832838152
38 0 0.0000325058108229248
39 0 0.0000358403974268784
40 0 0.0000383414176537977
41 0 0.0000408425066913409
42 0 0.0000450111413439203
43 0 0.0000500137552731372
44 0 0.00005668433545436
45 0 0.0000600198091127435
46 0 0.0000666911236122392
47 0 0.0000733629277510639
48 0 0.0000800352216044908
49 0 0.0000900445807636707
50 0 0.0000983865554056162
51 0 0.000107563611807859
52 0 0.000121748157967727
53 0 0.000133431211178481
54 0 0.000153462796661064
55 0 0.000165149927191854
56 0 0.000180178446304025
57 0 0.000200220337924772
58 0 0.000224443521407491
59 0 0.000236975287897678
60 0 0.000266222797798643
61 0 0.000286283674331145
62 0 0.000317219537152469
63 0 0.000352348688118842
64 0 0.000386654533994446
65 0 0.000435206884600192
66 0 0.000473732375948943
67 0 0.000520655031266859
68 0 0.000582697158779455
69 0 0.000638067795401209
70 0 0.000707748504564121
71 0 0.000790090981221403
72 0 0.000868301398352145
73 0 0.000972686823209945
74 0 0.00108562547102597
75 0 0.00121559434152052
76 0 0.00138212489334688
77 0 0.00152522996818139
78 0 0.0017772702830241
79 0 0.00203001255969792
80 0 0.00232277893549537
81 0 0.00268856873175705
82 0 0.00314896962680056
83 0 0.00371670984089179
84 0 0.0043325995389889
85 0 0.00519065150865106
86 0 0.00614695104286511
87 0 0.00731110607382979
88 0 0.00858754697120312
89 0 0.0102493078769819
90 0 0.0120241674347619
91 0 0.0141539765889113
92 0 0.0169259042492900
93 0 0.0201663286513573
94 0 0.0231045615282371
95 0 0.0269297354006461
96 0 0.0300212477991839
97 0 0.0354091722624108
98 0 0.0399294903387835
99 0 0.0440118493260924
100 0 0.0496388958358221

death 1 M single
1 0 0.000187693637785924
2 0 0.0000191686874497776
3 0 0.00000583352049443597
4 0 0.00000416676215586609
5 0 0.00000416676215586609
6 0 0.00000333339444602565
7 0 0.00000333339444602565
8 0 0.00000333339444602565
9 0 0.00000250003437562984
10 0 0.00000250003437562984
11 0 0.00000333339444602565
12 0 0.00000333339444602565
13 0 0.00000333339444602565
14 0 0.00000500013750526218
15 0 0.00000500013750526218
16 0 0.00000750030939278279
17 0 0.0000100005500421885
18 0 0.000012500859457365
19 0 0.0000166681946396352
20 0 0.0000225027848553827
21 0 0.0000258370045466139
22 0 0.0000275041602521009
23 0 0.0000283377495704507
24 0 0.0000283377495704507
25 0 0.0000275041602521009
26 0 0.0000275041602521009
27 0 0.0000266705785775256
28 0 0.0000250034381590325
29 0 0.0000250034381590325
30 0 0.0000250034381590325
31 0 0.0000258370045466139
32 0 0.0000241698794146705
33 0 0.0000250034381590325
34 0 0.0000266705785775256
35 0 0.0000266705785775256
36 0 0.0000291713465325749
37 0 0.0000316721832838152
38 0 0.0000325058108229248
39 0 0.0000358403974268784
40 0 0.0000383414176537977
41 0 0.0000408425066913409
42 0 0.0000450111413439203
43 0 0.0000500137552731372
44 0 0.00005668433545436
45 0 0.0000600198091127435
46 0 0.0000666911236122392
47 0 0.0000733629277510639
48 0 0.0000800352216044908
49 0 0.0000900445807636707
50 0 0.0000983865554056162
51 0 0.000107563611807859
52 0 0.000121748157967727
53 0 0.000133431211178481
54 0 0.000153462796661064
55 0 0.000165149927191854
56 0 0.000180178446304025
57 0 0.000200220337924772
58 0 0.000224443521407491
59 0 0.000236975287897678
60 0 0.000266222797798643
61 0 0.000286283674331145
62 0 0.000317219537152469
63 0 0.000352348688118842
64 0 0.000386654533994446
65 0 0.000435206884600192
66 0 0.000473732375948943
67 0 0.000520655031266859
68 0 0.000582697158779455
69 0 0.000638067795401209
70 0 0.000707748504564121
71 0 0.000790090981221403
72 0 0.000868301398352145
73 0 0.000972686823209945
74 0 0.00108562547102597
75 0 0.00121559434152052
76 0 0.00138212489334688
77 0 0.00152522996818139
78 0 0.0017772702830241
79 0 0.00203001255969792
80 0 0.00232277893549537
81 0 0.00268856873175705
82 0 0.00314896962680056
83 0 0.00371670984089179
84 0 0.0043325995389889
85 0 0.00519065150865106
86 0 0.00614695104286511
87 0 0.00731110607382979
88 0 0.00858754697120312
89 0 0.0102493078769819
90 0 0.0120241674347619
91 0 0.0141539765889113
92 0 0.0169259042492900
93 0 0.0201663286513573
94 0 0.0231045615282371
95 0 0.0269297354006461
96 0 0.0300212477991839
97 0 0.0354091722624108
98 0 0.0399294903387835
99 0 0.0440118493260924
100 0 0.0496388958358221

death 1 M divorced
1 0 0.000187693637785924
2 0 0.0000191686874497776
3 0 0.00000583352049443597
4 0 0.00000416676215586609
5 0 0.00000416676215586609
6 0 0.00000333339444602565
7 0 0.00000333339444602565
8 0 0.00000333339444602565
9 0 0.00000250003437562984
10 0 0.00000250003437562984
11 0 0.00000333339444602565
12 0 0.00000333339444602565
13 0 0.00000333339444602565
14 0 0.00000500013750526218
15 0 0.00000500013750526218
16 0 0.00000750030939278279
17 0 0.0000100005500421885
18 0 0.000012500859457365
19 0 0.0000166681946396352
20 0 0.0000225027848553827
21 0 0.0000258370045466139
22 0 0.0000275041602521009
23 0 0.0000283377495704507
24 0 0.0000283377495704507
25 0 0.0000275041602521009
26 0 0.0000275041602521009
27 0 0.0000266705785775256
28 0 0.0000250034381590325
29 0 0.0000250034381590325
30 0 0.0000250034381590325
31 0 0.0000258370045466139
32 0 0.0000241698794146705
33 0 0.0000250034381590325
34 0 0.0000266705785775256
35 0 0.0000266705785775256
36 0 0.0000291713465325749
37 0 0.0000316721832838152
38 0 0.0000325058108229248
39 0 0.0000358403974268784
40 0 0.0000383414176537977
41 0 0.0000408425066913409
42 0 0.0000450111413439203
43 0 0.0000500137552731372
44 0 0.00005668433545436
45 0 0.0000600198091127435
46 0 0.0000666911236122392
47 0 0.0000733629277510639
48 0 0.0000800352216044908
49 0 0.0000900445807636707
50 0 0.0000983865554056162
51 0 0.000107563611807859
52 0 0.000121748157967727
53 0 0.000133431211178481
54 0 0.000153462796661064
55 0 0.000165149927191854
56 0 0.000180178446304025
57 0 0.000200220337924772
58 0 0.000224443521407491
59 0 0.000236975287897678
60 0 0.000266222797798643
61 0 0.000286283674331145
62 0 0.000317219537152469
63 0 0.000352348688118842
64 0 0.000386654533994446
65 0 0.000435206884600192
66 0 0.000473732375948943
67 0 0.000520655031266859
68 0 0.000582697158779455
69 0 0.000638067795401209
70 0 0.000707748504564121
71 0 0.000790090981221403
72 0 0.000868301398352145
73 0 0.000972686823209945
74 0 0.00108562547102597
75 0 0.00121559434152052
76 0 0.00138212489334688
77 0 0.00152522996818139
78 0 0.0017772702830241
79 0 0.00203001255969792
80 0 0.00232277893549537
81 0 0.00268856873175705
82 0 0.00314896962680056
83 0 0.00371670984089179
84 0 0.0043325995389889
85 0 0.00519065150865106
86 0 0.00614695104286511
87 0 0.00731110607382979
88 0 0.00858754697120312
89 0 0.0102493078769819
90 0 0.0120241674347619
91 0 0.0141539765889113
92 0 0.0169259042492900
93 0 0.0201663286513573
94 0 0.0231045615282371
95 0 0.0269297354006461
96 0 0.0300212477991839
97 0 0.0354091722624108
98 0 0.0399294903387835
99 0 0.0440118493260924
100 0 0.0496388958358221

death 1 M widowed
1 0 0.000187693637785924
2 0 0.0000191686874497776
3 0 0.00000583352049443597
4 0 0.00000416676215586609
5 0 0.00000416676215586609
6 0 0.00000333339444602565
7 0 0.00000333339444602565
8 0 0.00000333339444602565
9 0 0.00000250003437562984
10 0 0.00000250003437562984
11 0 0.00000333339444602565
12 0 0.00000333339444602565
13 0 0.00000333339444602565
14 0 0.00000500013750526218
15 0 0.00000500013750526218
16 0 0.00000750030939278279
17 0 0.0000100005500421885
18 0 0.000012500859457365
19 0 0.0000166681946396352
20 0 0.0000225027848553827
21 0 0.0000258370045466139
22 0 0.0000275041602521009
23 0 0.0000283377495704507
24 0 0.0000283377495704507
25 0 0.0000275041602521009
26 0 0.0000275041602521009
27 0 0.0000266705785775256
28 0 0.0000250034381590325
29 0 0.0000250034381590325
30 0 0.0000250034381590325
31 0 0.0000258370045466139
32 0 0.0000241698794146705
33 0 0.0000250034381590325
34 0 0.0000266705785775256
35 0 0.0000266705785775256
36 0 0.0000291713465325749
37 0 0.0000316721832838152
38 0 0.0000325058108229248
39 0 0.0000358403974268784
40 0 0.0000383414176537977
41 0 0.0000408425066913409
42 0 0.0000450111413439203
43 0 0.0000500137552731372
44 0 0.00005668433545436
45 0 0.0000600198091127435
46 0 0.0000666911236122392
47 0 0.0000733629277510639
48 0 0.0000800352216044908
49 0 0.0000900445807636707
50 0 0.0000983865554056162
51 0 0.000107563611807859
52 0 0.000121748157967727
53 0 0.000133431211178481
54 0 0.000153462796661064
55 0 0.000165149927191854
56 0 0.000180178446304025
57 0 0.000200220337924772
58 0 0.000224443521407491
59 0 0.000236975287897678
60 0 0.000266222797798643
61 0 0.000286283674331145
62 0 0.000317219537152469
63 0 0.000352348688118842
64 0 0.000386654533994446
65 0 0.000435206884600192
66 0 0.000473732375948943
67 0 0.000520655031266859
68 0 0.000582697158779455
69 0 0.000638067795401209
70 0 0.000707748504564121
71 0 0.000790090981221403
72 0 0.000868301398352145
73 0 0.000972686823209945
74 0 0.00108562547102597
75 0 0.00121559434152052
76 0 0.00138212489334688
77 0 0.00152522996818139
78 0 0.0017772702830241
79 0 0.00203001255969792
80 0 0.00232277893549537
81 0 0.00268856873175705
82 0 0.00314896962680056
83 0 0.00371670984089179
84 0 0.0043325995389889
85 0 0.00519065150865106
86 0 0.00614695104286511
87 0 0.00731110607382979
88 0 0.00858754697120312
89 0 0.0102493078769819
90 0 0.0120241674347619
91 0 0.0141539765889113
92 0 0.0169259042492900
93 0 0.0201663286513573
94 0 0.0231045615282371
95 0 0.0269297354006461
96 0 0.0300212477991839
97 0 0.0354091722624108
98 0 0.0399294903387835
99 0 0.0440118493260924
100 0 0.0496388958358221

death 1 F married
1 0 0.000185188504916445
2 0 0.0000200022003373768
3 0 0.00000666691112360951
4 0 0.00000416676215586609
5 0 0.00000333339444602565
6 0 0.00000333339444602565
7 0 0.00000333339444602565
8 0 0.00000250003437562984
9 0 0.00000250003437562984
10 0 0.00000250003437562984
11 0 0.00000250003437562984
12 0 0.00000250003437562984
13 0 0.00000250003437562984
14 0 0.00000333339444602565
15 0 0.00000416676215586609
16 0 0.00000583352049443597
17 0 0.00000666691112360951
18 0 0.00000750030939278279
19 0 0.00000833371530217786
20 0 0.00000916712885190574
21 0 0.0000108339788730261
22 0 0.0000116674153447516
23 0 0.0000100005500421885
24 0 0.0000108339788730261
25 0 0.00000916712885190574
26 0 0.00000916712885190574
27 0 0.0000100005500421885
28 0 0.0000100005500421885
29 0 0.0000100005500421885
30 0 0.0000108339788730261
31 0 0.0000116674153447516
32 0 0.000012500859457365
33 0 0.000012500859457365
34 0 0.0000133343112110884
35 0 0.0000141677706060328
36 0 0.0000166681946396352
37 0 0.0000191686874497776
38 0 0.0000200022003373768
39 0 0.0000208357208674181
40 0 0.0000216692490401238
41 0 0.0000233363283135279
42 0 0.0000250034381590325
43 0 0.0000300049511388067
44 0 0.0000325058108229248
45 0 0.0000375077365993848
46 0 0.0000433436645435048
47 0 0.0000491799671665794
48 0 0.000055850486162301
49 0 0.0000675250723508602
50 0 0.000079201158088904
51 0 0.0000917129144495377
52 0 0.000104226393189744
53 0 0.000112569669472262
54 0 0.000122582611971733
55 0 0.000136769502209200
56 0 0.000153462796661064
57 0 0.000173498797702898
58 0 0.000190198839702838
59 0 0.000209407682068785
60 0 0.000225278918752347
61 0 0.000255358338245082
62 0 0.000282103959876823
63 0 0.000298823971172202
64 0 0.000333109613943505
65 0 0.000359041494845114
66 0 0.000400882708147643
67 0 0.000431020315210362
68 0 0.000472057014896388
69 0 0.000517302609322257
70 0 0.00056089374554491
71 0 0.000629676135545654
72 0 0.000690953083971824
73 0 0.000764035799453722
74 0 0.000852317451482398
75 0 0.00095584234764956
76 0 0.00106707366550995
77 0 0.00120123799081617
78 0 0.00136605025489300
79 0 0.00154048523135941
80 0 0.00177472091867836
81 0 0.00203427351196683
82 0 0.00236040344842703
83 0 0.00267483567933069
84 0 0.00311015410988835
85 0 0.00358484322718322
86 0 0.00431774104264326
87 0 0.00514477677985292
88 0 0.00610861112808181
89 0 0.00728400852476352
90 0 0.00864895758546524
91 0 0.0101187365868719
92 0 0.0121546778878844
93 0 0.0140341554206170
94 0 0.0164025827858620
95 0 0.0187902693034713
96 0 0.0216954127651988
97 0 0.0247656254435301
98 0 0.0285960186319776
99 0 0.0325281595463616
100 0 0.0355579692113642

death 1 F single
1 0 0.000185188504916445
2 0 0.0000200022003373768
3 0 0.00000666691112360951
4 0 0.00000416676215586609
5 0 0.00000333339444602565
6 0 0.00000333339444602565
7 0 0.00000333339444602565
8 0 0.00000250003437562984
9 0 0.00000250003437562984
10 0 0.00000250003437562984
11 0 0.00000250003437562984
12 0 0.00000250003437562984
13 0 0.00000250003437562984
14 0 0.00000333339444602565
15 0 0.00000416676215586609
16 0 0.00000583352049443597
17 0 0.00000666691112360951
18 0 0.00000750030939278279
19 0 0.00000833371530217786
20 0 0.00000916712885190574
21 0 0.0000108339788730261
22 0 0.0000116674153447516
23 0 0.0000100005500421885
24 0 0.0000108339788730261
25 0 0.00000916712885190574
26 0 0.00000916712885190574
27 0 0.0000100005500421885
28 0 0.0000100005500421885
29 0 0.0000100005500421885
30 0 0.0000108339788730261
31 0 0.0000116674153447516
32 0 0.000012500859457365
33 0 0.000012500859457365
34 0 0.0000133343112110884
35 0 0.0000141677706060328
36 0 0.0000166681946396352
37 0 0.0000191686874497776
38 0 0.0000200022003373768
39 0 0.0000208357208674181
40 0 0.0000216692490401238
41 0 0.0000233363283135279
42 0 0.0000250034381590325
43 0 0.0000300049511388067
44 0 0.0000325058108229248
45 0 0.0000375077365993848
46 0 0.0000433436645435048
47 0 0.0000491799671665794
48 0 0.000055850486162301
49 0 0.0000675250723508602
50 0 0.000079201158088904
51 0 0.0000917129144495377
52 0 0.000104226393189744
53 0 0.000112569669472262
54 0 0.000122582611971733
55 0 0.000136769502209200
56 0 0.000153462796661064
57 0 0.000173498797702898
58 0 0.000190198839702838
59 0 0.000209407682068785
60 0 0.000225278918752347
61 0 0.000255358338245082
62 0 0.000282103959876823
63 0 0.000298823971172202
64 0 0.000333109613943505
65 0 0.000359041494845114
66 0 0.000400882708147643
67 0 0.000431020315210362
68 0 0.000472057014896388
69 0 0.000517302609322257
70 0 0.00056089374554491
71 0 0.000629676135545654
72 0 0.000690953083971824
73 0 0.000764035799453722
74 0 0.000852317451482398
75 0 0.00095584234764956
76 0 0.00106707366550995
77 0 0.00120123799081617
78 0 0.00136605025489300
79 0 0.00154048523135941
80 0 0.00177472091867836
81 0 0.00203427351196683
82 0 0.00236040344842703
83 0 0.00267483567933069
84 0 0.00311015410988835
85 0 0.00358484322718322
86 0 0.00431774104264326
87 0 0.00514477677985292
88 0 0.00610861112808181
89 0 0.00728400852476352
90 0 0.00864895758546524
91 0 0.0101187365868719
92 0 0.0121546778878844
93 0 0.0140341554206170
94 0 0.0164025827858620
95 0 0.0187902693034713
96 0 0.0216954127651988
97 0 0.0247656254435301
98 0 0.0285960186319776
99 0 0.0325281595463616
100 0 0.0355579692113642

death 1 F divorced
1 0 0.000185188504916445
2 0 0.0000200022003373768
3 0 0.00000666691112360951
4 0 0.00000416676215586609
5 0 0.00000333339444602565
6 0 0.00000333339444602565
7 0 0.00000333339444602565
8 0 0.00000250003437562984
9 0 0.00000250003437562984
10 0 0.00000250003437562984
11 0 0.00000250003437562984
12 0 0.00000250003437562984
13 0 0.00000250003437562984
14 0 0.00000333339444602565
15 0 0.00000416676215586609
16 0 0.00000583352049443597
17 0 0.00000666691112360951
18 0 0.00000750030939278279
19 0 0.00000833371530217786
20 0 0.00000916712885190574
21 0 0.0000108339788730261
22 0 0.0000116674153447516
23 0 0.0000100005500421885
24 0 0.0000108339788730261
25 0 0.00000916712885190574
26 0 0.00000916712885190574
27 0 0.0000100005500421885
28 0 0.0000100005500421885
29 0 0.0000100005500421885
30 0 0.0000108339788730261
31 0 0.0000116674153447516
32 0 0.000012500859457365
33 0 0.000012500859457365
34 0 0.0000133343112110884
35 0 0.0000141677706060328
36 0 0.0000166681946396352
37 0 0.0000191686874497776
38 0 0.0000200022003373768
39 0 0.0000208357208674181
40 0 0.0000216692490401238
41 0 0.0000233363283135279
42 0 0.0000250034381590325
43 0 0.0000300049511388067
44 0 0.0000325058108229248
45 0 0.0000375077365993848
46 0 0.0000433436645435048
47 0 0.0000491799671665794
48 0 0.000055850486162301
49 0 0.0000675250723508602
50 0 0.000079201158088904
51 0 0.0000917129144495377
52 0 0.000104226393189744
53 0 0.000112569669472262
54 0 0.000122582611971733
55 0 0.000136769502209200
56 0 0.000153462796661064
57 0 0.000173498797702898
58 0 0.000190198839702838
59 0 0.000209407682068785
60 0 0.000225278918752347
61 0 0.000255358338245082
62 0 0.000282103959876823
63 0 0.000298823971172202
64 0 0.000333109613943505
65 0 0.000359041494845114
66 0 0.000400882708147643
67 0 0.000431020315210362
68 0 0.000472057014896388
69 0 0.000517302609322257
70 0 0.00056089374554491
71 0 0.000629676135545654
72 0 0.000690953083971824
73 0 0.000764035799453722
74 0 0.000852317451482398
75 0 0.00095584234764956
76 0 0.00106707366550995
77 0 0.00120123799081617
78 0 0.00136605025489300
79 0 0.00154048523135941
80 0 0.00177472091867836
81 0 0.00203427351196683
82 0 0.00236040344842703
83 0 0.00267483567933069
84 0 0.00311015410988835
85 0 0.00358484322718322
86 0 0.00431774104264326
87 0 0.00514477677985292
88 0 0.00610861112808181
89 0 0.00728400852476352
90 0 0.00864895758546524
91 0 0.0101187365868719
92 0 0.0121546778878844
93 0 0.0140341554206170
94 0 0.0164025827858620
95 0 0.0187902693034713
96 0 0.0216954127651988
97 0 0.0247656254435301
98 0 0.0285960186319776
99 0 0.0325281595463616
100 0 0.0355579692113642

death 1 F widowed
1 0 0.000185188504916445
2 0 0.0000200022003373768
3 0 0.00000666691112360951
4 0 0.00000416676215586609
5 0 0.00000333339444602565
6 0 0.00000333339444602565
7 0 0.00000333339444602565
8 0 0.00000250003437562984
9 0 0.00000250003437562984
10 0 0.00000250003437562984
11 0 0.00000250003437562984
12 0 0.00000250003437562984
13 0 0.00000250003437562984
14 0 0.00000333339444602565
15 0 0.00000416676215586609
16 0 0.00000583352049443597
17 0 0.00000666691112360951
18 0 0.00000750030939278279
19 0 0.00000833371530217786
20 0 0.00000916712885190574
21 0 0.0000108339788730261
22 0 0.0000116674153447516
23 0 0.0000100005500421885
24 0 0.0000108339788730261
25 0 0.00000916712885190574
26 0 0.00000916712885190574
27 0 0.0000100005500421885
28 0 0.0000100005500421885
29 0 0.0000100005500421885
30 0 0.0000108339788730261
31 0 0.0000116674153447516
32 0 0.000012500859457365
33 0 0.000012500859457365
34 0 0.0000133343112110884
35 0 0.0000141677706060328
36 0 0.0000166681946396352
37 0 0.0000191686874497776
38 0 0.0000200022003373768
39 0 0.0000208357208674181
40 0 0.0000216692490401238
41 0 0.0000233363283135279
42 0 0.0000250034381590325
43 0 0.0000300049511388067
44 0 0.0000325058108229248
45 0 0.0000375077365993848
46 0 0.0000433436645435048
47 0 0.0000491799671665794
48 0 0.000055850486162301
49 0 0.0000675250723508602
50 0 0.000079201158088904
51 0 0.0000917129144495377
52 0 0.000104226393189744
53 0 0.000112569669472262
54 0 0.000122582611971733
55 0 0.000136769502209200
56 0 0.000153462796661064
57 0 0.000173498797702898
58 0 0.000190198839702838
59 0 0.000209407682068785
60 0 0.000225278918752347
61 0 0.000255358338245082
62 0 0.000282103959876823
63 0 0.000298823971172202
64 0 0.000333109613943505
65 0 0.000359041494845114
66 0 0.000400882708147643
67 0 0.000431020315210362
68 0 0.000472057014896388
69 0 0.000517302609322257
70 0 0.00056089374554491
71 0 0.000629676135545654
72 0 0.000690953083971824
73 0 0.000764035799453722
74 0 0.000852317451482398
75 0 0.00095584234764956
76 0 0.00106707366550995
77 0 0.00120123799081617
78 0 0.00136605025489300
79 0 0.00154048523135941
80 0 0.00177472091867836
81 0 0.00203427351196683
82 0 0.00236040344842703
83 0 0.00267483567933069
84 0 0.00311015410988835
85 0 0.00358484322718322
86 0 0.00431774104264326
87 0 0.00514477677985292
88 0 0.00610861112808181
89 0 0.00728400852476352
90 0 0.00864895758546524
91 0 0.0101187365868719
92 0 0.0121546778878844
93 0 0.0140341554206170
94 0 0.0164025827858620
95 0 0.0187902693034713
96 0 0.0216954127651988
97 0 0.0247656254435301
98 0 0.0285960186319776
99 0 0.0325281595463616
100 0 0.0355579692113642
