*Period monthly mortality rates for SWE in 1895 
* Mon Dec 20 14:20:26 2010
death 1 M married
1 0 0.00980622913080031
2 0 0.00222733402389053
3 0 0.00115514411670614
4 0 0.00087368609803351
5 0 0.000687846271492099
6 0 0.000612559552510827
7 0 0.000494844572292541
8 0 0.000431355233663444
9 0 0.000378202379451742
10 0 0.000337960822531902
11 0 0.000291466787231243
12 0 0.000263966226261680
13 0 0.000231962373952066
14 0 0.000256277588373210
15 0 0.000286534463311283
16 0 0.000275751162031268
17 0 0.000350424597407417
18 0 0.00035577868999126
19 0 0.00042901083041369
20 0 0.000449777649842442
21 0 0.000484371639547287
22 0 0.000544209282660635
23 0 0.000548233395352482
24 0 0.000512358012715763
25 0 0.000555359865523464
26 0 0.000525264813413528
27 0 0.000470884280538875
28 0 0.000570033770288858
29 0 0.000479680157171702
30 0 0.000485963447531823
31 0 0.000504396939509322
32 0 0.000546053645520961
33 0 0.000476915647052545
34 0 0.000471638179459832
35 0 0.000613818014959189
36 0 0.000638655240620123
37 0 0.000568524345021415
38 0 0.000604254137508198
39 0 0.000578000596873629
40 0 0.000625648414116831
41 0 0.000616670594379976
42 0 0.000644278122750586
43 0 0.000614321404819429
44 0 0.00072631105635812
45 0 0.000763531579328514
46 0 0.00077050687283553
47 0 0.000761094554843633
48 0 0.000980436331174839
49 0 0.000863842435553708
50 0 0.000922078582532238
51 0 0.000989787161285838
52 0 0.00101986798215004
53 0 0.00106555595822777
54 0 0.00110316884609030
55 0 0.00130448534019578
56 0 0.00122074629137758
57 0 0.00136715000787224
58 0 0.00140353396283954
59 0 0.00156133823831250
60 0 0.00164004639377147
61 0 0.00166117690390866
62 0 0.00189478871377524
63 0 0.00209326565185464
64 0 0.00215169885584754
65 0 0.00258836524760742
66 0 0.00269328994899498
67 0 0.00268281776289958
68 0 0.00287477093482102
69 0 0.00328918894684904
70 0 0.00385972435941362
71 0 0.00438628525457985
72 0 0.00468142530735538
73 0 0.0049039635913396
74 0 0.0052384035824139
75 0 0.00596698373205307
76 0 0.0065361738105606
77 0 0.00779562649333188
78 0 0.00811726632776244
79 0 0.0100691691307089
80 0 0.0102608819019738
81 0 0.0116289362837073
82 0 0.0119645957993096
83 0 0.0142521934845133
84 0 0.0170043654972136
85 0 0.0180290539082993
86 0 0.0189005009998697
87 0 0.0194874389990275
88 0 0.0268712439629517
89 0 0.0287871377872043
90 0 0.0394456452213242
91 0 0.0380292589795524
92 0 0.0360837528073074
93 0 0.0451801741368351
94 0 0.0398030337630177
95 0 0.0394861338092777
96 0 0.0642437068948187
97 0 0.200611295080530
98 0 0.149694228000247
99 0 0.0502785323005166
100 0 1

death 1 M single
1 0 0.00980622913080031
2 0 0.00222733402389053
3 0 0.00115514411670614
4 0 0.00087368609803351
5 0 0.000687846271492099
6 0 0.000612559552510827
7 0 0.000494844572292541
8 0 0.000431355233663444
9 0 0.000378202379451742
10 0 0.000337960822531902
11 0 0.000291466787231243
12 0 0.000263966226261680
13 0 0.000231962373952066
14 0 0.000256277588373210
15 0 0.000286534463311283
16 0 0.000275751162031268
17 0 0.000350424597407417
18 0 0.00035577868999126
19 0 0.00042901083041369
20 0 0.000449777649842442
21 0 0.000484371639547287
22 0 0.000544209282660635
23 0 0.000548233395352482
24 0 0.000512358012715763
25 0 0.000555359865523464
26 0 0.000525264813413528
27 0 0.000470884280538875
28 0 0.000570033770288858
29 0 0.000479680157171702
30 0 0.000485963447531823
31 0 0.000504396939509322
32 0 0.000546053645520961
33 0 0.000476915647052545
34 0 0.000471638179459832
35 0 0.000613818014959189
36 0 0.000638655240620123
37 0 0.000568524345021415
38 0 0.000604254137508198
39 0 0.000578000596873629
40 0 0.000625648414116831
41 0 0.000616670594379976
42 0 0.000644278122750586
43 0 0.000614321404819429
44 0 0.00072631105635812
45 0 0.000763531579328514
46 0 0.00077050687283553
47 0 0.000761094554843633
48 0 0.000980436331174839
49 0 0.000863842435553708
50 0 0.000922078582532238
51 0 0.000989787161285838
52 0 0.00101986798215004
53 0 0.00106555595822777
54 0 0.00110316884609030
55 0 0.00130448534019578
56 0 0.00122074629137758
57 0 0.00136715000787224
58 0 0.00140353396283954
59 0 0.00156133823831250
60 0 0.00164004639377147
61 0 0.00166117690390866
62 0 0.00189478871377524
63 0 0.00209326565185464
64 0 0.00215169885584754
65 0 0.00258836524760742
66 0 0.00269328994899498
67 0 0.00268281776289958
68 0 0.00287477093482102
69 0 0.00328918894684904
70 0 0.00385972435941362
71 0 0.00438628525457985
72 0 0.00468142530735538
73 0 0.0049039635913396
74 0 0.0052384035824139
75 0 0.00596698373205307
76 0 0.0065361738105606
77 0 0.00779562649333188
78 0 0.00811726632776244
79 0 0.0100691691307089
80 0 0.0102608819019738
81 0 0.0116289362837073
82 0 0.0119645957993096
83 0 0.0142521934845133
84 0 0.0170043654972136
85 0 0.0180290539082993
86 0 0.0189005009998697
87 0 0.0194874389990275
88 0 0.0268712439629517
89 0 0.0287871377872043
90 0 0.0394456452213242
91 0 0.0380292589795524
92 0 0.0360837528073074
93 0 0.0451801741368351
94 0 0.0398030337630177
95 0 0.0394861338092777
96 0 0.0642437068948187
97 0 0.200611295080530
98 0 0.149694228000247
99 0 0.0502785323005166
100 0 1

death 1 M divorced
1 0 0.00980622913080031
2 0 0.00222733402389053
3 0 0.00115514411670614
4 0 0.00087368609803351
5 0 0.000687846271492099
6 0 0.000612559552510827
7 0 0.000494844572292541
8 0 0.000431355233663444
9 0 0.000378202379451742
10 0 0.000337960822531902
11 0 0.000291466787231243
12 0 0.000263966226261680
13 0 0.000231962373952066
14 0 0.000256277588373210
15 0 0.000286534463311283
16 0 0.000275751162031268
17 0 0.000350424597407417
18 0 0.00035577868999126
19 0 0.00042901083041369
20 0 0.000449777649842442
21 0 0.000484371639547287
22 0 0.000544209282660635
23 0 0.000548233395352482
24 0 0.000512358012715763
25 0 0.000555359865523464
26 0 0.000525264813413528
27 0 0.000470884280538875
28 0 0.000570033770288858
29 0 0.000479680157171702
30 0 0.000485963447531823
31 0 0.000504396939509322
32 0 0.000546053645520961
33 0 0.000476915647052545
34 0 0.000471638179459832
35 0 0.000613818014959189
36 0 0.000638655240620123
37 0 0.000568524345021415
38 0 0.000604254137508198
39 0 0.000578000596873629
40 0 0.000625648414116831
41 0 0.000616670594379976
42 0 0.000644278122750586
43 0 0.000614321404819429
44 0 0.00072631105635812
45 0 0.000763531579328514
46 0 0.00077050687283553
47 0 0.000761094554843633
48 0 0.000980436331174839
49 0 0.000863842435553708
50 0 0.000922078582532238
51 0 0.000989787161285838
52 0 0.00101986798215004
53 0 0.00106555595822777
54 0 0.00110316884609030
55 0 0.00130448534019578
56 0 0.00122074629137758
57 0 0.00136715000787224
58 0 0.00140353396283954
59 0 0.00156133823831250
60 0 0.00164004639377147
61 0 0.00166117690390866
62 0 0.00189478871377524
63 0 0.00209326565185464
64 0 0.00215169885584754
65 0 0.00258836524760742
66 0 0.00269328994899498
67 0 0.00268281776289958
68 0 0.00287477093482102
69 0 0.00328918894684904
70 0 0.00385972435941362
71 0 0.00438628525457985
72 0 0.00468142530735538
73 0 0.0049039635913396
74 0 0.0052384035824139
75 0 0.00596698373205307
76 0 0.0065361738105606
77 0 0.00779562649333188
78 0 0.00811726632776244
79 0 0.0100691691307089
80 0 0.0102608819019738
81 0 0.0116289362837073
82 0 0.0119645957993096
83 0 0.0142521934845133
84 0 0.0170043654972136
85 0 0.0180290539082993
86 0 0.0189005009998697
87 0 0.0194874389990275
88 0 0.0268712439629517
89 0 0.0287871377872043
90 0 0.0394456452213242
91 0 0.0380292589795524
92 0 0.0360837528073074
93 0 0.0451801741368351
94 0 0.0398030337630177
95 0 0.0394861338092777
96 0 0.0642437068948187
97 0 0.200611295080530
98 0 0.149694228000247
99 0 0.0502785323005166
100 0 1

death 1 M widowed
1 0 0.00980622913080031
2 0 0.00222733402389053
3 0 0.00115514411670614
4 0 0.00087368609803351
5 0 0.000687846271492099
6 0 0.000612559552510827
7 0 0.000494844572292541
8 0 0.000431355233663444
9 0 0.000378202379451742
10 0 0.000337960822531902
11 0 0.000291466787231243
12 0 0.000263966226261680
13 0 0.000231962373952066
14 0 0.000256277588373210
15 0 0.000286534463311283
16 0 0.000275751162031268
17 0 0.000350424597407417
18 0 0.00035577868999126
19 0 0.00042901083041369
20 0 0.000449777649842442
21 0 0.000484371639547287
22 0 0.000544209282660635
23 0 0.000548233395352482
24 0 0.000512358012715763
25 0 0.000555359865523464
26 0 0.000525264813413528
27 0 0.000470884280538875
28 0 0.000570033770288858
29 0 0.000479680157171702
30 0 0.000485963447531823
31 0 0.000504396939509322
32 0 0.000546053645520961
33 0 0.000476915647052545
34 0 0.000471638179459832
35 0 0.000613818014959189
36 0 0.000638655240620123
37 0 0.000568524345021415
38 0 0.000604254137508198
39 0 0.000578000596873629
40 0 0.000625648414116831
41 0 0.000616670594379976
42 0 0.000644278122750586
43 0 0.000614321404819429
44 0 0.00072631105635812
45 0 0.000763531579328514
46 0 0.00077050687283553
47 0 0.000761094554843633
48 0 0.000980436331174839
49 0 0.000863842435553708
50 0 0.000922078582532238
51 0 0.000989787161285838
52 0 0.00101986798215004
53 0 0.00106555595822777
54 0 0.00110316884609030
55 0 0.00130448534019578
56 0 0.00122074629137758
57 0 0.00136715000787224
58 0 0.00140353396283954
59 0 0.00156133823831250
60 0 0.00164004639377147
61 0 0.00166117690390866
62 0 0.00189478871377524
63 0 0.00209326565185464
64 0 0.00215169885584754
65 0 0.00258836524760742
66 0 0.00269328994899498
67 0 0.00268281776289958
68 0 0.00287477093482102
69 0 0.00328918894684904
70 0 0.00385972435941362
71 0 0.00438628525457985
72 0 0.00468142530735538
73 0 0.0049039635913396
74 0 0.0052384035824139
75 0 0.00596698373205307
76 0 0.0065361738105606
77 0 0.00779562649333188
78 0 0.00811726632776244
79 0 0.0100691691307089
80 0 0.0102608819019738
81 0 0.0116289362837073
82 0 0.0119645957993096
83 0 0.0142521934845133
84 0 0.0170043654972136
85 0 0.0180290539082993
86 0 0.0189005009998697
87 0 0.0194874389990275
88 0 0.0268712439629517
89 0 0.0287871377872043
90 0 0.0394456452213242
91 0 0.0380292589795524
92 0 0.0360837528073074
93 0 0.0451801741368351
94 0 0.0398030337630177
95 0 0.0394861338092777
96 0 0.0642437068948187
97 0 0.200611295080530
98 0 0.149694228000247
99 0 0.0502785323005166
100 0 1

death 1 F married
1 0 0.00805749195764072
2 0 0.00207842875765407
3 0 0.0011735450919248
4 0 0.000904485983639791
5 0 0.000813378871042048
6 0 0.000604086359170308
7 0 0.000523923761757916
8 0 0.000466528542575673
9 0 0.000350926530187312
10 0 0.000318724793716529
11 0 0.000266389953474722
12 0 0.000309191923184571
13 0 0.000272574929623737
14 0 0.000316216046627238
15 0 0.000305847293299744
16 0 0.000323324343256215
17 0 0.000338797263979895
18 0 0.000371424486867888
19 0 0.000453378831206885
20 0 0.000395525957582188
21 0 0.000394605297878381
22 0 0.0004250757180706
23 0 0.000496268984396475
24 0 0.000498028583118759
25 0 0.000475994162369764
26 0 0.000449610156508129
27 0 0.000463261876119225
28 0 0.000461335435566035
29 0 0.000456645142382084
30 0 0.000534317429837783
31 0 0.000512358012715763
32 0 0.000477334506815752
33 0 0.000469208971997315
34 0 0.000549994000700438
35 0 0.000463513153984962
36 0 0.000554689115090268
37 0 0.00055259305190114
38 0 0.000555862931597928
39 0 0.000576574902901528
40 0 0.000606015828762518
41 0 0.000638907004019584
42 0 0.000656700051167136
43 0 0.000526605884862419
44 0 0.0006426835387352
45 0 0.000594271865587137
46 0 0.000687006610681551
47 0 0.000578084461921646
48 0 0.000613818014959189
49 0 0.000674244721758588
50 0 0.000747482034446967
51 0 0.00080782959012693
52 0 0.000819685283621086
53 0 0.000774961256142737
54 0 0.00081590138353349
55 0 0.000974539906263616
56 0 0.00100234069025773
57 0 0.000999307463873667
58 0 0.00112164365933520
59 0 0.00124803116130223
60 0 0.00131928078738097
61 0 0.00146474266671415
62 0 0.00168460442438378
63 0 0.00164471335223082
64 0 0.00182223584435359
65 0 0.00177854499205465
66 0 0.00217004696815026
67 0 0.00248964276510477
68 0 0.00253770513157137
69 0 0.00289619109230099
70 0 0.00331295447895774
71 0 0.003607038901836
72 0 0.00384355222202537
73 0 0.00455559494145341
74 0 0.00435655307392291
75 0 0.00538136913727638
76 0 0.00541754396280425
77 0 0.00678578231234483
78 0 0.00739045835306251
79 0 0.00805667215790984
80 0 0.0096196519140449
81 0 0.0104845340373769
82 0 0.0111234038647895
83 0 0.0133342188675942
84 0 0.0150375957501034
85 0 0.0143039298566798
86 0 0.0152569087423189
87 0 0.0166648631059869
88 0 0.0206589902688467
89 0 0.0223183272349293
90 0 0.0247685902119248
91 0 0.031577045367957
92 0 0.0319706250270826
93 0 0.0358558247717125
94 0 0.0412968254068969
95 0 0.0507365609150493
96 0 0.0478018788666343
97 0 0.0432898148769166
98 0 0.0783366563114495
99 0 0.0455639022832698
100 0 1

death 1 F single
1 0 0.00805749195764072
2 0 0.00207842875765407
3 0 0.0011735450919248
4 0 0.000904485983639791
5 0 0.000813378871042048
6 0 0.000604086359170308
7 0 0.000523923761757916
8 0 0.000466528542575673
9 0 0.000350926530187312
10 0 0.000318724793716529
11 0 0.000266389953474722
12 0 0.000309191923184571
13 0 0.000272574929623737
14 0 0.000316216046627238
15 0 0.000305847293299744
16 0 0.000323324343256215
17 0 0.000338797263979895
18 0 0.000371424486867888
19 0 0.000453378831206885
20 0 0.000395525957582188
21 0 0.000394605297878381
22 0 0.0004250757180706
23 0 0.000496268984396475
24 0 0.000498028583118759
25 0 0.000475994162369764
26 0 0.000449610156508129
27 0 0.000463261876119225
28 0 0.000461335435566035
29 0 0.000456645142382084
30 0 0.000534317429837783
31 0 0.000512358012715763
32 0 0.000477334506815752
33 0 0.000469208971997315
34 0 0.000549994000700438
35 0 0.000463513153984962
36 0 0.000554689115090268
37 0 0.00055259305190114
38 0 0.000555862931597928
39 0 0.000576574902901528
40 0 0.000606015828762518
41 0 0.000638907004019584
42 0 0.000656700051167136
43 0 0.000526605884862419
44 0 0.0006426835387352
45 0 0.000594271865587137
46 0 0.000687006610681551
47 0 0.000578084461921646
48 0 0.000613818014959189
49 0 0.000674244721758588
50 0 0.000747482034446967
51 0 0.00080782959012693
52 0 0.000819685283621086
53 0 0.000774961256142737
54 0 0.00081590138353349
55 0 0.000974539906263616
56 0 0.00100234069025773
57 0 0.000999307463873667
58 0 0.00112164365933520
59 0 0.00124803116130223
60 0 0.00131928078738097
61 0 0.00146474266671415
62 0 0.00168460442438378
63 0 0.00164471335223082
64 0 0.00182223584435359
65 0 0.00177854499205465
66 0 0.00217004696815026
67 0 0.00248964276510477
68 0 0.00253770513157137
69 0 0.00289619109230099
70 0 0.00331295447895774
71 0 0.003607038901836
72 0 0.00384355222202537
73 0 0.00455559494145341
74 0 0.00435655307392291
75 0 0.00538136913727638
76 0 0.00541754396280425
77 0 0.00678578231234483
78 0 0.00739045835306251
79 0 0.00805667215790984
80 0 0.0096196519140449
81 0 0.0104845340373769
82 0 0.0111234038647895
83 0 0.0133342188675942
84 0 0.0150375957501034
85 0 0.0143039298566798
86 0 0.0152569087423189
87 0 0.0166648631059869
88 0 0.0206589902688467
89 0 0.0223183272349293
90 0 0.0247685902119248
91 0 0.031577045367957
92 0 0.0319706250270826
93 0 0.0358558247717125
94 0 0.0412968254068969
95 0 0.0507365609150493
96 0 0.0478018788666343
97 0 0.0432898148769166
98 0 0.0783366563114495
99 0 0.0455639022832698
100 0 1

death 1 F divorced
1 0 0.00805749195764072
2 0 0.00207842875765407
3 0 0.0011735450919248
4 0 0.000904485983639791
5 0 0.000813378871042048
6 0 0.000604086359170308
7 0 0.000523923761757916
8 0 0.000466528542575673
9 0 0.000350926530187312
10 0 0.000318724793716529
11 0 0.000266389953474722
12 0 0.000309191923184571
13 0 0.000272574929623737
14 0 0.000316216046627238
15 0 0.000305847293299744
16 0 0.000323324343256215
17 0 0.000338797263979895
18 0 0.000371424486867888
19 0 0.000453378831206885
20 0 0.000395525957582188
21 0 0.000394605297878381
22 0 0.0004250757180706
23 0 0.000496268984396475
24 0 0.000498028583118759
25 0 0.000475994162369764
26 0 0.000449610156508129
27 0 0.000463261876119225
28 0 0.000461335435566035
29 0 0.000456645142382084
30 0 0.000534317429837783
31 0 0.000512358012715763
32 0 0.000477334506815752
33 0 0.000469208971997315
34 0 0.000549994000700438
35 0 0.000463513153984962
36 0 0.000554689115090268
37 0 0.00055259305190114
38 0 0.000555862931597928
39 0 0.000576574902901528
40 0 0.000606015828762518
41 0 0.000638907004019584
42 0 0.000656700051167136
43 0 0.000526605884862419
44 0 0.0006426835387352
45 0 0.000594271865587137
46 0 0.000687006610681551
47 0 0.000578084461921646
48 0 0.000613818014959189
49 0 0.000674244721758588
50 0 0.000747482034446967
51 0 0.00080782959012693
52 0 0.000819685283621086
53 0 0.000774961256142737
54 0 0.00081590138353349
55 0 0.000974539906263616
56 0 0.00100234069025773
57 0 0.000999307463873667
58 0 0.00112164365933520
59 0 0.00124803116130223
60 0 0.00131928078738097
61 0 0.00146474266671415
62 0 0.00168460442438378
63 0 0.00164471335223082
64 0 0.00182223584435359
65 0 0.00177854499205465
66 0 0.00217004696815026
67 0 0.00248964276510477
68 0 0.00253770513157137
69 0 0.00289619109230099
70 0 0.00331295447895774
71 0 0.003607038901836
72 0 0.00384355222202537
73 0 0.00455559494145341
74 0 0.00435655307392291
75 0 0.00538136913727638
76 0 0.00541754396280425
77 0 0.00678578231234483
78 0 0.00739045835306251
79 0 0.00805667215790984
80 0 0.0096196519140449
81 0 0.0104845340373769
82 0 0.0111234038647895
83 0 0.0133342188675942
84 0 0.0150375957501034
85 0 0.0143039298566798
86 0 0.0152569087423189
87 0 0.0166648631059869
88 0 0.0206589902688467
89 0 0.0223183272349293
90 0 0.0247685902119248
91 0 0.031577045367957
92 0 0.0319706250270826
93 0 0.0358558247717125
94 0 0.0412968254068969
95 0 0.0507365609150493
96 0 0.0478018788666343
97 0 0.0432898148769166
98 0 0.0783366563114495
99 0 0.0455639022832698
100 0 1

death 1 F widowed
1 0 0.00805749195764072
2 0 0.00207842875765407
3 0 0.0011735450919248
4 0 0.000904485983639791
5 0 0.000813378871042048
6 0 0.000604086359170308
7 0 0.000523923761757916
8 0 0.000466528542575673
9 0 0.000350926530187312
10 0 0.000318724793716529
11 0 0.000266389953474722
12 0 0.000309191923184571
13 0 0.000272574929623737
14 0 0.000316216046627238
15 0 0.000305847293299744
16 0 0.000323324343256215
17 0 0.000338797263979895
18 0 0.000371424486867888
19 0 0.000453378831206885
20 0 0.000395525957582188
21 0 0.000394605297878381
22 0 0.0004250757180706
23 0 0.000496268984396475
24 0 0.000498028583118759
25 0 0.000475994162369764
26 0 0.000449610156508129
27 0 0.000463261876119225
28 0 0.000461335435566035
29 0 0.000456645142382084
30 0 0.000534317429837783
31 0 0.000512358012715763
32 0 0.000477334506815752
33 0 0.000469208971997315
34 0 0.000549994000700438
35 0 0.000463513153984962
36 0 0.000554689115090268
37 0 0.00055259305190114
38 0 0.000555862931597928
39 0 0.000576574902901528
40 0 0.000606015828762518
41 0 0.000638907004019584
42 0 0.000656700051167136
43 0 0.000526605884862419
44 0 0.0006426835387352
45 0 0.000594271865587137
46 0 0.000687006610681551
47 0 0.000578084461921646
48 0 0.000613818014959189
49 0 0.000674244721758588
50 0 0.000747482034446967
51 0 0.00080782959012693
52 0 0.000819685283621086
53 0 0.000774961256142737
54 0 0.00081590138353349
55 0 0.000974539906263616
56 0 0.00100234069025773
57 0 0.000999307463873667
58 0 0.00112164365933520
59 0 0.00124803116130223
60 0 0.00131928078738097
61 0 0.00146474266671415
62 0 0.00168460442438378
63 0 0.00164471335223082
64 0 0.00182223584435359
65 0 0.00177854499205465
66 0 0.00217004696815026
67 0 0.00248964276510477
68 0 0.00253770513157137
69 0 0.00289619109230099
70 0 0.00331295447895774
71 0 0.003607038901836
72 0 0.00384355222202537
73 0 0.00455559494145341
74 0 0.00435655307392291
75 0 0.00538136913727638
76 0 0.00541754396280425
77 0 0.00678578231234483
78 0 0.00739045835306251
79 0 0.00805667215790984
80 0 0.0096196519140449
81 0 0.0104845340373769
82 0 0.0111234038647895
83 0 0.0133342188675942
84 0 0.0150375957501034
85 0 0.0143039298566798
86 0 0.0152569087423189
87 0 0.0166648631059869
88 0 0.0206589902688467
89 0 0.0223183272349293
90 0 0.0247685902119248
91 0 0.031577045367957
92 0 0.0319706250270826
93 0 0.0358558247717125
94 0 0.0412968254068969
95 0 0.0507365609150493
96 0 0.0478018788666343
97 0 0.0432898148769166
98 0 0.0783366563114495
99 0 0.0455639022832698
100 0 1
