*Period monthly mortality rates for SWE in 1771 
* Mon Dec 20 14:18:52 2010
death 1 M married
1 0 0.0246300109729274
2 0 0.005824156127327
3 0 0.00369188342910087
4 0 0.00230491275805655
5 0 0.00179919777335802
6 0 0.00153989192320758
7 0 0.00116240277166990
8 0 0.00088900058265251
9 0 0.00071555943291346
10 0 0.000620949631451762
11 0 0.000596368890535937
12 0 0.000618348624113585
13 0 0.000635298461959422
14 0 0.000640249753933064
15 0 0.000623718527542505
16 0 0.00058747783719304
17 0 0.000559971408801485
18 0 0.000566092545945529
19 0 0.000594775147160664
20 0 0.000646376302254503
21 0 0.000714467542335284
22 0 0.00079084753362857
23 0 0.000863421789985108
24 0 0.000923593893979446
25 0 0.00098068904365467
26 0 0.00104144467847833
27 0 0.00105341521301427
28 0 0.00106319513064868
29 0 0.00106344807352510
30 0 0.00105931676142978
31 0 0.00105594440108847
32 0 0.00111101385556567
33 0 0.00115337174258623
34 0 0.00117514902332083
35 0 0.00116797376088973
36 0 0.00113902522550113
37 0 0.00107272313221429
38 0 0.00106083436444171
39 0 0.00108849290639301
40 0 0.00115185259230288
41 0 0.00124482075100574
42 0 0.00142850348451573
43 0 0.001594407704821
44 0 0.0017330914357645
45 0 0.00183983713102631
46 0 0.00190712762190082
47 0 0.00182495659311921
48 0 0.00180200283458998
49 0 0.00181875000421028
50 0 0.00188185593534362
51 0 0.00200155453064166
52 0 0.00227295048467524
53 0 0.00252596562504215
54 0 0.00274377942350934
55 0 0.00288552339322790
56 0 0.00292656649864098
57 0 0.00271097523875341
58 0 0.00259539646807205
59 0 0.00259402447980062
60 0 0.00275211117197949
61 0 0.00308566576004377
62 0 0.00370308051362522
63 0 0.00429528312204142
64 0 0.00490633864408452
65 0 0.00553554437946147
66 0 0.00610147991528809
67 0 0.00621082758123959
68 0 0.00635721800436595
69 0 0.00657388922523716
70 0 0.00701230902696937
71 0 0.00778981386937594
72 0 0.0086149474335081
73 0 0.00943799270240508
74 0 0.0102158076000221
75 0 0.0108589663025833
76 0 0.0110740333449674
77 0 0.0113631040104240
78 0 0.0115204832065922
79 0 0.0117336299921019
80 0 0.0125435213046619
81 0 0.0150387771220996
82 0 0.0165083033047474
83 0 0.0181600605597585
84 0 0.0199087472686506
85 0 0.0212439480439756
86 0 0.0221813846263056
87 0 0.0234656710057762
88 0 0.0238051158961804
89 0 0.0230955094769102
90 0 0.023076223063924
91 0 0.0273453492332530
92 0 0.0281684481232342
93 0 0.0288497862834027
94 0 0.0295598364556157
95 0 0.0302280962963883
96 0 0.0308688637681463
97 0 0.0311650283054469
98 0 0.0311369365697296
99 0 0.0313916239590090
100 0 0.0331974300708366

death 1 M single
1 0 0.0246300109729274
2 0 0.005824156127327
3 0 0.00369188342910087
4 0 0.00230491275805655
5 0 0.00179919777335802
6 0 0.00153989192320758
7 0 0.00116240277166990
8 0 0.00088900058265251
9 0 0.00071555943291346
10 0 0.000620949631451762
11 0 0.000596368890535937
12 0 0.000618348624113585
13 0 0.000635298461959422
14 0 0.000640249753933064
15 0 0.000623718527542505
16 0 0.00058747783719304
17 0 0.000559971408801485
18 0 0.000566092545945529
19 0 0.000594775147160664
20 0 0.000646376302254503
21 0 0.000714467542335284
22 0 0.00079084753362857
23 0 0.000863421789985108
24 0 0.000923593893979446
25 0 0.00098068904365467
26 0 0.00104144467847833
27 0 0.00105341521301427
28 0 0.00106319513064868
29 0 0.00106344807352510
30 0 0.00105931676142978
31 0 0.00105594440108847
32 0 0.00111101385556567
33 0 0.00115337174258623
34 0 0.00117514902332083
35 0 0.00116797376088973
36 0 0.00113902522550113
37 0 0.00107272313221429
38 0 0.00106083436444171
39 0 0.00108849290639301
40 0 0.00115185259230288
41 0 0.00124482075100574
42 0 0.00142850348451573
43 0 0.001594407704821
44 0 0.0017330914357645
45 0 0.00183983713102631
46 0 0.00190712762190082
47 0 0.00182495659311921
48 0 0.00180200283458998
49 0 0.00181875000421028
50 0 0.00188185593534362
51 0 0.00200155453064166
52 0 0.00227295048467524
53 0 0.00252596562504215
54 0 0.00274377942350934
55 0 0.00288552339322790
56 0 0.00292656649864098
57 0 0.00271097523875341
58 0 0.00259539646807205
59 0 0.00259402447980062
60 0 0.00275211117197949
61 0 0.00308566576004377
62 0 0.00370308051362522
63 0 0.00429528312204142
64 0 0.00490633864408452
65 0 0.00553554437946147
66 0 0.00610147991528809
67 0 0.00621082758123959
68 0 0.00635721800436595
69 0 0.00657388922523716
70 0 0.00701230902696937
71 0 0.00778981386937594
72 0 0.0086149474335081
73 0 0.00943799270240508
74 0 0.0102158076000221
75 0 0.0108589663025833
76 0 0.0110740333449674
77 0 0.0113631040104240
78 0 0.0115204832065922
79 0 0.0117336299921019
80 0 0.0125435213046619
81 0 0.0150387771220996
82 0 0.0165083033047474
83 0 0.0181600605597585
84 0 0.0199087472686506
85 0 0.0212439480439756
86 0 0.0221813846263056
87 0 0.0234656710057762
88 0 0.0238051158961804
89 0 0.0230955094769102
90 0 0.023076223063924
91 0 0.0273453492332530
92 0 0.0281684481232342
93 0 0.0288497862834027
94 0 0.0295598364556157
95 0 0.0302280962963883
96 0 0.0308688637681463
97 0 0.0311650283054469
98 0 0.0311369365697296
99 0 0.0313916239590090
100 0 0.0331974300708366

death 1 M divorced
1 0 0.0246300109729274
2 0 0.005824156127327
3 0 0.00369188342910087
4 0 0.00230491275805655
5 0 0.00179919777335802
6 0 0.00153989192320758
7 0 0.00116240277166990
8 0 0.00088900058265251
9 0 0.00071555943291346
10 0 0.000620949631451762
11 0 0.000596368890535937
12 0 0.000618348624113585
13 0 0.000635298461959422
14 0 0.000640249753933064
15 0 0.000623718527542505
16 0 0.00058747783719304
17 0 0.000559971408801485
18 0 0.000566092545945529
19 0 0.000594775147160664
20 0 0.000646376302254503
21 0 0.000714467542335284
22 0 0.00079084753362857
23 0 0.000863421789985108
24 0 0.000923593893979446
25 0 0.00098068904365467
26 0 0.00104144467847833
27 0 0.00105341521301427
28 0 0.00106319513064868
29 0 0.00106344807352510
30 0 0.00105931676142978
31 0 0.00105594440108847
32 0 0.00111101385556567
33 0 0.00115337174258623
34 0 0.00117514902332083
35 0 0.00116797376088973
36 0 0.00113902522550113
37 0 0.00107272313221429
38 0 0.00106083436444171
39 0 0.00108849290639301
40 0 0.00115185259230288
41 0 0.00124482075100574
42 0 0.00142850348451573
43 0 0.001594407704821
44 0 0.0017330914357645
45 0 0.00183983713102631
46 0 0.00190712762190082
47 0 0.00182495659311921
48 0 0.00180200283458998
49 0 0.00181875000421028
50 0 0.00188185593534362
51 0 0.00200155453064166
52 0 0.00227295048467524
53 0 0.00252596562504215
54 0 0.00274377942350934
55 0 0.00288552339322790
56 0 0.00292656649864098
57 0 0.00271097523875341
58 0 0.00259539646807205
59 0 0.00259402447980062
60 0 0.00275211117197949
61 0 0.00308566576004377
62 0 0.00370308051362522
63 0 0.00429528312204142
64 0 0.00490633864408452
65 0 0.00553554437946147
66 0 0.00610147991528809
67 0 0.00621082758123959
68 0 0.00635721800436595
69 0 0.00657388922523716
70 0 0.00701230902696937
71 0 0.00778981386937594
72 0 0.0086149474335081
73 0 0.00943799270240508
74 0 0.0102158076000221
75 0 0.0108589663025833
76 0 0.0110740333449674
77 0 0.0113631040104240
78 0 0.0115204832065922
79 0 0.0117336299921019
80 0 0.0125435213046619
81 0 0.0150387771220996
82 0 0.0165083033047474
83 0 0.0181600605597585
84 0 0.0199087472686506
85 0 0.0212439480439756
86 0 0.0221813846263056
87 0 0.0234656710057762
88 0 0.0238051158961804
89 0 0.0230955094769102
90 0 0.023076223063924
91 0 0.0273453492332530
92 0 0.0281684481232342
93 0 0.0288497862834027
94 0 0.0295598364556157
95 0 0.0302280962963883
96 0 0.0308688637681463
97 0 0.0311650283054469
98 0 0.0311369365697296
99 0 0.0313916239590090
100 0 0.0331974300708366

death 1 M widowed
1 0 0.0246300109729274
2 0 0.005824156127327
3 0 0.00369188342910087
4 0 0.00230491275805655
5 0 0.00179919777335802
6 0 0.00153989192320758
7 0 0.00116240277166990
8 0 0.00088900058265251
9 0 0.00071555943291346
10 0 0.000620949631451762
11 0 0.000596368890535937
12 0 0.000618348624113585
13 0 0.000635298461959422
14 0 0.000640249753933064
15 0 0.000623718527542505
16 0 0.00058747783719304
17 0 0.000559971408801485
18 0 0.000566092545945529
19 0 0.000594775147160664
20 0 0.000646376302254503
21 0 0.000714467542335284
22 0 0.00079084753362857
23 0 0.000863421789985108
24 0 0.000923593893979446
25 0 0.00098068904365467
26 0 0.00104144467847833
27 0 0.00105341521301427
28 0 0.00106319513064868
29 0 0.00106344807352510
30 0 0.00105931676142978
31 0 0.00105594440108847
32 0 0.00111101385556567
33 0 0.00115337174258623
34 0 0.00117514902332083
35 0 0.00116797376088973
36 0 0.00113902522550113
37 0 0.00107272313221429
38 0 0.00106083436444171
39 0 0.00108849290639301
40 0 0.00115185259230288
41 0 0.00124482075100574
42 0 0.00142850348451573
43 0 0.001594407704821
44 0 0.0017330914357645
45 0 0.00183983713102631
46 0 0.00190712762190082
47 0 0.00182495659311921
48 0 0.00180200283458998
49 0 0.00181875000421028
50 0 0.00188185593534362
51 0 0.00200155453064166
52 0 0.00227295048467524
53 0 0.00252596562504215
54 0 0.00274377942350934
55 0 0.00288552339322790
56 0 0.00292656649864098
57 0 0.00271097523875341
58 0 0.00259539646807205
59 0 0.00259402447980062
60 0 0.00275211117197949
61 0 0.00308566576004377
62 0 0.00370308051362522
63 0 0.00429528312204142
64 0 0.00490633864408452
65 0 0.00553554437946147
66 0 0.00610147991528809
67 0 0.00621082758123959
68 0 0.00635721800436595
69 0 0.00657388922523716
70 0 0.00701230902696937
71 0 0.00778981386937594
72 0 0.0086149474335081
73 0 0.00943799270240508
74 0 0.0102158076000221
75 0 0.0108589663025833
76 0 0.0110740333449674
77 0 0.0113631040104240
78 0 0.0115204832065922
79 0 0.0117336299921019
80 0 0.0125435213046619
81 0 0.0150387771220996
82 0 0.0165083033047474
83 0 0.0181600605597585
84 0 0.0199087472686506
85 0 0.0212439480439756
86 0 0.0221813846263056
87 0 0.0234656710057762
88 0 0.0238051158961804
89 0 0.0230955094769102
90 0 0.023076223063924
91 0 0.0273453492332530
92 0 0.0281684481232342
93 0 0.0288497862834027
94 0 0.0295598364556157
95 0 0.0302280962963883
96 0 0.0308688637681463
97 0 0.0311650283054469
98 0 0.0311369365697296
99 0 0.0313916239590090
100 0 0.0331974300708366

death 1 F married
1 0 0.0220675509913735
2 0 0.00529492659870701
3 0 0.00332531501954647
4 0 0.00211271077316055
5 0 0.00169954687118234
6 0 0.00143925519038746
7 0 0.00103798869092286
8 0 0.000755716525255856
9 0 0.000581103655206805
10 0 0.000494341843940038
11 0 0.000482277197841663
12 0 0.000518392132887069
13 0 0.000555862931597928
14 0 0.000591839377282355
15 0 0.000619355456830561
16 0 0.00063252921293
17 0 0.000611217211779147
18 0 0.000604002470117493
19 0 0.000602576368071484
20 0 0.000607609769332607
21 0 0.000613901913075532
22 0 0.000650237079155458
23 0 0.000688601972856917
24 0 0.000719759134373166
25 0 0.000750170765699498
26 0 0.000787989479817175
27 0 0.00080354174160413
28 0 0.000835495282401233
29 0 0.00087915526041138
30 0 0.00093403339319209
31 0 0.000988018011474634
32 0 0.00107474690727916
33 0 0.00114138802534192
34 0 0.00117835697111079
35 0 0.00117236326586723
36 0 0.00112830901228567
37 0 0.00105063318748710
38 0 0.00102585163031643
39 0 0.00104338346078969
40 0 0.00110156618559054
41 0 0.00119414510239180
42 0 0.00134008303663580
43 0 0.00145830661527757
44 0 0.00153345054145693
45 0 0.00155362376278256
46 0 0.00152522996818139
47 0 0.00142570994259128
48 0 0.00138314022923502
49 0 0.00138931710056034
50 0 0.00144992349572892
51 0 0.00155777762967146
52 0 0.00174702244277158
53 0 0.00191657440283288
54 0 0.00205634844846858
55 0 0.00214282482149042
56 0 0.00218421595697815
57 0 0.00211023725881909
58 0 0.00209795597950657
59 0 0.00215750157848127
60 0 0.00232671167679943
61 0 0.00261400610937101
62 0 0.00307592399593015
63 0 0.00353310334044488
64 0 0.0039989589299434
65 0 0.00442915176187741
66 0 0.00475735888881079
67 0 0.00493150043946489
68 0 0.00514909859793056
69 0 0.00544629956306442
70 0 0.00597401532687059
71 0 0.00685883105822405
72 0 0.00762857212701995
73 0 0.0084085036517233
74 0 0.00912294986224338
75 0 0.00964412335513376
76 0 0.00992955809081253
77 0 0.0105739447370042
78 0 0.0112420416032735
79 0 0.0120563487451446
80 0 0.0134773880844673
81 0 0.0144635245215857
82 0 0.0161596097847058
83 0 0.0179582315000181
84 0 0.0198270682366117
85 0 0.0213985867194353
86 0 0.0222094390739427
87 0 0.0227087507265935
88 0 0.0226119216662126
89 0 0.0219455655580431
90 0 0.0214888110716309
91 0 0.02615349408431
92 0 0.0268389777436521
93 0 0.0273556374490892
94 0 0.0277305597160726
95 0 0.0279857213575617
96 0 0.0281231586782429
97 0 0.0281195091544958
98 0 0.0280021205496818
99 0 0.0279208377382039
100 0 0.0273547329425602

death 1 F single
1 0 0.0220675509913735
2 0 0.00529492659870701
3 0 0.00332531501954647
4 0 0.00211271077316055
5 0 0.00169954687118234
6 0 0.00143925519038746
7 0 0.00103798869092286
8 0 0.000755716525255856
9 0 0.000581103655206805
10 0 0.000494341843940038
11 0 0.000482277197841663
12 0 0.000518392132887069
13 0 0.000555862931597928
14 0 0.000591839377282355
15 0 0.000619355456830561
16 0 0.00063252921293
17 0 0.000611217211779147
18 0 0.000604002470117493
19 0 0.000602576368071484
20 0 0.000607609769332607
21 0 0.000613901913075532
22 0 0.000650237079155458
23 0 0.000688601972856917
24 0 0.000719759134373166
25 0 0.000750170765699498
26 0 0.000787989479817175
27 0 0.00080354174160413
28 0 0.000835495282401233
29 0 0.00087915526041138
30 0 0.00093403339319209
31 0 0.000988018011474634
32 0 0.00107474690727916
33 0 0.00114138802534192
34 0 0.00117835697111079
35 0 0.00117236326586723
36 0 0.00112830901228567
37 0 0.00105063318748710
38 0 0.00102585163031643
39 0 0.00104338346078969
40 0 0.00110156618559054
41 0 0.00119414510239180
42 0 0.00134008303663580
43 0 0.00145830661527757
44 0 0.00153345054145693
45 0 0.00155362376278256
46 0 0.00152522996818139
47 0 0.00142570994259128
48 0 0.00138314022923502
49 0 0.00138931710056034
50 0 0.00144992349572892
51 0 0.00155777762967146
52 0 0.00174702244277158
53 0 0.00191657440283288
54 0 0.00205634844846858
55 0 0.00214282482149042
56 0 0.00218421595697815
57 0 0.00211023725881909
58 0 0.00209795597950657
59 0 0.00215750157848127
60 0 0.00232671167679943
61 0 0.00261400610937101
62 0 0.00307592399593015
63 0 0.00353310334044488
64 0 0.0039989589299434
65 0 0.00442915176187741
66 0 0.00475735888881079
67 0 0.00493150043946489
68 0 0.00514909859793056
69 0 0.00544629956306442
70 0 0.00597401532687059
71 0 0.00685883105822405
72 0 0.00762857212701995
73 0 0.0084085036517233
74 0 0.00912294986224338
75 0 0.00964412335513376
76 0 0.00992955809081253
77 0 0.0105739447370042
78 0 0.0112420416032735
79 0 0.0120563487451446
80 0 0.0134773880844673
81 0 0.0144635245215857
82 0 0.0161596097847058
83 0 0.0179582315000181
84 0 0.0198270682366117
85 0 0.0213985867194353
86 0 0.0222094390739427
87 0 0.0227087507265935
88 0 0.0226119216662126
89 0 0.0219455655580431
90 0 0.0214888110716309
91 0 0.02615349408431
92 0 0.0268389777436521
93 0 0.0273556374490892
94 0 0.0277305597160726
95 0 0.0279857213575617
96 0 0.0281231586782429
97 0 0.0281195091544958
98 0 0.0280021205496818
99 0 0.0279208377382039
100 0 0.0273547329425602

death 1 F divorced
1 0 0.0220675509913735
2 0 0.00529492659870701
3 0 0.00332531501954647
4 0 0.00211271077316055
5 0 0.00169954687118234
6 0 0.00143925519038746
7 0 0.00103798869092286
8 0 0.000755716525255856
9 0 0.000581103655206805
10 0 0.000494341843940038
11 0 0.000482277197841663
12 0 0.000518392132887069
13 0 0.000555862931597928
14 0 0.000591839377282355
15 0 0.000619355456830561
16 0 0.00063252921293
17 0 0.000611217211779147
18 0 0.000604002470117493
19 0 0.000602576368071484
20 0 0.000607609769332607
21 0 0.000613901913075532
22 0 0.000650237079155458
23 0 0.000688601972856917
24 0 0.000719759134373166
25 0 0.000750170765699498
26 0 0.000787989479817175
27 0 0.00080354174160413
28 0 0.000835495282401233
29 0 0.00087915526041138
30 0 0.00093403339319209
31 0 0.000988018011474634
32 0 0.00107474690727916
33 0 0.00114138802534192
34 0 0.00117835697111079
35 0 0.00117236326586723
36 0 0.00112830901228567
37 0 0.00105063318748710
38 0 0.00102585163031643
39 0 0.00104338346078969
40 0 0.00110156618559054
41 0 0.00119414510239180
42 0 0.00134008303663580
43 0 0.00145830661527757
44 0 0.00153345054145693
45 0 0.00155362376278256
46 0 0.00152522996818139
47 0 0.00142570994259128
48 0 0.00138314022923502
49 0 0.00138931710056034
50 0 0.00144992349572892
51 0 0.00155777762967146
52 0 0.00174702244277158
53 0 0.00191657440283288
54 0 0.00205634844846858
55 0 0.00214282482149042
56 0 0.00218421595697815
57 0 0.00211023725881909
58 0 0.00209795597950657
59 0 0.00215750157848127
60 0 0.00232671167679943
61 0 0.00261400610937101
62 0 0.00307592399593015
63 0 0.00353310334044488
64 0 0.0039989589299434
65 0 0.00442915176187741
66 0 0.00475735888881079
67 0 0.00493150043946489
68 0 0.00514909859793056
69 0 0.00544629956306442
70 0 0.00597401532687059
71 0 0.00685883105822405
72 0 0.00762857212701995
73 0 0.0084085036517233
74 0 0.00912294986224338
75 0 0.00964412335513376
76 0 0.00992955809081253
77 0 0.0105739447370042
78 0 0.0112420416032735
79 0 0.0120563487451446
80 0 0.0134773880844673
81 0 0.0144635245215857
82 0 0.0161596097847058
83 0 0.0179582315000181
84 0 0.0198270682366117
85 0 0.0213985867194353
86 0 0.0222094390739427
87 0 0.0227087507265935
88 0 0.0226119216662126
89 0 0.0219455655580431
90 0 0.0214888110716309
91 0 0.02615349408431
92 0 0.0268389777436521
93 0 0.0273556374490892
94 0 0.0277305597160726
95 0 0.0279857213575617
96 0 0.0281231586782429
97 0 0.0281195091544958
98 0 0.0280021205496818
99 0 0.0279208377382039
100 0 0.0273547329425602

death 1 F widowed
1 0 0.0220675509913735
2 0 0.00529492659870701
3 0 0.00332531501954647
4 0 0.00211271077316055
5 0 0.00169954687118234
6 0 0.00143925519038746
7 0 0.00103798869092286
8 0 0.000755716525255856
9 0 0.000581103655206805
10 0 0.000494341843940038
11 0 0.000482277197841663
12 0 0.000518392132887069
13 0 0.000555862931597928
14 0 0.000591839377282355
15 0 0.000619355456830561
16 0 0.00063252921293
17 0 0.000611217211779147
18 0 0.000604002470117493
19 0 0.000602576368071484
20 0 0.000607609769332607
21 0 0.000613901913075532
22 0 0.000650237079155458
23 0 0.000688601972856917
24 0 0.000719759134373166
25 0 0.000750170765699498
26 0 0.000787989479817175
27 0 0.00080354174160413
28 0 0.000835495282401233
29 0 0.00087915526041138
30 0 0.00093403339319209
31 0 0.000988018011474634
32 0 0.00107474690727916
33 0 0.00114138802534192
34 0 0.00117835697111079
35 0 0.00117236326586723
36 0 0.00112830901228567
37 0 0.00105063318748710
38 0 0.00102585163031643
39 0 0.00104338346078969
40 0 0.00110156618559054
41 0 0.00119414510239180
42 0 0.00134008303663580
43 0 0.00145830661527757
44 0 0.00153345054145693
45 0 0.00155362376278256
46 0 0.00152522996818139
47 0 0.00142570994259128
48 0 0.00138314022923502
49 0 0.00138931710056034
50 0 0.00144992349572892
51 0 0.00155777762967146
52 0 0.00174702244277158
53 0 0.00191657440283288
54 0 0.00205634844846858
55 0 0.00214282482149042
56 0 0.00218421595697815
57 0 0.00211023725881909
58 0 0.00209795597950657
59 0 0.00215750157848127
60 0 0.00232671167679943
61 0 0.00261400610937101
62 0 0.00307592399593015
63 0 0.00353310334044488
64 0 0.0039989589299434
65 0 0.00442915176187741
66 0 0.00475735888881079
67 0 0.00493150043946489
68 0 0.00514909859793056
69 0 0.00544629956306442
70 0 0.00597401532687059
71 0 0.00685883105822405
72 0 0.00762857212701995
73 0 0.0084085036517233
74 0 0.00912294986224338
75 0 0.00964412335513376
76 0 0.00992955809081253
77 0 0.0105739447370042
78 0 0.0112420416032735
79 0 0.0120563487451446
80 0 0.0134773880844673
81 0 0.0144635245215857
82 0 0.0161596097847058
83 0 0.0179582315000181
84 0 0.0198270682366117
85 0 0.0213985867194353
86 0 0.0222094390739427
87 0 0.0227087507265935
88 0 0.0226119216662126
89 0 0.0219455655580431
90 0 0.0214888110716309
91 0 0.02615349408431
92 0 0.0268389777436521
93 0 0.0273556374490892
94 0 0.0277305597160726
95 0 0.0279857213575617
96 0 0.0281231586782429
97 0 0.0281195091544958
98 0 0.0280021205496818
99 0 0.0279208377382039
100 0 0.0273547329425602
